4.2858572; 4.3494272;
 4.8763189; 14.4472;
 55.014675; 29.80422;
 134.83067; 35.724709;
 65.909157; 38.116638;
 188.75787; 46.724865;
 392.93176; 46.641949;
 310.73196; 48.543591;
 61.844612; 55.637859;
 232.42644; 64.875458;
 347.11249; 66.041832;
 65.310989; 68.320763;
 78.991768; 78.256271;
 5.4139738; 80.316566;
 91.112564; 82.692551;
 393.80392; 95.222092;
 285.80188; 98.740044;
 312.07587; 105.41621;
 381.22906; 110.27809;
 308.33405; 113.03837;
 394.27939; 114.10577;
 262.68182; 120.19074;
 394.57776; 120.80506;
 107.564; 126.09165;
 102.72842; 131.72461;
 260.83051; 160.0325;
 292.36807; 161.68817;
 286.77628; 168.07803;
 309.73022; 176.02736;
 97.324806; 223.75568;
 88.739075; 239.21367;
 92.775818; 253.97025;
 102.82805; 259.68689;
 289.14853; 397.15167;
 300.54666; 397.17798;
 308.02658; 2.6490984;
 43.985741; 14.44454;
 6.276948; 16.16033;
 50.954693; 18.444294;
 10.599848; 21.181007;
 2.8362055; 23.287775;
 121.68427; 25.223288;
 363.11905; 26.904812;
 55.179291; 29.544868;
 6.5797768; 33.511169;
 22.471592; 32.51247;
 118.65748; 33.095608;
 160.90152; 32.887703;
 133.92923; 35.296669;
 65.630714; 38.012581;
 390.85178; 38.368721;
 153.4068; 42.925167;
 89.299423; 45.376759;
 188.03389; 46.039898;
 391.93582; 47.507446;
 310.85968; 48.147858;
 54.291557; 49.048271;
 204.7225; 54.31702;
 306.11179; 54.320385;
 315.53867; 53.549473;
 391.92926; 53.392471;
 61.551613; 54.741341;
 328.84366; 57.93425;
 53.55164; 61.573227;
 218.19653; 62.541069;
 318.40976; 63.445049;
 153.0264; 65.45446;
 232.31303; 64.664734;
 346.07852; 65.285698;
 64.575333; 68.362686;
 171.74631; 73.069771;
 63.041836; 74.977432;
 270.41116; 76.201393;
 337.22849; 76.892197;
 78.823547; 77.881317;
 6.6905279; 80.46405;
 368.88608; 79.858856;
 271.66867; 84.002632;
 7.7406926; 89.830788;
 202.99196; 90.153519;
 291.20749; 90.520821;
 392.51312; 94.115135;
 88.455894; 94.942879;
 165.78967; 99.19986;
 286.82626; 98.948326;
 302.84625; 98.601768;
 29.224329; 100.19621;
 312.36655; 105.60585;
 322.38834; 110.09601;
 380.95709; 110.31585;
 308.31943; 112.91753;
 393.93677; 113.12708;
 225.58351; 114.46115;
 280.18405; 119.12761;
 262.47202; 119.78642;
 395.45782; 122.16472;
 175.61479; 123.27281;
 330.74423; 123.35966;
 107.72932; 125.76647;
 256.14316; 126.78019;
 343.27448; 128.34554;
 155.89632; 129.05582;
 169.783; 130.34657;
 147.09622; 132.28484;
 103.2037; 132.83437;
 162.40294; 135.68753;
 339.57529; 137.21477;
 128.35867; 140.43935;
 176.0546; 141.65869;
 383.50549; 158.75943;
 260.36258; 160.03577;
 292.0661; 161.49365;
 285.37064; 168.57922;
 313.862; 169.32906;
 394.936; 169.30734;
 230.30978; 170.8952;
 309.77457; 176.29225;
 360.51434; 182.0267;
 243.65425; 186.22263;
 172.72499; 189.80449;
 252.66226; 206.99739;
 277.44943; 211.42403;
 95.338776; 216.62675;
 119.89706; 218.96797;
 97.514; 224.48872;
 349.3244; 236.21954;
 88.711082; 238.6124;
 93.178749; 254.2287;
 307.61255; 254.38303;
 129.02229; 259.52896;
 103.0517; 259.57709;
 334.79547; 263.50836;
 270.88858; 275.62119;
 288.14801; 293.51764;
 384.32327; 303.79092;
 319.94687; 304.89981;
 292.18073; 309.14294;
 318.45813; 319.28445;
 329.65744; 319.52344;
 180.62756; 322.37897;
 201.20871; 342.02997;
 346.10483; 341.98236;
 323.11639; 346.18567;
 249.5952; 346.58215;
 77.937904; 347.61658;
 176.88593; 351.23022;
 243.92671; 353.60626;
 309.12723; 353.9343;
 298.68958; 355.02478;
 213.1454; 361.18399;
 268.56027; 361.07181;
 190.04341; 363.39005;
 388.62195; 363.56418;
 304.91531; 366.13568;
 180.40396; 367.84152;
 210.57043; 369.03494;
 348.9473; 369.05429;
 185.45711; 370.05481;
 340.63947; 374.9057;
 153.66983; 377.69714;
 184.31938; 378.88031;
 352.22177; 385.8573;
 200.27197; 387.96777;
 290.52219; 390.12683;
 359.53271; 389.75354;
 383.45276; 392.3028;
 237.07579; 396.46265;
 250.85852; 396.33453;
 287.89688; 396.4108;
 299.63467; 396.45706;
 349.19955; 395.97424;
 133.05101; 35.078346;
 64.370514; 37.263126;
 311.76178; 47.940247;
 328.38174; 58.144985;
 221.65268; 67.506592;
 345.12976; 64.229485;
 232.10396; 64.8862;
 172.00497; 73.173851;
 270.78455; 74.889633;
 78.845024; 77.885475;
 8.2234173; 80.27446;
 72.99968; 85.406502;
 229.50293; 91.219505;
 390.95114; 93.119789;
 88.137138; 95.41375;
 302.50006; 97.97084;
 288.25323; 103.09609;
 165.75728; 100.03751;
 378.76404; 110.88264;
 308.6524; 112.90704;
 225.78723; 114.93137;
 262.47885; 119.30729;
 175.92215; 122.42767;
 329.33945; 123.44608;
 395.14923; 122.56401;
 107.6718; 125.10192;
 255.81302; 127.72203;
 104.13148; 134.80978;
 339.81183; 137.32129;
 128.14061; 136.00127;
 173.78093; 141.07295;
 291.52277; 160.81079;
 285.01898; 169.34732;
 314.84387; 168.94902;
 395.15216; 168.52042;
 154.12398; 171.44867;
 15.492879; 174.42911;
 309.82086; 176.83931;
 239.78435; 196.31308;
 252.57858; 207.20525;
 195.66383; 207.66133;
 99.477554; 226.30228;
 306.96426; 253.91985;
 270.90491; 275.30005;
 77.786026; 346.49994;
 249.55801; 346.59958;
 242.10391; 352.09933;
 309.49783; 353.54388;
 214.1306; 360.99988;
 304.94788; 363.90952;
 180.02757; 367.76456;
 349.38742; 368.81485;
 209.58795; 369.52597;
 183.79543; 379.32739;
 206.81915; 380.87186;
 200.07561; 388.07999;
 289.9642; 389.92807;
 383.59909; 391.5643;
 235.4973; 395.68982;
 286.89056; 395.88129;
 298.74017; 395.93915;
 12.08978; 4.1424036;
 52.243374; 4.644659;
 332.79974; 9.1260242;
 43.890965; 13.161789;
 51.117546; 19.117683;
 11.78398; 21.735247;
 122.56437; 24.337475;
 363.59448; 24.990061;
 39.926109; 25.88607;
 159.66148; 31.083216;
 21.753017; 33.608078;
 388.70926; 35.389488;
 360.73932; 39.26049;
 151.73593; 42.507282;
 188.59105; 44.821312;
 79.671539; 52.023354;
 388.53156; 50.239292;
 38.278645; 51.115078;
 59.642342; 50.733757;
 205.67909; 55.19762;
 52.652016; 62.118832;
 317.936; 65.656227;
 225.74429; 73.036163;
 337.19351; 76.225586;
 63.310574; 78.44529;
 368.76563; 79.32869;
 101.88246; 83.231293;
 267.08606; 85.085228;
 202.72787; 89.727951;
 292.01843; 89.66893;
 360.54422; 93.933296;
 269.01593; 96.708397;
 29.340599; 101.18993;
 221.6739; 102.90009;
 322.4111; 109.3914;
 369.38165; 128.36626;
 157.26738; 129.11806;
 347.4791; 129.54944;
 197.12799; 140.55339;
 368.78995; 146.86597;
 382.51511; 147.09691;
 166.80231; 149.73315;
 186.82936; 151.85918;
 85.827827; 154.34822;
 384.60098; 155.99786;
 368.94672; 161.32356;
 226.36307; 166.40663;
 154.5155; 184.16495;
 220.79527; 186.55737;
 242.96008; 186.73396;
 371.62991; 186.60207;
 356.9567; 193.17885;
 269.15045; 209.91031;
 120.85595; 219.25494;
 197.55533; 221.10896;
 13.21748; 226.07343;
 349.98264; 236.04276;
 90.810806; 237.93526;
 75.726982; 241.55531;
 115.39439; 254.68059;
 102.6519; 259.52393;
 335.38733; 263.68442;
 314.14337; 276.1019;
 318.54468; 302.8302;
 384.7189; 304.30029;
 293.82712; 311.13254;
 330.54648; 318.2818;
 180.93304; 320.68921;
 385.20486; 329.26398;
 186.26453; 338.94342;
 346.26276; 342.24207;
 323.26263; 346.85449;
 188.38885; 359.97437;
 175.62708; 363.3912;
 269.48672; 362.62314;
 388.09128; 362.46326;
 336.71356; 369.11111;
 152.10393; 375.82794;
 376.15396; 380.67365;
 230.69287; 382.03436;
 298.06393; 384.27692;
 355.22037; 386.16644;
 348.07025; 394.49268;
 310.43692; 395.67505;
 63.704002; 37.091335;
 53.548676; 4.3186431;
 40.138451; 31.598606;
 59.346966; 49.72419;
 79.647148; 53.853065;
 332.22198; 73.121269;
 291.55099; 89.185249;
 271.25912; 98.784187;
 288.39142; 104.06443;
 369.72415; 127.55085;
 86.285652; 155.10141;
 369.74228; 160.97441;
 268.80008; 209.79913;
 196.89833; 221.82918;
 185.2995; 338.17523;
 389.26196; 357.35599;
 187.55219; 358.70203;
 376.20917; 379.09662;
 231.60239; 378.17416;
 356.70047; 385.00705;
 16.442596; 4.3029618;
 66.704636; 4.1670456;
 293.8494; 3.9465494;
 333.44626; 5.5427589;
 16.321537; 19.372881;
 367.74118; 20.541126;
 57.669949; 22.695412;
 321.78085; 24.087669;
 342.79016; 23.85137;
 389.21881; 30.869864;
 390.00348; 38.683067;
 70.453232; 39.965611;
 360.56119; 44.034554;
 199.00163; 49.012566;
 383.67059; 52.809231;
 40.452038; 54.244926;
 341.37964; 58.110176;
 324.73999; 65.424576;
 51.134663; 67.056076;
 82.666229; 75.940163;
 371.45569; 77.377106;
 67.339294; 84.05761;
 90.800934; 94.234688;
 363.73212; 96.881302;
 371.59903; 108.59975;
 314.64835; 113.99376;
 350.51993; 130.59459;
 305.09311; 128.16394;
 377.01038; 149.31299;
 168.84183; 151.98123;
 188.14803; 158.0096;
 334.09027; 157.73816;
 226.63139; 160.22411;
 321.43448; 172.54468;
 219.83902; 182.57533;
 245.76064; 204.97354;
 210.67786; 213.15585;
 120.37479; 223.33;
 270.64478; 226.55873;
 351.46884; 233.61101;
 100.98867; 256.13309;
 335.54163; 263.45602;
 314.43481; 298.0275;
 345.4357; 341.92322;
 338.88998; 365.7963;
 176.08517; 366.94928;
 148.90276; 370.04816;
 347.71487; 391.27408;
 225.96878; 392.93887;
 325.23047; 73.776024;
 288.62735; 92.38829;
 286.08868; 114.02905;
 199.73532; 137.93178;
 201.34991; 146.98073;
 364.31281; 325.0661;
 33.454071; 5.2707491;
 34.764492; 16.904776;
 64.68808; 29.786335;
 387.03809; 34.258907;
 374.02576; 40.947735;
 49.029587; 71.547852;
 293.37546; 80.736984;
 364.27454; 103.63783;
 385.98621; 119.86152;
 290.4801; 125.90675;
 178.48163; 149.74345;
 371.19125; 152.72906;
 10.77716; 160.60152;
 199.32556; 170.40822;
 216.39862; 187.59546;
 246.57841; 199.21333;
 289.25485; 206.12669;
 216.88846; 213.82446;
 246.8302; 209.68726;
 116.98781; 226.46635;
 272.92181; 229.43752;
 101.04047; 250.41251;
 230.28647; 370.2077;
 211.32022; 388.03857;
 52.834072; 57.497505;
 13.017527; 76.46534;
 318.25912; 100.07529;
 346.07687; 133.28004;
 212.87398; 148.87415;
 378.15811; 156.77789;
 222.70222; 175.22543;
 245.18329; 386.19174;
 40.217018; 17.666176;
 70.108276; 25.718637;
 18.152523; 27.81278;
 353.19424; 171.07524;
 43.604836; 52.934662
