 305.91312 
 288.66934 
 52.65686 
 308.09058 
 273.92163 
 266.66675 
 143.94908 
 152.78333 
 93.959686 
 283.27814 
 19.833704 
 290.70679 
 257.93613 
 289.32092 
 143.13847 
 143.56175 
 287.82782 
 118.04987 
 285.23877 
 144.8553 
 281.12051 
 315.31946 
 255.41125 
 289.83578 
 134.65086 
 114.47798 
 119.43667 
 127.25705 
 314.67749 
 129.33682 
 118.21868 
 286.064 
 49.007988 
 125.74989 
 282.19708 
 139.16264 
 82.106781 
 293.15814 
 96.869637 
 296.42911 
 152.32208 
 330.16373 
 125.4777 
 285.7764 
 273.35678 
 298.09772 
 111.52302 
 131.86826 
 133.82283 
 33.439705 
 123.53347 
 273.73688 
 279.41113 
 275.00552 
 278.37354 
 311.18436 
 271.88028 
 308.22729 
 90.636215 
 126.68814 
 140.72763 
 72.206589 
 301.18826 
 284.03043 
 325.31302 
 300.55362 
 135.13048 
 132.5383 
 302.70474 
 280.02603 
 63.611465 
 123.43871 
 151.13995 
 318.09781 
 261.73175 
 310.93817 
 52.068741 
 298.79694 
 144.81564 
 275.81973 
 140.73134 
 129.8515 
 329.91202 
 311.54681 
 317.40237 
 278.54019 
 62.375828 
 135.03412 
 116.60143 
 106.77972 
 160.17061 
 123.68267 
 256.58557 
 284.83386 
 282.34161 
 279.67584 
 137.58148 
 133.7522 
 155.85538 
 264.51096 
 265.91248 
 276.13525 
 271.06793 
 285.78458 
 247.14206 
 296.84979 
 101.9238 
 77.321068 
 140.34662 
 80.883018 
 57.782593 
 283.8114 
 349.23434 
 72.179672 
 349.12497 
 60.620502 
 297.60074 
 282.48709 
 166.65968 
 144.99608 
 261.68939 
 156.57701 
 140.94333 
 142.84123 
 1.2347592 
 321.9613 
 246.83405 
 297.95111 
 273.95435 
 279.24954 
 122.31221 
 299.74673 
 270.59491 
 129.68987 
 129.2746 
 327.9614 
 85.073822 
 282.06226 
 168.56715 
 95.417046 
 90.021019 
 278.1886 
 306.35251 
 85.154694 
 101.5526 
 156.85356 
 77.153343 
 154.83446 
 158.15735 
 272.08615 
 294.16919 
 66.182419 
 281.29987 
 178.10033 
 160.37486 
 292.63647 
 138.53918 
 285.51352 
 317.59018 
 268.06198 
 128.86971 
 61.00034 
 331.74744 
 146.15797 
 121.56627 
 268.74109 
 133.81531 
 152.80678 
 292.85336 
 110.10249 
 123.07387 
 186.38722 
 150.4507 
 77.620674 
 342.93076 
 321.42471 
 97.692688 
 133.39455 
 127.79654 
 140.79228 
 148.45999 
 313.48801 
 311.18506 
 286.78271 
 309.36313 
 143.17912 
 253.47163 
 140.33611 
 103.50246 
 50.942909 
 59.790237 
 111.911 
 280.47452 
 267.49048 
 115.20974 
 147.61046 
 293.03775 
 270.617 
 83.49263 
 70.538895 
 311.39587 
 110.38627 
 78.005089 
 268.90283 
 110.25309 
 324.32333 
 89.87883 
 291.43497 
 284.06793 
 110.07997 
 68.344803 
 18.46422 
 282.05203 
 92.431107 
 124.30425 
 322.53314 
 161.1308 
 279.52444 
 350.44601 
 322.61459 
 137.97157 
 266.03058 
 165.32967 
 337.0155 
 283.86276 
 294.34274 
 108.97926 
 149.66483 
 170.86734 
 283.6409 
 269.70395 
 60.33638 
 320.815 
 103.66035 
 106.27279 
 145.45284 
 269.24207 
 81.7192 
 122.9961 
 96.409843 
 148.91872 
 92.341812 
 255.58186 
 327.91205 
 291.25848 
 100.30012 
 108.70036 
 81.914574 
 170.2655 
 165.08795 
 166.00163 
 164.97755 
 153.94635 
 111.23932 
 297.09637 
 301.86157 
 194.75272 
 126.51405 
 121.17455 
 327.97632 
 277.99084 
 99.588661 
 295.00317 
 141.54845 
 277.58035 
 297.0722 
 257.32605 
 323.72336 
 142.20912 
 299.38007 
 143.84709 
 290.20056 
 284.08893 
 281.3797 
 133.66713 
 149.16106 
 283.61157 
 261.17358 
 284.9039 
 129.73201 
 52.319611 
 44.447571 
 294.35864 
 118.0944 
 95.405342 
 309.38721 
 91.20163 
 293.27792 
 94.952477 
 78.274788 
 112.16771 
 270.5058 
 122.11439 
 113.78679 
 148.58171 
 29.741039 
 155.09615 
 44.857719 
 305.35803 
 147.40598 
 268.66708 
 253.74294 
 147.99678 
 280.86304 
 276.75052 
 136.20915 
 281.741 
 317.09464 
 309.70337 
 85.884003 
 267.91968 
 72.046677 
 260.82126 
 282.85217 
 295.69974 
 98.569885 
 284.34192 
 87.434158 
 122.40079 
 303.03537 
 304.0011 
 286.56094 
 295.46634 
 291.09811 
 272.43985 
 275.29376 
 274.99631 
 278.06622 
 304.50958 
 272.28757 
 258.94937 
 280.91949 
 263.38263 
 63.157784 
 258.70602 
 89.808159 
 97.638847 
 102.24818 
 91.338287 
 290.80121 
 49.521664 
 103.08576 
 132.59866 
 105.46135 
 95.543816 
 298.08051 
 317.99835 
 107.6739 
 129.39302 
 279.73187 
 124.11369 
 277.12811 
 302.30792 
 96.633469 
 101.71322 
 102.84119 
 122.95706 
 272.19931 
 140.33255 
 273.36041 
 150.45993 
 289.69208 
 291.4653 
 269.53378 
 130.78415 
 277.43591 
 102.23917 
 290.92081 
 50.638866 
 272.09158 
 122.67311 
 124.97996 
 163.32762 
 287.16006 
 295.26129 
 267.00546 
 141.47751 
 144.42882 
 112.01345 
 122.89961 
 280.85986 
 270.84018 
 105.79947 
 266.76941 
 312.75293 
 105.97321 
 145.17665 
 272.42914 
 168.65936 
 60.038406 
 106.60249 
 87.911278 
 272.72278 
 96.764145 
 287.92169 
 285.51828 
 104.46281 
 268.58389 
 260.93832 
 68.899635 
 281.48059 
 160.79005 
 155.4968 
 68.185959 
 262.60464 
 120.08949 
 282.10947 
 112.27355 
 96.330101 
 149.18407 
 289.27753 
 289.35574 
 85.17675 
 119.86649 
 108.10218 
 149.64569 
 66.850845 
 327.28629 
 103.07121 
 275.07095 
 70.260811 
 154.43355 
 145.2764 
 269.34988 
 75.33593 
 271.17026 
 300.67181 
 280.59018 
 151.66341 
 28.084415 
 279.88693 
 129.80304 
 120.51944 
 260.30133 
 115.28638 
 120.39164 
 263.81268 
 99.370605 
 92.253891 
 99.654449 
 106.15282 
 298.96555 
 253.14674 
 304.14285 
 273.79565 
 289.44608 
 135.08047 
 100.42625 
 75.08374 
 110.02134 
 268.42868 
 306.25235 
 88.528137 
 104.69979 
 140.83263 
 90.099556 
 93.539291 
 143.93771 
 110.08517 
 67.816002 
 243.53452 
 252.90836 
 288.3447 
 105.63475 
 70.135796 
 101.33381 
 240.99895 
 341.08484 
 92.541855 
 283.44009 
 296.35217 
 85.29306 
 67.854439 
 261.80414 
 277.02875 
 272.38174 
 333.3942 
 27.872599 
 295.49252 
 238.5688 
 243.04413 
 303.74066 
 264.75256 
 294.39249 
 279.24985 
 281.97488 
 291.8808 
 250.33238 
 266.95166 
 295.15421 
 282.90497 
 258.06345 
 86.29554 
 103.9318 
 52.535709 
 106.86488 
 283.52731 
 246.66724 
 98.676376 
 109.08161 
 327.99518 
 93.892204 
 251.21381 
 144.34747 
 77.292084 
 271.31982 
 264.89032 
 249.83446 
 74.494202 
 85.485397 
 260.14874 
 260.48392 
 80.573944 
 285.59851 
 93.991226 
 86.673203 
 136.03526 
 113.20866 
 258.20328 
 273.46765 
 54.907814 
 270.05429 
 89.429398 
 81.291908 
 266.52026 
 286.55051 
 250.91983 
 253.51221 
 96.822495 
 95.022903 
 99.684029 
 285.1929 
 98.980652 
 55.512115 
 63.415867 
 91.540382 
 159.74341 
 94.769493 
 89.748962 
 291.73227 
 99.475471 
 249.3111 
 279.1976 
 276.01788 
 266.69858 
 97.55159 
 113.64231 
 270.61777 
 142.63658 
 285.61377 
 82.314117 
 95.140282 
 114.68619 
 252.12364 
 144.41663 
 96.722527 
 296.82919 
 93.427124 
 58.979645 
 79.49791 
 49.66214 
 264.45636 
 245.28624 
 73.753868 
 91.593933 
 110.87552 
 83.800339 
 78.020271 
 104.81743 
 250.71481 
 253.35492 
 85.339684 
 250.14796 
 273.36716 
 244.22166 
 101.314 
 110.16243 
 262.03094 
 272.41547 
 78.754143 
 259.16833 
 43.441334 
 265.69193 
 85.97728 
 106.50953 
 90.813522 
 90.548477 
 96.160164 
 100.55806 
 261.23996 
 103.43114 
 262.63754 
 113.72762 
 73.255386 
 95.661835 
 103.4229 
 87.788536 
 101.0615 
 81.808525 
 79.090958 
 99.755653 
 62.39082 
 254.89299 
 258.06256 
 101.41246 
 261.07495 
 66.085396 
 99.180794 
 83.924652 
 259.41226 
 258.01935 
 69.51152 
 77.350533 
 314.70248 
 80.214478 
 79.051331 
 66.799767 
 262.35995 
 247.85733 
 261.06143 
 256.34329 
 79.475563 
 86.276016 
 83.86454 
 87.503754 
 86.185783 
 293.25589 
 106.83066 
 78.007828 
 271.09436 
 233.28967 
 127.26842 
 251.9538 
 325.85107 
 149.49219 
 50.123653 
 261.81415 
 93.700317 
 136.3607 
 288.02689 
 263.51581 
 275.89182 
 268.81375 
 295.06839 
 302.22003 
 254.47 
 52.902069 
 270.93005 
 271.05121 
 76.137856 
 296.66544 
 129.15976 
 264.13242 
 90.667824 
 79.739365 
 75.450966 
 89.526573 
 151.8615 
 40.593609 
 287.15939 
 266.68872 
 255.79794 
 83.537033 
 103.37344 
 148.97792 
 298.74225 
 103.47059 
 268.29776 
 243.60541 
 103.61117 
 287.76532 
 269.52692 
 90.280647 
 119.99949 
 303.17957 
 269.35651 
 123.28322 
 298.67252 
 274.22 
 301.74066 
 275.50403 
 102.25925 
 309.9465 
 282.33035 
 271.9223 
 289.62903 
 128.96762 
 89.887558 
 309.37024 
 75.183914 
 306.65555 
 268.04767 
 80.725876 
 85.696426 
 69.803772 
 260.80673 
 267.67096 
 59.983955 
 136.82474 
 71.394562 
 280.20261 
 311.71475 
 311.69873 
 277.79791 
 115.56299 
 293.70825 
 66.558441 
 124.67754 
 277.3147 
 127.06818 
 85.58416 
 230.20726 
 130.57771 
 130.6476 
 282.93454 
 261.41336 
 284.73737 
 300.48428 
 228.98296 
 291.30554 
 265.80179 
 269.13623 
 271.21082 
 276.65463 
 289.53116 
 267.87247 
 109.79655 
 274.60507 
 110.51228 
 261.59464 
 109.3578 
 95.488678 
 96.376465 
 291.13022 
 149.26424 
 270.46152 
 313.74503 
 293.67563 
 79.656006 
 303.44885 
 312.34241 
 253.89862 
 316.8757 
 72.207191 
 139.43771 
 294.66461 
 302.63239 
 106.27677 
 284.90814 
 306.1203 
 116.81347 
 140.61725 
 306.0033 
 138.9144 
 133.43297 
 114.53292 
 327.00531 
 131.53336 
 133.18198 
 136.47107 
 136.6335 
 115.28603 
 139.23088 
 138.07738 
 154.80267 
 306.25641 
 324.65189 
 288.20435 
 130.55229 
 316.97324 
 60.728699 
 258.47614 
 131.0795 
 294.16669 
 123.27759 
 28.015587 
 307.6937 
 140.93037 
 120.05964 
 56.616226 
 346.91211 
 293.10709 
 127.54493 
 135.13713 
 151.52249 
 107.1302 
 303.6532 
 145.46501 
 136.54301 
 334.51135 
 133.00026 
 319.63611 
 290.25986 
 279.02792 
 349.21313 
 145.13947 
 125.24036 
 132.34274 
 251.98769 
 256.43939 
 290.32596 
 48.318504 
 136.2141 
 111.99107 
 245.69296 
 273.11166 
 319.96802 
 252.15462 
 126.98875 
 315.3208 
 320.2562 
 112.25426 
 285.55066 
 85.232445 
 292.48663 
 128.29747 
 263.05707 
 286.9863 
 309.23703 
 298.10638 
 146.55998 
 79.447243 
 302.56909 
 120.02827 
 151.31056 
 292.20309 
 302.83145 
 321.7977 
 294.08374 
 79.682823 
 115.61663 
 138.86932 
 266.24976 
 175.06978 
 284.16229 
 81.2966 
 286.30176 
 105.47894 
 71.250999 
 320.84668 
 75.705231 
 290.23889 
 81.455231 
 107.3866 
 104.31057 
 72.913536 
 117.47121 
 271.42892 
 183.54347 
 275.29333 
 123.86118 
 79.110725 
 293.52829 
 131.72641 
 257.05762 
 291.90533 
 262.0083 
 269.18826 
 324.51328 
 288.37302 
 262.3067 
 270.974 
 115.30744 
 290.08279 
 291.77066 
 137.6581 
 109.42682 
 267.85049 
 154.60196 
 129.80653 
 74.838936 
 71.486458 
 293.82373 
 126.04357 
 81.581238 
 131.95239 
 272.20154 
 293.26743 
 175.26483 
 134.42279 
 331.6936 
 171.00792 
 319.11734 
 148.23059 
 151.69937 
 92.44577 
 141.46387 
 281.92847 
 271.4628 
 281.03549 
 297.21008 
 272.41248 
 284.23062 
 26.013952 
 105.2137 
 260.75998 
 314.08264 
 80.856415 
 299.1416 
 273.6803 
 305.9509 
 305.39188 
 44.57523 
 252.78841 
 145.14745 
 327.35669 
 295.16385 
 301.59583 
 143.72523 
 266.86066 
 323.15213 
 301.69498 
 274.97211 
 98.142738 
 159.30779 
 145.23026 
 150.66023 
 82.740852 
 268.19992 
 277.6261 
 109.92879 
 279.23889 
 77.356209 
 291.53436 
 284.48032 
 263.19086 
 103.93008 
 300.21384 
 284.34323 
 251.09555 
 351.00592 
 127.94873 
 171.05577 
 258.49332 
 277.85406 
 298.18396 
 263.07059 
 150.39082 
 286.24982 
 279.99716 
 298.52969 
 267.9325 
 275.61191 
 102.3521 
 68.383278 
 287.92398 
 283.19617 
 70.329071 
 146.74333 
 310.28775 
 285.63272 
 278.6387 
 261.26797 
 91.747307 
 279.74167 
 300.78577 
 115.53387 
 102.60998 
 295.74521 
 59.517727 
 277.03314 
 302.12784 
 275.07336 
 81.05275 
 288.67194 
 280.31967 
 289.66739 
 104.40791 
 272.19846 
 63.460419 
 263.89719 
 124.47128 
 264.72369 
 97.036201 
 108.59164 
 293.52646 
 102.33668 
 299.52029 
 105.22119 
 106.77827 
 273.30344 
 284.75565 
 294.15466 
 143.97491 
 257.43796 
 97.535339 
 144.07721 
 286.45755 
 107.87101 
 284.36401 
 107.04037 
 126.14532 
 297.87607 
 147.84512 
 291.4371 
 272.54044 
 73.670341 
 252.00519 
 85.85788 
 333.78665 
 293.1937 
 324.95361 
 276.72379 
 77.862755 
 279.09296 
 286.48373 
 271.33124 
 111.31349 
 163.84109 
 131.90945 
 287.32571 
 119.42096 
 302.82477 
 142.89412 
 76.064278 
 270.01508 
 328.8652 
 278.32806 
 277.77689 
 142.05878 
 293.43048 
 116.75021 
 260.58536 
 305.16763 
 75.443954 
 315.35138 
 90.276588 
 77.852081 
 113.86511 
 277.56238 
 270.13406 
 293.20193 
 307.40564 
 304.91006 
 277.78345 
 277.42111 
 264.40125 
 265.84229 
 294.9696 
 258.81577 
 344.44202 
 257.58414 
 167.54784 
 293.43225 
 266.09967 
 310.76126 
 134.49579 
 135.76418 
 267.83652 
 142.68105 
 89.006203 
 269.55756 
 93.61792 
 136.10591 
 295.82437 
 87.650803 
 142.83453 
 48.174191 
 146.03178 
 329.26224 
 150.74765 
 107.61103 
 147.28792 
 297.80496 
 289.2583 
 302.2796 
 143.77982 
 271.74829 
 319.12991 
 274.46826 
 283.24997 
 257.15225 
 143.82758 
 261.39111 
 288.15091 
 297.33087 
 311.41733 
 257.6199 
 296.66278 
 292.64697 
 58.770622 
 136.10403 
 272.79495 
 313.13339 
 77.976364 
 161.93677 
 109.63354 
 246.73503 
 285.93631 
 159.33989 
 301.11887 
 252.42462 
 313.40005 
 320.57639 
 287.45248 
 130.60477 
 278.90536 
 101.55289 
 264.60095 
 122.95789 
 50.951786 
 313.77252 
 55.822479 
 305.1886 
 289.25522 
 290.93817 
 287.59518 
 272.33176 
 92.961967 
 315.13446 
 281.90616 
 289.96741 
 291.61139 
 111.64497 
 283.1315 
 106.98826 
 148.16095 
 290.16129 
 107.45734 
 97.000038 
 67.940849 
 148.41232 
 86.663925 
 275.00537 
 90.504463 
 292.64267 
 283.93063 
 289.14828 
 144.71004 
 291.27963 
 274.83197 
 90.010986 
 292.02686 
 96.345665 
 256.72595 
 285.31485 
 290.13681 
 98.663742 
 118.78661 
 276.90033 
 311.18661 
 138.08002 
 305.17017 
 292.98593 
 78.303185 
 285.97464 
 282.01135 
 278.24527 
 287.38004 
 121.59139 
 152.15239 
 292.46021 
 256.64069 
 271.50201 
 302.91806 
 262.40244 
 301.28674 
 112.72511 
 102.94399 
 258.62216 
 288.83508 
 296.94968 
 272.45459 
 124.19923 
 305.22662 
 285.82388 
 295.09644 
 287.28189 
 279.94223 
 261.15561 
 294.83997 
 275.23804 
 291.776 
 309.54367 
 112.91077 
 138.55457 
 126.2277 
 62.976917 
 286.84232 
 95.637886 
 273.2287 
 95.534096 
 297.91315 
 323.69211 
 138.30128 
 72.039284 
 278.51456 
 277.30585 
 115.67174 
 273.59015 
 273.5788 
 258.74466 
 288.69922 
 318.05872 
 135.89278 
 278.74936 
 113.28857 
 286.62561 
 129.092 
 263.51416 
 114.45252 
 280.78149 
 146.61169 
 276.93085 
 266.68359 
 80.813789 
 277.83249 
 305.14792 
 246.74612 
 108.26247 
 284.68707 
 295.1196 
 282.46878 
 270.63321 
 97.502968 
 262.19189 
 142.16777 
 68.374489 
 303.36661 
 283.12683 
 295.89459 
 263.72375 
 272.21585 
 55.501106 
 258.51837 
 276.09329 
 104.25327 
 278.36685 
 255.10376 
 83.518944 
 258.66226 
 281.67917 
 284.10614 
 269.44699 
 272.00052 
 266.65625 
 138.11328 
 290.43594 
 273.7742 
 272.14743 
 287.09308 
 114.86519 
 292.47015 
 260.06158 
 275.15137 
 296.94693 
 129.85597 
 148.21443 
 267.33801 
 113.01433 
 289.16486 
 291.75934 
 117.90551 
 43.109379 
 79.357582 
 287.57373 
 123.76188 
 96.164886 
 79.268951 
 78.8629 
 59.861851 
 280.67822 
 94.542221 
 287.55499 
 266.54291 
 62.31879 
 117.28708 
 93.499214 
 294.82974 
 107.30764 
 289.24515 
 288.51746 
 277.45325 
 265.80807 
 284.16675 
 105.78745 
 286.68506 
 112.06092 
 58.984215 
 283.65765 
 280.23114 
 274.14651 
 133.50966 
 109.83861 
 111.1063 
 298.54398 
 147.27238 
 291.22778 
 105.30028 
 64.166504 
 290.49014 
 70.713425 
 267.77509 
 287.82309 
 104.02975 
 110.27796 
 108.80225 
 288.56448 
 317.08777 
 82.552078 
 154.42467 
 308.96979 
 285.31363 
 267.74487 
 290.39142 
 250.24522 
 284.60165 
 300.40634 
 287.09421 
 276.13501 
 286.66611 
 280.78351 
 123.02032 
 89.230667 
 273.21429 
 287.75995 
 273.52457 
 271.87241 
 274.40622 
 264.21158 
 286.46417 
 274.85019 
 272.39697 
 145.00952 
 290.06836 
 117.93119 
 278.47668 
 93.616844 
 104.41412 
 282.18646 
 290.21259 
 257.35809 
 274.1225 
 277.53671 
 105.50864 
 258.68353 
 284.29346 
 274.22458 
 281.77893 
 272.41824 
 86.146515 
 101.40437 
 277.17477 
 260.58078 
 252.88806 
 264.2298 
 289.20825 
 83.25264 
 108.29162 
 246.45184 
 264.06586 
 71.349579 
 257.83893 
 113.4277 
 93.818504 
 101.34079 
 283.15179 
 266.59384 
 67.417206 
 121.6852 
 102.2457 
 273.90262 
 113.14148 
 281.87152 
 322.79086 
 98.065376 
 89.502144 
 292.25754 
 117.70781 
 274.98093 
 282.75952 
 270.48099 
 310.35995 
 59.209846 
 282.63892 
 105.80032 
 69.827301 
 306.76941 
 316.9494 
 309.91656 
 293.21045 
 101.46447 
 282.2829 
 83.697205 
 286.27744 
 267.84369 
 285.09406 
 281.70203 
 295.85236 
 254.53676 
 96.781883 
 297.12164 
 291.46436 
 300.3735 
 98.895073 
 284.57257 
 313.12686 
 297.3735 
 303.54901 
 90.487831 
 278.39429 
 281.57727 
 279.41537 
 278.85968 
 17.948746 
 276.26682 
 123.69967 
 41.283886 
 123.31866 
 278.6799 
 273.2691 
 273.51389 
 279.10535 
 54.182285 
 301.62054 
 240.85527 
 279.61447 
 126.22505 
 108.37303 
 143.5296 
 277.06616 
 38.669777 
 108.18831 
 276.9342 
 281.03238 
 123.97796 
 286.72989 
 92.026222 
 277.25082 
 292.1868 
 114.1475 
 257.61725 
 58.209385 
 61.592518 
 58.117077 
 132.74294 
 272.35352 
 87.214409 
 79.250587 
 284.7366 
 261.94812 
 127.82583 
 90.052711 
 90.958725 
 59.492706 
 278.81879 
 99.224068 
 102.08317 
 290.88116 
 53.143471 
 93.379044 
 31.416557 
 292.46793 
 282.90222 
 282.27179 
 68.219933 
 99.201576 
 74.871361 
 46.884598 
 278.72998 
 147.32979 
 58.294071 
 112.48145 
 64.724686 
 235.88138 
 74.967796 
 263.67682 
 137.80441 
 261.93546 
 75.200653 
 78.686096 
 129.70966 
 280.6618 
 140.64796 
 278.12476 
 287.06876 
 279.02585 
 69.584618 
 135.83519 
 83.395821 
 308.75287 
 265.27426 
 70.686531 
 67.222351 
 75.395164 
 231.05061 
 276.73029 
 58.568302 
 138.65648 
 78.426201 
 296.60635 
 278.87839 
 269.53864 
 61.983612 
 146.53026 
 263.71432 
 145.94043 
 283.76935 
 252.92081 
 267.26971 
 92.554901 
 275.57526 
 59.981552 
 274.57828 
 253.62187 
 304.88705 
 303.77719 
 139.72017 
 98.586761 
 273.24759 
 126.27313 
 284.11649 
 91.991127 
 281.85004 
 46.680668 
 297.58691 
 127.3076 
 104.01967 
 117.7833 
 82.164284 
 292.21286 
 269.65338 
 280.86475 
 118.0371 
 278.04871 
 98.888382 
 73.883392 
 296.8782 
 279.18369 
 125.58357 
 66.694427 
 284.60016 
 64.703484 
 270.22372 
 277.39355 
 48.238964 
 275.48349 
 255.55518 
 142.41321 
 112.83743 
 45.336975 
 262.39743 
 73.480888 
 66.460022 
 263.78751 
 76.327484 
 285.56171 
 85.384865 
 289.72031 
 264.90964 
 86.886635 
 277.35733 
 273.2085 
 270.10983 
 265.32269 
 267.13068 
 144.43608 
 232.713 
 69.541069 
 277.04886 
 292.18411 
 255.03363 
 254.44923 
 261.65735 
 118.8628 
 52.909908 
 260.70654 
 100.28069 
 240.73769 
 249.88069 
 271.17188 
 274.87872 
 274.11957 
 71.167755 
 255.0603 
 261.31216 
 99.025421 
 288.52145 
 75.049103 
 100.78363 
 85.551086 
 294.1806 
 275.78616 
 269.98285 
 43.465546 
 103.23949 
 128.50702 
 286.32462 
 290.17261 
 296.60406 
 276.11304 
 81.310181 
 258.43347 
 274.64203 
 258.94345 
 289.76926 
 75.908844 
 275.07916 
 291.75491 
 98.220238 
 54.944469 
 133.15562 
 287.81342 
 108.60992 
 143.40398 
 159.20224 
 261.17746 
 117.96143 
 89.259689 
 271.16757 
 82.911079 
 270.1228 
 270.4046 
 94.157654 
 96.503128 
 109.17293 
 302.47726 
 47.301064 
 97.575661 
 149.57513 
 272.50882 
 89.830215 
 103.51043 
 279.78021 
 282.4343 
 96.570618 
 88.768852 
 264.63498 
 97.772224 
 85.441032 
 286.9736 
 277.7774 
 265.1991 
 248.66339 
 102.74138 
 280.91528 
 264.62756 
 262.9379 
 181.47081 
 277.43369 
 292.48059 
 266.4086 
 280.30658 
 278.20337 
 267.33304 
 54.419178 
 242.8562 
 90.434944 
 70.834 
 103.8848 
 260.34583 
 137.69618 
 101.60162 
 91.464569 
 270.50519 
 69.431885 
 95.398575 
 98.200592 
 92.517868 
 249.49828 
 288.22766 
 97.571198 
 235.56718 
 108.64735 
 85.857193 
 255.90936 
 275.98981 
 280.51047 
 107.57923 
 237.19016 
 89.624756 
 250.17943 
 246.45459 
 101.48342 
 280.07767 
 72.939911 
 251.06311 
 256.26633 
 255.16391 
 98.413673 
 259.56253 
 81.250488 
 101.17955 
 86.395416 
 250.46855 
 260.56644 
 269.53088 
 271.60739 
 100.14668 
 270.06064 
 73.673088 
 265.56104 
 264.62585 
 266.4838 
 289.81317 
 103.3605 
 283.45764 
 74.270607 
 90.98172 
 263.88077 
 91.508736 
 256.61288 
 96.375504 
 263.93042 
 268.98297 
 80.368744 
 261.79974 
 105.60966 
 145.18242 
 76.956429 
 144.14626 
 124.43697 
 275.3313 
 271.65366 
 50.984818 
 161.53319 
 292.15396 
 299.72662 
 66.977951 
 137.34892 
 280.11115 
 162.71008 
 279.2749 
 329.58838 
 147.77773 
 299.30789 
 133.36816 
 71.870102 
 92.736702 
 273.00116 
 268.83914 
 108.83794 
 270.81833 
 50.649746 
 141.24501 
 103.00563 
 74.992737 
 95.788254 
 271.05847 
 274.18829 
 291.81873 
 79.00502 
 295.26233 
 269.26953 
 123.01654 
 267.94666 
 143.08551 
 122.46921 
 166.56497 
 283.56503 
 267.53854 
 108.10291 
 144.91634 
 239.75922 
 46.067604 
 116.82174 
 170.38123 
 290.86588 
 131.94095 
 263.17578 
 287.74857 
 102.22723 
 264.27448 
 281.17862 
 288.45532 
 283.61047 
 49.021713 
 270.7565 
 33.907032 
 282.49301 
 307.7854 
 281.38461 
 284.35886 
 279.14813 
 277.1376 
 149.87502 
 49.558395 
 105.90965 
 294.11707 
 147.94255 
 313.41672 
 111.92025 
 132.58118 
 308.01749 
 108.94554 
 285.22427 
 249.31834 
 110.50878 
 299.12137 
 151.87848 
 293.27313 
 246.13832 
 102.52129 
 298.28006 
 304.05136 
 277.32687 
 117.60448 
 124.39367 
 290.49191 
 143.54332 
 125.50732 
 244.1674 
 104.99038 
 104.77894 
 48.662041 
 128.18787 
 100.07469 
 117.32442 
 285.32184 
 313.94342 
 119.82816 
 117.61707 
 278.03906 
 125.82098 
 57.993664 
 130.94753 
 82.016449 
 106.86827 
 57.987453 
 77.346054 
 123.99174 
 118.64536 
 280.26791 
 133.77818 
 122.34264 
 96.081879 
 56.010181 
 63.958851 
 276.33069 
 79.057732 
 147.40541 
 127.63971 
 139.96428 
 99.332077 
 128.77541 
 262.09665 
 120.06197 
 53.366673 
 56.852798 
 106.95087 
 129.46346 
 61.158928 
 121.26859 
 144.46011 
 271.60141 
 86.555252 
 87.430275 
 123.09956 
 48.745274 
 275.97672 
 132.17123 
 254.63988 
 148.53749 
 170.30682 
 86.076454 
 90.194153 
 304.91348 
 279.13992 
 54.232906 
 147.69868 
 280.66446 
 275.68005 
 263.57733 
 87.225449 
 136.04395 
 257.06934 
 241.12756 
 43.383465 
 80.339607 
 252.94708 
 122.1265 
 137.82768 
 309.74792 
 84.698883 
 290.84296 
 146.39236 
 72.809593 
 153.74399 
 41.943111 
 52.574059 
 288.06812 
 123.79403 
 270.12854 
 280.11746 
 133.22482 
 165.8092 
 125.02046 
 262.64807 
 285.06393 
 276.05597 
 252.32706 
 49.139183 
 122.61353 
 285.67606 
 274.29755 
 127.01337 
 287.4259 
 273.19894 
 129.37163 
 294.86282 
 252.58044 
 288.19992 
 279.15201 
 308.16797 
 134.27185 
 142.22346 
 282.03256 
 89.631927 
 82.341148 
 288.96649 
 133.49937 
 308.30133 
 263.09027 
 127.40939 
 160.89177 
 308.39902 
 80.329765 
 297.21179 
 272.17545 
 140.0804 
 162.16299 
 97.974937 
 312.26852 
 70.664795 
 304.73117 
 71.089584 
 163.79367 
 120.10138 
 163.61015 
 138.27164 
 265.54724 
 126.64015 
 113.14657 
 121.8111 
 265.12466 
 135.68954 
 123.5449 
 146.92245 
 77.229889 
 118.13771 
 57.745869 
 51.457874 
 132.30365 
 105.96246 
 165.43684 
 260.69751 
 262.92569 
 138.63245 
 277.51651 
 163.86662 
 131.69684 
 296.63763 
 304.47375 
 281.88635 
 282.59766 
 114.76062 
 308.64783 
 45.590034 
 142.40504 
 150.42378 
 114.57358 
 138.32588 
 149.48465 
 142.32449 
 140.44873 
 52.577564 
 65.733055 
 63.475143 
 325.48718 
 312.91144 
 281.08917 
 114.74755 
 149.31551 
 60.896202 
 128.64143 
 135.69276 
 305.05661 
 145.83524 
 64.745224 
 109.466 
 289.42603 
 152.60127 
 60.638325 
 139.10986 
 287.13196 
 141.56213 
 267.17816 
 135.61511 
 39.203545 
 101.83734 
 117.41953 
 268.73834 
 54.139477 
 60.748756 
 262.7673 
 325.13809 
 287.83899 
 316.39578 
 123.2458 
 152.76857 
 155.23573 
 131.22716 
 311.98917 
 119.71407 
 284.35306 
 148.51573 
 312.18112 
 276.66452 
 134.2153 
 137.36784 
 265.15759 
 98.735588 
 145.50043 
 279.42657 
 303.22614 
 321.45792 
 92.654556 
 284.53894 
 281.10876 
 113.24236 
 278.09851 
 137.7724 
 133.60291 
 272.78339 
 291.64218 
 306.54166 
 279.32874 
 144.30229 
 278.32571 
 163.32755 
 55.605011 
 138.95084 
 106.67509 
 96.620071 
 286.26004 
 88.370964 
 40.197872 
 316.73312 
 270.53696 
 109.7878 
 271.85178 
 278.82404 
 111.44601 
 97.398491 
 125.48372 
 345.63422 
 100.91743 
 269.42636 
 83.834755 
 160.42856 
 295.94788 
 272.0556 
 89.290894 
 78.331703 
 291.99194 
 118.45258 
 289.38104 
 144.05571 
 105.87423 
 345.0238 
 164.5112 
 253.72163 
 82.160645 
 280.6698 
 116.94087 
 52.435959 
 86.119965 
 125.30254 
 298.49893 
 99.336052 
 76.766823 
 89.820602 
 136.1582 
 143.47443 
 95.335022 
 79.300903 
 56.832897 
 303.49142 
 78.860214 
 105.62129 
 296.98309 
 66.332474 
 60.07209 
 75.699692 
 345.57916 
 60.110657 
 309.96976 
 78.363914 
 154.53641 
 343.45319 
 300.66415 
 99.349564 
 306.66476 
 60.881485 
 86.350716 
 103.06443 
 132.09641 
 152.41217 
 315.27118 
 159.56187 
 69.233162 
 294.72763 
 62.931553 
 177.93381 
 305.51047 
 173.92973 
 145.41786 
 303.28595 
 306.14294 
 303.83994 
 210.36603 
 315.72079 
 144.16275 
 135.20602 
 162.10609 
 318.68555 
 288.42783 
 308.28275 
 145.86182 
 66.582962 
 132.08394 
 278.96808 
 124.17148 
 346.18134 
 86.716637 
 92.556038 
 292.06442 
 247.36241 
 108.07249 
 315.38779 
 301.63748 
 288.54401 
 129.01791 
 31.777723 
 307.46008 
 72.130669 
 128.47864 
 304.54355 
 94.359276 
 277.81012 
 156.99222 
 73.352684 
 81.993462 
 106.58322 
 345.27588 
 72.058609 
 236.54428 
 105.18255 
 75.060776 
 276.74301 
 277.10831 
 308.89658 
 109.98334 
 148.87175 
 281.82364 
 273.07123 
 120.01596 
 146.8665 
 295.18497 
 289.24359 
 67.546707 
 304.5838 
 84.461899 
 344.39047 
 86.447166 
 299.50705 
 74.619232 
 127.99307 
 94.405502 
 107.38132 
 279.52707 
 97.568176 
 76.14212 
 316.45551 
 279.96701 
 86.843864 
 153.84729 
 301.36444 
 98.376289 
 124.63423 
 84.144623 
 99.335541 
 273.13885 
 105.70821 
 320.36377 
 272.75702 
 150.65382 
 103.2029 
 293.9176 
 151.8223 
 286.30844 
 328.9682 
 311.62698 
 95.302353 
 106.26108 
 138.72278 
 305.82523 
 330.58609 
 260.27731 
 281.62787 
 153.73093 
 312.49081 
 304.59042 
 151.70399 
 310.12613 
 159.067 
 282.60071 
 31.929464 
 136.08116 
 353.13016 
 287.7251 
 319.48105 
 135.46135 
 126.25236 
 159.03391 
 313.1091 
 104.30244 
 150.72668 
 329.50546 
 130.86848 
 301.17838 
 159.25526 
 63.525429 
 121.99012 
 140.42836 
 146.21336 
 105.58894 
 76.868782 
 152.6091 
 133.86975 
 320.47867 
 298.50671 
 152.50368 
 259.36389 
 98.883682 
 296.80817 
 126.84718 
 60.500607 
 297.54248 
 133.3647 
 151.38631 
 254.57845 
 293.6188 
 113.3999 
 88.09787 
 148.63113 
 260.15189 
 139.77629 
 142.78058 
 293.2825 
 143.22469 
 144.99196 
 300.07718 
 72.229233 
 110.93678 
 137.59474 
 266.91876 
 275.86316 
 95.966408 
 81.559196 
 266.79825 
 301.05426 
 134.65211 
 147.43318 
 264.96497 
 285.02887 
 148.48708 
 144.66278 
 150.52969 
 313.18649 
 259.76053 
 262.54013 
 121.66801 
 256.05838 
 141.21353 
 150.39981 
 309.91913 
 129.47644 
 125.23233 
 134.74623 
 144.62222 
 269.21371 
 164.55887 
 159.46526 
 87.188034 
 93.824486 
 161.3857 
 309.05817 
 90.722969 
 274.5238 
 317.77042 
 94.021652 
 281.67307 
 78.196747 
 260.7677 
 144.62592 
 143.46071 
 297.5484 
 303.5528 
 144.70531 
 139.65298 
 254.25763 
 139.61839 
 267.34305 
 79.479393 
 284.20782 
 158.68315 
 164.90994 
 256.09958 
 257.17279 
 253.04945 
 158.95438 
 268.8735 
 94.337563 
 102.97246 
 106.42915 
 105.76818 
 140.69141 
 161.51701 
 145.23708 
 105.91602 
 335.61813 
 265.34906 
 101.20136 
 114.98961 
 52.230762 
 274.01199 
 142.81841 
 71.416222 
 267.53888 
 246.98006 
 157.37546 
 105.90403 
 129.25754 
 267.52927 
 270.88254 
 283.57413 
 110.70429 
 144.03561 
 170.21599 
 278.16397 
 266.74527 
 305.83771 
 150.34418 
 71.257469 
 291.41443 
 290.92499 
 114.97686 
 104.90614 
 105.76418 
 149.28207 
 302.91943 
 306.81674 
 148.5439 
 276.96967 
 195.0705 
 152.93738 
 287.64441 
 82.207169 
 284.5921 
 278.86487 
 82.551666 
 80.397842 
 113.6694 
 111.20033 
 286.17218 
 279.88855 
 63.175293 
 270.22195 
 160.9364 
 95.458282 
 301.85068 
 110.10498 
 71.345551 
 280.23981 
 271.88626 
 89.466652 
 325.17081 
 297.76807 
 94.074356 
 87.482521 
 79.46801 
 86.71666 
 306.66599 
 95.559219 
 280.5481 
 102.19556 
 92.580635 
 109.02937 
 160.77368 
 163.48232 
 78.937653 
 272.87317 
 311.87476 
 287.79196 
 149.72372 
 131.07321 
 265.25446 
 288.85712 
 98.157799 
 284.6243 
 258.59485 
 102.66589 
 160.63805 
 273.49802 
 277.21255 
 121.30692 
 162.38586 
 95.569122 
 101.28849 
 105.75854 
 299.73892 
 78.78228 
 78.891327 
 84.576256 
 96.667244 
 165.91325 
 303.51523 
 276.02258 
 285.5918 
 275.84695 
 140.12312 
 296.35031 
 288.95038 
 315.45755 
 321.30484 
 83.854202 
 285.94727 
 70.215302 
 266.16492 
 154.57829 
 287.58469 
 287.1319 
 66.399956 
 265.8114 
 108.45085 
 141.9615 
 171.80255 
 281.70837 
 153.0687 
 123.67002 
 276.5289 
 135.17358 
 108.40154 
 160.29773 
 170.40541 
 275.88739 
 281.08475 
 296.16632 
 75.014725 
 84.886742 
 81.288765 
 263.66232 
 308.88458 
 290.22922 
 271.29407 
 285.51401 
 281.28824 
 304.57013 
 129.41272 
 99.464668 
 153.41222 
 163.90155 
 272.69873 
 285.97791 
 78.277077 
 275.05286 
 156.15164 
 293.3923 
 124.5385 
 313.53421 
 141.83414 
 290.85229 
 285.23132 
 100.71004 
 267.36176 
 277.69025 
 65.337677 
 278.59286 
 275.07513 
 325.91251 
 80.775528 
 291.97586 
 114.11207 
 162.61353 
 94.463341 
 288.0217 
 282.69821 
 277.86316 
 170.22749 
 304.81805 
 285.18625 
 273.16611 
 322.31683 
 155.19983 
 257.96506 
 324.66614 
 268.6864 
 261.19501 
 88.219223 
 282.48553 
 259.67627 
 288.13138 
 311.83115 
 140.17963 
 84.150375 
 112.66679 
 290.32962 
 115.84666 
 258.72592 
 94.119957 
 156.95126 
 347.40845 
 254.15063 
 150.80833 
 309.23456 
 292.79239 
 278.84595 
 89.104996 
 295.22693 
 259.79733 
 92.804504 
 126.10004 
 77.272942 
 85.177216 
 94.795074 
 315.98264 
 158.5592 
 323.95752 
 73.829109 
 121.35271 
 324.13916 
 254.26743 
 92.405586 
 154.9035 
 141.93625 
 323.74387 
 296.55048 
 87.384338 
 265.26736 
 105.53146 
 179.57585 
 297.72247 
 87.819847 
 301.49356 
 85.572441 
 303.76462 
 137.99454 
 163.27531 
 104.62985 
 156.14052 
 309.21973 
 295.88 
 305.20813 
 143.28409 
 165.01086 
 290.63419 
 308.99414 
 167.81418 
 71.365227 
 269.79504 
 145.22867 
 44.115528 
 280.48074 
 302.68948 
 297.65771 
 167.95491 
 291.38452 
 292.18887 
 137.00255 
 97.796783 
 319.00885 
 107.16785 
 144.22043 
 329.5332 
 288.02512 
 348.95038 
 291.38174 
 138.98824 
 22.553638 
 276.80618 
 299.2739 
 277.64972 
 327.53662 
 271.73697 
 116.26225 
 267.43015 
 293.6377 
 90.63945 
 113.52032 
 258.23999 
 256.52451 
 142.3625 
 108.02975 
 295.47412 
 300.03009 
 317.54968 
 308.19345 
 338.65015 
 97.957054 
 141.44 
 296.0575 
 135.03265 
 70.990723 
 164.60341 
 130.76588 
 283.37424 
 110.29536 
 302.55975 
 83.231071 
 321.60703 
 308.5585 
 280.02731 
 262.42209 
 140.85712 
 276.59033 
 281.92484 
 262.54819 
 296.90439 
 142.85265 
 135.92284 
 291.73145 
 57.869289 
 295.49939 
 299.32831 
 155.96268 
 281.96017 
 299.77539 
 296.33932 
 283.59229 
 301.73859 
 304.07877 
 305.53879 
 105.56873 
 135.0253 
 251.77577 
 134.1819 
 61.895943 
 150.67087 
 289.23529 
 64.284119 
 297.48984 
 123.42578 
 151.47925 
 288.98599 
 134.17416 
 284.28961 
 143.4328 
 123.28227 
 137.09511 
 106.60891 
 297.34674 
 303.35855 
 261.11871 
 47.087681 
 124.05775 
 289.64191 
 88.80809 
 123.96532 
 110.69536 
 128.68904 
 289.52979 
 301.44125 
 147.74313 
 266.52921 
 121.43786 
 116.45382 
 286.48297 
 119.2766 
 89.577911 
 150.11557 
 285.18097 
 109.96531 
 106.5153 
 92.092911 
 103.04691 
 290.87448 
 91.738792 
 87.627312 
 289.68475 
 121.07242 
 95.558884 
 134.07884 
 107.02555 
 286.98709 
 290.96945 
 277.65244 
 87.572754 
 296.61053 
 96.993362 
 293.39841 
 284.43414 
 270.9003 
 293.16199 
 139.27022 
 262.90411 
 326.21478 
 124.13694 
 98.076378 
 121.14636 
 102.57439 
 145.5569 
 274.62805 
 143.49022 
 288.767 
 282.11203 
 265.02695 
 149.31187 
 79.248955 
 136.56296 
 91.027786 
 298.71375 
 279.6416 
 101.41007 
 276.65704 
 330.79163 
 110.58498 
 295.94815 
 276.88486 
 294.50885 
 62.110455 
 143.0835 
 107.29767 
 279.60849 
 289.2406 
 114.92845 
 275.9877 
 146.87906 
 85.790749 
 111.66903 
 277.44272 
 286.52292 
 295.72995 
 281.70038 
 110.98315 
 290.58282 
 256.2233 
 280.70987 
 134.80826 
 285.52896 
 309.57648 
 262.69809 
 122.68948 
 47.128014 
 311.4014 
 294.24164 
 293.65848 
 273.50708 
 270.01523 
 272.76181 
 84.960175 
 288.06573 
 289.03363 
 117.03062 
 92.527443 
 77.455933 
 276.79843 
 276.62381 
 287.40198 
 130.42325 
 288.1004 
 289.22064 
 295.34732 
 268.24564 
 270.90692 
 275.77048 
 84.156059 
 130.03355 
 297.26135 
 96.225555 
 106.51027 
 300.30667 
 261.63748 
 279.85898 
 293.42783 
 261.75711 
 89.875641 
 299.88348 
 310.6102 
 316.05832 
 82.75145 
 288.03317 
 88.982132 
 285.94138 
 144.90714 
 275.73083 
 289.86572 
 125.19062 
 293.57227 
 298.21213 
 286.82394 
 290.73929 
 303.75482 
 110.35103 
 106.2254 
 87.896164 
 274.72879 
 155.78033 
 123.32133 
 276.69614 
 298.74023 
 269.31638 
 59.079582 
 74.432854 
 109.87956 
 295.56049 
 92.915825 
 261.33209 
 76.291946 
 84.903862 
 297.66632 
 127.16365 
 296.82553 
 291.54068 
 107.56619 
 270.03906 
 117.54462 
 284.42749 
 295.3725 
 47.256516 
 280.75436 
 131.63962 
 262.24734 
 108.07024 
 288.29459 
 288.2551 
 268.24899 
 277.61136 
 311.73605 
 271.93283 
 281.06195 
 64.383926 
 273.74503 
 99.826149 
 126.66596 
 240.89186 
 307.64334 
 257.94073 
 138.47372 
 284.87036 
 108.26749 
 285.53949 
 59.033707 
 282.1691 
 321.20135 
 270.90289 
 295.95865 
 291.26923 
 280.81641 
 278.18604 
 108.2543 
 114.21545 
 289.82294 
 106.58675 
 126.78471 
 290.55215 
 316.10516 
 270.62231 
 258.43637 
 280.96439 
 283.35205 
 308.27939 
 270.90512 
 279.0784 
 272.68893 
 272.17773 
 276.11053 
 128.36075 
 282.5144 
 279.87692 
 278.91864 
 80.917526 
 142.09099 
 289.69095 
 281.89105 
 139.35876 
 308.46527 
 270.8761 
 275.53174 
 206.94817 
 87.145424 
 113.53899 
 265.3259 
 296.71667 
 281.52875 
 280.91998 
 123.96754 
 106.11296 
 300.5882 
 253.63293 
 266.98236 
 258.64804 
 94.507164 
 260.73563 
 271.3429 
 269.15225 
 277.56503 
 149.99768 
 279.88318 
 284.85464 
 95.978333 
 296.01416 
 263.70624 
 282.63715 
 299.31442 
 274.29883 
 139.03394 
 97.94236 
 148.28012 
 116.5614 
 96.381081 
 288.97098 
 273.13092 
 81.264755 
 98.675896 
 290.88007 
 273.89023 
 124.7094 
 115.6048 
 274.17532 
 92.29834 
 133.91048 
 273.21011 
 107.49464 
 101.38231 
 98.185562 
 103.4638 
 272.94836 
 299.5394 
 131.50464 
 278.21967 
 94.522461 
 288.61578 
 89.739914 
 278.77203 
 80.791435 
 272.14041 
 93.68354 
 277.759 
 89.062927 
 283.64014 
 281.52597 
 278.19073 
 82.273903 
 126.26591 
 161.45786 
 117.46049 
 280.20386 
 152.68521 
 155.05499 
 91.880531 
 132.3947 
 309.75266 
 271.59964 
 96.794632 
 68.986031 
 91.954895 
 89.940308 
 97.103821 
 286.47519 
 283.89731 
 92.662331 
 277.31937 
 282.29364 
 291.64005 
 295.05502 
 290.98447 
 88.146355 
 95.757042 
 156.33472 
 126.22025 
 113.69558 
 90.407005 
 272.45322 
 296.88052 
 117.91656 
 121.46488 
 100.6292 
 161.33893 
 115.04601 
 68.050842 
 151.57242 
 91.096222 
 279.34329 
 282.61584 
 289.24985 
 278.19766 
 314.83734 
 297.87552 
 117.49387 
 290.11316 
 155.10643 
 105.22034 
 110.66325 
 146.20607 
 288.51907 
 91.864677 
 287.28912 
 297.9169 
 277.61618 
 152.50151 
 103.41763 
 280.3876 
 119.49436 
 273.33212 
 279.5408 
 274.25092 
 102.49931 
 270.65994 
 297.34167 
 112.14199 
 103.38436 
 243.11505 
 269.2865 
 308.74454 
 277.75797 
 117.73904 
 270.81195 
 281.76862 
 262.48114 
 117.11004 
 284.6748 
 287.21814 
 122.47506 
 270.32153 
 134.65591 
 276.56708 
 104.87546 
 109.21394 
 310.02158 
 289.36581 
 271.84076 
 119.32212 
 132.95061 
 284.12717 
 98.11113 
 276.34192 
 102.33415 
 125.82184 
 87.756744 
 272.74683 
 257.71075 
 264.5686 
 257.44696 
 278.44861 
 110.27823 
 104.31016 
 50.134617 
 88.593666 
 291.4487 
 277.4064 
 70.390175 
 279.01382 
 277.03857 
 137.21333 
 129.60794 
 289.03531 
 287.10306 
 281.89304 
 92.862976 
 255.47763 
 268.68033 
 122.69097 
 287.48932 
 279.36111 
 276.50119 
 71.835274 
 267.1062 
 255.52469 
 284.68817 
 280.21249 
 109.28677 
 284.39102 
 263.43051 
 133.62903 
 270.48682 
 275.36102 
 276.58539 
 270.3392 
 50.260384 
 294.98157 
 278.21475 
 292.05508 
 285.43408 
 279.87265 
 271.38419 
 139.33673 
 270.92252 
 274.37891 
 245.80104 
 51.890095 
 142.81485 
 90.454002 
 275.37259 
 96.054825 
 105.75736 
 95.860458 
 95.364212 
 277.50812 
 247.34682 
 98.70739 
 136.88374 
 48.71846 
 46.903332 
 115.86834 
 99.176559 
 285.84851 
 283.46222 
 78.898216 
 308.44437 
 118.1067 
 285.04803 
 58.184002 
 100.35622 
 112.66817 
 280.29031 
 116.26859 
 107.73361 
 76.455597 
 271.15936 
 105.72164 
 285.46838 
 308.36011 
 102.46246 
 120.3996 
 272.72549 
 96.795074 
 94.803978 
 290.42856 
 117.48533 
 281.94397 
 270.09424 
 60.732964 
 275.36362 
 71.263191 
 66.864182 
 119.55808 
 285.78491 
 79.900917 
 159.99171 
 270.06339 
 95.176483 
 117.00567 
 271.3757 
 80.985779 
 136.06755 
 272.49139 
 98.605675 
 112.90426 
 270.33246 
 323.90179 
 262.38947 
 99.221512 
 105.3843 
 119.61568 
 160.29254 
 114.25517 
 114.94446 
 83.307426 
 319.08981 
 268.48889 
 308.89255 
 112.88116 
 306.68625 
 300.80014 
 301.74039 
 282.06708 
 271.57498 
 95.757645 
 313.9176 
 123.12154 
 135.70107 
 276.19385 
 86.989876 
 128.97722 
 314.70499 
 155.63216 
 109.013 
 101.17463 
 271.49509 
 95.336243 
 154.2841 
 268.96106 
 63.211979 
 276.65961 
 268.99448 
 79.658058 
 293.38248 
 64.846832 
 311.23132 
 265.31512 
 286.42258 
 269.58621 
 276.13242 
 298.92245 
 292.91556 
 96.056679 
 91.319481 
 87.675552 
 266.65839 
 310.45319 
 290.54065 
 287.99438 
 107.29841 
 300.43185 
 132.7131 
 294.66846 
 278.70267 
 268.75803 
 285.01727 
 90.823631 
 272.73123 
 156.35704 
 294.20807 
 291.34787 
 289.53589 
 277.24957 
 282.65518 
 100.10121 
 292.26871 
 84.332321 
 293.96979 
 131.22246 
 270.99023 
 291.45035 
 68.915474 
 89.853203 
 271.70236 
 145.98375 
 51.040913 
 320.10324 
 250.53461 
 284.26202 
 112.68758 
 294.03387 
 283.87451 
 59.948868 
 277.51117 
 112.9804 
 266.90198 
 73.606064 
 92.779984 
 278.58173 
 97.608315 
 114.51794 
 164.58223 
 286.55374 
 99.633789 
 250.43385 
 274.12625 
 273.83795 
 295.80997 
 152.47739 
 128.32243 
 68.440514 
 274.99493 
 271.05325 
 125.80936 
 48.485813 
 118.3651 
 290.26669 
 287.78027 
 273.79776 
 111.94473 
 292.41632 
 51.346756 
 267.08261 
 89.188446 
 295.06415 
 292.9422 
 294.89966 
 165.37991 
 242.36339 
 149.89034 
 295.86035 
 275.8685 
 267.75586 
 133.57718 
 285.5354 
 94.630058 
 277.49063 
 101.40052 
 301.05469 
 271.39911 
 279.6907 
 292.25995 
 140.28372 
 170.49283 
 329.64859 
 292.26596 
 101.76559 
 287.3287 
 269.02945 
 291.33139 
 99.595963 
 121.8837 
 253.20815 
 269.61139 
 285.08511 
 282.44724 
 272.56372 
 282.66522 
 272.75107 
 272.3443 
 79.876549 
 281.9249 
 278.01001 
 249.54378 
 286.46039 
 126.20683 
 124.29123 
 112.70063 
 87.185638 
 171.76781 
 286.2117 
 265.42371 
 304.51337 
 67.895592 
 53.992638 
 275.46463 
 278.18671 
 130.66132 
 290.42572 
 295.32367 
 83.194511 
 298.59125 
 116.85506 
 272.74957 
 85.612129 
 279.93173 
 288.0152 
 89.294441 
 93.155159 
 275.68915 
 108.19865 
 88.438187 
 93.754715 
 281.81366 
 261.25476 
 287.63983 
 286.84814 
 286.21588 
 252.00168 
 277.91257 
 93.126274 
 130.17201 
 72.283806 
 103.62238 
 121.10133 
 171.45677 
 296.99643 
 82.969986 
 113.90443 
 278.92514 
 263.59686 
 273.16724 
 265.15649 
 63.007755 
 284.94672 
 288.04001 
 87.509872 
 283.79517 
 117.47205 
 106.80311 
 285.96182 
 66.504196 
 98.880836 
 87.911003 
 62.630821 
 77.644203 
 59.630733 
 122.29194 
 96.764511 
 99.605049 
 140.72099 
 61.860699 
 99.926025 
 99.261108 
 113.27881 
 82.309013 
 98.694229 
 120.006 
 162.08009 
 293.52182 
 60.618877 
 79.110893 
 292.50153 
 296.93423 
 69.436684 
 78.63588 
 110.1809 
 90.891991 
 87.378807 
 113.28246 
 61.137222 
 260.5415 
 88.069908 
 292.58884 
 134.55508 
 125.85184 
 99.651695 
 101.96213 
 97.229332 
 264.24246 
 66.480835 
 83.861801 
 81.754669 
 96.587151 
 290.01309 
 111.27765 
 85.364204 
 98.07412 
 78.132248 
 274.95123 
 71.016869 
 58.411335 
 278.22437 
 100.43491 
 89.839439 
 75.233513 
 285.2648 
 249.0258 
 256.48843 
 286.50546 
 138.3576 
 276.49008 
 287.72403 
 62.226257 
 46.081219 
 130.91873 
 278.7876 
 295.67892 
 84.073235 
 116.44057 
 112.98971 
 275.58047 
 92.809021 
 266.15613 
 267.67178 
 92.128258 
 286.38159 
 96.435661 
 106.61189 
 272.90353 
 99.944717 
 102.6025 
 268.95731 
 62.795105 
 141.03532 
 245.26001 
 68.089218 
 288.8053 
 77.783257 
 279.72922 
 287.04294 
 307.97046 
 87.106247 
 283.37448 
 278.37549 
 47.584251 
 290.38498 
 289.08368 
 248.71194 
 245.71304 
 100.72739 
 76.605751 
 62.836666 
 65.971458 
 110.45881 
 109.97839 
 82.350014 
 262.57919 
 276.01462 
 90.977699 
 95.162697 
 80.334671 
 278.64392 
 95.601891 
 299.47876 
 97.145058 
 72.388077 
 146.67972 
 81.379082 
 238.32104 
 246.94713 
 78.386902 
 289.4418 
 300.45224 
 83.888672 
 306.42664 
 289.37546 
 96.99559 
 79.328911 
 82.496742 
 285.96548 
 131.81688 
 242.98157 
 243.08519 
 269.99426 
 274.73859 
 125.8895 
 283.30792 
 292.7446 
 47.415977 
 271.2356 
 271.09415 
 285.25278 
 265.15652 
 308.12326 
 279.90839 
 97.116333 
 261.39752 
 268.08948 
 293.11383 
 131.55376 
 71.511147 
 255.3271 
 86.391418 
 239.61111 
 329.98993 
 244.45921 
 282.09457 
 98.738884 
 278.25845 
 124.34265 
 291.40915 
 294.11923 
 296.91672 
 233.47803 
 256.05176 
 112.67863 
 55.094742 
 241.56694 
 243.99394 
 238.13748 
 74.202606 
 251.72025 
 288.5777 
 288.23071 
 289.38745 
 288.98953 
 77.990837 
 276.95303 
 297.95334 
 296.37872 
 282.36432 
 293.17664 
 73.430473 
 294.95749 
 239.75954 
 291.56201 
 281.1257 
 98.95137 
 308.52832 
 266.83188 
 289.52609 
 87.790474 
 255.18016 
 295.53931 
 268.10919 
 281.97705 
 285.98621 
 237.45386 
 77.237068 
 255.63348 
 269.11594 
 293.34286 
 287.45248 
 38.126736 
 80.618896 
 285.6824 
 50.885742 
 288.38242 
 255.045 
 271.89777 
 242.00026 
 291.70889 
 279.97134 
 93.062531 
 295.34265 
 280.90558 
 243.39897 
 68.697678 
 81.897232 
 264.69614 
 132.4016 
 96.791344 
 283.99661 
 297.89139 
 59.298157 
 50.398209 
 288.96088 
 275.27521 
 271.8678 
 49.213947 
 77.014404 
 115.54353 
 274.3573 
 278.0083 
 98.307114 
 274.44757 
 270.23944 
 113.16141 
 137.59348 
 281.62982 
 121.87 
 282.69791 
 116.80421 
 252.30981 
 101.12734 
 284.8414 
 260.28854 
 94.249138 
 237.29446 
 106.374 
 281.00839 
 69.10553 
 139.56285 
 242.99301 
 59.725445 
 51.557594 
 102.11595 
 96.861893 
 279.20392 
 265.67584 
 76.679764 
 62.013695 
 244.74573 
 110.98933 
 272.83212 
 84.836266 
 85.589813 
 77.970192 
 108.36848 
 44.835518 
 86.574944 
 74.799812 
 333.6467 
 93.82177 
 274.74734 
 259.75552 
 88.924736 
 275.47485 
 97.971153 
 143.64937 
 273.09384 
 48.341156 
 98.404572 
 266.01535 
 284.11017 
 267.86313 
 63.297894 
 283.03427 
 291.34155 
 91.523544 
 74.009979 
 55.985085 
 247.17809 
 284.25281 
 286.40277 
 264.66165 
 84.28508 
 84.880447 
 284.19394 
 42.154217 
 267.26709 
 82.949524 
 260.09763 
 79.995331 
 270.13336 
 288.52545 
 284.17035 
 268.07394 
 282.20029 
 109.50749 
 103.85197 
 85.432793 
 268.60089 
 265.14743 
 265.76709 
 275.38849 
 285.52716 
 286.9921 
 268.82635 
 264.20831 
 286.86099 
 263.39548 
 45.4156 
 144.5654 
 256.18811 
 283.99045 
 293.12424 
 88.569519 
 267.49857 
 278.27789 
 106.10368 
 91.171089 
 94.196373 
 260.17947 
 234.19087 
 104.18909 
 97.232826 
 86.47496 
 269.68518 
 270.52921 
 90.540352 
 256.97687 
 235.93687 
 258.20108 
 96.075294 
 282.84708 
 283.32953 
 283.74026 
 66.702591 
 105.75422 
 275.34589 
 270.75677 
 80.55941 
 253.04897 
 270.05359 
 244.25034 
 264.7533 
 90.049927 
 98.471069 
 290.44925 
 264.67896 
 54.059433 
 276.41443 
 95.42672 
 98.990189 
 285.93723 
 283.22757 
 94.867096 
 254.72607 
 254.00085 
 99.362991 
 251.62619 
 40.93708 
 91.667671 
 283.66907 
 93.175941 
 86.384506 
 273.02185 
 104.0742 
 94.43927 
 252.47318 
 37.564518 
 144.83748 
 104.1468 
 97.733742 
 269.78915 
 112.33542 
 54.596157 
 94.48481 
 91.493988 
 95.16217 
 266.07422 
 89.097244 
 274.2431 
 284.15341 
 66.956337 
 282.18277 
 278.38852 
 264.80414 
 91.731178 
 286.72794 
 93.056854 
 100.87528 
 283.2735 
 96.932777 
 98.374794 
 99.015381 
 100.88309 
 279.11264 
 284.10175 
 100.95428 
 250.31218 
 273.55524 
 268.27948 
 252.52415 
 55.297852 
 260.8165 
 68.784294 
 91.892723 
 95.458427 
 251.33232 
 246.60014 
 136.42104 
 93.046043 
 270.8056 
 99.291504 
 284.05084 
 261.86707 
 101.45554 
 272.69278 
 280.25757 
 269.17639 
 155.77982 
 77.474953 
 269.98154 
 270.44672 
 286.68423 
 272.39359 
 92.422966 
 286.1131 
 266.65335 
 270.0307 
 278.90314 
 295.51151 
 101.16953 
 277.41531 
 276.87387 
 273.5014 
 261.39798 
 279.41861 
 263.82852 
 253.57562 
 267.97241 
 102.90228 
 105.58009 
 282.70572 
 269.19833 
 85.070892 
 275.90936 
 266.47397 
 275.55109 
 253.19438 
 251.32655 
 67.171654 
 271.21954 
 61.825424 
 72.984108 
 261.56943 
 102.62296 
 278.20343 
 265.75977 
 267.41858 
 270.21408 
 71.178474 
 279.35056 
 268.42462 
 266.07062 
 273.64435 
 103.54498 
 280.79132 
 278.04251 
 96.924004 
 260.28989 
 56.781307 
 102.99083 
 88.707069 
 298.10284 
 272.45038 
 249.82536 
 272.26935 
 111.34669 
 275.24622 
 273.28159 
 93.523865 
 262.59613 
 102.25769 
 268.70007 
 61.690632 
 103.49442 
 111.64461 
 277.03632 
 267.56223 
 277.86008 
 273.49069 
 114.97532 
 286.49414 
 114.95924 
 69.753876 
 249.84024 
 269.11682 
 72.411385 
 95.559952 
 97.992241 
 107.59306 
 68.211617 
 103.50284 
 277.31497 
 60.466282 
 80.300659 
 97.400131 
 83.643593 
 100.85419 
 76.725052 
 94.145401 
 94.901047 
 90.261551 
 114.41811 
 81.235878 
 78.014534 
 265.1987 
 50.591404 
 93.657928 
 94.908936 
 267.4035 
 94.311417 
 103.18607 
 79.358528 
 82.958076 
 76.149094 
 72.673843 
 103.3013 
 99.715141 
 95.771461 
 111.44115 
 87.190308 
 99.1474 
 78.684677 
 84.963753 
 267.23853 
 262.44067 
 86.240837 
 252.35854 
 77.336403 
 92.87899 
 87.563583 
 269.14398 
 274.95502 
 277.12823 
 280.44061 
 271.88647 
 255.79921 
 75.201805 
 101.91363 
 100.56475 
 280.85226 
 82.359161 
 248.81516 
 81.951813 
 101.58505 
 272.65302 
 80.053833 
 266.39542 
 103.91837 
 260.82877 
 265.58722 
 267.35406 
 279.37778 
 268.72067 
 256.23352 
 264.68445 
 109.52977 
 70.616371 
 272.04276 
 268.70245 
 254.23914 
 91.114548 
 259.37769 
 271.36871 
 82.10321 
 261.41187 
 259.74753 
 255.36499 
 78.860191 
 102.16856 
 268.00031 
 84.147385 
 74.528061 
 97.910446 
 92.967979 
 262.52805 
 244.74332 
 97.35051 
 257.90024 
 69.611893 
 101.97353 
 281.84213 
 266.61084 
 75.7789 
 70.59243 
 77.151382 
 265.46353 
 256.71173 
 278.17554 
 262.59857 
 260.28638 
 252.94911 
 251.81296 
 69.802094 
 263.2298 
 254.15532 
 89.854584 
 259.91995 
 256.66916 
 261.40918 
 74.442368 
 94.74205 
 247.74078 
 269.7963 
 84.826851 
 106.74918 
 98.180046 
 97.080551 
 89.976028 
 76.765175 
 77.85321 
 81.583855 
 254.23099 
 82.201843 
 252.02231 
 105.77713 
 244.90337 
 255.76297 
 257.36859 
 260.75919 
 249.31578 
 75.796547 
 101.75928 
 63.451893 
 75.730125 
 63.329575 
 103.24414 
 251.13272 
 99.20369 
 90.693047 
 86.172684 
 104.12205 
 108.20741 
 255.69441 
 76.875839 
 94.860298 
 94.139214 
 277.5119 
 283.90134 
 91.973038 
 99.566917 
 264.98221 
 101.17325 
 268.24786 
 81.222672 
 102.4192 
 75.459656 
 65.896034 
 89.543694 
 90.295776 
 93.741997 
 68.694168 
 67.423088 
 84.016037 
 267.45776 
 260.67548 
 81.753487 
 305.99643 
 265.86234 
 90.484352 
 82.243607 
 264.86414 
 253.15825 
 253.6013 
 79.277542 
 76.774216 
 256.51163 
 69.478119 
 315.72113 
 265.69745 
 262.47498 
 258.26633 
 75.340759 
 313.82913 
 261.7843 
 262.46271 
 80.295776 
 78.807938 
 265.16083 
 76.080841 
 79.723518 
 271.25916 
 260.42944 
 67.698868 
 69.971786 
 78.078011 
 260.90839 
 259.65012 
 105.27547 
 262.19769 
 260.02985 
 262.18216 
 262.44437 
 85.163841 
 81.323418 
 262.48438 
 254.5847 
 264.81445 
 80.106644 
 255.23956 
 260.76404 
 102.29047 
 149.13408 
 276.92941 
 302.54422 
 275.24973 
 74.414932 
 264.94257 
 143.89151 
 133.37767 
 301.7377 
 282.31244 
 276.71948 
 162.84198 
 98.75972 
 78.39389 
 310.05881 
 284.11179 
 292.24008 
 247.6649 
 293.51712 
 271.60733 
 75.874084 
 270.2193 
 313.62997 
 132.25528 
 278.17245 
 283.74478 
 145.634 
 147.21797 
 293.64355 
 142.65253 
 281.23288 
 46.871834 
 275.23724 
 282.78366 
 285.42871 
 121.02005 
 108.95197 
 282.03226 
 285.20059 
 279.15167 
 257.18378 
 275.02567 
 103.28572 
 92.24276 
 108.50838 
 286.2724 
 144.58267 
 59.235699 
 284.39063 
 92.98864 
 269.36237 
 270.25665 
 258.96164 
 275.7998 
 109.774 
 90.840424 
 154.09117 
 93.544502 
 270.77542 
 270.44913 
 74.662346 
 79.432549 
 258.81198 
 261.16705 
 276.1087 
 310.82205 
 279.52695 
 145.283 
 275.9017 
 121.99228 
 106.64013 
 120.51177 
 256.72763 
 102.17265 
 110.23231 
 303.92542 
 139.10612 
 301.77435 
 140.52788 
 292.62366 
 227.02545 
 124.73433 
 313.95917 
 104.90452 
 103.86663 
 111.22549 
 121.47995 
 96.86425 
 87.374626 
 123.90527 
 121.44894 
 313.23273 
 297.44223 
 271.90079 
 287.86588 
 146.20509 
 53.597103 
 276.87701 
 93.622993 
 265.29599 
 135.52309 
 55.771091 
 93.660934 
 277.55246 
 270.56665 
 165.86296 
 275.57315 
 258.21701 
 152.43736 
 283.45685 
 141.66167 
 127.80444 
 50.958733 
 265.98746 
 249.08176 
 288.98413 
 122.10761 
 262.25772 
 273.00647 
 134.50346 
 261.30566 
 130.40765 
 289.21848 
 138.52998 
 264.90985 
 74.474419 
 82.569435 
 274.5123 
 299.47321 
 161.63243 
 133.94162 
 122.15063 
 278.15912 
 130.10843 
 60.857395 
 134.99678 
 258.59235 
 142.5174 
 135.89505 
 282.63428 
 128.30956 
 129.81635 
 146.11531 
 305.91028 
 48.716343 
 142.73232 
 119.20868 
 257.74893 
 53.01688 
 327.07303 
 139.1089 
 113.5703 
 122.56543 
 138.5462 
 118.65302 
 275.83789 
 153.40619 
 134.21835 
 84.314598 
 104.12436 
 290.10977 
 136.73082 
 152.53415 
 281.27615 
 138.19388 
 280.97244 
 142.17233 
 140.3623 
 282.16183 
 272.2478 
 278.53458 
 284.86942 
 158.64642 
 109.57435 
 79.038254 
 281.88409 
 339.98288 
 287.74799 
 107.78632 
 279.39471 
 94.208534 
 68.93679 
 151.62979 
 266.87723 
 99.852951 
 81.901428 
 353.16232 
 64.885612 
 90.722366 
 284.00909 
 159.32545 
 130.09685 
 86.452858 
 330.84348 
 290.53204 
 289.53073 
 341.93857 
 72.472855 
 122.71848 
 279.02539 
 158.35349 
 328.26715 
 69.8442 
 75.674828 
 257.18674 
 306.87466 
 243.63629 
 300.37875 
 302.75162 
 159.34914 
 291.73148 
 90.133614 
 129.63869 
 266.98807 
 282.5784 
 273.37811 
 114.63501 
 310.58252 
 277.59845 
 81.812508 
 150.36353 
 134.76823 
 72.060104 
 307.25742 
 333.9577 
 298.07703 
 98.51297 
 275.44803 
 281.26401 
 93.504967 
 96.266159 
 267.04886 
 295.16254 
 156.0853 
 149.57466 
 149.39073 
 68.678276 
 299.48358 
 271.46994 
 103.34558 
 149.9881 
 149.77518 
 70.089645 
 159.10234 
 273.5213 
 262.69461 
 257.58548 
 266.84515 
 143.63887 
 134.2027 
 137.31352 
 285.461 
 154.01341 
 145.40358 
 76.224945 
 149.05499 
 282.98325 
 145.8607 
 139.5591 
 277.24313 
 153.02975 
 307.50327 
 170.3465 
 308.05951 
 304.84195 
 154.64903 
 96.954231 
 142.70348 
 258.26135 
 265.55325 
 145.12935 
 290.03397 
 152.4687 
 264.19135 
 265.4447 
 93.657158 
 134.08046 
 162.32239 
 298.76889 
 282.54205 
 88.955322 
 145.45872 
 281.2308 
 103.92892 
 315.98868 
 314.06827 
 150.87126 
 107.0218 
 144.8642 
 269.70383 
 284.59921 
 72.037842 
 82.541519 
 107.07377 
 138.32784 
 90.704376 
 279.53271 
 94.344589 
 317.2027 
 327.64853 
 299.46942 
 302.30139 
 280.78851 
 285.00906 
 123.84347 
 283.73703 
 285.31293 
 126.27231 
 80.218765 
 266.49146 
 278.944 
 165.90463 
 292.94971 
 287.77252 
 263.93948 
 82.804214 
 95.291718 
 315.28955 
 289.23666 
 294.63321 
 152.93733 
 99.068199 
 119.78113 
 310.57498 
 154.92581 
 290.69925 
 267.9426 
 284.81369 
 308.26736 
 310.42801 
 296.25241 
 163.46519 
 269.21307 
 272.46631 
 322.38849 
 273.00946 
 289.41736 
 305.0444 
 120.1619 
 273.30988 
 271.76355 
 77.168648 
 95.613205 
 112.45539 
 298.31354 
 125.66296 
 161.30261 
 160.77429 
 271.0535 
 275.85257 
 300.76389 
 324.69037 
 263.19992 
 53.834961 
 96.361526 
 295.33417 
 267.34399 
 155.41663 
 87.184044 
 155.61662 
 159.54918 
 322.048 
 85.896988 
 101.05363 
 177.01018 
 274.88779 
 302.21497 
 167.60619 
 267.11938 
 308.62079 
 294.25394 
 158.17429 
 268.96454 
 316.83157 
 152.87117 
 306.87445 
 321.98523 
 152.50433 
 138.28615 
 349.86475 
 293.15765 
 301.10123 
 275.86942 
 299.41721 
 330.86844 
 272.64539 
 107.60298 
 262.25409 
 259.40009 
 292.00446 
 268.76181 
 287.23468 
 137.84778 
 280.45435 
 273.83633 
 292.8837 
 292.20132 
 116.88133 
 300.35077 
 69.625038 
 308.11179 
 283.92941 
 296.44861 
 313.12823 
 304.22665 
 272.47037 
 76.946732 
 132.86018 
 104.12429 
 145.75429 
 293.36136 
 270.99048 
 281.8176 
 127.98265 
 66.157921 
 286.15744 
 288.99792 
 125.83911 
 120.50111 
 275.87988 
 82.636002 
 99.769699 
 61.484146 
 62.627525 
 304.41293 
 290.85208 
 123.82143 
 263.69974 
 88.943306 
 93.410828 
 140.88129 
 110.81182 
 105.83492 
 136.19606 
 280.32285 
 105.66199 
 81.420601 
 135.92624 
 124.85733 
 273.78925 
 58.223057 
 261.25134 
 90.524902 
 97.764381 
 134.95404 
 68.048912 
 300.35614 
 128.4512 
 96.557358 
 140.64713 
 143.60933 
 283.95895 
 141.7986 
 297.1712 
 83.001198 
 91.945892 
 130.35216 
 278.90118 
 266.54727 
 273.08603 
 287.30362 
 310.10245 
 279.06995 
 291.27222 
 109.55743 
 262.31198 
 145.34279 
 292.14456 
 259.8494 
 255.97136 
 296.61581 
 312.95963 
 276.57654 
 303.80231 
 284.10895 
 294.0863 
 266.10767 
 295.6218 
 290.33395 
 286.74576 
 261.49548 
 107.02062 
 110.15138 
 83.567474 
 302.26126 
 93.949539 
 136.60844 
 143.16003 
 281.38367 
 284.95239 
 261.96072 
 266.44501 
 270.9317 
 290.85336 
 299.58377 
 318.58813 
 294.23904 
 281.42511 
 315.47049 
 305.47598 
 103.17293 
 280.52475 
 110.76901 
 284.87653 
 278.75891 
 269.00885 
 262.46768 
 288.33972 
 291.97757 
 112.83583 
 296.85931 
 278.97733 
 264.10632 
 304.50616 
 281.43713 
 285.3175 
 274.70981 
 275.38159 
 111.41162 
 306.33862 
 287.5278 
 278.62302 
 279.99152 
 276.90717 
 112.98793 
 272.25058 
 278.48447 
 288.06961 
 270.7525 
 297.33798 
 266.18829 
 298.03885 
 121.56936 
 282.87704 
 284.10101 
 117.27229 
 93.628189 
 99.934563 
 271.32553 
 101.15469 
 90.353783 
 92.894379 
 287.0119 
 110.23081 
 105.76939 
 276.9429 
 96.969437 
 281.43317 
 287.35919 
 309.60034 
 282.4689 
 287.12967 
 291.79297 
 93.04818 
 279.82977 
 95.053123 
 126.72439 
 300.66113 
 124.65188 
 103.81754 
 272.04794 
 277.07248 
 299.62231 
 55.849438 
 120.03523 
 277.73065 
 273.24368 
 107.39265 
 281.88708 
 92.351654 
 285.59784 
 95.854218 
 296.28711 
 107.75294 
 291.75027 
 154.06236 
 273.68152 
 286.48978 
 100.84427 
 67.805649 
 270.883 
 146.08676 
 280.42767 
 79.760941 
 276.35806 
 276.87131 
 289.52762 
 293.0072 
 124.33028 
 108.05029 
 107.38361 
 283.91406 
 129.10783 
 284.76978 
 103.05098 
 275.27493 
 94.653038 
 263.82556 
 274.18802 
 290.47549 
 278.92578 
 97.207443 
 281.35443 
 133.14488 
 115.3335 
 135.03065 
 285.31656 
 288.68536 
 91.053024 
 53.009964 
 269.88208 
 274.3671 
 275.54764 
 281.1347 
 276.6402 
 135.20172 
 283.90756 
 281.32651 
 280.30664 
 247.80013 
 57.895428 
 268.14435 
 138.79089 
 135.39159 
 106.32446 
 284.40082 
 292.15408 
 275.89078 
 121.36918 
 134.52719 
 263.52805 
 146.42909 
 94.789619 
 272.35977 
 127.94296 
 286.47928 
 123.26102 
 271.72739 
 278.7337 
 275.61569 
 62.105175 
 279.38046 
 279.88522 
 276.34253 
 75.773163 
 278.65231 
 291.89893 
 102.46387 
 271.70947 
 278.13 
 273.90341 
 109.19545 
 278.37958 
 307.24402 
 291.19089 
 298.50897 
 296.45895 
 302.45279 
 104.8138 
 298.21533 
 299.08856 
 274.66937 
 274.79428 
 288.05316 
 92.308464 
 138.8344 
 294.34637 
 274.08417 
 72.025436 
 299.50964 
 256.21014 
 285.58362 
 272.33569 
 100.72231 
 290.45303 
 280.31259 
 138.64445 
 289.85712 
 290.06616 
 106.94167 
 99.169281 
 292.5943 
 300.12451 
 135.16408 
 298.50836 
 102.8357 
 282.10025 
 276.46826 
 273.51508 
 296.12946 
 281.57495 
 271.24759 
 159.22516 
 88.522438 
 99.936684 
 113.26078 
 325.41321 
 296.14795 
 99.27446 
 276.2066 
 143.07578 
 244.98904 
 285.74237 
 280.38138 
 52.230183 
 293.37994 
 298.77411 
 287.35767 
 274.41116 
 98.626289 
 302.28571 
 273.00064 
 272.50421 
 285.95142 
 99.055237 
 91.869217 
 304.49924 
 281.77698 
 129.89587 
 116.66827 
 108.82617 
 99.236191 
 290.31046 
 286.71127 
 285.44989 
 89.705887 
 96.543442 
 283.39706 
 275.06006 
 61.358784 
 279.77744 
 82.487411 
 59.139057 
 98.183517 
 305.18365 
 115.9006 
 56.015102 
 113.73053 
 102.45515 
 286.0799 
 93.696281 
 132.86977 
 290.51752 
 296.20764 
 270.44556 
 120.07339 
 306.63107 
 105.44268 
 64.10714 
 273.32095 
 277.86078 
 147.92711 
 263.29272 
 279.25256 
 69.208702 
 89.216484 
 281.63672 
 275.49033 
 283.28925 
 101.00508 
 60.091724 
 92.744286 
 280.82266 
 102.76569 
 94.633171 
 118.13723 
 63.188473 
 80.838676 
 97.07148 
 278.46313 
 111.05471 
 277.45905 
 94.171562 
 84.950859 
 275.34271 
 117.18357 
 110.78207 
 272.01816 
 276.72134 
 273.44031 
 71.479988 
 101.51128 
 92.449532 
 106.12544 
 273.50739 
 82.788818 
 257.83511 
 70.121017 
 67.692673 
 279.01166 
 95.694138 
 112.72007 
 84.530815 
 78.758194 
 102.70109 
 271.56241 
 74.164063 
 250.73996 
 99.830696 
 302.73999 
 98.07666 
 271.48834 
 291.19992 
 281.58725 
 246.98112 
 279.63303 
 84.221909 
 117.24065 
 106.8148 
 260.50476 
 270.26062 
 99.660309 
 73.278587 
 70.297012 
 91.893585 
 104.36578 
 258.31506 
 301.11243 
 98.242027 
 125.89758 
 70.353508 
 282.65115 
 268.72046 
 264.38083 
 99.835129 
 97.280762 
 125.99146 
 86.237999 
 299.97168 
 86.210945 
 280.86426 
 235.66818 
 255.46701 
 273.12521 
 116.80424 
 255.15575 
 239.70738 
 92.502502 
 99.079689 
 123.56755 
 282.08774 
 242.52014 
 256.03061 
 286.1394 
 280.69516 
 277.47839 
 283.61407 
 264.69183 
 297.34183 
 85.695885 
 252.40907 
 299.24704 
 270.09216 
 261.83765 
 282.79877 
 264.87381 
 268.64767 
 283.41022 
 284.52167 
 270.43124 
 244.52866 
 85.533958 
 257.39178 
 78.950714 
 287.06754 
 114.36971 
 273.20703 
 283.64505 
 64.23333 
 59.531437 
 48.105785 
 273.42535 
 110.34568 
 96.803162 
 290.80115 
 113.45334 
 120.17429 
 255.86069 
 254.70972 
 246.58372 
 100.22317 
 265.8114 
 288.48172 
 44.474823 
 284.07385 
 244.7619 
 79.121689 
 263.51398 
 54.039711 
 277.82129 
 280.35895 
 97.374359 
 268.41101 
 269.09601 
 284.16782 
 280.05649 
 266.51175 
 77.196617 
 258.89847 
 127.2147 
 44.511795 
 100.35044 
 281.13846 
 264.96216 
 99.361183 
 89.686729 
 258.73636 
 100.46507 
 87.49057 
 255.7303 
 280.38965 
 245.43916 
 105.1322 
 94.79261 
 97.905716 
 258.79004 
 281.40704 
 107.79913 
 247.63931 
 101.79721 
 89.022263 
 266.84683 
 266.90161 
 102.87057 
 94.644585 
 102.51773 
 287.27524 
 85.626892 
 257.22839 
 258.83029 
 269.85052 
 98.742401 
 94.070351 
 89.203011 
 91.204544 
 254.67143 
 254.25703 
 46.030594 
 59.604679 
 88.46962 
 97.787956 
 277.82773 
 94.363434 
 277.00879 
 96.591621 
 276.95267 
 274.88507 
 94.084366 
 259.34955 
 100.18399 
 282.29767 
 89.405716 
 267.55179 
 251.34975 
 250.91275 
 59.431072 
 251.32825 
 89.473701 
 259.43616 
 272.08221 
 286.12958 
 271.02307 
 69.13623 
 94.32003 
 288.41241 
 69.89695 
 252.67424 
 255.75145 
 144.85104 
 102.1297 
 279.42767 
 282.65094 
 280.26971 
 96.065224 
 265.88284 
 96.739082 
 278.76187 
 273.78787 
 257.71875 
 252.16751 
 260.5563 
 101.33446 
 275.0152 
 270.72931 
 267.63379 
 86.170799 
 60.375843 
 60.376198 
 272.80298 
 273.67386 
 271.81473 
 257.52209 
 99.304443 
 107.02585 
 104.5564 
 280.44699 
 259.97818 
 267.93832 
 128.4713 
 251.79173 
 97.715446 
 263.01321 
 268.94003 
 275.00381 
 96.051277 
 68.941971 
 275.61325 
 93.05909 
 256.61169 
 82.259499 
 259.05188 
 267.39377 
 271.57953 
 88.164612 
 248.25677 
 48.227646 
 85.479424 
 72.357254 
 105.11666 
 96.270561 
 91.230515 
 110.34074 
 71.321198 
 100.66127 
 85.851341 
 253.38972 
 285.56583 
 103.44979 
 269.50757 
 275.52386 
 279.20151 
 78.768196 
 82.363602 
 269.04333 
 105.47941 
 272.48483 
 86.917694 
 269.53885 
 261.6243 
 263.69412 
 105.18918 
 252.06612 
 81.773804 
 55.243046 
 77.558746 
 65.760742 
 109.59323 
 275.42133 
 267.90265 
 276.7121 
 83.04319 
 261.04446 
 263.92914 
 76.408607 
 259.47134 
 269.69589 
 94.395622 
 84.610085 
 97.407707 
 267.67175 
 72.551872 
 85.917984 
 98.086517 
 251.11818 
 248.19107 
 260.18451 
 279.29358 
 75.644379 
 262.73254 
 262.90329 
 262.15341 
 258.50543 
 264.7663 
 266.44077 
 277.34546 
 91.917229 
 254.81607 
 82.969185 
 258.77173 
 264.74503 
 77.952087 
 248.67833 
 255.23901 
 256.293 
 109.29498 
 99.532745 
 261.09271 
 90.90873 
 86.835777 
 69.183647 
 89.721237 
 268.13547 
 265.23401 
 257.08362 
 263.09735 
 93.493233 
 90.62677 
 254.09885 
 258.77631 
 266.24817 
 254.75412 
 262.09363 
 274.55676 
 255.8479 
 84.808899 
 111.5243 
 120.06403 
 314.39862 
 149.55383 
 305.84784 
 54.767803 
 73.375603 
 127.71842 
 136.59682 
 308.48776 
 266.06839 
 262.65204 
 263.87836 
 126.43132 
 127.05866 
 316.13458 
 146.83412 
 275.18771 
 306.6738 
 312.53769 
 133.22661 
 288.66602 
 279.67767 
 126.47505 
 306.19278 
 284.44382 
 318.17178 
 146.43471 
 279.5975 
 80.200516 
 99.924812 
 278.92487 
 142.58295 
 93.239182 
 92.650146 
 100.14181 
 93.804993 
 265.04236 
 100.26705 
 91.471001 
 84.979179 
 295.9693 
 261.65967 
 316.96399 
 152.68031 
 293.53516 
 295.93292 
 301.19083 
 95.472992 
 255.13808 
 150.27402 
 296.57755 
 293.24704 
 299.22137 
 155.5535 
 79.754257 
 70.770241 
 76.949745 
 267.96265 
 135.6089 
 295.69577 
 280.48676 
 283.5195 
 298.64737 
 257.66309 
 93.236847 
 126.89554 
 86.279045 
 149.13498 
 267.27502 
 298.77988 
 328.89294 
 271.466 
 272.82727 
 140.7832 
 96.084755 
 284.61996 
 159.12592 
 148.81053 
 298.69833 
 317.47083 
 318.05658 
 146.48067 
 338.3129 
 319.88773 
 143.79404 
 146.63107 
 302.41699 
 297.58032 
 303.77942 
 272.7179 
 293.31577 
 277.21127 
 280.36618 
 135.02086 
 128.74469 
 126.98447 
 296.48355 
 71.74456 
 272.62982 
 291.93597 
 91.442108 
 131.38257 
 117.51495 
 85.213631 
 97.559174 
 291.81058 
 104.60547 
 270.32532 
 303.76236 
 269.65353 
 139.15112 
 291.25308 
 286.61694 
 119.23384 
 140.38239 
 92.117073 
 273.88297 
 152.43866 
 287.36554 
 127.08759 
 293.52768 
 131.89781 
 281.5759 
 267.65237 
 263.87155 
 268.50827 
 285.29453 
 292.74576 
 244.84669 
 290.20795 
 306.75876 
 290.55136 
 283.97339 
 308.86496 
 275.97366 
 266.34924 
 283.58899 
 289.00705 
 99.738731 
 275.8161 
 112.63831 
 118.02553 
 94.350204 
 294.71313 
 271.50912 
 91.732414 
 278.81912 
 275.29401 
 284.65256 
 275.82846 
 98.969627 
 284.32568 
 90.42067 
 116.50794 
 298.3367 
 276.12775 
 277.00952 
 96.45253 
 93.713272 
 126.41879 
 274.22574 
 100.7715 
 144.77121 
 103.75064 
 108.92361 
 118.72781 
 272.10965 
 278.66177 
 287.70605 
 273.11469 
 279.42444 
 120.4902 
 272.97589 
 83.421219 
 118.46351 
 292.46262 
 136.49496 
 136.27643 
 95.610374 
 282.79184 
 277.20261 
 284.49652 
 282.43585 
 288.43259 
 277.89844 
 128.4231 
 103.89783 
 268.97034 
 125.1005 
 118.95992 
 83.816437 
 101.9853 
 50.736736 
 273.32538 
 303.4649 
 96.472244 
 280.59897 
 270.81354 
 274.49524 
 272.74716 
 92.624756 
 276.02734 
 293.98663 
 284.51254 
 76.531754 
 145.82486 
 96.175957 
 281.1412 
 287.13681 
 279.74915 
 94.169609 
 277.94339 
 269.70322 
 287.39172 
 300.11884 
 276.64578 
 138.56201 
 277.88461 
 284.70526 
 102.25063 
 283.41687 
 269.73489 
 281.76364 
 266.81226 
 158.78989 
 256.01752 
 278.4873 
 298.58838 
 146.28975 
 287.76178 
 258.0824 
 291.10681 
 99.108246 
 62.24099 
 278.59033 
 291.06119 
 255.40437 
 131.47824 
 89.887833 
 276.93353 
 104.03755 
 92.375114 
 101.76183 
 284.67337 
 250.95576 
 278.78378 
 301.3974 
 93.572235 
 102.87038 
 271.82666 
 100.02699 
 284.11972 
 84.227623 
 67.321388 
 92.971817 
 73.100052 
 95.501366 
 97.197639 
 284.75378 
 87.454865 
 101.54948 
 59.258347 
 281.47556 
 81.815819 
 111.52188 
 276.65207 
 114.58221 
 99.58136 
 82.450806 
 83.276329 
 98.875702 
 243.99159 
 80.915771 
 93.656616 
 71.149567 
 277.29346 
 274.44159 
 284.14725 
 248.4073 
 110.39217 
 278.48209 
 234.55438 
 92.091843 
 90.264244 
 293.46609 
 121.83994 
 276.09128 
 93.075562 
 108.19581 
 296.99805 
 83.896393 
 254.69844 
 273.57343 
 275.59671 
 281.99554 
 100.77232 
 246.70822 
 100.83076 
 95.257835 
 270.59659 
 257.26956 
 284.25925 
 297.99817 
 294.33011 
 124.52692 
 253.75732 
 304.70032 
 91.923538 
 265.26999 
 260.61182 
 78.831238 
 284.75873 
 252.24876 
 259.62491 
 278.51373 
 107.35252 
 253.33258 
 273.24985 
 67.236931 
 263.31915 
 277.29099 
 269.52625 
 78.966919 
 262.56403 
 94.931335 
 274.1124 
 92.630562 
 94.193703 
 256.85895 
 89.403992 
 93.719933 
 248.4243 
 103.27187 
 266.93423 
 287.7352 
 93.885483 
 275.27869 
 90.42971 
 254.61 
 98.544525 
 87.117004 
 55.124241 
 56.460758 
 269.69623 
 92.291222 
 100.36263 
 253.85002 
 273.32828 
 252.498 
 250.86082 
 56.721241 
 267.78772 
 279.88614 
 251.73805 
 277.94427 
 273.65021 
 89.096901 
 273.94128 
 252.34801 
 262.26434 
 277.66107 
 269.08124 
 84.399788 
 100.46597 
 64.91597 
 61.819511 
 106.74852 
 106.34486 
 258.85907 
 124.96167 
 271.02316 
 81.614784 
 62.692421 
 89.6175 
 259.90573 
 85.018219 
 258.01117 
 83.626831 
 58.358479 
 99.082237 
 270.7699 
 79.41819 
 103.8841 
 75.093063 
 101.89813 
 282.51227 
 97.008148 
 87.584488 
 101.73986 
 280.21002 
 84.5457 
 268.76071 
 272.2764 
 75.090927 
 78.908096 
 258.40887 
 259.70816 
 80.918793 
 265.22144 
 278.29855 
 268.04785 
 69.901131 
 74.946602 
 268.35861 
 265.98474 
 79.56974 
 87.287857 
 77.059998 
 102.17219 
 253.60265 
 95.063812 
 68.429604 
 269.72098 
 76.559807 
 260.58063 
 263.45139 
 92.751083 
 263.71863 
 287.39395 
 257.48376 
 84.169357 
 134.9455 
 134.3961 
 130.9554 
 136.37439 
 288.56589 
 88.831886 
 88.780556 
 268.72086 
 284.58014 
 289.97293 
 289.01413 
 288.88443 
 137.62875 
 96.044403 
 120.00096 
 277.95279 
 289.58438 
 292.48441 
 268.65881 
 281.08768 
 147.53162 
 101.76005 
 142.65317 
 283.21301 
 270.51852 
 93.288155 
 279.7865 
 98.516472 
 274.36481 
 94.343742 
 93.928711 
 283.30652 
 109.45033 
 93.986176 
 109.88449 
 121.76446 
 245.52202 
 257.22919 
 279.11124 
 106.33143 
 85.689842 
 104.084 
 86.849937 
 106.25366 
 95.784103 
 266.04492 
 257.26865 
 281.16122 
 260.02673 
 255.40808 
 263.47513 
 97.045158 
 84.688805 
 104.00015 
