 425.71121  34.496086 
 530.09741  35.993252 
 818.19189  40.728081 
 356.67877  45.130157 
 821.55701  45.252533 
 523.07092  48.510838 
 438.78329  49.536869 
 444.23697  49.939064 
 476.60474  55.003605 
 421.18378  55.536957 
 458.14771  60.629353 
 399.33301  65.407173 
 520.56934  68.733772 
 375.78162  71.102257 
 493.82123  70.199257 
 769.6676  69.795898 
 649.69177  72.102455 
 764.50604  74.241806 
 533.01202  77.956459 
 540.52429  80.30687 
 577.77734  84.914406 
 560.19403  88.80954 
 459.98431  90.488464 
 758.57385  91.106316 
 468.10538  94.190407 
 512.75659  95.676941 
 556.09314  97.960243 
 732.43604  100.03934 
 359.4592  104.21301 
 596.5744  103.41946 
 648.23077  102.95909 
 378.95758  106.02734 
 423.84085  106.25179 
 384.97452  107.12704 
 457.83273  109.28672 
 463.11703  111.11804 
 425.04398  112.77377 
 552.07135  112.53959 
 407.31689  113.76908 
 633.99207  113.50897 
 640.93524  115.57597 
 348.23874  115.71236 
 391.36423  116.32491 
 760.6698  115.75907 
 355.8266  118.05898 
 551.63086  121.28312 
 764.92413  120.91414 
 799.91711  123.11002 
 411.73669  126.15596 
 584.04309  126.91343 
 279.59653  127.23213 
 418.17685  127.15514 
 487.82584  128.16074 
 406.38498  128.54967 
 568.01971  131.80986 
 760.00494  131.83029 
 645.10577  130.62149 
 766.93396  134.82649 
 591.41498  134.56778 
 764.98724  137.70975 
 341.72272  139.85449 
 631.01575  142.41087 
 716.82397  143.83359 
 696.81824  144.60442 
 618.86707  146.05309 
 609.08783  147.41669 
 763.39673  149.19791 
 337.6105  152.4462 
 611.90991  152.86125 
 345.4855  154.45143 
 757.58698  154.23857 
 644.45837  157.30328 
 681.61578  157.49825 
 246.02132  160.29308 
 764.0011  164.57635 
 306.7818  167.11545 
 298.72955  172.96985 
 344.77026  182.65367 
 646.8653  182.25995 
 172.91187  187.90866 
 640.60028  188.74667 
 860.75964  189.70882 
 764.61725  195.09245 
 769.8703  198.90857 
 819.1394  197.00964 
 778.40985  196.8271 
 826.70099  199.86395 
 861.82654  202.3723 
 319.14008  202.12486 
 180.97513  204.51245 
 680.38812  207.34853 
 588.10809  210.73242 
 864.96143  212.67215 
 595.82379  213.48366 
 590.08911  218.27124 
 676.70776  216.38589 
 800.02008  218.00529 
 605.0498  219.18629 
 224.89565  220.25446 
 676.11505  220.41833 
 588.11865  220.89949 
 694.5882  221.9287 
 583.46045  225.18933 
 691.24225  226.69739 
 353.68408  227.96562 
 601.65027  228.95572 
 238.55487  242.78186 
 871.97992  245.31851 
 214.53221  249.62103 
 237.577  250.25813 
 645.80896  254.43048 
 839.40918  254.79445 
 832.13751  257.77924 
 846.79138  257.452 
 251.35562  258.95157 
 424.49167  262.3472 
 429.20074  265.57947 
 261.00543  268.918 
 823.78448  286.84302 
 872.63275  285.69235 
 142.19337  287.71689 
 879.17029  287.59024 
 449.07336  292.09113 
 165.73116  293.02167 
 191.41934  293.81998 
 411.55508  293.1011 
 534.97833  293.33963 
 862.06433  293.50595 
 880.427  293.33887 
 417.89285  293.88702 
 182.5117  294.81097 
 280.30774  295.64587 
 424.31903  294.31845 
 885.74182  294.6691 
 199.58801  296.18927 
 891.60773  296.00266 
 169.99394  296.94983 
 113.73037  299.36786 
 897.01422  301.04156 
 811.85181  302.573 
 569.55963  304.14362 
 707.32733  305.46411 
 463.30502  306.11826 
 713.16217  306.02963 
 892.21643  310.42401 
 109.7463  311.01944 
 502.78452  312.45862 
 141.82181  313.73746 
 88.176765  315.70352 
 481.06998  317.5715 
 81.79924  319.32611 
 900.70374  319.33197 
 841.97675  321.42676 
 850.80023  320.13199 
 421.31091  323.82394 
 408.4585  327.36081 
 126.37511  328.84058 
 66.296722  331.9617 
 325.31104  337.35165 
 472.4917  337.01889 
 491.89841  337.05701 
 412.10446  338.48785 
 502.8877  338.03006 
 126.53532  338.36246 
 754.11176  340.7493 
 390.1806  341.58917 
 482.94724  341.52985 
 116.56184  341.46152 
 493.05228  342.4762 
 133.91841  342.80389 
 451.08722  342.52661 
 700.64032  343.33795 
 752.98688  343.17484 
 397.70276  343.83597 
 462.60831  344.35321 
 500.16559  343.95038 
 705.9848  345.28207 
 759.27832  345.6806 
 891.79016  345.44513 
 458.41663  346.15359 
 586.55298  348.13217 
 370.44113  347.84512 
 531.89484  347.98352 
 535.85193  348.67593 
 546.24664  349.48193 
 78.613991  352.37711 
 129.48909  352.81854 
 310.61905  353.27625 
 739.03265  352.35535 
 747.00085  353.19748 
 85.174461  355.30109 
 559.875  355.0625 
 402.66614  355.83179 
 619.91705  355.31906 
 568.45996  357.01752 
 576.974  361.31546 
 613.53387  362.42462 
 427.17349  363.95441 
 635.02924  364.86679 
 585.01984  366.59052 
 726.98071  366.64667 
 67.495819  367.31396 
 591.62952  371.02417 
 732.70483  369.67215 
 858.33374  371.42828 
 423.78983  372.37137 
 365.35443  373.41949 
 598.97485  374.00391 
 652.18237  373.81885 
 410.8905  376.80661 
 416.73001  376.56174 
 403.45999  379.28998 
 604.62982  381.45993 
 359.52875  383.87833 
 344.56683  384.79971 
 400.88025  384.95325 
 406.28442  384.85153 
 290.86966  385.9213 
 366.90347  387.21179 
 616.79437  385.89938 
 112.89702  388.40201 
 300.46643  389.9054 
 348.91937  389.46863 
 329.56464  390.36429 
 393.15149  390.49673 
 610.3407  390.09897 
 399.09653  391.7131 
 637.05865  394.08051 
 109.56339  394.66736 
 384.38663  394.67041 
 469.41074  395.10327 
 390.15341  395.80511 
 616.91132  397.86279 
 631.27643  395.97842 
 883.54077  399.44543 
 55.746059  400.07269 
 102.12619  398.77023 
 297.36264  399.34732 
 62.889919  400.0137 
 379.95758  401.435 
 385.2934  400.80801 
 280.01047  401.88477 
 984.75513  401.99301 
 110.50594  403.43671 
 924.24512  404.21118 
 370.35583  404.52173 
 378.44901  407.28183 
 931.14777  408.77792 
 50.914406  409.21179 
 327.93137  409.55978 
 339.72235  410.33865 
 365.70944  411.41473 
 371.98517  411.8493 
 879.17987  413.16086 
 634.83569  415.42789 
 642.74371  416.29767 
 339.6962  417.01492 
 650.28223  416.06616 
 686.28735  419.27887 
 360.7406  420.7131 
 344.39548  421.53821 
 646.03455  423.95956 
 352.16791  421.64545 
 318.43283  427.85526 
 324.16635  429.19058 
 650.00818  428.13022 
 353.89566  429.41974 
 567.10699  430.478 
 574.54865  429.65485 
 581.66119  429.45242 
 54.983154  432.14267 
 347.6586  431.37064 
 61.81292  435.32312 
 526.08246  433.67072 
 587.70117  435.15338 
 348.1593  439.05267 
 660.18658  439.07761 
 285.91953  441.00693 
 668.60779  440.59021 
 291.24506  442.10648 
 85.031563  448.16898 
 90.932846  447.42221 
 974.60315  449.51642 
 340.85126  450.80057 
 292.35703  451.49725 
 300.5527  452.47302 
 972.92908  458.41629 
 776.54865  461.49026 
 80.291046  463.99619 
 985.22406  462.83786 
 329.68909  465.71878 
 157.4008  470.66745 
 324.84979  474.47504 
 332.8269  473.26437 
 976.54431  475.04858 
 327.17813  478.32797 
 788.17993  477.61249 
 982.49011  479.36258 
 680.72876  482.31793 
 278.17139  484.18497 
 730.80255  488.31924 
 287.85364  492.11661 
 328.46988  493.01373 
 682.81476  494.00906 
 323.80948  496.77191 
 502.01456  500.77524 
 259.36841  502.71167 
 490.24487  501.79694 
 681.15564  504.91467 
 748.69434  507.17426 
 498.71341  508.711 
 739.87061  513.13 
 488.07947  513.46796 
 276.76672  514.90833 
 493.43597  517.34912 
 943.18341  517.40167 
 96.155235  518.82935 
 473.75522  518.01868 
 951.04865  519.84552 
 314.80984  521.57666 
 481.15796  522.60516 
 490.98947  524.49628 
 507.47742  524.37909 
 968.18463  524.41156 
 975.08301  523.67114 
 497.74042  525.15186 
 317.28583  528.76398 
 689.18536  527.87946 
 485.98639  528.88867 
 504.00671  530.14404 
 551.4342  530.2641 
 985.75787  529.84729 
 513.01855  535.16357 
 520.91522  532.17767 
 531.66858  534.53882 
 291.45593  534.79626 
 450.21448  536.74146 
 527.69141  536.9986 
 736.28534  536.97601 
 317.1546  537.70361 
 386.56018  536.95514 
 295.95978  539.13965 
 455.89371  540.45386 
 501.04697  539.97968 
 485.07184  542.39948 
 559.86743  541.65363 
 503.00461  545.74469 
 486.80432  549.36047 
 508.18588  548.98297 
 502.1366  551.34186 
 493.38135  551.74396 
 987.09314  552.21716 
 294.94849  553.54474 
 319.32678  552.37067 
 993.40222  555.45361 
 734.61829  558.30615 
 988.06122  557.91663 
 314.75583  560.88849 
 691.68457  560.02356 
 740.7912  560.08087 
 254.73444  563.47711 
 321.18222  564.71454 
 487.93719  564.74219 
 942.66724  564.89038 
 950.08435  565.76208 
 689.67542  564.90845 
 492.93881  566.60535 
 285.46042  569.09955 
 268.43851  568.95123 
 740.85114  569.06561 
 537.05188  570.03333 
 690.92841  573.34509 
 725.79089  574.01105 
 944.70093  573.05505 
 952.49182  575.70313 
 779.58966  577.16553 
 741.05603  580.20282 
 682.26434  579.42578 
 694.87762  580.76666 
 730.26605  580.94678 
 784.72504  580.45819 
 281.73553  581.99445 
 202.0699  582.10754 
 268.8042  583.87634 
 751.61218  584.6062 
 87.192871  586.31512 
 253.76721  587.31226 
 324.74319  585.67712 
 98.712761  587.45154 
 609.06165  588.79706 
 254.34497  589.12561 
 331.8075  588.44385 
 922.89648  588.47198 
 929.34076  588.79614 
 978.73926  590.02655 
 685.92242  591.86487 
 734.42859  592.72766 
 963.69482  591.64355 
 725.4353  593.62036 
 968.75378  594.68707 
 391.59781  596.50684 
 742.06891  597.00452 
 135.97523  597.07025 
 328.63864  596.97791 
 915.11475  598.46643 
 273.3678  600.2309 
 396.03561  599.54584 
 922.67078  601.94049 
 260.84998  604.49371 
 684.85406  606.75885 
 889.27863  606.95361 
 766.01453  607.02325 
 888.76556  609.00183 
 243.12314  612.92157 
 331.22964  612.71735 
 895.83734  613.52911 
 339.44836  616.27594 
 902.01654  615.91565 
 106.5073  618.82477 
 701.56799  620.33441 
 893.83789  620.73206 
 339.92624  621.60522 
 707.83368  621.742 
 725.00409  623.87408 
 331.11276  625.19196 
 345.74524  626.72711 
 675.43195  625.51709 
 711.94696  630.29938 
 901.75934  630.13861 
 914.81476  630.23059 
 105.19262  634.54065 
 748.26825  636.26331 
 250.51985  636.1048 
 702.39081  635.56104 
 64.713554  637.20343 
 554.17444  635.7934 
 707.35223  638.79761 
 740.83051  638.83014 
 747.90222  640.8996 
 876.83856  644.46124 
 312.21442  646.77625 
 662.99994  648.75928 
 326.2926  652.68378 
 319.49945  655.64789 
 353.71643  654.79816 
 113.26119  655.91937 
 94.442902  657.94226 
 306.07343  658.28436 
 361.51855  657.29669 
 874.52118  657.01788 
 286.93466  658.76038 
 651.1311  659.68097 
 881.2085  660.29877 
 501.94287  660.20233 
 125.04092  661.92773 
 336.05872  664.44263 
 365.96823  664.17426 
 120.07941  665.88141 
 360.827  665.57849 
 128.21646  667.12506 
 372.66986  667.33521 
 878.95251  667.20697 
 98.959221  668.81714 
 271.86414  667.513 
 484.61948  668.27515 
 106.20578  669.56079 
 377.14005  674.20813 
 674.77252  674.96936 
 750.99274  676.31366 
 493.62219  677.20142 
 635.49585  676.39484 
 343.75229  680.30707 
 380.74005  678.5531 
 386.561  678.9071 
 658.01819  681.44714 
 91.004868  686.79492 
 396.7601  685.66296 
 625.56561  686.3609 
 330.52188  687.34729 
 621.17444  688.59412 
 397.94418  693.83936 
 403.90997  693.76465 
 609.56561  694.7052 
 580.1767  697.36926 
 617.20142  696.44574 
 866.29327  695.80554 
 411.32205  698.02332 
 600.31091  698.81647 
 606.0705  701.32086 
 591.62946  702.71405 
 865.59003  704.63239 
 402.0611  705.16455 
 421.76102  704.13519 
 410.72668  706.9375 
 587.91034  705.80188 
 595.65332  708.36456 
 127.46682  707.84491 
 566.00555  707.60889 
 578.55664  708.07074 
 872.56842  708.39648 
 424.79639  709.70044 
 571.37476  710.07794 
 434.89151  711.35809 
 627.08307  711.69208 
 762.15198  713.2699 
 864.97815  712.93109 
 85.818741  713.30615 
 101.78616  713.11182 
 383.43948  711.97467 
 544.24872  713.31696 
 562.36017  713.17877 
 165.57678  714.04773 
 348.5762  716.38019 
 549.73956  716.01996 
 567.74188  715.83838 
 341.03622  717.24359 
 440.00223  717.26117 
 172.46358  717.73895 
 556.80634  718.38043 
 450.99789  719.07312 
 538.58734  718.27313 
 545.04578  721.1925 
 165.00505  722.45294 
 536.20142  721.66724 
 250.92882  721.31409 
 456.7648  723.78033 
 527.69141  722.31995 
 849.30487  724.3252 
 855.95032  725.67499 
 256.94446  726.70282 
 494.05814  727.24078 
 569.21521  725.67798 
 486.34418  728.04675 
 507.74127  727.91522 
 464.17004  727.57257 
 499.52795  730.94672 
 527.44946  731.12097 
 474.72031  732.45142 
 490.27679  731.69354 
 513.0379  731.65186 
 457.38788  733.51654 
 504.03064  734.42072 
 392.46085  735.44501 
 76.582863  737.08777 
 480.70688  736.34906 
 494.20367  735.71033 
 984.95117  737.45361 
 843.68597  737.74951 
 922.90424  740.60083 
 852.43188  742.33337 
 154.24809  743.31036 
 376.87195  744.27637 
 382.20688  744.1452 
 487.46112  743.87799 
 81.972244  743.9494 
 519.27283  745.91205 
 865.47314  746.22418 
 462.16245  749.94165 
 598.11615  750.11298 
 489.91785  750.84967 
 476.93112  753.10834 
 448.89603  755.09094 
 861.17944  755.76355 
 64.077202  755.59802 
 217.75374  759.17914 
 590.3277  759.39063 
 453.08179  764.65833 
 336.81171  769.06262 
 851.80457  767.83301 
 193.96855  769.16235 
 280.24963  772.72418 
 848.77545  774.4278 
 879.25555  776.13782 
 183.2303  776.49078 
 404.26144  776.784 
 844.02863  778.10315 
 171.72705  779.17633 
 278.85599  779.3175 
 593.49817  777.60107 
 283.45053  782.91071 
 161.2361  783.55823 
 62.562435  785.17572 
 340.73431  785.07294 
 351.24933  785.10425 
 852.83618  784.88196 
 271.78513  786.66504 
 492.07962  785.50964 
 598.42029  787.36072 
 503.02612  787.73425 
 499.82513  789.36267 
 858.96277  790.52289 
 844.68292  790.93713 
 587.5459  792.1557 
 481.43579  797.1236 
 842.633  796.565 
 141.21144  799.9931 
 211.92319  802.91876 
 327.41315  805.18445 
 840.66956  808.12323 
 843.55896  814.11157 
 513.14331  814.91449 
 195.24954  816.50842 
 342.81598  821.56219 
 511.74292  823.2464 
 325.31064  824.05396 
 814.04639  823.96594 
 517.80969  825.01074 
 350.41327  825.80542 
 886.97498  828.11768 
 757.92853  829.88507 
 879.88727  841.30859 
 304.6424  844.56628 
 883.25024  846.46973 
 309.36298  847.2428 
 787.17023  850.27863 
 224.51659  859.63965 
 473.11368  859.79816 
 828.70972  861.88666 
 343.57547  862.68915 
 349.65097  867.07434 
 741.91382  868.20111 
 756.5705  867.45325 
 827.10699  865.96692 
 322.16992  870.10583 
 833.14685  871.8725 
 623.40375  873.23175 
 328.99152  873.99542 
 630.22626  875.96002 
 788.30609  875.53656 
 642.18243  877.18933 
 794.01263  883.0191 
 706.07678  883.59528 
 756.0293  890.0282 
 477.4548  890.12964 
 709.47046  890.75977 
 763.23706  891.52771 
 486.18906  892.09436 
 731.62531  892.35846 
 761.91498  898.80835 
 488.22  899.92462 
 680.22955  901.90558 
 363.51053  908.48584 
 352.14291  912.41107 
 359.64368  914.53986 
 617.02252  916.25818 
 786.62115  916.30096 
 260.30292  921.62549 
 443.23505  921.24396 
 770.1665  923.65619 
 320.25705  924.86511 
 450.0921  925.07452 
 697.79083  934.44684 
 704.04059  937.24902 
 774.71228  937.41223 
 511.09601  943.01752 
 444.15445  945.15173 
 576.80804  945.81909 
 466.65021  947.62646 
 408.70953  949.17273 
 572.03882  949.09839 
 707.94366  949.49976 
 751.7262  952.73816 
 768.94189  952.65906 
 746.11615  955.27802 
 700.84082  955.27722 
 763.17102  957.2486 
 507.26178  960.08643 
 707.70111  959.69946 
 588.42889  960.81201 
 544.19806  962.82672 
 562.21631  963.50476 
 654.37268  965.17688 
 699.66144  966.03784 
 548.13617  966.81476 
 686.30133  969.45294 
 589.73218  972.229 
 896.17365  971.05188 
 685.04791  973.71313 
 903.07031  974.36322 
 544.13037  977.02515 
 374.71106  980.15076 
 317.15067  981.6842 
 602.18958  982.47565 
 304.5788  983.36053 
 312.36914  982.73853 
 467.47507  986.79907 
 473.96344  988.23047 
 293.93961  991.50519 
 291.67313  994.91705 
 646.3479  50.004063 
 781.17163  54.404396 
 773.82355  57.812511 
 512.93329  66.642921 
 369.13828  67.57563 
 542.49518  67.451683 
 451.91068  71.414803 
 775.71631  73.843491 
 766.39099  81.209351 
 358.61505  82.701103 
 369.55469  87.400764 
 584.54828  87.704826 
 768.86896  96.741676 
 369.30701  97.807098 
 489.19705  100.78346 
 430.56897  106.39686 
 776.17212  106.08875 
 657.26599  106.72569 
 421.03101  107.57329 
 708.10315  109.97697 
 738.85559  110.00309 
 560.57477  113.21584 
 515.19556  116.04338 
 620.81024  117.92081 
 325.8476  128.23447 
 670.35022  139.9583 
 349.33331  143.87518 
 473.832  145.07982 
 487.25717  144.56696 
 637.32971  153.02231 
 308.24503  155.43823 
 318.99191  157.70461 
 327.56891  158.66457 
 765.48126  162.01329 
 237.7975  167.59036 
 171.88336  171.46216 
 639.43445  171.52808 
 220.26698  174.01299 
 662.86444  176.89783 
 366.97214  182.27052 
 765.35101  182.9267 
 356.67746  184.35982 
 819.36304  187.0123 
 653.34515  190.16966 
 778.91028  190.55222 
 214.77496  192.42856 
 808.11646  191.96132 
 311.76434  196.58144 
 352.95322  197.70471 
 161.82782  203.01593 
 188.05399  207.04788 
 783.9278  209.02629 
 679.12567  209.91405 
 855.72064  211.53433 
 793.16675  212.51614 
 668.17383  214.59914 
 644.58618  235.02881 
 850.94299  239.34389 
 651.82648  239.78606 
 630.52673  245.85023 
 822.2326  264.17636 
 842.10699  265.16925 
 596.31348  269.88455 
 611.02972  273.47723 
 829.53461  275.54788 
 262.47983  280.06985 
 825.13184  280.0845 
 146.31459  280.8541 
 855.24615  287.86075 
 837.19336  294.75839 
 541.38416  296.21411 
 207.98209  296.78659 
 549.19653  298.20087 
 472.84152  300.41949 
 706.6012  303.2435 
 490.57855  307.77698 
 186.00111  309.69849 
 421.1232  310.45837 
 528.83759  314.19147 
 452.81009  316.00427 
 489.48834  319.2446 
 93.396347  320.85669 
 523.42664  320.55899 
 589.29108  321.21967 
 909.83167  321.41367 
 89.015518  322.78043 
 472.22018  323.99185 
 506.26636  324.8526 
 698.39441  324.63992 
 383.89563  326.22012 
 529.73309  326.37607 
 113.9883  327.48807 
 585.74725  332.78247 
 425.59848  334.69788 
 475.23959  334.74814 
 379.25595  336.69119 
 623.01031  336.67081 
 897.14081  336.87378 
 649.62952  338.92526 
 451.66089  339.95041 
 544.31073  342.97079 
 739.95435  342.97275 
 137.31544  350.17383 
 857.86194  351.38007 
 870.53833  352.2392 
 377.39188  355.23248 
 365.65561  356.03177 
 660.59723  357.29398 
 747.46906  357.81256 
 335.45801  359.09451 
 437.3027  358.3631 
 419.27542  360.10706 
 409.5766  362.04248 
 167.05299  364.62842 
 391.435  367.05878 
 890.26379  367.12814 
 415.17087  368.88483 
 98.966591  374.6622 
 379.81738  378.62723 
 868.44983  378.15811 
 855.08691  380.22614 
 889.21558  380.16339 
 124.10949  380.68723 
 252.66208  382.07474 
 613.21545  383.37497 
 652.63184  383.51776 
 408.74286  384.30273 
 899.85352  384.94412 
 970.06824  390.36765 
 277.48422  392.00034 
 521.60046  392.02887 
 357.31729  393.88187 
 375.1033  395.57358 
 976.82507  401.88022 
 91.022736  406.23636 
 655.80737  407.21069 
 894.08398  407.06055 
 351.15472  408.06595 
 890.26501  408.07544 
 695.64246  417.83633 
 276.93784  422.1311 
 657.14935  425.00699 
 740.72107  424.70087 
 314.51651  430.9939 
 686.65411  430.85318 
 330.9689  432.23557 
 447.25931  435.73029 
 427.90921  440.40436 
 968.69891  441.26981 
 308.056  443.448 
 334.18198  445.00864 
 421.59375  447.28998 
 667.96863  452.83176 
 317.42645  453.59171 
 269.85767  458.26303 
 680.23969  460.42664 
 303.05927  463.634 
 723.3183  464.46692 
 705.97449  465.53348 
 616.13635  483.59329 
 957.33746  484.36575 
 708.09344  490.58405 
 966.25812  490.76648 
 754.04926  492.14716 
 792.64624  493.22028 
 691.5022  494.16193 
 455.52969  495.38699 
 80.144608  495.91122 
 251.87305  496.28287 
 949.59277  496.17514 
 276.16553  498.37515 
 291.87128  500.10986 
 301.45911  499.58246 
 960.78577  501.20947 
 238.25969  503.19696 
 326.49457  503.54767 
 758.86243  505.96619 
 934.78552  506.46466 
 943.67822  508.54535 
 75.089584  515.1778 
 684.22101  515.86481 
 321.10693  516.63898 
 695.07721  518.77405 
 721.71649  520.24323 
 410.42944  520.95166 
 312.33313  521.56494 
 554.83832  522.20325 
 532.95978  527.55786 
 610.9209  529.17975 
 477.83578  530.27332 
 299.43121  531.57776 
 542.12848  533.86285 
 491.74963  536.79425 
 303.33148  541.74341 
 240.79372  546.73181 
 616.70544  546.85217 
 735.57434  549.56519 
 302.02438  553.89777 
 271.09521  560.40735 
 533.3457  559.8335 
 697.61292  568.34296 
 276.13901  570.34332 
 299.60349  575.37085 
 415.30344  574.95007 
 917.41687  583.66498 
 693.99152  585.66058 
 950.56567  587.62506 
 658.72577  590.85217 
 616.75824  594.23529 
 108.56345  598.23279 
 729.91205  601.18512 
 285.48514  607.33813 
 711.06689  606.87097 
 109.29029  609.49146 
 694.34125  612.85669 
 732.66241  612.69739 
 887.89941  618.54987 
 443.10043  623.18628 
 697.19189  628.32617 
 338.23889  629.73853 
 741.44641  630.45117 
 98.039818  632.42426 
 547.3515  631.36243 
 911.94049  631.66064 
 884.73792  634.86963 
 611.77484  638.28827 
 889.88879  640.57092 
 71.289513  642.63007 
 304.42032  643.59644 
 464.00162  646.59198 
 274.95401  647.92822 
 59.028954  648.49475 
 721.72046  648.86945 
 670.13495  650.07147 
 256.31851  650.73584 
 330.51727  650.67712 
 747.43652  652.71124 
 298.30295  655.22028 
 679.987  654.82037 
 341.73724  657.49341 
 883.79645  659.96063 
 661.5437  661.31848 
 851.88239  661.28485 
 252.04526  662.26605 
 260.5289  662.93365 
 315.22726  665.7937 
 331.15649  665.76929 
 511.89572  667.12305 
 886.55255  669.49561 
 47.25042  671.47455 
 863.55756  673.43079 
 352.38892  679.242 
 694.31763  679.1698 
 94.184288  679.55542 
 368.36655  681.42786 
 321.62286  686.12323 
 498.72208  690.58221 
 129.96339  695.1167 
 348.41901  702.48224 
 636.66357  705.07135 
 327.55914  706.24982 
 108.04678  706.89874 
 354.88373  707.8913 
 962.33667  707.94397 
 341.66202  709.4342 
 114.6596  713.63983 
 418.21667  713.95551 
 958.61945  714.1051 
 397.3063  718.31116 
 873.84637  718.10938 
 966.05865  717.68231 
 550.51416  724.80096 
 640.19061  724.77753 
 586.73981  728.39001 
 448.57983  729.07898 
 150.80611  730.36108 
 852.81946  729.77997 
 240.40701  730.66382 
 862.47742  732.50983 
 400.14594  738.29071 
 426.74219  738.85986 
 455.48267  745.6767 
 872.93262  749.81055 
 440.87842  750.61981 
 639.77515  751.76459 
 209.94043  754.25995 
 63.282986  765.1106 
 853.39471  765.1413 
 128.97519  768.91925 
 862.39844  768.99115 
 872.1861  770.91187 
 397.18329  772.3175 
 586.40063  774.43213 
 253.16382  781.23846 
 183.83559  785.04358 
 279.9231  790.95746 
 468.08707  791.81726 
 844.59955  793.01318 
 127.87251  802.20581 
 851.78522  802.08545 
 230.99538  808.43799 
 339.2113  807.84882 
 828.7699  814.95959 
 837.70074  822.48944 
 356.81631  825.49176 
 949.04431  826.34491 
 233.69177  827.0575 
 765.44568  833.25281 
 888.00763  834.93549 
 360.25314  837.64716 
 789.97729  838.00671 
 235.58012  840.48669 
 453.96432  845.4624 
 331.70468  849.32471 
 814.90466  852.20032 
 349.41412  853.37927 
 795.26227  852.63416 
 289.22339  857.50317 
 308.41339  861.83276 
 448.8927  863.14325 
 794.42035  868.13885 
 288.78006  874.53564 
 471.29965  876.84308 
 305.80872  877.74261 
 315.81241  880.88739 
 741.75232  882.06482 
 808.81763  883.26221 
 573.31818  887.29303 
 725.8067  886.93195 
 560.6095  888.16443 
 442.03619  889.0058 
 289.73288  891.91498 
 802.5556  893.22992 
 875.00433  893.12079 
 763.9729  893.57483 
 479.09253  897.73999 
 800.06067  908.53247 
 307.62952  912.01208 
 348.52338  921.31317 
 326.30847  928.29706 
 569.10925  942.59686 
 349.6196  944.21869 
 517.13275  945.07367 
 700.33984  945.85016 
 414.56363  953.8053 
 515.62067  953.60223 
 580.19061  953.63416 
 545.47168  959.23932 
 690.85962  961.85822 
 770.22308  961.6861 
 582.6687  963.77631 
 368.93826  965.37659 
 764.54315  965.82037 
 679.12396  969.44794 
 494.5361  974.08832 
 656.74286  973.68604 
 652.14722  977.18665 
 382.04166  980.26599 
 821.63434  45.626293 
 444.69028  48.51083 
 523.27448  48.628384 
 419.92392  55.633015 
 458.45743  60.508045 
 577.2359  85.569435 
 407.40744  113.19398 
 425.40466  113.93764 
 392.14874  116.57079 
 642.48303  133.68413 
 341.12061  139.78728 
 631.06708  142.183 
 764.29285  148.81819 
 612.49945  153.23386 
 246.63718  159.20639 
 582.69855  225.4381 
 238.00621  243.26575 
 870.97809  245.63652 
 847.12512  256.43787 
 879.20697  287.61276 
 164.89957  293.20944 
 891.77063  295.88028 
 170.2386  297.06686 
 141.19218  313.26917 
 82.175941  317.93369 
 492.31921  336.65735 
 502.69781  337.63321 
 502.12927  346.87375 
 891.19244  346.67773 
 129.98773  352.81509 
 598.14624  374.1582 
 604.16327  381.82764 
 343.44135  385.64624 
 399.35123  392.45294 
 389.491  398.68793 
 281.23953  401.11017 
 380.13968  401.2984 
 386.43716  400.88892 
 338.8056  410.00272 
 372.81577  412.12546 
 878.92493  412.86389 
 642.2417  416.246 
 339.2775  417.12036 
 354.40533  429.7457 
 571.03363  431.64063 
 569.36249  431.55035 
 291.38123  441.43243 
 91.743332  447.31161 
 329.1037  492.33109 
 323.25723  496.8103 
 491.23019  523.99951 
 497.32706  525.85291 
 485.8541  529.5155 
 501.54324  539.15741 
 456.31921  540.7442 
 506.81012  550.19806 
 493.29315  551.99219 
 294.608  554.92554 
 734.15918  558.80298 
 493.55457  567.13391 
 740.62726  568.98602 
 779.43048  576.86151 
 785.03882  580.36926 
 929.91461  589.08923 
 685.73999  591.47156 
 391.08987  596.24658 
 396.40359  599.81116 
 701.07983  619.62903 
 105.20006  633.92743 
 113.46857  655.99817 
 358.89258  668.94666 
 106.26083  669.31494 
 396.85135  685.88385 
 397.20029  694.27972 
 574.51025  708.66632 
 425.01813  710.24298 
 562.06226  712.87854 
 550.47406  715.013 
 567.82129  716.11768 
 449.86676  719.09705 
 457.27438  723.41882 
 506.85498  727.00037 
 490.26932  731.61774 
 154.99542  743.04022 
 453.46057  764.05585 
 278.49518  778.97717 
 284.14737  783.10474 
 839.93127  807.55676 
 518.13226  826.02948 
 885.51141  828.11621 
 755.56036  866.8595 
 697.0752  934.04004 
 466.69427  947.66254 
 745.69073  954.02368 
 587.54456  959.88574 
 548.14807  967.10297 
 772.30255  57.93618 
 789.45563  59.512924 
 512.19574  66.799866 
 521.52252  69.824654 
 767.69824  69.774628 
 376.56512  71.095848 
 453.88907  71.452087 
 493.65475  70.99324 
 776.71143  72.996048 
 532.08612  77.071877 
 767.09375  81.253952 
 520.60004  82.885246 
 358.88074  83.568687 
 369.50171  87.154121 
 380.5087  88.033012 
 585.3963  88.242622 
 459.8772  90.389328 
 802.09973  90.043625 
 758.78259  91.675461 
 469.41238  94.549583 
 639.58917  97.393555 
 768.54144  97.166519 
 369.0979  98.284508 
 556.05139  97.788918 
 489.59058  100.34641 
 358.76248  103.06542 
 647.76855  103.12357 
 420.87766  106.10253 
 657.53052  106.15937 
 759.74768  106.93739 
 773.95551  107.33807 
 431.05753  107.88033 
 737.72418  109.38023 
 551.86761  111.42831 
 709.49524  110.67437 
 463.23129  111.7774 
 561.25159  112.78605 
 633.27411  112.93579 
 347.88297  115.27159 
 514.73676  116.38107 
 640.65863  116.57005 
 620.05756  116.61903 
 550.35034  122.16895 
 474.10098  123.90085 
 418.35455  127.37149 
 583.36951  126.94985 
 325.8981  130.5141 
 663.19183  131.98961 
 759.59998  132.21652 
 568.33893  133.42413 
 591.03754  134.56108 
 767.35333  135.25484 
 622.03717  136.72014 
 600.07611  139.91043 
 707.3783  139.59337 
 743.26782  142.52118 
 486.57028  143.68686 
 716.69415  144.42479 
 350.42554  144.58031 
 474.07712  144.85745 
 696.3985  145.24588 
 337.01227  152.29736 
 756.93018  154.33635 
 346.66141  154.53249 
 636.36401  154.54367 
 704.68884  155.03941 
 645.12518  156.6752 
 681.84192  156.84875 
 328.81149  159.29733 
 721.51233  159.46397 
 765.75177  161.3752 
 714.2804  161.4826 
 308.82828  166.12137 
 237.814  168.15218 
 259.0827  168.481 
 640.19482  169.65662 
 221.08521  172.8119 
 662.85059  175.35716 
 366.92157  182.19067 
 343.84714  182.80521 
 763.77582  182.87885 
 640.1994  188.37854 
 861.24622  189.97563 
 327.53635  191.39162 
 652.13684  191.36305 
 214.64578  192.94252 
 778.79626  193.64934 
 310.61346  196.02919 
 352.74359  196.23843 
 818.04877  196.98648 
 319.66553  201.4071 
 769.66589  201.25107 
 827.49506  200.84999 
 861.16138  202.51009 
 180.4951  203.71957 
 808.66589  205.5807 
 783.09564  208.47099 
 667.59015  213.48926 
 791.99579  212.55695 
 855.07544  212.59108 
 865.91272  212.94482 
 678.07001  215.08714 
 591.42535  218.65387 
 800.2276  218.66122 
 692.95361  221.85394 
 600.7326  228.04726 
 643.77466  234.17215 
 804.01471  234.20619 
 652.6745  239.46095 
 630.26825  246.12157 
 616.02393  250.51248 
 839.60522  253.6097 
 250.78407  259.16519 
 831.43134  259.10223 
 841.86444  265.48492 
 260.75168  267.22479 
 597.57861  269.80185 
 610.93091  273.81485 
 828.82086  276.22021 
 825.28882  280.39752 
 872.68433  284.13715 
 631.44122  285.65814 
 853.92877  288.69263 
 448.80072  292.38461 
 191.10933  293.62988 
 425.93701  294.33911 
 836.89484  294.2627 
 861.67871  294.00513 
 209.50366  296.33249 
 280.46732  296.02698 
 114.36335  300.24765 
 474.11667  300.47809 
 897.57263  300.6188 
 568.99487  304.25748 
 463.64127  305.84891 
 713.65222  306.31799 
 490.95313  307.83102 
 519.86029  308.65665 
 421.76395  310.56876 
 892.07629  310.82791 
 919.80115  314.37344 
 193.17365  314.60938 
 453.06335  316.30304 
 480.68146  316.38101 
 528.12036  315.55307 
 111.58606  317.19702 
 435.15765  319.14236 
 851.3623  319.86816 
 589.75342  320.61295 
 841.13263  321.34637 
 910.35699  321.15079 
 91.432709  322.36661 
 472.3266  323.7543 
 697.82648  324.29297 
 507.29602  325.2149 
 487.00052  325.53586 
 614.81702  326.27063 
 525.47455  329.75443 
 910.3584  329.94373 
 508.87195  332.72598 
 400.98773  333.84552 
 475.16986  334.11667 
 622.67731  336.38733 
 896.5777  335.93985 
 379.88177  337.10605 
 125.41571  337.6926 
 411.61887  338.60623 
 452.25449  339.07739 
 650.30182  338.84903 
 753.61945  339.72058 
 185.88191  340.76913 
 133.9812  342.09976 
 389.3111  342.41943 
 482.52576  342.25198 
 544.67865  341.77103 
 738.41034  345.5603 
 371.02188  346.86618 
 760.5647  347.04367 
 586.53467  348.7644 
 533.26404  349.67465 
 77.857307  350.97723 
 870.72491  351.47516 
 451.38696  351.8591 
 857.77374  352.82019 
 85.724251  354.56696 
 379.76761  353.74481 
 310.2001  354.54498 
 560.7243  355.08163 
 620.45038  355.39612 
 638.45007  355.50937 
 747.82153  355.53256 
 401.41953  356.67108 
 366.45065  357.5235 
 420.46609  358.06027 
 660.96765  358.29947 
 436.91565  358.80026 
 409.32086  362.78995 
 612.16553  363.41577 
 876.16321  362.5715 
 428.61746  364.13324 
 635.73102  363.73584 
 584.30206  366.46976 
 726.23285  366.34381 
 67.313438  366.4892 
 356.44492  366.19547 
 390.68317  367.27011 
 414.23767  368.28998 
 890.97528  367.92206 
 592.93768  372.11179 
 858.15234  371.7933 
 365.22589  372.52701 
 423.52579  372.98834 
 379.89777  377.91068 
 868.16083  378.56155 
 888.33612  380.11157 
 403.30307  380.39578 
 358.77106  384.03793 
 614.6532  384.09213 
 652.36621  383.59113 
 410.98257  385.17984 
 899.32916  385.06717 
 367.38394  387.80295 
 664.63904  388.76749 
 376.6731  390.38449 
 329.67697  390.64996 
 347.89206  391.11713 
 521.81641  391.24158 
 277.67419  392.22897 
 107.84046  394.27982 
 635.78534  394.27841 
 340.95096  394.70212 
 468.3941  395.66913 
 102.44001  398.23618 
 615.70636  398.30728 
 297.7673  399.9025 
 883.19379  400.02667 
 666.70648  400.65665 
 922.79828  403.14993 
 111.39712  403.7991 
 369.70166  404.29779 
 90.881104  405.17764 
 893.04932  405.89758 
 327.24884  409.34775 
 931.18671  409.03503 
 904.73352  410.16434 
 651.51398  415.56924 
 634.466  415.63593 
 696.14111  417.12991 
 351.51172  419.73642 
 361.60526  421.02808 
 881.17352  421.14023 
 276.21082  422.29227 
 658.51294  424.1485 
 332.71423  425.28207 
 645.45337  425.01682 
 299.97916  426.59439 
 582.53528  428.48874 
 314.10873  430.4801 
 323.20151  431.18115 
 347.27814  430.64304 
 685.65936  430.76141 
 525.74237  433.45422 
 446.67258  435.35629 
 587.68011  435.38312 
 678.16724  435.02701 
 63.078239  436.28128 
 658.90887  438.93921 
 348.09106  439.86823 
 668.56085  440.69736 
 693.36566  440.45926 
 307.69083  443.98016 
 333.02213  445.8981 
 421.93015  446.99652 
 84.440552  448.64621 
 301.32617  451.33829 
 341.21133  451.31244 
 291.75812  451.55566 
 316.89404  452.39838 
 666.34363  452.35287 
 776.57642  461.84119 
 303.57089  464.17764 
 723.84631  464.10052 
 80.722176  465.01453 
 639.45313  469.55756 
 333.31888  473.19217 
 324.18124  474.05508 
 267.94016  479.26758 
 679.75513  481.36655 
 279.0892  483.85431 
 615.36432  484.08084 
 957.41644  483.93137 
 329.86478  487.71521 
 708.05591  489.88858 
 692.82281  492.88617 
 792.63324  493.28906 
 682.29413  494.32877 
 79.70192  495.28671 
 252.06047  495.93521 
 454.73853  496.05609 
 949.73145  495.8385 
 291.03232  499.26968 
 715.23297  498.58417 
 277.5672  500.37091 
 301.47104  500.54651 
 960.47119  501.37158 
 239.26096  502.66003 
 260.16882  503.06805 
 328.77484  505.02634 
 680.39221  504.68381 
 76.513634  506.34991 
 748.90485  506.78568 
 759.57385  506.79248 
 944.4328  507.2283 
 498.74759  509.56726 
 487.88907  512.39465 
 739.03961  514.24445 
 75.473724  514.83844 
 684.04871  515.09149 
 321.26376  515.80432 
 472.67865  516.28796 
 942.33954  517.91888 
 95.589775  518.72534 
 695.75568  518.79144 
 951.53119  520.02826 
 721.98401  520.55432 
 310.86642  521.80634 
 708.47839  521.9021 
 482.20013  523.56335 
 532.81873  525.87836 
 689.65118  527.88934 
 504.44577  529.93335 
 317.08499  530.7088 
 520.7193  530.92316 
 551.70874  530.8479 
 299.7999  531.70984 
 512.22504  535.61151 
 736.16479  535.88776 
 386.35229  536.94025 
 449.28546  536.93237 
 491.78748  537.29626 
 528.60443  537.11072 
 560.10022  540.22595 
 304.96106  541.09985 
 706.646  544.02826 
 606.88593  544.92175 
 616.83026  546.22766 
 241.08456  546.81482 
 735.63507  549.49542 
 485.29788  549.5246 
 303.62152  550.96631 
 319.37741  551.82977 
 532.73859  558.05548 
 271.42365  560.3335 
 387.04855  559.52136 
 741.10553  559.72485 
 313.42151  561.742 
 254.99313  562.93176 
 689.1933  564.29858 
 321.95801  566.1391 
 951.65771  566.29388 
 698.03699  568.62018 
 285.56476  569.95959 
 709.56787  570.82318 
 943.14233  572.5188 
 415.57974  574.0827 
 723.89429  574.93738 
 952.13037  577.08844 
 741.14301  580.0246 
 684.96399  581.2085 
 729.70068  581.47882 
 202.68425  582.00433 
 694.17639  583.3277 
 916.50006  582.79736 
 751.44312  584.25574 
 324.65491  585.28223 
 86.661499  586.5343 
 253.79883  587.55615 
 332.17984  588.32568 
 922.86212  588.47308 
 609.10962  589.43207 
 948.99109  588.90521 
 659.17621  590.3056 
 705.49335  589.46472 
 734.96637  592.54352 
 617.24243  594.98914 
 723.20361  594.73108 
 754.2597  595.24713 
 135.70009  596.19006 
 326.78143  596.60504 
 742.57385  597.35901 
 107.69133  597.75647 
 914.30237  599.06897 
 273.62421  600.24762 
 730.45532  600.68622 
 260.92542  603.86938 
 286.51379  607.19043 
 684.42548  607.43976 
 889.32227  606.87128 
 111.07185  608.21619 
 253.03647  610.6593 
 732.15796  611.38434 
 242.54399  612.8197 
 329.83899  613.28253 
 694.0166  613.25421 
 902.6521  616.61914 
 105.25873  618.99017 
 281.37524  618.87469 
 339.20694  620.89355 
 708.25616  621.55133 
 441.85727  623.388 
 391.12384  624.39453 
 675.24786  624.70959 
 724.41754  625.76691 
 346.86703  627.27649 
 338.10245  628.59735 
 695.72638  629.01355 
 740.89746  629.14056 
 901.72784  630.21729 
 547.03809  630.74115 
 912.18359  631.67889 
 884.93671  632.90363 
 96.270332  633.57007 
 249.86444  636.47986 
 554.47986  636.13306 
 702.60687  635.87915 
 64.436157  637.25439 
 866.0094  637.46533 
 612.85742  638.02759 
 740.7262  637.6944 
 748.68768  638.35626 
 73.197868  642.22784 
 574.67505  641.89203 
 303.40857  642.74701 
 354.07947  644.55206 
 702.28839  645.08221 
 877.0694  645.11682 
 463.85471  646.20795 
 276.88663  646.57147 
 312.20947  646.91919 
 585.65558  647.34393 
 58.200584  648.41766 
 256.66873  648.98175 
 671.08789  649.24896 
 721.39868  649.3465 
 287.9371  649.53064 
 330.28897  651.44257 
 319.44669  655.05762 
 353.73108  654.74164 
 679.47144  654.6319 
 297.22205  655.79437 
 362.10284  657.27283 
 873.2395  657.34442 
 93.791084  658.93646 
 306.86417  659.47015 
 502.1098  659.28546 
 650.87512  659.2876 
 105.39736  660.38068 
 884.68939  659.95758 
 661.83301  662.33557 
 261.21353  662.92859 
 68.814613  664.15521 
 333.76126  665.00519 
 718.40515  664.9671 
 315.40009  666.41107 
 509.90173  666.40497 
 118.93748  666.67035 
 271.75357  667.21143 
 128.33118  667.51239 
 484.43506  668.39124 
 98.270111  669.09125 
 887.10962  669.26532 
 687.53528  669.76282 
 649.62354  670.82141 
 377.21555  674.29993 
 673.98889  673.91284 
 864.41907  675.36786 
 332.78314  676.05347 
 635.51917  675.82184 
 353.11691  677.21393 
 492.41406  677.0293 
 367.80429  678.34247 
 694.255  679.13025 
 83.473114  679.31946 
 343.23761  681.21484 
 658.26495  681.36768 
 874.91901  682.9043 
 321.42899  685.20728 
 90.703812  686.65479 
 331.52979  688.32727 
 498.9469  687.96252 
 622.11249  687.61414 
 372.40903  694.01086 
 608.6803  694.69214 
 128.8076  695.84265 
 866.93561  695.82129 
 601.0069  697.26007 
 617.32434  697.34448 
 580.31635  697.99298 
 878.70856  699.88599 
 348.40762  701.51605 
 420.77585  703.14197 
 587.93176  705.09589 
 326.15292  705.90558 
 401.66217  705.80103 
 636.44678  705.67969 
 355.15701  706.99298 
 127.57978  708.13745 
 410.79617  708.12463 
 383.71127  709.2796 
 595.97809  709.11963 
 874.03259  709.49316 
 434.21353  711.6463 
 628.1842  712.36615 
 959.30609  711.99292 
 101.78687  712.68433 
 163.40927  712.92725 
 864.05804  712.8822 
 113.86639  714.33264 
 347.82285  716.60895 
 396.47769  717.25806 
 557.46484  718.19781 
 873.9646  717.8418 
 171.96013  718.55841 
 536.55316  718.6947 
 250.15489  720.73004 
 526.69427  721.29761 
 545.07214  721.44684 
 830.88684  721.47266 
 165.41544  722.27838 
 520.10779  723.92297 
 640.55933  723.78015 
 549.50128  724.81348 
 257.92142  726.31305 
 569.20233  725.5332 
 410.12024  727.48383 
 464.98813  727.03711 
 447.22745  728.12134 
 587.70929  727.89563 
 853.7782  728.41992 
 512.74139  731.27576 
 149.64249  732.17957 
 240.03839  731.65015 
 528.16321  731.52783 
 863.27454  732.84784 
 93.987839  733.97772 
 457.22488  733.59369 
 371.44479  735.60693 
 567.52924  736.25464 
 598.47485  736.43463 
 161.05515  737.31238 
 248.63033  737.19965 
 391.1001  736.51367 
 480.49701  736.65118 
 843.55396  737.28375 
 427.60623  737.78217 
 401.50845  738.59711 
 445.62567  738.95563 
 497.38434  739.547 
 922.85791  740.91406 
 510.45068  743.47699 
 852.4585  742.64319 
 82.877365  743.81042 
 864.19745  745.45404 
 462.00107  751.01495 
 597.25378  750.78735 
 639.20428  751.40045 
 439.96594  752.18439 
 476.44742  753.1673 
 64.021889  754.19702 
 208.88037  753.91052 
 448.92249  755.26282 
 862.10583  756.38959 
 218.19261  759.39063 
 375.20117  763.74011 
 853.28491  763.66083 
 63.508972  766.24408 
 862.70679  768.28888 
 337.34973  769.44324 
 624.78491  768.62299 
 873.27637  770.0011 
 397.06799  771.03528 
 327.6181  772.93805 
 347.94553  773.74988 
 883.06482  774.39532 
 183.70836  776.07159 
 594.23224  776.04199 
 406.05048  776.73157 
 845.59991  777.08087 
 822.42072  777.60461 
 252.93402  780.28375 
 73.085045  784.35931 
 161.33504  783.61169 
 62.260468  785.10608 
 340.40643  784.95966 
 491.42203  784.70227 
 853.06506  784.49841 
 182.89668  786.08942 
 271.58493  787.49799 
 500.62259  788.96582 
 860.05029  790.43256 
 468.55859  790.97217 
 279.5231  791.60406 
 587.23987  792.58606 
 833.82288  794.21582 
 844.77728  794.28827 
 479.59491  797.19409 
 141.74759  800.61597 
 852.86334  801.72144 
 209.87372  803.31366 
 328.45178  805.56018 
 230.92531  807.56 
 338.90253  809.00574 
 172.52663  814.88184 
 195.11662  815.92804 
 342.36551  821.82574 
 823.58447  821.54156 
 510.54831  822.95282 
 837.68719  822.9632 
 324.73355  824.44232 
 813.81995  824.72986 
 352.83655  825.9115 
 948.86371  826.11096 
 826.61707  828.66168 
 882.51306  828.71448 
 757.49121  829.78351 
 889.62384  834.57813 
 360.13638  838.00604 
 790.51746  838.17261 
 818.61938  838.65363 
 235.35344  841.39227 
 880.00775  841.17725 
 343.93274  843.23505 
 322.80969  844.74304 
 453.5271  845.42694 
 331.65186  849.54938 
 786.35748  848.88287 
 795.4801  852.19519 
 814.91565  852.46173 
 350.02646  852.93329 
 288.82996  857.59558 
 473.44983  859.21118 
 225.12576  859.65442 
 308.76132  860.80023 
 342.3913  862.41022 
 449.62805  864.10687 
 827.35126  865.06726 
 298.14487  867.258 
 350.13766  867.11719 
 794.41565  868.05066 
 321.74973  868.89551 
 740.62988  869.92865 
 834.10309  871.92413 
 622.45819  873.15717 
 804.27197  872.68457 
 288.27155  874.21857 
 330.15317  874.11005 
 306.68936  875.4585 
 786.24646  875.03424 
 471.05621  876.58362 
 630.508  876.68774 
 315.45822  881.2785 
 742.54187  881.7973 
 793.53912  883.15277 
 573.22839  886.41046 
 441.69781  889.08331 
 754.70087  890.52246 
 289.92514  891.50159 
 709.77094  891.4162 
 485.89697  892.11163 
 732.08331  892.2699 
 801.12653  891.94067 
 763.40784  896.08472 
 303.01797  901.5957 
 679.61078  902.0567 
 351.33325  912.46686 
 359.59058  915.29437 
 617.75037  915.75574 
 786.46234  916.48737 
 261.32791  920.57111 
 442.30386  920.72296 
 348.92642  921.90729 
 451.07764  925.59192 
 326.27188  928.591 
 765.14856  931.32159 
 704.17944  937.06818 
 774.33514  936.98676 
 339.59033  938.02258 
 416.79001  938.49384 
 568.68408  941.60474 
 348.36465  944.28137 
 576.09235  946.10156 
 407.98029  949.20789 
 708.69257  949.36694 
 579.58661  954.22699 
 414.77554  955.05695 
 699.50848  954.60687 
 762.02454  956.14087 
 545.61273  958.62665 
 506.72177  960.36078 
 707.67676  959.75366 
 690.72668  960.88635 
 769.89227  962.52844 
 583.43445  962.85822 
 561.81122  963.83234 
 766.65814  965.05682 
 368.06525  966.12665 
 700.06769  966.13141 
 496.0936  524.48383 
 456.68539  540.42706 
 550.19879  711.46625 
 284.52554  781.61176 
 369.32574  86.101944 
 798.09442  89.488716 
 554.03107  99.352295 
 357.96695  102.12798 
 759.57172  103.70132 
 657.37421  106.25249 
 773.72626  108.48061 
 430.59546  109.38384 
 709.27094  109.58916 
 736.15839  110.66363 
 345.94028  112.16702 
 477.63797  126.96102 
 567.70502  134.55951 
 640.76483  133.39093 
 618.89661  136.72017 
 767.40588  136.44368 
 704.03229  137.44774 
 654.30792  142.64061 
 715.82538  145.02934 
 335.25699  146.94409 
 349.74298  149.9519 
 753.5141  152.3157 
 267.44281  154.8275 
 717.25653  157.4391 
 764.79755  159.63577 
 238.36295  168.32559 
 306.37616  168.90689 
 662.21106  173.18619 
 343.4614  182.52629 
 760.52289  181.29526 
 635.50903  184.4368 
 777.2641  190.08852 
 650.27405  192.86069 
 318.47113  200.22475 
 812.75684  199.64127 
 679.0033  212.80151 
 590.79181  217.64746 
 800.32245  218.3822 
 691.08081  220.53258 
 602.15149  225.19226 
 669.73706  229.91737 
 249.16673  257.90131 
 826.63202  260.78568 
 262.09485  264.70773 
 839.87482  268.06729 
 825.71985  277.73206 
 870.63354  280.61887 
 447.32587  290.49551 
 835.64832  290.20163 
 210.23271  294.26981 
 859.47589  296.6344 
 114.70802  299.44525 
 896.95001  299.15155 
 487.91016  307.66373 
 420.74384  310.22153 
 888.35699  310.66507 
 109.19044  314.75552 
 452.00217  313.86972 
 526.85394  316.16089 
 434.87582  319.9249 
 468.272  319.86163 
 488.50446  322.81143 
 614.22034  322.1347 
 909.3313  326.57281 
 506.48438  330.08945 
 472.89133  333.24844 
 400.32248  333.99252 
 557.15521  336.03635 
 651.47046  335.79785 
 118.78113  337.61514 
 375.54639  337.67996 
 450.01718  337.08197 
 411.35327  339.18497 
 543.59015  340.62653 
 482.71048  344.2702 
 735.45367  345.03427 
 459.41199  346.84708 
 585.37555  346.36249 
 384.34659  349.38541 
 452.66229  352.00323 
 532.78064  351.35574 
 855.51282  351.95114 
 870.96271  351.76865 
 749.06836  353.89191 
 399.94147  356.22464 
 514.95911  359.02032 
 636.12567  358.8801 
 432.8707  359.49628 
 411.27325  367.05521 
 607.16785  365.87399 
 390.82892  367.43951 
 591.6087  374.25687 
 422.5744  375.32318 
 402.74335  378.75812 
 882.92169  379.13766 
 654.69385  382.83514 
 615.37347  383.22232 
 898.48047  384.60788 
 277.67117  390.83694 
 103.08678  393.85852 
 467.04834  394.95984 
 635.54724  394.10815 
 342.21051  395.63724 
 391.40265  397.21481 
 667.23431  399.56134 
 295.50735  402.45059 
 875.78571  402.17181 
 917.78943  401.60812 
 367.19449  404.32648 
 892.2077  405.53668 
 907.73486  405.97061 
 929.80487  408.9556 
 349.35486  411.64096 
 654.45508  414.15115 
 361.89438  421.5589 
 640.71057  423.46777 
 297.83749  425.13333 
 311.55096  428.82922 
 322.24686  432.55695 
 443.78574  432.94055 
 568.73712  432.63748 
 680.13354  431.94421 
 666.44031  439.25488 
 692.33221  440.20465 
 331.79138  443.58426 
 422.30603  444.81833 
 304.19693  448.01273 
 289.65353  451.42648 
 340.65414  453.14224 
 664.18109  453.90704 
 651.99713  468.97385 
 321.2431  471.08987 
 325.7037  474.44852 
 265.6449  478.76257 
 676.1076  480.10565 
 280.56857  484.69199 
 610.03925  486.29922 
 692.49927  486.89499 
 264.354  487.42474 
 316.27142  489.58548 
 282.9248  497.63803 
 300.49261  502.06662 
 713.24603  501.94693 
 260.87772  504.1395 
 749.00525  505.21448 
 470.77481  512.30096 
 682.81433  514.12866 
 734.98804  514.32678 
 694.69141  518.54041 
 707.63611  517.8866 
 308.94727  519.93982 
 317.80832  532.04633 
 529.6084  536.65662 
 560.68634  537.93347 
 488.36185  539.16357 
 305.10831  545.02313 
 616.10358  543.67651 
 704.14655  547.2395 
 505.05124  549.36517 
 734.27649  549.77655 
 684.91248  561.82892 
 287.14734  567.03143 
 323.69299  567.69873 
 699.01398  567.84412 
 415.78845  571.43079 
 719.7041  575.7865 
 741.43048  576.37622 
 751.4494  582.27667 
 690.95715  584.76929 
 87.530357  585.3446 
 659.43646  585.96997 
 608.03516  589.2583 
 704.16583  590.07849 
 734.6637  590.96338 
 324.1528  594.32037 
 718.88483  594.30768 
 105.81337  596.6283 
 273.02805  598.86383 
 619.69073  597.37915 
 747.47803  597.37476 
 889.39471  604.33698 
 286.10226  605.16431 
 680.74188  607.40479 
 731.59393  607.71594 
 310.61392  610.48029 
 337.85562  622.45044 
 675.40302  615.71014 
 390.71512  623.61517 
 696.28918  623.12549 
 899.22162  629.85974 
 910.86829  633.5155 
 553.01788  636.71088 
 612.72034  636.33801 
 572.53308  637.7019 
 701.56677  638.96448 
 747.32391  638.47797 
 300.93295  638.97961 
 275.24274  642.4209 
 352.90265  641.50562 
 877.52393  643.177 
 719.34393  647.58954 
 291.66757  651.75067 
 679.77484  652.94763 
 319.48282  653.44916 
 647.82611  656.36163 
 870.5304  657.59735 
 332.13382  662.44482 
 885.5401  661.87738 
 660.88928  662.8078 
 128.36804  666.41315 
 485.15903  666.71606 
 675.93817  670.07178 
 359.12933  672.60504 
 633.83826  673.93372 
 862.341  674.37579 
 693.26416  678.14819 
 340.51743  682.12073 
 875.12  682.64923 
 92.051239  684.44397 
 620.56433  685.15424 
 497.68314  688.16498 
 644.34106  687.15302 
 371.76837  691.52557 
 602.34558  693.48877 
 865.76605  693.79883 
 418.92181  698.32532 
 619.17316  699.65417 
 323.8028  702.55505 
 129.18536  706.63983 
 382.79688  706.3764 
 551.82654  706.13708 
 576.90106  707.13361 
 631.10284  708.86786 
 101.64358  709.75891 
 408.66125  709.85339 
 859.96637  710.35126 
 432.23346  711.42542 
 595.8869  711.59235 
 347.35709  715.86127 
 561.16034  715.99603 
 872.52814  715.84229 
 521.47974  718.97131 
 525.75104  714.21515 
 168.69043  720.47681 
 545.19604  720.3916 
 498.48422  721.75757 
 258.82092  724.86676 
 468.28049  726.00305 
 852.19073  728.86786 
 136.07083  729.21625 
 454.0871  732.70319 
 527.74219  732.67169 
 388.0434  734.67041 
 428.04675  734.0517 
 479.50363  735.01056 
 597.43048  734.93799 
 161.03329  738.21997 
 864.3009  741.68158 
 851.22504  740.23102 
 206.1978  751.5426 
 439.13528  751.25659 
 475.21255  751.547 
 456.89557  754.29352 
 219.16086  758.27142 
 862.22241  761.60162 
 623.10791  767.32007 
 325.28726  772.37164 
 594.31458  775.09393 
 844.12482  775.34888 
 487.6785  780.89362 
 338.50879  783.03662 
 854.68384  783.13202 
 500.1319  787.60077 
 830.18317  794.68854 
 843.974  794.04565 
 478.57257  795.99756 
 195.78781  813.68323 
 809.94781  821.97479 
 353.73499  823.23578 
 824.12183  824.64703 
 818.76013  835.32831 
 790.79321  836.45996 
 342.29013  840.75958 
 452.67825  842.36487 
 350.49576  852.19849 
 471.99966  854.41241 
 304.99164  860.38538 
 337.81122  859.47601 
 739.54535  868.81842 
 469.53357  875.1571 
 790.58362  882.0813 
 571.40594  885.18695 
 730.47845  889.57953 
 749.4939  889.1839 
 485.17749  891.8894 
 761.58112  896.59259 
 263.80109  916.46338 
 614.31653  915.578 
 441.32434  917.56641 
 760.28088  930.45197 
 726.8028  119.35989 
 477.59738  126.22314 
 766.89838  136.06792 
 333.19498  145.99072 
 717.45349  151.51704 
 764.21442  159.74657 
 643.52972  161.70287 
 236.69125  165.71147 
 663.17554  171.30551 
 351.79178  178.67511 
 759.49292  182.0219 
 633.21802  182.98692 
 777.94269  190.3165 
 651.09637  194.02481 
 678.96259  211.06656 
 590.35931  216.45909 
 692.7912  221.54678 
 670.94122  231.00029 
 823.7334  259.26697 
 264.42523  265.32004 
 826.18744  276.91138 
 447.65292  288.39838 
 840.17096  291.05215 
 434.02234  319.79538 
 487.33905  320.71716 
 613.30963  321.88586 
 506.2868  329.60782 
 450.42984  334.58826 
 555.15826  336.98288 
 732.30286  343.86429 
 484.43094  346.3598 
 385.543  349.97693 
 493.67371  350.00436 
 853.10089  351.65988 
 873.45361  352.63885 
 455.21292  354.38062 
 750.96704  354.35629 
 535.4104  355.5744 
 633.86169  359.23264 
 391.69116  365.89969 
 590.55444  376.42542 
 403.84894  377.30655 
 423.36194  378.33798 
 617.24414  381.65869 
 655.37683  382.71118 
 899.31085  389.12186 
 278.58835  391.50235 
 346.01602  392.04095 
 468.32706  393.92645 
 636.74573  395.68045 
 389.28635  398.1488 
 340.27582  400.10776 
 874.50067  398.94653 
 365.95386  402.6741 
 293.67224  405.95096 
 656.8255  415.94379 
 636.58069  422.31137 
 294.8472  423.48108 
 365.05527  424.35947 
 440.85483  430.11813 
 348.04129  446.66177 
 325.69437  445.30313 
 287.55124  451.16541 
 663.50037  456.90704 
 338.05856  458.50064 
 318.56415  470.31262 
 331.44754  481.26501 
 672.30957  481.10016 
 262.91266  483.52231 
 693.57587  484.14816 
 608.6084  487.41861 
 283.03751  492.36472 
 632.41064  498.72284 
 299.79849  506.47552 
 478.80762  506.49023 
 714.54089  506.54578 
 749.05798  506.50928 
 322.55234  513.2171 
 730.28491  514.92255 
 493.47064  518.72101 
 319.03568  530.46094 
 486.38089  541.07385 
 302.84174  548.98346 
 700.27155  548.21893 
 504.27365  548.99536 
 735.08704  552.15466 
 313.4928  556.75732 
 681.68744  560.30139 
 323.99176  566.67078 
 289.35553  566.84314 
 701.82678  567.42517 
 417.80408  570.94647 
 657.56635  586.677 
 717.84778  593.03461 
 608.30267  588.76556 
 686.22156  588.19019 
 735.99255  589.64709 
 323.90033  592.42224 
 624.03967  601.2337 
 339.8266  604.15106 
 891.49261  603.55115 
 287.12546  605.35565 
 732.26782  607.34686 
 698.40698  619.01373 
 572.97241  635.54785 
 354.97867  638.633 
 746.5423  639.93628 
 701.19635  641.87781 
 879.61572  644.13501 
 718.74609  647.30328 
 645.25201  654.15533 
 332.25766  662.0022 
 658.64288  661.11578 
 867.1944  664.85156 
 678.13763  670.0498 
 630.73138  674.12408 
 359.91376  676.18188 
 694.42902  677.66467 
 497.44077  689.35828 
 643.30591  689.76959 
 600.68365  693.39624 
 866.04065  693.04443 
 616.37335  696.09546 
 449.67499  700.12695 
 325.12592  702.21667 
 550.71326  703.87128 
 619.36377  703.23157 
 132.36024  705.67175 
 384.70325  706.76575 
 577.51788  705.828 
 633.10907  709.14099 
 405.59021  711.00201 
 428.27652  710.79834 
 346.78412  715.51593 
 598.28912  715.25391 
 871.7749  717.78442 
 497.22919  719.77106 
 551.38062  719.63232 
 544.53625  721.08588 
 259.06351  724.77155 
 469.17358  724.42902 
 167.73366  727.73029 
 382.41608  732.76215 
 851.90601  732.0343 
 451.59329  733.48517 
 480.65549  733.82312 
 525.22131  736.60675 
 456.29037  754.43488 
 476.15048  753.85889 
 220.7704  758.85858 
 593.94104  775.47205 
 844.03278  775.78119 
 484.54248  777.84082 
 499.73288  788.14923 
 827.32355  795.36151 
 197.73029  812.76062 
 805.49426  820.73645 
 353.72446  821.66486 
 823.7644  829.22156 
 340.04971  839.90729 
 453.28183  841.6936 
 795.65875  842.03198 
 471.2103  852.47864 
 351.46103  855.68982 
 303.73508  858.67371 
 738.14899  869.31622 
 468.91879  875.73419 
 791.12195  880.79974 
 747.92963  887.16101 
 350.0719  173.26489 
 650.91956  194.60934 
 840.56543  260.66571 
 224.96886  285.01477 
 433.50497  313.45789 
 457.04803  324.78552 
 509.39447  327.93527 
 559.91071  337.61395 
 379.18094  349.95779 
 482.93723  348.03336 
 750.24005  353.26218 
 639.68799  356.77631 
 460.17352  358.61652 
 585.57013  378.8941 
 616.63135  378.22668 
 657.73438  381.84729 
 474.7189  391.69714 
 391.2796  400.70883 
 364.4967  402.49768 
 627.73022  407.38187 
 296.0965  412.55798 
 658.12305  419.45673 
 328.45969  423.27127 
 435.57053  428.93704 
 356.62897  434.34738 
 336.57654  466.34921 
 662.00305  466.49179 
 695.1842  478.83676 
 282.92029  492.20007 
 471.78271  500.39813 
 295.20529  513.17499 
 321.86853  528.35956 
 295.56573  544.1723 
 511.96817  549.17566 
 675.01215  550.63568 
 706.0202  559.95984 
 327.27957  566.9317 
 285.87961  568.51495 
 319.36462  590.15082 
 620.56635  604.22858 
 672.44519  609.13019 
 702.68103  612.77118 
 322.58386  631.65845 
 363.1702  643.1217 
 623.68188  664.79517 
 361.35468  680.3421 
 496.12399  678.94141 
 591.52478  684.94232 
 651.19061  683.96832 
 604.37482  687.18079 
 576.69354  698.83392 
 572.35107  702.12415 
 515.83728  708.27606 
 544.83124  721.17236 
 600.38086  718.00647 
 525.20105  740.75574 
 455.56494  743.57568 
 478.89624  767.86121 
 353.30496  815.60394 
 821.77344  827.64294 
 469.62485  354.22736 
 615.89563  374.40039 
 580.95593  388.63745 
 622.37262  412.63141 
 660.11749  421.44382 
 360.48132  440.27798 
 307.55066  462.02054 
 336.40976  470.60648 
 661.81592  470.75223 
 320.75803  480.77615 
 454.00381  495.54782 
 321.55493  528.75427 
 671.34033  541.45953 
 324.00452  550.06012 
 711.63245  554.56671 
 320.73779  590.85492 
 674.72144  604.60388 
 709.13  614.24799 
 362.4426  638.38251 
 496.19482  676.06189 
 572.74103  684.54865 
 654.48907  683.64136 
 513.81079  715.62665 
 608.60266  720.0592 
 464.44888  361.36063 
 365.8154  445.03696 
 451.60223  503.11075 
 661.47021  602.61145 
 363.33167  623.41943 
 610.41034  655.75714 
