 447.84238  48.037468 
 454.17896  51.691658 
 968.16327  57.571075 
 399.16025  59.695244 
 607.31879  61.331768 
 662.19617  62.204212 
 417.86255  61.914532 
 481.12402  65.485626 
 365.17505  65.693314 
 967.71637  65.27533 
 354.18091  66.2798 
 418.13879  69.18222 
 469.09531  67.961258 
 368.44522  71.402946 
 596.94678  76.405319 
 337.01486  81.203125 
 505.492  84.555977 
 513.47046  85.096039 
 446.14655  89.291565 
 461.91525  91.439285 
 453.73212  96.181389 
 482.70428  97.156326 
 389.27124  105.09055 
 453.45877  104.84718 
 890.78448  104.57213 
 442.71109  105.96757 
 512.36987  107.39557 
 403.46231  109.3496 
 891.08472  109.18612 
 396.50223  109.74524 
 668.90509  110.686 
 964.78662  112.00153 
 511.47928  113.13889 
 389.32367  114.74099 
 337.86832  115.32233 
 321.89911  119.1115 
 341.56183  120.00877 
 519.4245  122.85107 
 605.17365  122.62472 
 713.03186  123.15676 
 574.7572  128.25101 
 524.63727  130.22218 
 191.71887  135.62239 
 526.93878  138.42117 
 592.56354  145.4733 
 585.62128  148.35191 
 822.76611  148.9991 
 848.10956  154.49887 
 282.30267  160.09811 
 584.88654  164.62032 
 691.57153  166.70461 
 809.77161  170.88416 
 809.6936  178.41895 
 866.63574  178.14723 
 581.09436  178.05235 
 876.39203  179.57237 
 772.16608  181.46133 
 733.13837  182.90314 
 868.61676  184.26651 
 758.96387  184.92274 
 219.28328  186.08017 
 669.19672  185.63823 
 720.61401  186.02007 
 354.65463  189.10867 
 164.16168  192.02466 
 722.33331  193.99001 
 668.45581  194.9617 
 826.46539  196.04419 
 224.10472  196.6472 
 781.13843  198.66006 
 782.73737  204.22438 
 867.10168  202.63695 
 567.74677  207.97975 
 697.84515  207.43477 
 776.97571  209.37758 
 903.95892  209.42752 
 846.0896  210.14281 
 778.34424  214.62801 
 200.82529  219.16165 
 858.98761  222.95226 
 186.6088  225.8999 
 202.85684  225.54462 
 789.19873  227.23315 
 862.32629  227.18149 
 160.73642  228.33514 
 662.21484  233.23943 
 775.38965  233.6524 
 234.11307  233.9126 
 780.10272  237.3262 
 153.77255  237.54173 
 662.6499  237.74992 
 801.97406  236.55556 
 135.21628  239.94981 
 798.10315  242.01236 
 782.5354  243.34299 
 156.88599  244.35565 
 172.05823  243.61308 
 860.02814  244.61588 
 108.39497  248.15533 
 61.518936  250.98988 
 83.21991  252.37936 
 166.92433  254.25722 
 172.58255  256.82486 
 874.11792  257.70712 
 80.045631  260.48169 
 476.00354  260.98569 
 834.97833  261.02451 
 116.80193  262.21786 
 169.98625  262.24106 
 494.32397  262.27139 
 532.7193  263.08344 
 554.27173  267.98334 
 817.40533  268.64368 
 836.18774  270.02414 
 495.80121  272.62625 
 486.42941  274.6535 
 817.48041  274.19562 
 459.26425  275.27429 
 422.04303  280.23792 
 869.56396  280.31897 
 134.25291  281.70172 
 379.845  283.74707 
 914.92493  284.34048 
 446.16162  290.84619 
 377.58902  293.49658 
 903.07465  295.07407 
 917.5976  294.59689 
 438.46658  296.61035 
 510.53284  298.08136 
 403.27408  300.58902 
 884.57813  302.85464 
 442.0127  303.99692 
 816.25378  304.04172 
 409.10281  306.77634 
 471.06943  307.04755 
 492.71436  306.38873 
 522.5921  308.28525 
 677.07739  309.97717 
 857.38348  309.83655 
 473.85031  312.76151 
 567.42206  312.13687 
 401.32172  312.87802 
 520.73022  314.29294 
 127.93099  313.78571 
 668.66968  316.29007 
 497.96863  316.81656 
 322.88568  319.82007 
 882.33173  318.24332 
 395.99265  320.29434 
 492.24423  320.25742 
 635.51654  320.45001 
 140.28784  321.41855 
 532.67365  320.74969 
 542.84381  320.61761 
 668.08099  321.94489 
 840.79059  321.65674 
 116.91891  322.67746 
 147.75906  325.79697 
 637.79382  326.42554 
 884.09888  325.73254 
 490.59933  326.72672 
 582.9165  326.1976 
 531.7923  328.64218 
 301.81818  330.92349 
 640.18921  331.62613 
 324.96677  334.42068 
 584.41486  333.82965 
 274.01508  334.54214 
 483.63525  334.31073 
 494.50909  333.24203 
 605.36401  334.93375 
 434.99594  336.1037 
 366.08044  337.36136 
 463.8129  338.04581 
 445.68652  336.61307 
 477.33282  338.40253 
 488.36407  338.60452 
 499.75452  340.31708 
 61.378059  339.90659 
 432.99451  339.7547 
 502.09067  340.2764 
 439.92706  342.32245 
 510.19977  339.99902 
 518.56964  340.49707 
 312.3154  342.22681 
 327.42929  341.81024 
 364.57202  343.3205 
 518.026  343.97006 
 576.92596  344.12732 
 596.46448  343.50851 
 613.80664  344.25961 
 290.46173  345.63742 
 415.19296  346.3111 
 512.78381  345.56195 
 406.32669  347.09891 
 525.57721  347.20129 
 886.58978  346.8743 
 876.83014  347.9007 
 86.141609  349.08209 
 333.40115  349.2084 
 420.69485  348.44287 
 520.02039  348.85825 
 350.09036  350.16843 
 387.89249  348.62534 
 529.133  351.49466 
 320.38394  352.44159 
 862.01489  351.78656 
 257.80148  352.51141 
 535.20502  354.12823 
 542.14099  353.34927 
 606.20239  353.42224 
 655.04993  352.53076 
 300.33844  354.38083 
 94.702904  355.87589 
 384.15271  356.73593 
 854.02747  355.77277 
 550.34943  357.09155 
 556.84253  356.38968 
 543.85303  359.07227 
 898.78168  360.271 
 376.04553  361.15775 
 553.42719  361.67007 
 562.67542  361.77322 
 103.08575  364.49695 
 565.95929  366.62558 
 581.745  369.47989 
 114.51666  370.06995 
 364.86462  370.31998 
 572.70068  370.46561 
 355.37604  370.50504 
 649.98053  371.8559 
 853.45428  375.27792 
 591.74292  375.39493 
 355.53674  377.77707 
 134.8278  385.70001 
 611.53662  386.10001 
 892.16705  385.92224 
 241.42062  386.67831 
 865.71844  386.99078 
 617.67163  390.93542 
 649.0946  392.92841 
 338.22589  392.57669 
 74.062408  394.85944 
 183.56676  395.36667 
 256.43637  395.37234 
 627.88007  395.16281 
 862.59039  397.05078 
 339.68185  399.33887 
 330.89807  400.62024 
 182.52985  403.37949 
 97.012215  403.53922 
 629.09338  406.34241 
 664.2392  408.95602 
 266.40204  411.73566 
 279.27689  411.20557 
 318.74338  410.81589 
 945.94031  410.79523 
 637.34875  411.86459 
 326.1116  412.66461 
 633.54706  415.78604 
 945.8017  416.22263 
 307.53815  416.88345 
 860.53723  418.65475 
 319.6366  419.59351 
 411.43195  420.87027 
 575.93146  421.51749 
 642.20782  422.09717 
 275.20258  422.17062 
 314.71997  422.93353 
 857.40009  423.76376 
 902.58746  423.28412 
 281.43509  426.42398 
 307.13232  425.58316 
 866.36804  426.48715 
 696.82574  427.43558 
 313.74524  430.30008 
 903.51044  430.43338 
 918.56274  430.50705 
 794.93903  432.04623 
 780.35327  435.328 
 875.85712  435.1456 
 788.52502  437.59238 
 786.25238  437.16461 
 51.342079  441.83499 
 276.31842  440.7648 
 796.88477  440.86435 
 892.9693  441.41809 
 919.63123  440.21768 
 137.80902  446.14587 
 147.99782  448.67978 
 796.16583  451.05276 
 293.31274  451.22836 
 647.67657  453.06586 
 147.36418  454.37271 
 785.69739  452.70917 
 869.53937  454.15802 
 362.79587  454.86194 
 266.17596  455.32648 
 651.17419  457.2876 
 295.27182  459.10501 
 362.44781  460.24265 
 287.55838  462.75775 
 705.01764  462.87671 
 654.09363  465.229 
 291.59705  466.40698 
 841.01086  466.68341 
 849.15021  468.88385 
 240.06181  468.17804 
 291.44891  473.84891 
 443.74677  475.77469 
 237.34485  477.46838 
 656.23145  479.8132 
 288.2099  481.2948 
 443.22864  482.45508 
 887.83655  486.43228 
 286.27225  486.57755 
 658.74359  488.18567 
 471.64221  487.06897 
 570.7854  489.87906 
 288.65463  491.8042 
 185.7357  494.03134 
 906.85962  493.33826 
 470.81491  494.99716 
 477.77942  495.43231 
 964.13544  496.68674 
 482.47586  496.77896 
 659.0058  497.73434 
 675.63879  499.35733 
 963.66132  502.03757 
 104.44981  503.51755 
 468.54706  502.95123 
 492.98135  503.14374 
 501.11676  502.55603 
 150.02165  503.61081 
 288.2738  503.93558 
 258.5979  505.49731 
 474.88101  504.88431 
 173.88542  505.04669 
 658.53778  507.29514 
 104.4762  508.93988 
 281.71802  508.89978 
 456.24054  508.88806 
 834.09186  511.79492 
 842.51685  510.81119 
 917.49591  510.25183 
 109.7993  510.8374 
 132.47079  511.2822 
 477.52362  511.17261 
 438.29596  512.7392 
 831.02997  512.79346 
 179.26553  514.21405 
 284.87939  514.15527 
 657.74628  515.12415 
 451.09866  513.89484 
 227.36844  516.01752 
 273.85617  518.2381 
 144.85876  518.52521 
 476.47974  518.72144 
 483.05789  519.06775 
 983.54962  519.40021 
 230.11665  520.63348 
 452.64539  520.55493 
 466.35617  521.23145 
 437.90848  522.36041 
 284.68549  522.70667 
 658.93536  523.24438 
 593.98016  525.32159 
 243.00427  525.11517 
 143.51872  525.18201 
 462.52887  525.99414 
 276.50015  526.56958 
 439.24188  527.74731 
 457.05276  527.8996 
 598.95837  529.92596 
 676.61804  529.99109 
 833.21289  529.69055 
 838.45441  529.92822 
 90.922356  531.57928 
 462.12115  532.09192 
 655.33948  531.82343 
 685.7439  532.00513 
 143.75002  533.66583 
 962.88727  534.19354 
 482.92197  534.78064 
 284.4649  534.60687 
 602.51343  536.00659 
 274.45267  536.84448 
 91.31292  539.31378 
 281.24704  540.29834 
 961.00946  540.56689 
 650.83386  541.17725 
 482.07404  542.78857 
 949.22711  541.66943 
 99.896149  544.66425 
 486.43042  545.21399 
 600.47998  543.95959 
 657.51025  544.29718 
 108.07275  546.24841 
 950.11523  549.12714 
 213.15587  547.69348 
 946.73181  548.79449 
 284.97559  549.98364 
 685.17218  550.03461 
 647.61664  550.75226 
 107.32281  553.70941 
 928.8103  550.98602 
 936.06342  553.24097 
 492.10336  553.66547 
 212.89526  555.9574 
 282.17572  557.25928 
 499.95035  560.27368 
 923.4613  561.35681 
 660.83575  566.52374 
 286.01328  567.5083 
 685.94183  569.25128 
 276.35046  570.57916 
 347.14725  571.35626 
 976.85614  571.85333 
 494.19858  573.03723 
 285.08594  575.10095 
 641.21716  574.93854 
 896.71979  577.1723 
 69.455605  578.7464 
 276.92923  580.39081 
 644.21027  582.25861 
 285.49146  583.13611 
 362.66806  582.25085 
 772.49115  582.79974 
 896.54834  583.62286 
 253.97197  583.60858 
 343.61316  583.54675 
 71.913803  586.20337 
 78.562027  586.34601 
 648.3681  588.82855 
 774.90625  588.08936 
 893.4798  588.56177 
 640.73743  589.06287 
 901.9801  590.0694 
 247.99524  592.224 
 264.55811  592.66595 
 286.27969  594.60754 
 638.16187  594.58044 
 736.51965  595.87457 
 285.92291  601.81042 
 296.2764  602.84985 
 269.89908  606.98242 
 294.72397  607.94159 
 300.60223  608.85114 
 633.19385  608.83716 
 283.20273  611.755 
 293.47174  613.23151 
 300.33658  615.51672 
 409.85468  615.22272 
 277.9147  616.28296 
 636.13605  616.88843 
 894.69373  619.3374 
 299.99728  621.08087 
 306.87607  621.24182 
 663.54492  621.36163 
 922.64398  625.38831 
 306.50174  627.55902 
 729.51575  630.29413 
 233.78838  632.8761 
 923.80328  633.28064 
 178.47836  633.47791 
 748.22314  633.62543 
 321.61288  636.03235 
 250.06586  636.74701 
 313.78677  639.65045 
 478.43842  639.27368 
 297.37628  640.00989 
 751.00372  640.90588 
 765.20093  640.88947 
 326.4837  642.51874 
 250.27419  645.09332 
 330.7869  643.14478 
 337.99551  645.43121 
 747.20795  643.79578 
 65.946777  645.91565 
 252.92636  646.96692 
 764.09515  648.04071 
 606.23114  648.17902 
 331.4158  650.18719 
 65.027252  653.42065 
 338.24948  651.61035 
 175.31665  657.11908 
 597.10614  656.19257 
 949.67108  657.97412 
 339.71149  659.05457 
 587.42633  659.92273 
 347.01694  661.29834 
 353.64911  661.17163 
 107.23183  661.9986 
 362.84958  662.61725 
 938.98553  665.12274 
 347.48999  667.73853 
 354.28513  667.32782 
 369.48395  668.51453 
 876.22522  667.08539 
 107.18996  669.10895 
 234.2005  669.42572 
 894.04504  668.71277 
 685.84039  671.23419 
 882.34064  671.92969 
 827.23999  671.81995 
 931.99652  673.00159 
 226.50024  672.05756 
 358.73804  671.06403 
 339.72885  673.2536 
 846.98163  674.28687 
 912.85065  673.88678 
 87.158073  674.66968 
 151.15468  676.16058 
 226.89845  679.16675 
 570.89807  678.26813 
 366.07486  679.44623 
 883.67657  679.53833 
 370.87192  681.21722 
 154.11853  684.5675 
 368.11557  687.68005 
 378.52768  686.78741 
 147.94006  690.15192 
 379.33789  693.14551 
 386.3876  692.67859 
 626.00885  694.52209 
 907.20081  695.36871 
 96.144218  695.51678 
 544.62354  696.7041 
 522.63879  698.10388 
 538.95233  697.21539 
 287.93097  698.97736 
 388.91586  700.12872 
 397.92139  699.71838 
 415.47488  705.93915 
 320.9556  708.34082 
 514.01367  707.51105 
 407.75034  708.8299 
 527.96619  709.5578 
 332.87088  710.65161 
 860.06921  710.59869 
 437.79092  711.23358 
 500.35608  714.07532 
 831.74084  714.35468 
 608.76227  714.86438 
 63.30975  714.89038 
 380.65649  716.30127 
 452.99124  716.05481 
 479.7532  715.23218 
 872.34698  715.95313 
 618.75085  719.51538 
 307.02411  720.26166 
 672.21088  720.87628 
 64.906013  722.68237 
 291.26114  722.33154 
 391.20779  721.42303 
 586.62469  723.60651 
 873.85254  722.67419 
 869.67633  726.6203 
 422.18021  728.04926 
 122.14598  731.61224 
 871.172  731.9425 
 567.2218  732.84448 
 549.24365  733.1153 
 497.02051  735.23395 
 105.88103  736.87262 
 872.81189  737.64502 
 568.73431  739.00311 
 664.1272  738.90387 
 436.3988  739.40668 
 498.88593  741.27069 
 545.58252  740.37354 
 532.6925  742.63135 
 484.24295  743.69092 
 560.9538  743.55829 
 871.1792  744.76837 
 860.9024  745.47797 
 790.98126  746.54169 
 551.81305  749.36938 
 484.00159  749.45544 
 493.60492  749.10016 
 537.64008  749.88916 
 551.04596  753.1037 
 857.59625  757.21558 
 505.82004  757.33417 
 552.85797  760.88855 
 830.10345  762.38568 
 274.11969  765.34479 
 120.64209  775.50342 
 500.64395  778.40765 
 573.32764  781.10358 
 779.59369  782.50189 
 153.14369  783.84875 
 540.78943  784.27893 
 765.23511  785.33844 
 130.55505  786.22083 
 502.04819  785.79767 
 147.67442  787.38983 
 573.07025  787.41956 
 152.65845  790.08093 
 239.10638  793.96442 
 240.25055  801.22614 
 146.17326  806.69611 
 198.87019  810.07953 
 244.97731  812.31659 
 138.17738  813.28137 
 135.06865  815.13159 
 795.66345  820.07837 
 795.06561  828.28571 
 133.81961  830.24792 
 446.92969  834.03973 
 124.86408  840.15936 
 242.52844  857.63605 
 111.50008  865.09845 
 174.35176  866.21985 
 823.81238  864.41864 
 138.95462  869.87433 
 271.241  870.78687 
 828.815  870.94818 
 266.664  877.17737 
 781.77539  886.44415 
 223.37894  889.04688 
 343.57678  888.84149 
 773.09113  889.27032 
 828.06342  891.11774 
 600.20673  891.92725 
 302.22568  893.8963 
 707.1062  893.05023 
 223.79239  895.91785 
 186.98152  896.51208 
 195.83521  896.51392 
 276.38339  897.28235 
 182.36621  897.61633 
 214.52391  897.13629 
 563.8974  899.05951 
 600.08716  899.98883 
 708.97699  901.01672 
 147.1993  900.51971 
 760.4093  900.69049 
 551.66931  903.38129 
 214.99658  905.50854 
 601.0365  906.58167 
 196.68752  906.35016 
 310.72415  906.58942 
 206.1653  910.26752 
 622.9259  909.14325 
 554.24072  913.15167 
 635.55609  910.97174 
 545.16754  912.19464 
 588.50873  913.5246 
 480.79834  915.25964 
 514.34515  915.79535 
 466.43231  917.02942 
 665.51233  916.22266 
 623.53345  917.45648 
 638.3678  916.6546 
 290.83533  917.28033 
 713.29248  918.26575 
 506.15839  919.39618 
 483.10461  921.72675 
 498.5376  923.38055 
 668.51111  923.25848 
 592.52844  923.09015 
 638.0744  922.71411 
 659.65332  922.0531 
 291.53061  925.95502 
 717.41852  923.73175 
 340.68567  924.50122 
 594.68634  924.82715 
 285.51465  926.80328 
 466.7865  927.00763 
 506.31308  927.46033 
 660.86853  930.28662 
 342.81421  932.39423 
 377.31924  934.23303 
 717.43811  936.10748 
 431.66254  937.4068 
 310.67386  939.04871 
 319.31772  938.02087 
 437.28461  939.86774 
 459.73184  941.16992 
 228.58783  941.33496 
 583.22565  940.82428 
 469.935  939.95862 
 417.09097  945.54419 
 268.72528  946.28864 
 315.55862  946.47821 
 698.35095  948.42163 
 430.10431  948.43707 
 403.93637  949.67072 
 652.78448  953.80188 
 725.64056  953.59888 
 390.06396  954.3327 
 400.41266  955.2887 
 698.07751  956.77887 
 283.2439  956.96027 
 235.9518  957.15271 
 258.67032  957.31854 
 695.30072  958.08405 
 242.91483  959.73621 
 311.27612  959.50525 
 661.92487  959.9964 
 725.15118  962.30316 
 296.91953  964.64355 
 351.48544  966.11017 
 450.88248  966.84662 
 347.25546  966.81885 
 345.06885  974.95117 
 716.04297  977.32483 
 504.92856  986.27673 
 714.5882  985.62604 
 620.9632  52.018406 
 448.19998  55.632263 
 452.17581  58.753601 
 588.62286  59.291897 
 211.99557  62.897499 
 456.98996  79.952446 
 598.29156  83.844765 
 337.16769  88.656975 
 642.38446  95.071625 
 376.71362  99.327301 
 623.99036  99.447105 
 657.27258  107.20077 
 970.53278  110.55908 
 449.14828  111.59399 
 416.06647  115.50304 
 968.18237  119.14266 
 294.11618  134.95171 
 274.72726  140.12434 
 451.19321  144.48981 
 530.41071  145.9037 
 703.06573  162.22916 
 735.34546  163.8463 
 790.83765  169.06395 
 706.75317  172.59431 
 757.51801  177.06662 
 710.17224  180.51122 
 792.81586  181.07909 
 572.03467  185.10774 
 783.31897  186.29745 
 733.64502  191.76855 
 151.13811  192.86708 
 125.70465  194.18471 
 162.73293  200.88443 
 219.3857  210.47527 
 882.37445  209.5894 
 185.15741  218.81349 
 701.88293  218.84779 
 688.76215  222.04147 
 709.08325  226.42636 
 478.76138  227.32086 
 136.8309  230.80212 
 141.91637  238.94641 
 806.92108  243.20224 
 847.60864  244.72008 
 789.32355  250.77536 
 482.4422  253.79497 
 513.25623  261.99902 
 456.43512  268.29715 
 123.25381  273.78714 
 366.79404  275.15649 
 146.59361  277.61032 
 280.19998  283.34991 
 540.50299  287.55267 
 841.50104  291.51068 
 459.17542  291.97711 
 883.00183  295.13586 
 329.84528  299.55966 
 679.2348  299.7305 
 610.59412  301.88123 
 567.97461  303.88559 
 467.37872  305.25208 
 389.77441  305.88028 
 453.49475  306.04987 
 546.80304  309.17645 
 872.25873  309.63596 
 433.59387  311.72046 
 558.03094  312.03253 
 801.74786  311.84125 
 592.97992  312.80579 
 81.992813  313.68979 
 581.52252  314.24066 
 147.99408  317.94244 
 449.32932  319.34869 
 474.75934  320.28754 
 530.59308  320.83881 
 896.67065  320.93765 
 565.31165  322.04077 
 520.97949  323.77704 
 401.55853  328.36502 
 52.725403  329.33789 
 464.59708  329.39905 
 540.5437  328.55658 
 333.64938  332.46616 
 545.13287  335.7569 
 625.05103  337.39716 
 528.61182  340.01776 
 372.81546  342.72278 
 365.62857  351.17197 
 411.05597  352.09521 
 574.79565  353.17419 
 354.94693  355.72241 
 865.79437  359.70651 
 572.02094  361.40671 
 581.37903  360.70383 
 247.68088  365.01382 
 236.03465  366.8382 
 636.15686  367.49023 
 899.97937  367.34387 
 300.21008  368.45569 
 95.019325  369.03589 
 239.55035  374.39145 
 135.12007  376.56747 
 659.6604  377.20844 
 614.89716  378.45148 
 259.87683  379.71445 
 639.17206  388.52402 
 171.01303  391.04651 
 630.98352  396.41196 
 662.39343  396.36465 
 651.95551  401.00812 
 962.64911  402.14417 
 265.29999  403.51196 
 278.69186  402.87244 
 506.82767  406.22052 
 516.19507  408.25403 
 891.76105  414.07581 
 655.14606  418.29272 
 98.991615  421.82504 
 264.54828  423.37762 
 529.89581  422.79807 
 133.68779  427.37616 
 874.75092  427.25629 
 284.77542  428.92377 
 667.75305  431.15909 
 83.990494  433.41663 
 437.51508  433.44897 
 675.87054  432.84317 
 697.79388  434.40829 
 272.37216  436.96735 
 250.18036  438.99802 
 666.08264  439.43826 
 73.570427  441.71463 
 284.94321  442.20947 
 699.80164  442.20221 
 301.68793  446.63797 
 870.04266  445.99994 
 253.54524  447.41913 
 235.76384  454.20999 
 792.03687  454.44678 
 138.58714  455.06375 
 855.00098  456.95892 
 482.04285  459.61014 
 658.4566  459.8233 
 393.125  464.52768 
 604.87726  465.21445 
 897.83484  468.09561 
 747.92896  468.94009 
 249.53833  470.36163 
 282.65677  474.05457 
 144.16991  477.49341 
 277.58984  477.15042 
 845.7583  478.45709 
 247.86388  478.8436 
 861.70978  479.93408 
 751.7998  483.52716 
 785.58936  486.50891 
 942.37305  485.70154 
 802.31079  493.41019 
 462.73236  495.84744 
 85.766937  496.71109 
 571.22815  498.0347 
 915.53162  498.15344 
 801.94269  501.94049 
 832.6687  503.04001 
 786.75177  504.1369 
 70.67205  504.78885 
 80.447121  509.69135 
 464.21835  511.60684 
 958.46106  512.1839 
 365.58997  512.9342 
 55.96907  514.29364 
 91.31427  515.44135 
 153.64223  515.04272 
 899.61627  516.13824 
 76.307373  521.08002 
 259.76849  520.98645 
 957.7204  523.74329 
 703.47089  525.27966 
 113.49023  529.2948 
 476.52893  529.15045 
 380.57678  530.98462 
 79.192482  531.72003 
 244.10394  533.14972 
 146.70583  538.87622 
 47.42749  539.9502 
 979.10663  542.43903 
 355.51691  542.53485 
 493.08752  543.05957 
 118.88284  546.84125 
 138.19658  548.38239 
 714.94653  549.66046 
 356.78271  550.70642 
 234.06737  551.94086 
 256.86108  556.59003 
 465.28656  559.43274 
 712.31671  560.20172 
 925.78693  561.25586 
 42.887131  564.23315 
 704.62787  568.26544 
 907.81299  571.34967 
 253.29048  574.79364 
 677.92664  574.72949 
 59.968567  580.05261 
 775.9613  579.47174 
 265.55386  584.78003 
 751.79395  584.79913 
 907.65912  587.37427 
 658.8833  588.88904 
 341.71848  591.93597 
 361.58301  593.1828 
 572.82227  592.72052 
 334.95633  594.66803 
 669.58868  594.98468 
 644.12274  599.47388 
 894.45441  601.12054 
 410.35199  607.2226 
 530.83008  611.15558 
 896.21783  610.66882 
 231.89745  618.89825 
 931.25684  620.40186 
 625.05151  621.91309 
 219.59807  623.18158 
 518.2373  625.04401 
 228.46077  627.15222 
 653.71112  627.57007 
 669.45343  628.99506 
 756.43024  629.79803 
 625.15869  636.69641 
 160.52237  637.98523 
 415.33969  638.30524 
 134.84868  644.83856 
 477.16275  648.73419 
 331.19943  656.71094 
 633.39465  661.64844 
 866.26947  661.90894 
 600.54834  663.50134 
 160.02133  663.96741 
 928.57605  664.37128 
 437.00003  666.42456 
 578.84863  667.99384 
 640.52655  667.75916 
 853.37329  671.91394 
 900.43463  672.68079 
 859.03577  673.61499 
 612.60254  675.99396 
 642.59515  676.35815 
 581.64417  678.77637 
 874.71771  679.37225 
 145.55118  681.42682 
 501.05862  683.40723 
 346.3255  689.87891 
 847.24591  690.0235 
 862.15588  702.17657 
 567.16986  702.63977 
 593.70245  702.46991 
 539.92566  705.92523 
 826.02075  707.26648 
 524.60858  710.75635 
 306.09705  712.41748 
 741.6803  715.97681 
 634.24762  716.68402 
 441.96341  721.00549 
 455.15207  722.89874 
 527.06653  723.26544 
 500.13736  725.18158 
 624.77362  727.60052 
 575.49689  729.32666 
 87.189453  732.83203 
 375.97241  734.26788 
 456.539  733.7309 
 488.61362  735.68268 
 807.66205  735.89539 
 513.66724  736.84497 
 123.51939  737.85748 
 115.59052  740.87732 
 352.85901  747.57294 
 781.67804  748.12732 
 813.3941  747.69672 
 475.79813  748.88654 
 528.1651  750.04614 
 201.75159  757.59668 
 519.14325  758.37311 
 808.29315  757.65753 
 442.52765  758.50983 
 537.46014  758.53296 
 790.0415  758.6828 
 840.72198  763.05176 
 859.87549  766.02106 
 482.32901  766.81299 
 125.26003  769.23224 
 810.68292  772.20093 
 508.21002  774.86609 
 109.41908  777.18152 
 798.5697  777.76392 
 151.36725  781.23468 
 800.31073  788.81659 
 759.34186  789.94629 
 491.97363  791.19714 
 774.41748  791.89117 
 148.28943  797.26044 
 189.0018  803.32288 
 139.92921  803.65436 
 778.28448  807.05951 
 136.7458  851.16565 
 830.51111  852.78235 
 146.57756  860.28851 
 129.55902  867.82117 
 163.67735  870.77258 
 168.61949  873.22913 
 552.23547  877.24207 
 785.67139  876.71863 
 712.4682  880.33423 
 303.09155  886.07977 
 536.92609  885.99475 
 728.55365  888.02228 
 278.60434  889.32281 
 714.70215  888.95886 
 742.64502  888.88733 
 602.60736  891.02527 
 591.85474  895.68292 
 344.5849  897.05414 
 804.78955  898.61469 
 729.85797  900.25708 
 741.62152  899.70367 
 290.47116  901.00391 
 575.65845  901.08484 
 206.36884  902.09381 
 532.51349  901.79462 
 636.64935  903.66882 
 761.21448  908.20514 
 573.48059  908.59326 
 547.00427  920.05475 
 352.84232  920.54504 
 382.02518  929.93127 
 480.32849  930.69244 
 497.93451  933.33167 
 649.94263  934.42371 
 447.30038  939.11816 
 329.04059  939.52423 
 392.62701  942.90985 
 717.93878  943.3457 
 470.57263  948.3692 
 352.92737  949.44128 
 447.86209  948.62305 
 414.92267  956.03198 
 428.38593  956.55536 
 451.69547  958.17694 
 322.68051  959.63409 
 229.26132  962.45984 
 235.67554  965.24829 
 714.09332  965.56183 
 447.84164  47.305988 
 368.34738  72.171249 
 446.32861  89.041885 
 482.75729  96.381775 
 443.29907  106.35571 
 511.86508  106.80727 
 511.37357  113.46352 
 341.93854  120.70071 
 605.18738  122.36441 
 591.86768  145.34712 
 866.97455  177.62729 
 783.15741  204.45795 
 845.36267  209.13942 
 903.57623  208.89395 
 778.60809  215.47725 
 187.1449  225.62648 
 789.85175  227.06895 
 863.84607  226.69365 
 796.99396  242.94371 
 156.98558  244.23537 
 172.10753  243.76576 
 860.22278  244.98317 
 476.94131  261.66779 
 446.66406  290.5365 
 521.50708  307.74072 
 857.27826  309.14313 
 498.26456  317.06659 
 491.85727  319.95007 
 117.50799  323.13287 
 668.13977  322.96997 
 640.68896  332.16766 
 604.20032  335.05008 
 488.48792  339.28961 
 414.79709  345.8129 
 512.86951  346.23148 
 525.97302  347.33194 
 421.57077  348.74615 
 529.88147  352.31406 
 543.12891  359.60965 
 898.00836  360.06296 
 554.99054  363.37927 
 616.99475  390.54993 
 338.37228  391.9465 
 92.679138  401.66296 
 638.05493  412.22525 
 411.41595  420.96085 
 642.57367  421.61749 
 857.36926  424.58176 
 779.79022  434.84302 
 876.00378  435.04401 
 148.19038  448.05157 
 147.47931  455.14526 
 647.61066  454.36453 
 295.20941  459.16342 
 362.38776  460.64215 
 284.01462  463.5134 
 443.42889  483.04144 
 471.58072  496.84003 
 467.79196  503.3241 
 288.1196  503.90201 
 492.341  503.69833 
 475.49518  504.81934 
 278.97229  509.49066 
 476.4657  511.1329 
 452.4928  520.6239 
 467.15732  521.2439 
 658.3952  522.4577 
 438.96893  528.53107 
 460.32031  531.20062 
 595.16821  527.64655 
 654.83752  531.71423 
 658.11359  541.87689 
 280.88916  540.70642 
 936.82672  553.83368 
 285.31934  566.39496 
 285.50073  575.24585 
 644.1629  581.91174 
 71.494942  586.22821 
 638.14386  588.96912 
 248.5228  592.31085 
 294.83908  607.89252 
 291.77203  617.20618 
 278.14542  617.18243 
 307.19955  620.21991 
 339.41656  651.65564 
 347.19095  660.96613 
 357.23035  669.23566 
 107.22073  669.86194 
 847.03839  674.32361 
 884.56573  679.38104 
 906.36078  694.64246 
 96.189125  695.5481 
 522.27936  699.96942 
 405.09686  708.34589 
 566.73553  732.66327 
 497.29037  734.53223 
 873.05774  737.70538 
 828.97681  762.64948 
 119.76554  775.49646 
 573.64056  780.87543 
 765.36395  785.02234 
 573.10199  787.51367 
 778.03186  794.09534 
 134.36143  830.03638 
 223.27592  888.36115 
 147.86855  900.59918 
 310.6756  905.34387 
 638.4425  917.1994 
 229.9537  940.43445 
 404.15863  948.72638 
 450.4686  58.341019 
 399.87997  59.105038 
 587.75909  59.440006 
 418.49133  60.478577 
 212.30698  63.046093 
 353.21777  66.056595 
 363.23993  66.043442 
 480.46136  66.366379 
 418.97845  69.501938 
 464.27255  72.790565 
 597.33026  75.654152 
 337.16183  80.797195 
 337.09174  90.142143 
 453.49841  95.045914 
 644.22485  94.916046 
 377.62454  99.127258 
 623.76038  99.905617 
 390.27698  105.13592 
 453.71994  104.55573 
 656.65796  107.50657 
 395.59442  108.20229 
 449.18259  112.15079 
 336.83362  115.13646 
 389.22672  115.50076 
 321.52588  120.06113 
 667.06635  126.12003 
 524.72113  129.94337 
 294.51965  134.28702 
 191.55437  135.59081 
 282.89023  136.71681 
 275.02658  140.46713 
 507.91147  142.24525 
 531.72058  147.15616 
 481.32602  148.94304 
 821.67621  148.78708 
 848.0636  154.40042 
 282.06195  159.53142 
 584.54498  164.24324 
 733.41083  165.18428 
 693.48279  167.80498 
 790.92273  169.93027 
 582.70361  176.76241 
 757.91272  176.68948 
 810.05847  179.06902 
 772.68188  180.85228 
 792.96326  181.10652 
 709.97668  181.99834 
 733.03973  182.4337 
 669.0611  184.54787 
 219.19788  185.8913 
 720.54578  185.60208 
 782.52722  186.19395 
 868.40515  185.63651 
 798.49231  190.0322 
 151.04881  192.0079 
 163.7603  191.77008 
 733.57245  192.65382 
 124.55702  193.92587 
 668.87787  195.00771 
 723.10687  195.00912 
 681.40491  196.86781 
 164.24532  202.01421 
 866.89606  202.67787 
 697.13556  206.72865 
 567.54315  208.40334 
 220.00528  209.46338 
 883.68732  209.39568 
 871.83997  213.48528 
 180.98666  217.27219 
 199.92908  218.20534 
 211.97639  217.91563 
 689.98865  220.83943 
 151.79228  224.98628 
 709.27057  226.26143 
 159.61565  228.35222 
 136.4919  229.34314 
 234.69572  233.25626 
 801.89819  235.06923 
 153.22629  237.20721 
 134.50285  239.35205 
 782.26105  243.70648 
 805.91455  244.58897 
 848.20276  246.02103 
 62.569969  249.90273 
 82.528282  252.01707 
 166.13199  254.00943 
 482.4119  253.81085 
 80.774307  261.04712 
 835.25256  260.72269 
 117.31599  262.05014 
 169.85062  262.58667 
 531.36011  263.25238 
 94.851021  265.87851 
 456.08313  267.41571 
 836.4223  271.30664 
 122.50896  273.37296 
 486.25034  275.04337 
 816.51782  274.92389 
 367.72498  275.68274 
 145.54651  276.9884 
 868.8493  280.68854 
 134.43633  281.79816 
 280.6575  283.76294 
 380.30841  283.60138 
 402.354  289.28781 
 463.9054  289.9783 
 813.51904  289.8671 
 841.60596  291.55334 
 882.18628  294.43912 
 377.68185  294.55972 
 438.34467  296.1098 
 902.44458  295.65552 
 510.05234  298.23285 
 330.48401  299.83844 
 403.8063  301.19742 
 442.95386  304.18494 
 884.53058  303.94623 
 467.42075  304.62848 
 452.79727  306.15439 
 492.70407  305.48877 
 388.68378  307.92841 
 545.49518  309.45322 
 512.48596  309.45914 
 872.13977  309.95874 
 802.47638  310.69513 
 433.34995  312.17517 
 568.19995  312.14844 
 125.49321  312.95032 
 472.40027  313.00803 
 557.17267  313.36603 
 519.42969  314.47873 
 582.17554  314.79044 
 882.50079  317.25085 
 449.86893  318.39929 
 482.06934  317.9693 
 396.27112  319.27905 
 323.53961  319.78433 
 543.16998  320.02393 
 530.284  320.50595 
 840.30035  321.41376 
 140.46072  321.58353 
 566.66931  322.96188 
 504.47031  325.37897 
 146.97946  325.85205 
 581.84583  325.87637 
 400.78  328.68872 
 463.87814  328.91949 
 531.25061  329.58163 
 301.47095  331.02228 
 496.44162  331.12759 
 594.93494  331.43359 
 334.00168  332.72321 
 438.40805  333.24203 
 273.83469  334.01797 
 484.34958  333.62524 
 434.50684  335.81137 
 545.75549  335.62564 
 462.98743  338.49176 
 625.11786  337.9722 
 476.6532  338.62244 
 533.6972  338.58054 
 560.06281  339.46698 
 61.045418  340.41391 
 510.90817  339.63449 
 518.83435  339.82596 
 499.96005  341.01819 
 280.21301  342.64218 
 373.27811  342.85266 
 440.4881  342.92422 
 596.04297  343.2341 
 576.02448  343.83682 
 291.18472  345.22025 
 386.99075  347.48514 
 876.97064  347.71609 
 85.956726  348.90848 
 332.81216  349.84076 
 862.77747  351.30267 
 257.35892  352.1333 
 366.96445  352.68475 
 574.09863  353.34894 
 654.83893  352.53882 
 397.39801  353.74637 
 533.81445  354.02673 
 624.711  354.24597 
 300.59128  354.84833 
 852.76166  354.52258 
 556.4613  356.36597 
 382.59164  357.36172 
 571.95227  360.08984 
 866.2804  360.17416 
 583.35254  360.69736 
 103.38884  364.19989 
 249.59741  363.80142 
 635.90576  367.37756 
 899.9873  368.49515 
 288.19357  370.49493 
 300.79129  369.48315 
 354.12479  369.87469 
 365.94293  370.45053 
 582.03528  370.32242 
 572.54193  370.84525 
 650.4245  372.112 
 63.802586  373.57788 
 134.82057  375.33661 
 239.90431  375.05594 
 591.99347  375.66779 
 852.17847  376.5806 
 615.62689  378.41058 
 660.43341  378.10056 
 261.85403  380.444 
 354.84341  379.62909 
 604.13672  383.29352 
 134.85495  386.17932 
 241.63118  386.32578 
 865.29358  386.298 
 611.89063  387.17984 
 639.19672  388.44983 
 170.06113  391.13129 
 265.16623  391.76483 
 649.85449  392.15659 
 74.451561  394.48972 
 183.70642  394.32025 
 631.29047  396.30429 
 662.47388  397.14413 
 862.52112  396.84357 
 330.52737  398.65915 
 340.61469  400.25598 
 169.69032  401.37845 
 278.33228  401.70026 
 645.76184  402.34094 
 962.9353  402.28024 
 264.48248  403.08289 
 183.45467  404.00537 
 507.48376  406.37057 
 628.42352  406.46909 
 862.69214  407.15915 
 317.30252  409.90295 
 279.10568  411.35873 
 265.95047  412.96838 
 892.54938  412.91754 
 655.45251  419.27603 
 919.48859  419.94934 
 99.448578  421.36017 
 574.80432  420.88229 
 275.70508  421.79919 
 315.40234  421.48816 
 677.13251  422.04575 
 902.67316  422.31781 
 529.58203  422.5629 
 263.92767  423.86697 
 308.35147  424.9343 
 649.5647  425.14709 
 875.83679  425.57269 
 134.26569  426.51422 
 634.78766  427.42096 
 283.97913  429.14896 
 918.09833  430.13309 
 902.03717  430.78732 
 313.85944  431.90845 
 674.15436  432.68359 
 659.68298  436.44186 
 250.9928  438.2804 
 274.4411  439.3316 
 789.52356  438.49609 
 889.83069  440.50735 
 920.15875  440.07111 
 285.29572  440.96194 
 72.567596  442.02844 
 264.4343  444.24796 
 137.47276  446.34229 
 302.60635  446.41986 
 868.93622  445.90881 
 253.15331  448.55652 
 293.4292  451.16809 
 235.83745  452.28143 
 786.86572  452.33585 
 137.87901  455.17651 
 265.26175  455.32376 
 870.24457  454.55545 
 857.14392  456.5 
 900.40613  457.85791 
 481.46167  459.28125 
 659.80542  458.87738 
 274.84146  461.30722 
 787.77527  462.37524 
 704.64301  462.54416 
 394.18857  464.07321 
 605.33234  465.39941 
 840.5426  466.02399 
 337.99969  468.25812 
 250.18381  469.78629 
 748.4212  470.27643 
 281.59857  473.86438 
 443.58279  474.97583 
 278.32809  475.90918 
 843.41351  477.4924 
 237.27855  477.6637 
 248.69168  478.67862 
 863.21344  478.78842 
 656.17761  480.20978 
 707.4729  479.7778 
 288.17752  481.11786 
 590.80566  484.245 
 751.3515  483.52295 
 472.51505  485.67401 
 785.51007  486.4187 
 888.47455  486.1813 
 177.70476  487.9541 
 943.45984  487.70953 
 571.05646  489.25089 
 700.83252  488.58871 
 802.48383  492.38834 
 906.19611  493.42194 
 185.81064  494.6781 
 482.90375  496.07736 
 85.434525  496.91516 
 916.34399  499.48343 
 674.90143  499.61304 
 832.88629  502.01624 
 802.40729  502.55246 
 70.474243  504.30948 
 260.71707  504.42105 
 150.13913  504.64874 
 173.73975  504.74881 
 187.29631  505.84753 
 232.35201  507.02435 
 658.25024  506.55597 
 752.32922  507.25491 
 80.987839  509.31177 
 916.85675  510.3093 
 131.81961  511.16885 
 958.24457  511.19467 
 364.77133  511.9523 
 464.33295  511.7124 
 707.75397  512.59375 
 835.34894  512.58752 
 821.02185  513.62946 
 92.310738  515.22614 
 152.84435  515.20306 
 657.85681  517.0567 
 900.50232  516.43024 
 272.95184  518.0921 
 260.65921  519.2475 
 476.27097  519.50049 
 78.479149  520.7793 
 143.1653  524.90533 
 241.5666  524.46912 
 703.52924  524.7691 
 275.01022  527.24774 
 113.27115  529.41699 
 475.95663  528.82306 
 675.19153  529.30597 
 837.63507  528.69525 
 78.384544  531.54022 
 91.647858  530.60614 
 685.86646  532.46643 
 931.82813  532.91412 
 244.43483  534.22394 
 284.99472  533.83325 
 484.07904  533.98096 
 144.74538  535.72052 
 258.62494  536.12207 
 603.59686  536.14117 
 125.37306  536.79913 
 91.569397  540.24713 
 948.64056  541.41693 
 356.00156  542.16199 
 494.16483  542.21362 
 482.67987  543.69696 
 600.07806  544.19507 
 107.87093  544.99475 
 119.52767  547.0567 
 214.05873  546.79504 
 137.87537  548.31305 
 695.16724  547.88678 
 284.3559  549.41266 
 646.41803  549.52692 
 685.88379  549.69312 
 715.57678  550.26648 
 928.37274  550.42267 
 949.93701  549.91113 
 107.20177  554.15485 
 213.5634  557.02625 
 258.23303  556.55951 
 466.69824  557.68927 
 499.91263  560.638 
 926.35858  561.40039 
 660.15985  565.65704 
 276.48123  569.32379 
 704.17029  568.89404 
 907.33673  570.03668 
 346.85516  571.42688 
 266.24353  572.18243 
 495.52707  572.93207 
 251.63071  574.64124 
 640.85187  574.83673 
 677.57281  574.54938 
 69.172592  578.41083 
 276.68799  580.19653 
 59.777199  580.5636 
 343.55872  582.35791 
 363.33929  581.88293 
 286.21631  583.47412 
 699.64362  582.98895 
 253.93288  584.06921 
 894.35614  584.84808 
 679.19342  587.28998 
 774.79547  588.64154 
 905.61011  588.69257 
 649.7171  589.80841 
 360.99747  592.27777 
 572.10492  592.21509 
 264.12802  593.0127 
 338.18066  593.52753 
 669.7157  595.15997 
 894.38123  600.19403 
 645.87524  600.70215 
 285.13947  602.07117 
 270.05725  606.36273 
 596.49402  605.94269 
 410.92694  606.57843 
 632.77301  607.38617 
 895.27386  609.69043 
 409.56967  615.63116 
 514.78967  615.70831 
 636.19586  616.55322 
 232.69305  619.03717 
 624.25793  620.40192 
 894.54901  620.01263 
 909.65741  620.19012 
 645.83209  622.16199 
 921.98309  624.38239 
 518.58905  625.24194 
 306.64096  627.14996 
 652.91327  626.74402 
 670.30615  628.99109 
 729.27826  629.24713 
 231.93216  630.18439 
 316.31079  629.66144 
 753.95465  629.92853 
 882.46869  630.85504 
 294.82776  631.50305 
 178.2504  633.0495 
 923.19824  634.35242 
 322.23853  635.23889 
 250.17941  635.77472 
 415.4689  636.75995 
 648.82306  638.18805 
 160.01454  639.13538 
 478.08084  639.48212 
 766.15234  639.383 
 313.59723  640.12866 
 329.93332  642.12518 
 748.93518  643.0863 
 65.487297  645.27802 
 134.56856  644.58746 
 250.57925  645.52063 
 606.53345  647.10071 
 78.831871  647.85583 
 415.58957  648.59534 
 763.76678  649.43549 
 331.26328  650.43243 
 476.62323  649.52551 
 63.806927  654.32178 
 596.49884  655.39917 
 176.4418  657.06812 
 610.08374  657.5976 
 949.72601  659.07477 
 339.7272  659.95978 
 107.39937  660.75043 
 866.23486  662.45605 
 160.43916  663.84534 
 602.44482  663.90607 
 927.47461  664.36755 
 938.88989  664.49963 
 347.71405  667.29266 
 437.77283  666.8985 
 579.48541  667.45642 
 874.61261  667.14886 
 369.00809  668.95258 
 135.07112  669.52155 
 226.112  670.8175 
 883.82031  671.22638 
 339.63635  673.19086 
 857.79041  672.75604 
 901.26685  673.8017 
 932.03455  673.70197 
 613.26874  675.39221 
 643.2807  676.65802 
 366.98981  679.46106 
 571.26184  678.53375 
 582.14911  679.13348 
 874.52637  679.11139 
 226.61174  679.85126 
 154.07446  684.46741 
 501.7836  683.63806 
 609.55804  686.38397 
 379.75339  686.823 
 149.12889  689.30237 
 367.28281  688.47559 
 847.31708  689.06256 
 347.21619  690.61444 
 386.59784  691.86346 
 586.83148  691.57629 
 539.79254  696.56824 
 398.89047  699.8764 
 388.13663  700.62274 
 860.89923  701.18848 
 565.93884  701.85144 
 593.5954  702.8609 
 344.61746  703.38196 
 415.74695  705.89612 
 539.76587  706.48956 
 825.67542  706.70776 
 332.22131  709.98572 
 400.35742  711.12488 
 437.56946  710.96533 
 524.77814  710.75372 
 859.4798  710.8064 
 64.202736  713.85632 
 499.60928  713.9198 
 832.68683  714.3938 
 426.94595  714.99127 
 480.26263  714.56976 
 607.64105  714.73627 
 873.97168  714.71478 
 380.72272  717.29755 
 544.29535  717.27356 
 619.005  719.29041 
 308.44174  720.39307 
 390.755  721.36499 
 671.93439  720.98639 
 441.43872  721.7608 
 65.397369  722.9743 
 290.78745  722.55786 
 526.32458  722.99207 
 587.29071  723.11536 
 499.48715  725.11951 
 422.79227  728.08691 
 624.56708  728.76752 
 575.68976  729.64441 
 547.70184  732.22235 
 88.125435  732.69818 
 376.71939  734.15015 
 456.38791  733.57617 
 487.29404  734.67017 
 584.84283  734.89459 
 105.05075  736.83032 
 807.17468  736.70154 
 436.85318  738.07813 
 569.19287  739.20563 
 664.28076  738.90283 
 545.12469  740.15625 
 499.01343  741.42505 
 529.70074  741.21228 
 286.58365  743.24164 
 330.73883  742.88873 
 91.536873  743.93909 
 483.80045  743.86871 
 860.43225  745.03448 
 871.6521  745.08765 
 790.69397  746.84393 
 814.67981  747.21576 
 352.70718  747.46576 
 447.45306  747.89276 
 476.31018  748.18768 
 551.63177  749.52026 
 529.9516  750.35004 
 538.06934  750.1651 
 652.3642  750.19702 
 202.49852  757.29492 
 519.91724  757.15637 
 442.68304  758.39569 
 504.19232  757.99188 
 537.2345  759.00879 
 789.44269  758.51416 
 552.93805  760.37762 
 840.97614  762.23224 
 860.2486  765.94916 
 481.77087  766.61792 
 545.65228  768.22931 
 126.29166  769.0932 
 852.49292  771.15686 
 466.3938  772.68402 
 508.47644  773.84631 
 810.60736  773.50885 
 109.58554  776.61371 
 798.57892  776.65021 
 501.87936  777.724 
 152.26964  780.41138 
 778.78528  782.66797 
 503.61398  785.60675 
 130.27299  786.35638 
 151.32481  789.35895 
 799.68652  788.84961 
 760.03375  791.68671 
 238.82976  793.12213 
 147.38254  797.18884 
 239.37762  802.01917 
 146.66382  806.12305 
 780.21796  806.42773 
 198.8968  810.18091 
 135.53497  814.66455 
 795.55237  818.77209 
 794.93237  828.55872 
 124.2273  839.57642 
 137.08432  851.3559 
 830.53595  852.38745 
 242.07854  857.19177 
 146.03123  860.14539 
 823.12018  862.43671 
 111.74661  865.0838 
 829.1731  870.12903 
 140.10133  870.5686 
 165.63701  871.4314 
 784.77844  876.16614 
 266.34323  877.91022 
 162.20602  885.05109 
 183.20941  887.51892 
 782.49237  886.659 
 343.85138  888.49542 
 728.73291  887.89661 
 716.32648  888.76904 
 742.86456  888.8786 
 602.9386  891.02661 
 828.08301  890.69916 
 100.95787  891.62482 
 706.2149  892.70422 
 301.17224  893.95624 
 591.50403  894.79047 
 185.69858  896.32056 
 196.55487  896.02979 
 790.04901  896.32526 
 212.70653  896.93909 
 224.01031  896.50415 
 182.20146  897.70392 
 277.37732  897.65228 
 804.99255  898.74402 
 563.71558  899.52716 
 577.7298  900.31604 
 729.56055  900.17499 
 741.99078  899.67865 
 759.07983  899.79144 
 206.58142  900.63696 
 291.10956  901.55157 
 551.01703  902.26569 
 637.04065  902.34827 
 708.62659  901.66376 
 531.07776  903.59631 
 215.28627  905.93317 
 196.59062  906.64307 
 600.85919  907.85309 
 622.05878  908.75714 
 760.65112  908.83319 
 205.7511  910.40546 
 635.84381  910.65222 
 554.32172  913.6283 
 588.22314  913.45496 
 514.97778  916.3205 
 529.33368  915.91284 
 289.80194  916.64154 
 466.58682  916.56921 
 713.21655  917.42743 
 421.04245  918.43329 
 622.25635  917.99371 
 547.00604  920.43158 
 353.07501  921.09979 
 479.40045  921.25946 
 659.02631  920.56042 
 341.24457  923.13116 
 498.29895  922.67175 
 592.58716  923.4248 
 668.83429  924.83514 
 288.52249  926.77942 
 466.79767  927.17822 
 516.68396  928.29523 
 506.20242  929.0918 
 379.79819  931.23853 
 480.44409  931.41241 
 659.61188  930.62891 
 773.37512  930.89539 
 343.15302  932.526 
 498.1846  933.3573 
 376.57632  934.492 
 454.62891  934.05139 
 647.98627  933.99786 
 412.49954  936.34723 
 318.78342  936.54218 
 432.95969  937.94 
 329.3555  939.48773 
 448.83627  938.57538 
 470.02026  938.70599 
 386.06781  941.29767 
 459.56891  942.28937 
 391.75571  942.75677 
 718.3075  943.92725 
 260.00775  946.09711 
 315.37988  946.40839 
 366.25211  945.67957 
 417.83151  946.3324 
 380.19397  947.19086 
 430.69278  948.31476 
 697.742  947.7959 
 352.77823  949.36005 
 449.53009  948.85309 
 471.03027  949.36243 
 329.33118  950.12122 
 725.10028  952.87378 
 389.77872  954.35992 
 652.21246  954.0968 
 236.00128  955.80603 
 415.73428  956.45837 
 259.24277  957.01428 
 282.89978  956.77039 
 312.02426  957.29108 
 428.63434  957.56433 
 697.01526  957.53143 
 453.43805  958.70227 
 725.5697  962.83856 
 234.49016  965.45227 
 713.66998  964.51685 
 347.74219  966.49664 
 123.43828  325.90067 
 337.54825  390.17194 
 147.80234  454.99243 
 442.53043  483.64487 
 475.27609  509.68008 
 340.74872  649.98138 
 449.26428  89.604996 
 379.6326  98.01181 
 393.26682  104.30644 
 655.04724  108.20153 
 681.69867  127.39691 
 294.84311  130.84636 
 276.86346  139.28362 
 532.63605  146.94109 
 583.13367  162.9133 
 921.95923  164.59192 
 689.53186  168.05989 
 787.4248  168.12906 
 757.88318  173.42148 
 583.84869  177.11914 
 771.76282  179.30708 
 723.16669  181.44054 
 791.73798  181.39462 
 218.74486  186.23473 
 156.05617  189.99661 
 667.88287  193.82994 
 727.78882  195.63052 
 864.62085  199.52728 
 695.37976  206.28329 
 218.66989  207.84242 
 868.39301  216.63672 
 135.50098  226.22624 
 117.04486  230.63979 
 135.0379  239.8515 
 803.16711  245.74023 
 850.4444  247.92592 
 481.95425  253.35036 
 118.23875  260.81927 
 481.19421  274.12048 
 134.99323  282.88599 
 379.09744  282.2262 
 401.88254  287.26633 
 463.07288  288.13239 
 391.1416  291.51401 
 436.02615  294.50186 
 810.48907  294.82397 
 375.90625  296.15466 
 511.83163  297.82098 
 119.39163  300.50787 
 466.68567  302.09006 
 402.80908  303.26657 
 446.37253  305.38727 
 392.41022  311.77316 
 512.06653  311.62189 
 578.84949  311.50311 
 468.8277  313.12589 
 142.66228  324.14334 
 463.62274  326.91357 
 571.63019  325.93246 
 397.33023  329.12393 
 500.56323  327.07669 
 593.60626  330.79218 
 435.06537  331.86816 
 475.08093  338.6174 
 515.18091  337.56412 
 623.94452  337.47864 
 459.30954  339.26639 
 559.38422  340.40863 
 497.46576  341.4632 
 573.3385  342.302 
 385.61969  344.82962 
 434.98813  336.29663 
 594.22089  344.11642 
 426.69589  346.72867 
 873.18835  347.02252 
 334.31473  350.15088 
 654.3103  350.69827 
 402.84494  352.28391 
 299.89392  353.85861 
 621.19995  354.10455 
 362.48843  355.54803 
 535.18103  355.84863 
 570.40436  356.92816 
 556.00073  357.18936 
 380.26273  359.15753 
 357.423  360.53091 
 636.43286  366.12149 
 300.90506  368.23456 
 569.26068  370.64517 
 134.51421  372.18817 
 589.51361  373.36896 
 615.47992  376.02255 
 849.47638  376.41019 
 263.34192  377.35715 
 353.63263  382.0296 
 604.59216  384.81619 
 135.05103  386.81058 
 630.16083  394.12317 
 659.75323  394.73755 
 263.78561  396.4848 
 329.83658  395.37326 
 279.51483  398.07254 
 646.3678  401.94638 
 183.69685  404.32425 
 508.39471  405.70032 
 625.51337  407.74313 
 527.95398  419.12708 
 573.07343  419.79816 
 275.81995  421.388 
 311.19751  421.77286 
 648.65491  421.73895 
 873.71185  422.03891 
 916.08539  428.85989 
 671.65204  432.30704 
 274.09778  436.29416 
 788.88898  438.33307 
 886.80359  439.78607 
 918.6272  440.35211 
 628.42999  442.70004 
 302.99054  445.06046 
 235.66129  448.86411 
 254.75319  449.95132 
 788.74329  451.96869 
 262.07428  454.1749 
 644.85052  455.03018 
 885.45734  455.89108 
 658.66626  459.26431 
 840.11127  460.15558 
 395.38376  463.61835 
 278.53033  466.73312 
 337.6629  467.89633 
 668.66211  468.02185 
 235.71123  476.54199 
 839.91394  477.46219 
 863.08234  477.92819 
 472.6376  482.43848 
 175.94511  486.1828 
 915.4964  496.27063 
 469.89856  497.80432 
 675.20673  498.15598 
 173.35051  502.41129 
 261.82126  502.59781 
 459.55856  510.2392 
 914.09119  510.353 
 90.982651  513.33765 
 709.88245  511.01974 
 817.98364  512.0033 
 837.33856  512.07465 
 653.86835  517.216 
 904.39874  517.39502 
 240.32774  520.948 
 271.45285  526.88715 
 669.39423  526.38562 
 836.59497  526.82825 
 592.18744  527.36499 
 286.72223  529.37762 
 458.27936  529.58063 
 125.35931  534.30713 
 145.7328  535.60461 
 106.52264  540.1416 
 657.80872  542.98181 
 481.70264  544.48419 
 926.90112  546.76385 
 119.23183  547.37915 
 282.2742  548.00781 
 689.14606  548.39532 
 714.92462  550.31171 
 107.3921  553.53638 
 260.64767  555.21637 
 926.15344  560.23334 
 658.64783  565.04315 
 904.8504  567.76849 
 346.81934  570.68542 
 496.89496  572.32648 
 251.00017  573.94067 
 677.91425  576.75067 
 274.50931  577.59216 
 635.79736  584.90765 
 287.16299  586.05573 
 905.96722  585.85974 
 566.63391  589.72345 
 258.8212  591.24524 
 651.05414  592.26935 
 335.53912  593.07471 
 669.83582  595.34778 
 284.86212  600.06732 
 268.05234  605.2533 
 306.86758  612.33997 
 634.98547  614.76678 
 407.58661  615.28967 
 601.71661  616.77661 
 620.65991  619.70715 
 893.30212  620.10065 
 648.01996  622.66156 
 916.14032  622.33673 
 519.35529  623.31683 
 751.99164  627.51459 
 231.71153  630.28845 
 320.01822  629.50629 
 178.7312  631.22394 
 249.58455  631.3136 
 416.71805  632.94672 
 476.12646  638.88049 
 647.35736  637.78784 
 311.26904  640.36151 
 749.49457  642.47919 
 604.78711  643.84546 
 250.2587  645.20947 
 330.71237  651.23621 
 474.20435  652.77271 
 178.55121  654.05823 
 108.64594  658.52332 
 606.36371  660.5423 
 159.17859  661.77625 
 869.78296  664.22339 
 437.54175  666.47467 
 578.31934  666.34418 
 357.6265  669.02618 
 854.27856  671.69971 
 579.81641  678.5224 
 868.86456  679.32672 
 504.25244  681.99188 
 152.51443  683.50433 
 382.83109  686.21973 
 604.89606  686.96985 
 848.51636  686.32281 
 363.55408  689.79401 
 587.69312  689.4433 
 537.72339  691.92969 
 859.03699  696.4115 
 399.29294  698.0368 
 344.66992  702.73096 
 385.52466  701.93756 
 560.71625  701.54663 
 414.50925  704.11914 
 437.92673  707.0517 
 521.12329  708.67169 
 539.93921  707.72485 
 496.90549  710.95648 
 855.55817  710.26086 
 874.34509  710.49738 
 481.20282  712.34351 
 604.27423  711.33063 
 425.58951  713.6015 
 383.69449  718.69623 
 619.56573  718.31262 
 308.13715  719.76837 
 409.8873  719.69299 
 439.06271  721.7851 
 523.83057  722.94061 
 469.25296  725.05121 
 543.48511  728.96289 
 573.15851  729.11041 
 489.38458  731.94165 
 455.80441  732.99011 
 804.83038  734.89246 
 527.01837  737.19379 
 439.05334  738.37396 
 329.15149  741.0813 
 857.29657  741.93469 
 480.13467  744.66217 
 871.93365  744.16132 
 553.03235  748.18829 
 813.70514  748.11719 
 537.64691  749.18494 
 521.13342  755.66168 
 442.04495  757.52533 
 553.19489  759.12909 
 537.83856  762.93518 
 480.12085  765.11621 
 855.27869  767.51904 
 506.13959  771.26758 
 794.97345  772.31128 
 110.01986  774.70239 
 152.71768  776.79144 
 772.93542  776.80981 
 128.97084  783.81549 
 502.67557  784.48572 
 797.52917  788.39893 
 778.67041  793.38556 
 149.14146  806.27905 
 783.08984  806.41486 
 196.79388  807.61786 
 133.43478  813.57196 
 793.29071  814.09003 
 136.25217  827.61987 
 792.76563  827.89856 
 828.01208  851.4856 
 142.78439  854.87097 
 109.99274  863.61163 
 829.35345  867.32391 
 140.42252  869.646 
 162.89531  869.94031 
 781.68762  871.19916 
 159.79991  883.84503 
 780.85632  885.55695 
 603.6994  890.67615 
 716.40442  889.61609 
 299.38742  892.69214 
 181.08069  895.1853 
 205.76476  895.17529 
 223.40401  896.26813 
 276.75143  895.60748 
 787.76025  898.1106 
 808.39111  898.00214 
 547.96167  900.42291 
 563.78937  899.52563 
 706.89838  899.37726 
 731.7121  900.03656 
 529.31744  901.75507 
 201.72153  907.9809 
 287.57513  911.7688 
 586.05872  911.50214 
 712.46124  913.34106 
 514.37506  915.10016 
 529.05499  916.85962 
 551.40631  915.48987 
 657.63434  915.53076 
 497.31  918.51514 
 477.80847  919.92035 
 352.81577  920.76056 
 588.40631  923.5589 
 286.16562  925.86255 
 466.75076  925.46063 
 666.00598  926.16125 
 375.23776  930.07312 
 497.9751  931.7088 
 409.95599  934.01538 
 432.13297  936.35901 
 609.17322  393.41837 
 344.86942  649.40369 
 294.54462  129.34706 
 584.0498  179.43904 
 724.35474  179.63092 
 770.92712  179.74899 
 218.272  187.14868 
 863.11688  198.94185 
 702.27533  212.48616 
 119.2355  229.04501 
 851.77832  248.67406 
 482.51007  255.24203 
 478.27402  273.99478 
 137.3094  284.50293 
 463.51736  285.05887 
 393.8306  289.66544 
 435.4465  292.91562 
 811.77539  293.95309 
 396.02527  309.48932 
 507.90689  311.59012 
 480.77811  318.62964 
 459.86166  322.92114 
 138.65213  326.30997 
 571.93378  325.67249 
 128.94893  327.97665 
 433.45694  329.6618 
 393.73346  331.64722 
 516.64771  333.63651 
 465.79248  343.60223 
 450.52826  340.18378 
 475.11618  339.52072 
 562.11255  340.13919 
 498.51202  342.0752 
 428.51221  346.09741 
 871.51697  347.42987 
 656.52966  350.19409 
 336.66739  352.58173 
 359.05447  354.66873 
 396.08969  353.98856 
 532.83856  354.93146 
 621.3371  354.36777 
 557.98608  357.91528 
 381.13663  360.30829 
 302.41443  370.17096 
 569.32623  371.11209 
 589.17157  372.41644 
 617.2876  374.62006 
 849.75916  375.76764 
 355.15903  384.26633 
 602.89581  384.58493 
 135.43134  388.20169 
 330.13522  392.91904 
 262.44571  396.39954 
 647.32404  399.94614 
 184.23024  404.25653 
 625.61676  411.10822 
 327.64948  414.70978 
 529.2688  415.3342 
 574.23901  420.31165 
 649.95154  421.93475 
 584.69055  431.54968 
 274.64478  436.97467 
 789.88171  437.74667 
 306.96252  442.55472 
 235.51741  446.8374 
 862.84082  455.92981 
 642.00928  458.05884 
 839.60248  457.4115 
 661.46838  463.02768 
 396.40161  465.15152 
 668.70996  467.06039 
 275.64438  468.48572 
 235.8506  475.12189 
 864.987  478.63519 
 839.72998  479.27539 
 262.20914  504.27252 
 457.00558  509.9238 
 709.16553  510.46494 
 816.99811  512.25989 
 838.71277  511.48724 
 238.57518  514.86615 
 651.36823  518.20001 
 268.47385  524.91815 
 836.7594  528.4585 
 458.91644  529.4624 
 125.19966  531.12048 
 147.63673  534.8407 
 280.39478  544.69019 
 659.70117  543.55725 
 688.72284  547.30292 
 115.58887  551.24347 
 301.56976  556.27722 
 657.38391  567.60059 
 271.97507  576.46503 
 678.43964  576.61475 
 633.87817  581.20801 
 289.27118  585.33282 
 906.44598  587.1463 
 256.54507  590.84369 
 334.47934  593.20764 
 650.06818  595.07092 
 286.78757  601.30963 
 266.91293  607.24847 
 307.18387  609.43396 
 565.93793  614.02325 
 617.51587  620.45538 
 751.38086  624.7218 
 250.30176  627.91315 
 324.42007  629.10107 
 179.87741  631.19977 
 418.84399  632.37659 
 308.17679  639.5578 
 474.80597  639.70947 
 603.57031  642.27496 
 250.02419  645.19873 
 751.0163  645.0885 
 436.36621  648.42114 
 179.95042  651.90936 
 331.77594  653.94403 
 474.03134  658.62158 
 158.28125  660.82697 
 608.11841  659.45056 
 869.82709  661.80194 
 361.79715  669.29089 
 854.09509  671.45569 
 503.29959  680.45288 
 869.55017  680.08704 
 384.17651  684.742 
 537.53656  687.96698 
 599.87628  689.65411 
 850.43274  690.09375 
 362.04077  693.17975 
 413.46573  703.62079 
 556.56097  697.96692 
 388.73605  701.3736 
 438.89951  702.65576 
 516.14313  705.56653 
 601.21594  707.93542 
 490.94775  710.04596 
 541.60168  710.06024 
 427.62769  713.87585 
 439.83972  718.12311 
 617.90192  718.94696 
 307.6387  720.00702 
 408.43533  719.19708 
 569.60059  730.86926 
 493.94998  731.75476 
 804.38654  732.94513 
 441.43448  736.7002 
 527.97601  736.06934 
 478.48898  744.16376 
 538.67578  749.7168 
 814.10529  749.90411 
 522.24982  755.94391 
 442.14871  758.68665 
 479.35629  765.05261 
 855.80511  766.43164 
 503.25412  768.37781 
 774.86627  774.36853 
 502.07571  784.44464 
 793.79749  791.30682 
 790.20551  809.97369 
 131.99916  811.40924 
 145.54295  852.40387 
 781.4848  868.10822 
 139.6064  871.82025 
 781.31299  884.776 
 297.91443  892.15741 
 605.06946  891.81848 
 715.8703  891.38361 
 278.76678  894.51587 
 541.85553  900.87927 
 564.45868  902.36713 
 706.28381  208.49811 
 472.09174  280.62473 
 392.914  283.89313 
 396.46957  309.39871 
 480.22046  314.44238 
 566.90839  320.83432 
 383.70267  330.99414 
 513.37323  336.3461 
 440.14072  343.86365 
 471.61835  344.3764 
 491.03162  343.97119 
 331.68274  350.06348 
 356.13638  353.36111 
 625.55164  350.16064 
 531.026  356.58087 
 383.47028  361.37543 
 357.05106  384.92065 
 327.10284  388.81033 
 604.13379  397.10651 
 527.14819  409.3295 
 577.73981  425.01755 
 651.74237  422.97913 
 306.6669  451.77228 
 271.9061  471.84476 
 668.66888  471.88602 
 482.59662  476.07272 
 837.4389  478.6347 
 645.3175  514.8172 
 461.46259  535.83545 
 661.16998  540.77985 
 691.41663  550.29834 
 644.00098  565.51453 
 679.21521  577.51654 
 264.48572  583.59979 
 341.03226  586.61322 
 647.21399  597.46735 
 253.71019  617.46503 
 321.97052  619.51996 
 607.25946  626.84814 
 750.38275  644.75861 
 179.88542  652.90479 
 330.20831  652.77209 
 468.61942  658.94635 
 611.57513  658.19629 
 368.4201  661.38434 
 384.13892  679.04608 
 539.7132  678.48743 
 359.37842  696.22156 
 433.56329  695.39935 
 413.86911  696.78052 
 488.38785  705.77338 
 547.59814  709.15875 
 411.34744  725.2428 
 500.74951  733.73975 
 785.67371  791.02997 
 436.14929  316.81238 
 369.82593  330.9711 
 428.15445  336.02786 
 412.16534  340.349 
 473.99466  352.07919 
 450.87466  343.78009 
 387.5033  361.2532 
 607.92981  404.26657 
 333.98669  425.05389 
 309.99426  452.18457 
 478.79492  460.74841 
 661.6001  538.53357 
 638.32501  564.32422 
 343.69601  584.39532 
 646.47534  601.14624 
 324.0979  618.90869 
 604.62372  626.08978 
 543.73737  671.17572 
 417.86563  683.53986 
 361.40814  706.34918 
 498.79504  703.23822 
 552.76886  712.29266 
 411.42145  729.64111 
 471.63422  358.48889 
 380.34927  378.8895 
 595.30603  404.57904 
 465.53949  459.61627 
 340.76263  622.50037 
 397.02853  665.97821 
 462.94589  464.52194 
