 888.95209  38.084572 
 815.85431  42.311481 
 816.86816  46.876568 
 529.06287  48.898926 
 350.01318  60.011398 
 369.47171  62.817688 
 376.46445  65.889084 
 521.5412  65.890503 
 524.18756  72.643143 
 405.46954  74.941238 
 394.08078  79.373413 
 342.42734  82.351936 
 323.58728  83.568604 
 598.328  86.793335 
 345.0264  88.097054 
 440.37372  88.211441 
 432.54208  89.53051 
 644.36023  91.137505 
 292.52817  94.736053 
 756.24164  97.948853 
 280.95963  97.859734 
 782.23785  98.827721 
 295.41177  100.3608 
 375.44589  104.12251 
 390.88843  104.00774 
 412.32001  105.83009 
 383.67944  110.0399 
 537.50232  109.82315 
 443.16119  110.78538 
 265.9924  115.57708 
 443.51929  116.60699 
 385.13028  118.57777 
 804.49048  119.0644 
 814.16382  118.64705 
 374.76245  121.52313 
 747.35699  121.76006 
 453.07431  124.7363 
 807.45135  124.74178 
 306.18201  126.23263 
 299.74857  127.70176 
 748.47125  129.19025 
 459.32996  131.36064 
 336.40277  131.6987 
 329.67017  133.17155 
 529.01215  134.4751 
 620.68542  135.86584 
 712.74609  138.01506 
 323.49286  139.45078 
 522.53516  138.74767 
 174.67847  140.72087 
 535.93066  140.97606 
 700.81323  143.00015 
 846.86987  143.39719 
 768.32526  143.68167 
 809.3042  143.06154 
 615.64056  145.00499 
 272.49234  149.15717 
 673.74432  147.1078 
 662.22754  152.06731 
 277.34464  152.78294 
 258.92566  154.04567 
 724.24713  153.74875 
 789.88055  154.18825 
 524.61078  154.57092 
 664.94586  160.16154 
 726.91345  158.9308 
 806.56451  162.95151 
 721.91913  165.26782 
 808.40405  168.05571 
 724.03119  170.27194 
 964.21259  177.29015 
 688.13739  179.14407 
 851.55914  179.41455 
 737.06903  180.76974 
 809.72766  185.49156 
 752.50452  188.56746 
 724.31354  189.56459 
 757.65906  190.25925 
 729.58478  192.17261 
 133.35994  194.68466 
 746.83441  194.63535 
 825.88092  195.98172 
 733.3208  197.59589 
 515.3844  200.29904 
 225.98189  202.76602 
 741.17407  203.59911 
 788.07501  206.03252 
 614.23181  212.92989 
 790.24731  214.37935 
 870.91376  215.25883 
 771.65283  216.66885 
 772.97571  222.12567 
 875.11578  224.76752 
 860.82196  227.80409 
 843.68854  238.79343 
 168.25635  239.02599 
 175.03903  248.80522 
 818.11963  249.76913 
 115.05571  254.81688 
 844.35114  254.2585 
 490.49573  260.67581 
 847.43201  261.33954 
 452.69781  266.27249 
 434.25864  268.18799 
 155.66101  274.94104 
 456.81665  276.35342 
 446.94113  280.09677 
 640.72803  281.80261 
 853.46582  281.57394 
 502.65088  283.21466 
 143.60866  283.91068 
 191.1689  283.78864 
 418.91837  285.83505 
 843.58594  284.65936 
 633.70795  289.31937 
 829.92841  290.81894 
 867.77045  292.65137 
 634.20074  294.96997 
 823.09198  296.18753 
 474.43326  299.00287 
 601.44574  299.47372 
 112.92999  301.17068 
 524.03705  304.29953 
 410.1871  302.83521 
 533.23041  302.94852 
 132.25658  303.62418 
 605.08722  304.68439 
 95.51664  306.88138 
 116.94677  307.20773 
 461.98996  307.23093 
 488.69601  306.99939 
 403.4454  310.09637 
 608.83826  309.95526 
 457.41537  310.58713 
 433.34677  313.42361 
 487.8443  313.21371 
 550.84528  314.08698 
 825.42242  315.68643 
 343.09399  317.44922 
 510.59882  315.56894 
 956.83966  316.62686 
 134.93932  316.70865 
 408.00186  316.98016 
 498.33682  317.96024 
 440.96603  319.78793 
 573.50079  318.9812 
 866.16229  319.0062 
 70.713028  319.99033 
 369.4978  319.95248 
 465.93671  319.75049 
 133.11086  322.67905 
 460.5408  323.98517 
 500.97452  325.36206 
 839.76227  324.86893 
 584.48865  326.35043 
 626.70581  327.42392 
 567.29315  328.66809 
 460.23044  330.5545 
 80.95385  332.03741 
 547.8855  332.58405 
 922.90936  334.30573 
 838.66504  335.20145 
 44.16357  336.61462 
 465.15732  336.19131 
 365.85699  340.59796 
 454.63397  340.00912 
 489.70734  339.43967 
 471.07678  342.39774 
 483.32523  340.10062 
 475.35532  342.19275 
 459.85986  342.72189 
 490.38593  343.08795 
 448.88712  344.3782 
 485.08157  345.37991 
 498.26764  344.60962 
 435.71661  346.36554 
 493.26459  347.33105 
 624.9248  347.41983 
 101.64404  348.05469 
 502.24295  348.40811 
 515.00653  347.64444 
 530.03333  348.42874 
 417.51358  347.93137 
 509.56555  349.15155 
 407.08911  349.60901 
 524.35706  350.06943 
 294.03299  352.69781 
 517.73383  353.08353 
 537.96924  352.86548 
 412.97388  354.82309 
 527.94891  354.17087 
 882.5246  354.13098 
 533.90198  356.61041 
 541.20953  356.83731 
 556.13367  356.75397 
 840.48993  356.66031 
 899.48553  358.55847 
 568.40204  361.04282 
 884.38727  361.13278 
 389.08731  362.95905 
 838.35242  363.14429 
 847.58081  363.40631 
 394.9621  364.05609 
 380.92465  365.25549 
 298.12112  367.00806 
 341.08771  367.50906 
 386.32849  367.96384 
 590.18225  368.32675 
 627.60602  368.353 
 273.00543  369.82556 
 858.50812  370.34567 
 336.37601  371.00226 
 362.74579  370.15588 
 597.31567  372.41306 
 301.77866  373.84436 
 876.22388  373.72147 
 248.23808  375.82953 
 326.42636  377.82443 
 604.69702  378.26056 
 359.83688  378.72202 
 309.35757  380.06906 
 645.77704  380.7084 
 777.93042  381.13605 
 103.36675  381.78879 
 854.87286  382.08798 
 266.82965  383.62393 
 353.27551  384.25894 
 610.36151  384.82373 
 114.29826  386.26337 
 296.9043  385.5274 
 763.93323  387.45905 
 769.56781  388.57156 
 123.14043  388.92691 
 618.91418  388.77261 
 782.39868  390.68134 
 855.5567  390.17291 
 277.65405  391.00266 
 92.143356  391.87402 
 616.60779  393.53989 
 680.75189  394.02219 
 344.07996  395.11578 
 841.34869  395.83578 
 235.02399  396.39868 
 336.52264  397.04269 
 626.12012  398.25403 
 334.00586  397.33261 
 619.87109  399.52972 
 782.37543  400.51584 
 335.25589  406.34225 
 772.78888  403.67673 
 829.04645  407.53931 
 830.58167  408.07104 
 837.9837  408.26208 
 956.2677  415.77588 
 38.472206  416.9487 
 328.39157  416.69089 
 515.51306  418.52902 
 878.88354  418.75934 
 957.26831  421.6568 
 321.62555  420.87842 
 899.00757  422.3996 
 65.736794  422.92584 
 637.06439  426.62738 
 323.27264  427.76358 
 694.82813  427.43378 
 640.88544  431.25894 
 914.20648  431.76233 
 225.12479  432.88181 
 315.75766  431.04138 
 648.58911  432.62592 
 85.246391  435.0748 
 978.77649  435.1925 
 778.84363  436.39758 
 398.84656  436.80844 
 912.48413  437.27899 
 241.43091  438.85654 
 645.20203  438.56317 
 305.34637  443.13934 
 313.11002  443.43777 
 825.52802  448.57004 
 119.98467  450.45901 
 266.53445  450.49146 
 839.26971  450.90244 
 295.58569  450.93597 
 830.39868  453.24249 
 170.23952  451.30585 
 253.9848  453.27908 
 307.7403  451.61572 
 650.06152  452.64545 
 959.45776  453.45908 
 827.50421  454.71561 
 303.73065  455.67828 
 948.67542  456.53961 
 170.10297  459.45242 
 960.41748  459.52954 
 296.78113  459.65417 
 653.82556  460.24368 
 952.63361  461.17017 
 304.00836  463.293 
 264.70621  461.78085 
 948.34283  462.80545 
 271.69897  465.22253 
 951.86163  469.50723 
 672.24127  468.46796 
 61.519608  470.03424 
 655.49176  469.67401 
 948.59393  469.86368 
 838.03021  470.23761 
 86.034676  474.63855 
 938.05048  476.3728 
 567.54584  477.43295 
 929.94824  477.99088 
 356.62869  478.86948 
 268.94427  480.15781 
 656.73267  479.1553 
 357.37976  484.20294 
 569.23804  485.27893 
 654.40466  484.737 
 439.99814  485.5488 
 928.93353  486.12979 
 287.45691  487.46982 
 658.55133  487.76495 
 440.39224  492.2446 
 469.36975  491.85327 
 290.50638  494.95428 
 659.84406  494.86148 
 261.25226  496.13144 
 678.53015  498.51038 
 476.79263  498.99103 
 687.89447  498.95148 
 283.64093  499.9299 
 469.99326  499.81857 
 481.24677  499.25641 
 492.77838  504.5524 
 657.88721  503.9494 
 596.33508  508.21735 
 903.84564  506.58331 
 468.73196  507.9436 
 133.42525  509.51315 
 475.53937  508.94949 
 143.89816  510.2337 
 289.5842  509.94778 
 602.11249  511.96729 
 904.78357  513.04889 
 237.76166  513.38959 
 479.41522  514.49799 
 144.3773  516.01794 
 458.02368  516.09113 
 606.54688  517.14111 
 690.27808  516.69067 
 287.51877  517.97363 
 662.30579  515.90173 
 47.512321  520.17627 
 486.2121  521.05725 
 236.73882  522.83716 
 479.60837  521.92371 
 441.3353  522.7207 
 453.94968  521.90906 
 719.71686  522.97583 
 286.73767  523.49847 
 653.66119  523.93622 
 469.94  526.28571 
 606.1441  525.46173 
 456.59488  528.13165 
 712.84076  531.32935 
 441.45798  532.23785 
 467.22742  531.7915 
 782.5545  533.61218 
 455.73184  535.22528 
 462.83701  535.43964 
 488.73544  536.71484 
 444.25281  537.54187 
 467.80569  537.98065 
 669.49579  537.3761 
 784.96014  538.95654 
 291.59308  540.276 
 489.51837  544.86139 
 285.86914  545.91461 
 493.2562  546.14667 
 188.98251  548.33319 
 262.7988  546.99146 
 908.94196  548.52118 
 651.40314  548.93384 
 937.49945  549.62427 
 289.82529  551.10321 
 387.11157  550.93256 
 904.7771  552.24927 
 749.07068  552.888 
 500.87152  553.79077 
 656.19293  555.31012 
 518.11322  556.11121 
 279.79709  556.8786 
 939.87756  557.3222 
 509.88812  559.05432 
 291.42853  559.58929 
 179.06493  561.12286 
 660.89264  561.29504 
 180.52948  561.89063 
 653.53754  562.9115 
 283.92029  564.62146 
 237.44385  566.56958 
 364.23468  566.56891 
 186.26866  569.19519 
 250.43159  569.07916 
 651.90222  568.71075 
 110.30943  571.72192 
 293.14038  571.37872 
 506.14099  572.6015 
 139.56348  574.42096 
 470.05841  573.59839 
 160.40849  574.86798 
 283.67889  574.98029 
 111.57183  576.98199 
 291.0253  577.43054 
 969.75641  577.11078 
 117.29685  577.89764 
 774.66473  583.00507 
 650.21179  584.70721 
 960.25494  585.94763 
 152.73712  586.30188 
 296.18167  586.02258 
 748.18335  588.13062 
 766.91339  588.19501 
 653.91284  591.04492 
 681.70752  590.67023 
 154.51193  594.63165 
 785.08319  592.25629 
 295.02985  593.75616 
 772.18958  594.20959 
 954.87683  595.01678 
 361.0058  596.13354 
 916.6748  597.39612 
 225.04146  596.60193 
 785.22815  599.80597 
 899.0896  598.82184 
 936.27325  598.99219 
 767.32257  598.75958 
 101.93868  601.73694 
 299.2756  602.21387 
 300.50275  603.12659 
 902.99866  603.30566 
 226.39146  604.70496 
 291.17297  607.88995 
 103.84167  609.19012 
 360.05981  609.16339 
 551.30109  609.88373 
 909.40723  609.43793 
 300.86041  610.96429 
 870.79657  611.10626 
 132.09879  611.94452 
 851.41492  611.84436 
 112.83597  612.92047 
 121.56557  613.24402 
 293.81091  617.69324 
 302.37747  618.62262 
 121.72694  620.72797 
 934.20306  621.28168 
 272.00928  624.67572 
 307.15466  624.65857 
 629.73822  627.25458 
 430.5451  628.77081 
 304.81943  629.67688 
 283.4556  631.75818 
 285.68298  631.06525 
 268.06223  634.20325 
 306.16605  637.10516 
 316.78183  636.13513 
 712.05676  636.12482 
 502.72656  640.383 
 315.88821  641.55609 
 321.9458  641.65723 
 613.23981  642.12317 
 890.65399  644.44794 
 291.5141  644.95721 
 315.8136  646.91974 
 298.76416  647.89862 
 322.67572  647.79675 
 903.39343  647.65503 
 89.019936  651.89233 
 330.41342  652.46912 
 863.29663  653.18402 
 323.14615  653.79706 
 906.00195  653.86841 
 80.144295  654.80017 
 100.20536  656.02167 
 92.248329  659.08673 
 330.95981  658.77325 
 902.76605  658.61707 
 600.09045  662.992 
 610.88739  661.74463 
 905.09094  663.71417 
 347.38715  664.34943 
 340.15027  669.39148 
 908.12811  668.70581 
 353.39999  670.12152 
 348.3111  671.38287 
 356.99478  670.05371 
 324.60623  673.28912 
 907.29828  676.24493 
 260.50504  676.98468 
 359.49554  676.64636 
 367.78177  676.6394 
 277.0123  677.63306 
 897.63867  678.73035 
 369.36713  684.13916 
 383.2178  683.67615 
 392.75674  683.63007 
 278.8653  685.82025 
 273.37714  685.9093 
 377.72726  685.58966 
 577.51862  685.72388 
 707.47565  687.03198 
 280.6105  687.26752 
 571.91833  687.12 
 385.10223  689.9176 
 379.11536  691.12848 
 556.01593  690.89618 
 896.22675  690.79681 
 643.85144  692.2962 
 828.90393  691.87604 
 391.14246  694.13025 
 654.28308  695.17908 
 399.13156  699.67004 
 880.30927  699.46753 
 402.67569  701.14532 
 562.9931  701.29681 
 869.9317  700.60272 
 549.34406  701.57074 
 623.5946  704.91547 
 412.2934  704.6676 
 402.85834  707.25659 
 849.09515  706.91797 
 421.49051  709.27704 
 537.11615  710.18011 
 206.70946  710.83105 
 414.89114  710.81561 
 52.072018  712.11987 
 267.67023  712.23419 
 434.38968  714.3584 
 425.13379  716.11963 
 437.50836  715.9256 
 516.88373  715.10199 
 55.289017  716.78076 
 259.76303  716.52509 
 606.45203  716.84521 
 451.90887  717.14075 
 97.465256  718.65021 
 460.10248  718.98163 
 475.03775  718.33441 
 538.61584  721.32068 
 444.94806  721.22778 
 588.4671  720.60657 
 262.45193  722.34991 
 608.4068  723.06567 
 597.06482  723.55518 
 98.119026  726.04816 
 140.70865  727.38739 
 586.3631  728.27936 
 601.94348  728.73792 
 823.59338  729.2002 
 324.73703  732.25397 
 537.04346  731.78406 
 573.71057  732.77344 
 142.2312  735.07886 
 186.54445  733.65613 
 604.2196  733.67511 
 810.17126  734.513 
 359.07605  735.67065 
 371.47263  736.16681 
 431.07751  736.40399 
 540.26453  737.29993 
 462.33536  737.71442 
 580.08856  739.06873 
 190.91113  741.39673 
 526.09119  742.45532 
 123.13422  743.58734 
 345.08405  742.76947 
 478.34415  746.31622 
 536.31775  746.10394 
 526.85968  748.31134 
 596.82666  747.37622 
 347.43332  750.17712 
 549.87219  752.13385 
 179.30841  752.81445 
 52.02557  754.83295 
 332.52948  754.77954 
 342.80472  760.39496 
 135.58595  762.43475 
 594.8924  762.27356 
 620.44977  763.80365 
 846.23254  763.34229 
 839.83643  766.60834 
 621.45447  769.95166 
 847.08105  771.57147 
 588.85138  772.40674 
 548.32507  773.60217 
 555.04688  777.75458 
 551.32318  780.4859 
 106.80149  787.01959 
 167.27808  793.37708 
 109.69468  794.4715 
 43.6987  799.12567 
 323.07755  800.30457 
 152.49527  801.1792 
 162.74551  803.41852 
 45.25127  803.8454 
 881.25281  802.10089 
 526.5683  805.67566 
 887.74835  807.54181 
 890.12122  827.9903 
 844.30255  831.12634 
 172.94633  831.37878 
 293.7254  834.34436 
 836.12958  835.26721 
 173.65439  836.71753 
 505.03757  837.87555 
 163.2971  840.29559 
 206.85992  839.49402 
 296.0267  841.26691 
 202.46515  843.8476 
 207.40341  845.58246 
 825.51013  848.92725 
 302.42297  851.34821 
 771.60016  850.63623 
 243.99034  853.05804 
 827.43048  856.24152 
 256.63196  857.26514 
 774.86249  858.18109 
 206.86603  860.05713 
 773.25696  860.94965 
 204.25261  862.97119 
 668.48523  866.6994 
 195.54475  872.70001 
 782.13666  874.48157 
 667.37231  876.06476 
 661.75244  878.45972 
 787.23755  879.0293 
 631.81171  881.39319 
 704.18134  880.87988 
 734.60577  880.73181 
 669.47351  882.47833 
 691.53638  881.18433 
 629.02106  883.409 
 663.24329  883.62549 
 708.17206  885.82037 
 738.98645  887.15491 
 196.22198  888.30719 
 620.59998  887.72046 
 729.94818  887.53613 
 693.51166  889.40302 
 789.68408  891.07715 
 658.50592  891.27838 
 724.03528  893.21448 
 624.51965  897.09106 
 732.87921  895.29272 
 749.2085  895.50317 
 308.05954  896.57684 
 615.3606  897.68866 
 760.64661  906.6272 
 192.62267  906.96521 
 772.46405  906.82294 
 800.44366  907.07739 
 412.80054  909.72864 
 334.68536  911.58362 
 769.5224  910.93976 
 552.57898  911.95648 
 578.44147  911.48138 
 774.13898  914.74573 
 538.7475  916.10919 
 571.46808  916.80548 
 801.38159  915.80176 
 242.81328  917.14099 
 556.16901  917.75909 
 770.73297  917.0412 
 579.61414  919.48737 
 728.78778  919.82135 
 373.06192  921.90558 
 348.87701  921.52313 
 232.29936  923.29352 
 541.12268  925.98199 
 738.79974  924.55933 
 208.51994  926.45477 
 180.12241  926.69049 
 554.74005  927.18134 
 348.95682  929.29041 
 294.24606  931.13593 
 383.63684  932.82599 
 794.75372  933.87561 
 296.02219  937.73456 
 427.81281  939.2627 
 546.22681  938.09314 
 536.05518  941.18597 
 795.06439  940.58002 
 508.48575  942.21582 
 261.58005  944.02283 
 268.84235  943.06805 
 513.96606  943.75732 
 255.44759  946.37274 
 416.24466  945.28003 
 365.80756  946.82861 
 280.1438  946.65735 
 288.85468  948.6264 
 454.24423  948.12714 
 496.14404  952.41815 
 419.74982  952.67499 
 270.99866  952.43225 
 368.16669  954.93445 
 491.9234  954.12225 
 508.78198  953.36676 
 221.55275  955.34528 
 281.15189  954.73413 
 363.15274  957.03833 
 483.19336  958.02045 
 486.88992  962.84052 
 470.01547  966.05066 
 532.14545  967.88251 
 395.52264  971.30585 
 348.11115  973.59277 
 587.66089  978.47131 
 349.09473  979.21661 
 307.45871  981.28601 
 315.04529  983.7677 
 434.2486  984.25549 
 393.37189  985.7348 
 365.36853  987.08624 
 428.37  986.6604 
 339.35712  992.466 
 379.18704  992.82117 
 428.66443  993.3634 
 894.70441  43.263981 
 510.04019  50.339149 
 371.21701  71.010124 
 375.76849  73.307053 
 569.8147  76.06176 
 574.56927  75.971924 
 551.78198  83.552231 
 586.17609  85.491158 
 389.51624  86.712524 
 384.13992  93.282005 
 139.88748  119.24403 
 508.12222  120.44173 
 267.87173  122.70409 
 728.03748  123.17415 
 381.91043  126.03944 
 308.83246  126.54068 
 322.02209  130.20718 
 640.8136  131.70897 
 732.3504  134.81601 
 697.12231  136.90654 
 631.19141  137.96996 
 463.17111  138.88297 
 645.9339  141.24452 
 724.02747  141.48344 
 467.88388  145.78542 
 825.41931  147.1189 
 650.57581  148.63326 
 675.70203  155.99249 
 389.54337  158.00322 
 611.24921  160.67101 
 523.12628  168.70187 
 612.98523  169.79523 
 233.32613  175.84036 
 515.71844  176.94791 
 643.50104  177.06516 
 896.90387  180.26172 
 215.17957  184.12798 
 964.98785  186.46594 
 649.19647  187.97882 
 750.41827  187.66965 
 637.00171  193.10275 
 757.0816  193.41275 
 657.883  193.70592 
 825.18988  219.09061 
 841.17761  231.32777 
 431.08698  234.87238 
 799.8028  234.93546 
 833.91742  248.30762 
 776.45886  251.74852 
 102.75655  257.62738 
 439.51407  260.40063 
 764.25385  261.35538 
 172.9895  263.23956 
 471.26447  262.92215 
 115.36745  263.80725 
 804.02551  264.78305 
 165.30072  271.01611 
 140.75493  277.26712 
 416.46936  278.90436 
 117.60797  291.15533 
 532.23364  294.6937 
 384.31476  296.77228 
 835.17065  297.91544 
 870.23651  299.46341 
 329.11182  301.35239 
 349.65274  300.98474 
 514.08813  302.83185 
 547.42303  302.50272 
 509.20996  305.13379 
 90.449501  305.91248 
 902.28748  305.9101 
 415.83502  306.5278 
 343.43866  307.50961 
 532.31433  313.02213 
 128.90582  315.43634 
 420.07739  316.5596 
 594.40637  317.68307 
 450.30115  322.24466 
 489.42892  322.27536 
 938.01221  323.03442 
 245.40845  324.40991 
 509.90262  323.76309 
 401.43671  325.71103 
 442.6489  327.15164 
 45.864353  328.13504 
 357.17001  327.59503 
 417.95407  330.45187 
 515.0036  330.10211 
 297.45163  331.6095 
 431.34448  337.26224 
 500.40726  336.87372 
 578.54962  336.83667 
 435.02701  337.64777 
 89.04496  342.21646 
 112.50103  341.90741 
 547.56671  341.96838 
 610.45844  345.40677 
 870.31561  346.86697 
 372.84641  347.53983 
 555.33453  348.35947 
 546.23358  350.50113 
 635.28894  350.79004 
 607.74982  355.40488 
 548.81848  359.55411 
 591.37781  359.85025 
 306.45639  363.54367 
 616.95087  365.61288 
 347.66068  366.61792 
 902.38763  367.95911 
 641.59888  369.50537 
 372.31158  373.63379 
 611.27667  375.27625 
 342.25748  375.79813 
 631.96356  375.68958 
 286.97284  376.76236 
 100.20534  380.68558 
 332.2486  382.56787 
 872.29382  386.40244 
 55.608322  388.59024 
 638.24194  392.3374 
 885.73975  399.13745 
 682.7088  400.59409 
 652.42468  402.72232 
 660.78918  402.79767 
 280.18341  404.65738 
 489.77786  405.94354 
 499.40048  406.4588 
 686.14575  407.99585 
 560.30457  408.96936 
 933.24396  408.91867 
 227.90945  410.21625 
 216.29916  414.22119 
 852.40991  417.02509 
 836.25519  418.32529 
 221.17189  421.37546 
 242.1938  422.61029 
 908.1684  425.07584 
 738.50299  425.95282 
 952.58752  432.19275 
 744.77045  439.57422 
 118.72935  441.36215 
 796.13251  440.53714 
 265.79919  442.0712 
 954.27802  443.53323 
 251.37125  445.37766 
 426.41382  444.81735 
 702.34106  445.34839 
 895.62683  446.06509 
 597.49084  447.71478 
 796.96765  449.00897 
 155.71425  449.53806 
 782.87177  453.92072 
 979.16583  458.26459 
 55.909412  459.88907 
 474.07068  463.01184 
 254.3206  464.88898 
 274.75085  466.97821 
 930.55652  475.43616 
 264.27768  477.07333 
 277.64011  480.09808 
 294.90656  481.71219 
 242.7085  483.00253 
 387.70853  483.2901 
 704.18341  489.20334 
 247.76932  490.53433 
 90.883842  492.27655 
 126.11033  491.65695 
 231.17601  500.41422 
 267.56342  502.35934 
 461.39337  501.52921 
 78.17659  506.39044 
 280.97278  511.44006 
 720.02081  511.06638 
 247.74484  513.96954 
 69.638977  516.28375 
 276.43063  515.65814 
 914.54388  515.98846 
 466.67316  517.28156 
 135.65201  518.16992 
 247.47833  522.50305 
 905.32434  530.57214 
 481.3103  532.56152 
 369.0047  535.7254 
 694.55603  535.60864 
 762.03949  539.31378 
 908.67279  539.68298 
 687.4812  542.3739 
 181.20689  543.04004 
 499.94357  543.02106 
 671.47278  559.37177 
 266.68423  561.896 
 155.32018  563.78418 
 475.34262  564.15875 
 90.653694  568.46289 
 658.69049  572.4696 
 367.01794  574.44403 
 253.20222  576.67413 
 267.73474  577.8316 
 587.04303  578.10699 
 77.309074  579.11523 
 87.74337  582.09222 
 99.848534  585.61145 
 950.07373  587.05096 
 64.466484  590.82184 
 85.979477  593.95941 
 123.88412  595.46753 
 888.38092  595.48248 
 171.23109  596.9118 
 246.51843  596.89215 
 270.04056  597.27338 
 688.6413  597.19141 
 643.62347  597.82257 
 672.65466  598.6485 
 925.45074  600.72614 
 905.7027  602.48895 
 89.950356  603.65875 
 378.32584  604.44666 
 877.63696  607.68738 
 883.63379  608.18286 
 151.40363  610.19507 
 899.80151  611.13312 
 646.3642  612.46008 
 269.80396  615.99377 
 379.67795  616.16241 
 60.609058  617.44165 
 359.39182  617.80865 
 539.65778  619.1936 
 429.84024  620.75952 
 283.56332  623.62305 
 873.82886  626.29443 
 58.734516  634.52264 
 658.62555  635.59674 
 891.61945  635.99878 
 622.34668  636.45618 
 60.510391  642.25659 
 626.28265  643.45038 
 670.8656  648.18842 
 502.68216  650.02374 
 440.25122  650.5993 
 606.36444  651.14343 
 302.42221  653.52271 
 641.22333  653.17572 
 255.90599  663.31885 
 657.37433  669.29706 
 63.335773  670.22455 
 774.80548  670.2702 
 466.86972  674.69916 
 843.56537  678.59692 
 532.90283  680.02411 
 360.51788  683.09491 
 515.77161  682.73682 
 626.71326  682.47101 
 206.04463  686.72961 
 399.53146  688.90179 
 851.33478  688.89612 
 669.34015  689.61145 
 189.17973  694.41705 
 574.3537  695.53168 
 819.70477  695.00958 
 371.59131  697.88361 
 59.774017  698.82214 
 900.46033  699.11011 
 847.67139  699.8092 
 661.77344  702.11377 
 63.591427  705.37762 
 164.93735  705.74011 
 702.52527  706.38898 
 613.46997  712.31232 
 381.28745  713.35345 
 852.55994  713.77173 
 564.7677  714.94775 
 193.07024  719.95874 
 841.73114  721.19232 
 464.83585  723.98126 
 394.21545  725.30438 
 480.53973  727.45166 
 493.79233  726.91498 
 553.88525  730.35175 
 845.5423  731.85187 
 419.51974  733.34143 
 528.73669  733.66418 
 593.65186  736.34747 
 496.80136  737.4632 
 560.35785  739.03967 
 820.02374  739.05206 
 182.05922  739.89612 
 571.11292  740.95691 
 824.74957  742.26196 
 185.74963  748.05322 
 581.38068  747.78979 
 563.76428  750.49677 
 417.86301  751.8114 
 826.89288  753.8808 
 487.17813  764.17334 
 528.77502  765.32672 
 555.64642  768.49573 
 397.26602  768.91455 
 541.98486  787.93207 
 170.08656  799.0365 
 133.0209  800.55273 
 250.68881  804.92383 
 845.73785  820.90045 
 177.70258  829.64172 
 204.90028  837.10974 
 775.00903  837.24646 
 869.01111  839.3266 
 805.81396  840.4129 
 791.53583  842.01123 
 225.68042  843.95795 
 778.38354  845.40778 
 185.45934  845.5965 
 806.76862  851.28394 
 204.81082  853.30725 
 795.26678  853.76776 
 616.3233  862.2182 
 602.89771  873.31067 
 658.56415  873.33728 
 704.31079  873.40399 
 644.05652  881.21259 
 642.53925  889.19232 
 601.30945  889.5567 
 791.06519  898.31384 
 188.84511  899.60565 
 663.66443  900.15314 
 722.89801  901.5968 
 338.48111  904.54437 
 618.34448  905.18103 
 585.8175  906.56226 
 202.07722  908.57776 
 372.73993  913.9856 
 213.74593  915.83539 
 791.07532  920.75702 
 237.66942  924.59009 
 572.6377  926.80054 
 362.75888  930.85132 
 287.28436  940.3595 
 524.02246  941.20551 
 258.57617  945.05994 
 548.29987  946.4043 
 525.47876  950.38647 
 531.58203  959.27429 
 397.57263  962.30853 
 407.36041  962.13513 
 508.37085  961.64026 
 861.05713  964.76611 
 432.43927  967.66895 
 521.42035  65.556366 
 344.41278  89.118248 
 291.31647  95.267632 
 295.47726  101.09309 
 412.32742  104.94777 
 442.62231  110.34951 
 537.32941  109.78709 
 443.51059  116.9058 
 375.37231  121.84174 
 528.22626  134.51071 
 846.30389  142.85123 
 277.83975  153.40796 
 789.16229  153.40163 
 257.41669  156.66393 
 727.11633  159.19179 
 809.51556  167.77017 
 724.32782  171.086 
 737.60345  180.52194 
 809.91046  185.78209 
 746.71832  195.13513 
 435.31079  268.70715 
 144.00769  283.62164 
 866.84332  292.6972 
 410.64014  302.4968 
 117.18094  307.15942 
 487.63239  306.77774 
 460.08694  323.7529 
 454.41489  339.19635 
 460.24606  343.24539 
 498.55917  344.68549 
 485.06985  346.08105 
 506.14679  349.97968 
 508.3313  349.77579 
 517.38879  353.6478 
 557.47864  356.89203 
 388.75668  362.49466 
 395.84143  364.34039 
 273.5238  368.94943 
 386.14899  369.19678 
 873.43518  373.61804 
 645.31226  381.28641 
 763.06921  387.05722 
 619.492  388.82977 
 626.23505  397.60858 
 323.96317  427.96048 
 637.61835  429.63437 
 398.95627  436.8432 
 645.45776  439.83273 
 825.32733  446.71649 
 81.180809  473.04535 
 357.33795  484.63544 
 440.48584  492.68134 
 290.47281  495.05429 
 280.18234  500.92822 
 470.77127  501.24564 
 657.34912  503.88159 
 468.13776  508.41547 
 475.98294  508.71274 
 144.05611  509.67166 
 598.08264  510.4393 
 478.27048  514.78351 
 144.53035  516.68329 
 470.86862  526.22571 
 456.37909  528.24719 
 783.0376  532.05597 
 444.2518  538.33118 
 291.39297  540.40436 
 283.16269  547.50378 
 655.87329  554.97064 
 650.93103  563.4458 
 290.75159  577.93109 
 649.48535  583.5296 
 301.25122  610.93726 
 933.24518  620.72736 
 315.99796  641.38354 
 314.50995  650.80481 
 330.46542  651.32428 
 901.70251  658.77283 
 908.30621  668.81769 
 377.3645  684.99365 
 388.36108  691.24365 
 378.668  691.57556 
 549.55542  701.12683 
 869.48389  701.09247 
 605.7674  716.93872 
 56.16584  718.14459 
 443.41025  721.54724 
 261.85321  723.29932 
 537.31989  731.00256 
 810.33911  734.21997 
 135.65468  762.38141 
 620.67883  763.47241 
 621.40924  770.06909 
 172.82607  836.90839 
 196.66663  888.13165 
 294.20801  930.32849 
 383.37747  931.73865 
 794.93494  932.46674 
 222.119  955.24988 
 308.37128  980.80237 
 370.82108  62.399666 
 374.09311  73.376221 
 523.95355  73.663185 
 404.90543  75.994354 
 571.75818  75.822662 
 342.82159  80.892303 
 324.07553  82.864738 
 551.65063  83.938904 
 389.87854  84.719612 
 585.39526  85.949532 
 279.89862  98.070526 
 755.10388  97.899307 
 599.36279  102.41131 
 383.25125  108.81698 
 266.17542  115.165 
 385.21436  118.14261 
 728.78223  124.05106 
 309.44843  126.22449 
 807.50354  125.69287 
 322.87448  130.43808 
 670.87885  129.62866 
 748.88983  129.85461 
 459.43542  131.13335 
 327.94318  131.79092 
 732.46503  134.67036 
 697.44818  136.32213 
 712.9375  137.77359 
 632.92633  138.92599 
 323.53625  140.4744 
 723.23151  141.43439 
 739.70697  142.4054 
 809.20599  143.02391 
 444.98828  146.02545 
 673.92834  146.47174 
 826.90118  146.34219 
 469.41769  146.63368 
 271.77356  148.8513 
 650.83624  149.99203 
 662.05054  151.70575 
 816.2442  153.10793 
 524.36829  154.23012 
 675.89929  156.48421 
 610.87305  159.62454 
 665.9126  161.05431 
 525.38855  166.08327 
 218.62653  168.11447 
 625.54553  169.44183 
 612.86731  169.84081 
 233.65669  175.12717 
 642.61023  176.54884 
 964.73279  177.2695 
 215.49068  184.36948 
 750.15765  186.30005 
 964.48541  186.30923 
 638.10291  191.77844 
 132.85385  194.46379 
 657.94708  193.54375 
 756.2616  194.79385 
 733.14307  197.90671 
 515.3244  200.63544 
 225.65826  202.08304 
 788.30896  205.75368 
 790.94763  215.93312 
 824.26697  219.60562 
 774.3512  222.435 
 860.28729  228.47272 
 840.27753  230.69405 
 431.07556  234.4619 
 799.50018  235.00774 
 771.73145  237.88957 
 168.26082  238.89789 
 844.15863  239.74504 
 833.24823  247.96655 
 844.41833  253.32916 
 114.75576  254.5018 
 102.1919  256.56256 
 439.52771  260.20026 
 764.58771  260.19427 
 489.09564  261.19012 
 173.36638  262.28857 
 116.96376  264.59357 
 803.46368  264.59235 
 166.99243  271.72842 
 154.72156  274.05423 
 136.16823  276.64114 
 446.82373  280.54071 
 170.11795  281.63324 
 191.83339  282.89233 
 844.03479  284.04962 
 831.01044  290.21399 
 116.54796  291.27243 
 821.5509  295.23132 
 93.230667  296.27612 
 385.68695  296.08551 
 427.63303  298.74924 
 474.00128  299.09714 
 112.15641  301.03134 
 870.36694  300.56909 
 330.16519  301.71326 
 534.00928  302.82477 
 548.56201  302.76782 
 510.47342  304.50916 
 95.502113  306.49527 
 523.31079  305.81552 
 343.97089  307.39554 
 366.62216  309.0448 
 458.63306  309.25375 
 403.12402  309.57996 
 478.72592  309.61969 
 609.81464  311.20831 
 433.22424  312.86404 
 486.38962  313.72134 
 533.64008  313.89127 
 549.84052  313.89548 
 127.93152  315.19165 
 510.8562  314.88708 
 409.30203  316.70807 
 419.32449  316.91678 
 562.65521  317.29831 
 824.44458  316.9848 
 343.27142  318.41971 
 497.98016  317.63596 
 594.53748  318.24759 
 465.14767  318.99695 
 538.96442  318.74237 
 370.16348  320.48688 
 439.32263  320.37473 
 133.02782  323.07486 
 450.13535  323.43137 
 938.80151  323.05191 
 839.30585  324.2309 
 245.75066  324.6871 
 401.19775  326.46121 
 500.87372  326.36551 
 473.60602  326.854 
 626.31006  327.4425 
 418.4024  329.44638 
 566.8576  328.52237 
 356.45468  329.68018 
 515.81677  329.73788 
 530.83728  331.20596 
 81.596313  331.80743 
 298.07983  331.96545 
 546.87372  332.41031 
 467.06769  333.42413 
 597.24048  334.07999 
 504.63754  334.9599 
 838.31866  334.93088 
 434.12546  337.37811 
 59.733433  339.32886 
 489.8418  338.73642 
 365.80887  339.58881 
 88.358177  342.10605 
 111.64765  341.6308 
 546.88867  342.28165 
 471.6019  342.99515 
 448.2757  344.66483 
 610.23138  345.45679 
 840.1358  345.22183 
 410.69247  345.83725 
 870.92023  345.54428 
 435.38251  346.95871 
 625.33301  347.55273 
 101.62648  348.36597 
 372.18353  347.87985 
 530.01086  348.35413 
 557.42566  347.93411 
 898.75702  347.90729 
 545.77106  349.31415 
 406.32333  349.96594 
 636.23975  351.53244 
 294.49097  352.6384 
 882.56409  353.20245 
 413.62964  355.25085 
 899.01349  358.28506 
 547.4856  359.2106 
 592.2049  359.6705 
 566.35168  360.92737 
 856.80737  360.96027 
 883.38403  361.66391 
 306.95145  363.8313 
 346.72314  366.4292 
 617.16425  365.58405 
 582.12122  366.88458 
 628.1637  367.41748 
 902.69513  367.67532 
 361.71408  369.15173 
 589.6673  368.78867 
 641.82629  370.22729 
 373.06445  373.49335 
 247.92291  375.39801 
 611.04913  374.77783 
 343.85626  377.31326 
 626.00555  378.2468 
 358.75629  379.49741 
 98.05674  380.63425 
 309.0459  380.70673 
 255.8082  382.53629 
 853.22418  382.34854 
 102.71861  382.79227 
 267.64667  383.21872 
 609.86847  385.39252 
 114.44917  386.29846 
 873.03839  387.88855 
 774.013  388.75989 
 886.2804  388.6814 
 121.12109  389.56448 
 277.89615  391.38266 
 856.34845  390.53738 
 659.91254  391.689 
 93.73114  392.64401 
 100.67183  393.2337 
 638.63654  393.16901 
 843.61792  394.53384 
 234.79306  396.03091 
 345.25058  395.64273 
 333.22357  396.90802 
 633.64075  399.62814 
 659.47559  402.69958 
 773.06525  402.71045 
 280.62366  405.49103 
 490.59845  406.16391 
 499.1694  406.16663 
 828.65106  406.87247 
 558.90686  408.46652 
 228.98161  409.12027 
 648.82507  411.38617 
 934.36664  410.61316 
 776.14404  412.60049 
 854.17865  415.20343 
 514.75708  417.89059 
 834.33215  418.15994 
 879.36218  418.55139 
 322.02798  420.12192 
 221.62912  421.82205 
 65.537521  422.73874 
 244.31276  423.04678 
 908.92621  425.84363 
 694.45264  427.23248 
 738.7923  426.97928 
 314.86255  429.12143 
 649.4693  431.46439 
 952.79883  430.99496 
 225.24278  432.50412 
 249.224  433.83905 
 85.356911  434.80899 
 895.04193  434.66531 
 778.41016  436.37421 
 911.78674  437.36957 
 118.28532  440.32397 
 744.25421  439.6586 
 796.0871  439.51099 
 264.47485  441.26743 
 304.11444  442.46954 
 700.93311  444.22781 
 827.65076  443.82858 
 250.67229  444.95792 
 896.6311  446.3334 
 597.39825  447.53186 
 155.15144  449.76227 
 170.16286  450.20407 
 797.6452  449.70837 
 120.08444  450.9469 
 266.59479  450.62866 
 650.55737  453.05884 
 304.04846  453.983 
 695.49164  453.49521 
 831.78308  453.92267 
 254.0083  454.61511 
 817.96881  457.12234 
 930.37817  457.06107 
 297.00897  459.37537 
 156.09908  459.78561 
 170.94733  459.97211 
 662.49713  461.3168 
 265.36993  461.36563 
 947.81604  462.46127 
 473.69644  462.92468 
 749.50555  462.73145 
 253.80537  465.34674 
 304.5047  464.92328 
 274.18002  467.31873 
 671.61414  468.77634 
 837.29456  469.1911 
 61.86673  469.54416 
 951.34662  470.43945 
 706.71936  475.37167 
 929.83337  474.90607 
 567.62201  476.75049 
 656.38568  478.48935 
 267.09476  479.44614 
 295.76126  481.32129 
 243.35271  482.21112 
 388.63339  482.83209 
 257.78494  485.32831 
 439.85327  484.77243 
 929.80389  486.07169 
 287.64847  487.35373 
 658.22357  489.36911 
 704.23743  488.66837 
 470.0217  490.25879 
 126.4985  490.82828 
 91.188873  491.92255 
 247.51547  491.784 
 260.31039  496.27576 
 334.40387  496.48111 
 230.63681  498.38953 
 482.08063  498.3454 
 677.1214  498.12436 
 912.66589  497.82443 
 688.05365  499.45834 
 271.09332  500.33395 
 492.3985  504.26117 
 133.06462  509.77969 
 279.81598  512.25745 
 720.60028  511.69534 
 248.18047  513.16309 
 700.06342  512.948 
 662.43219  513.85938 
 276.50427  514.6911 
 902.78156  514.83527 
 690.77435  516.21844 
 68.63208  516.83575 
 466.39258  517.15424 
 607.81158  517.10907 
 914.18896  516.69794 
 135.01636  518.32709 
 287.46133  517.7641 
 248.21284  522.21777 
 236.60672  522.9823 
 479.60092  522.76196 
 652.27655  522.94678 
 605.78436  525.76727 
 905.10321  529.65588 
 480.80777  532.32233 
 712.24628  531.99573 
 368.12354  534.83887 
 489.73395  535.76184 
 464.90149  536.78192 
 668.65253  536.54248 
 785.34497  539.29175 
 907.47064  539.03204 
 395.33337  541.97638 
 501.08871  542.08105 
 688.04327  542.93988 
 180.37877  543.66638 
 264.56384  545.81818 
 489.87918  545.60541 
 710.32794  546.68994 
 923.67389  546.96149 
 189.1805  548.88715 
 650.8855  548.9848 
 908.6189  549.44562 
 936.68097  548.65643 
 237.05078  553.12518 
 691.22089  554.36316 
 278.90598  556.85278 
 509.80212  559.24286 
 939.4223  558.51868 
 192.41573  559.70795 
 267.11389  560.31531 
 178.97362  560.89191 
 476.76102  561.98926 
 662.44379  562.1601 
 683.23291  563.86993 
 282.53931  565.453 
 364.76956  566.15021 
 249.02678  568.58392 
 293.39963  570.27087 
 507.6348  572.19458 
 660.42523  573.45825 
 138.76993  574.50732 
 160.14206  575.12122 
 267.84521  577.1554 
 253.61031  577.57245 
 586.22699  577.92413 
 77.285133  578.65674 
 88.210182  581.57745 
 772.50336  583.41412 
 101.40794  584.97992 
 960.28638  585.30121 
 152.37563  586.04822 
 295.65247  585.72931 
 612.78503  586.935 
 747.80328  587.17719 
 948.97748  587.32928 
 64.58493  590.64014 
 653.71838  590.71161 
 785.74628  590.8089 
 87.912102  593.23328 
 664.21051  594.3587 
 225.96806  595.17871 
 123.78783  595.56622 
 360.91342  596.38977 
 887.98956  596.22791 
 954.79297  595.84851 
 155.93625  596.50214 
 271.36636  597.10822 
 642.83679  597.17743 
 689.45172  597.05176 
 769.27838  597.45654 
 671.75922  597.82794 
 102.90524  600.30743 
 897.66742  599.55121 
 137.02274  600.83801 
 784.87402  601.12842 
 907.49817  601.43872 
 299.80539  603.20313 
 89.576004  603.78198 
 379.08972  603.97882 
 227.22739  605.70544 
 291.09021  605.93829 
 879.86194  607.46368 
 359.92194  608.099 
 104.21935  610.07428 
 151.06888  610.23322 
 670.04193  609.83258 
 281.72418  611.10651 
 533.56616  610.84534 
 899.67188  610.80408 
 121.23508  612.12744 
 132.78598  612.0733 
 378.58759  614.52289 
 268.16458  616.1723 
 293.32669  617.23773 
 303.19662  619.08704 
 357.02875  619.35999 
 430.1532  620.06335 
 539.70282  619.71051 
 121.74332  621.31415 
 271.86459  625.2442 
 874.09924  625.47351 
 629.81848  626.28491 
 430.17255  629.19788 
 283.16479  632.16742 
 268.64435  633.94458 
 890.15863  635.35608 
 621.48724  636.01953 
 305.63574  637.67865 
 502.28683  640.69116 
 613.7229  641.71509 
 628.32214  643.1908 
 291.68439  644.3501 
 890.17883  644.67303 
 905.13  646.05133 
 671.52991  648.51221 
 439.8902  648.8996 
 502.3129  650.92944 
 607.04681  650.74335 
 88.771973  651.68243 
 641.34406  652.76892 
 864.58588  653.02216 
 79.883736  655.26849 
 330.97653  658.36707 
 60.373615  658.66498 
 341.35458  659.30835 
 611.41779  661.86548 
 256.46063  663.20276 
 347.59195  662.96619 
 600.47095  663.30463 
 319.95627  664.58801 
 639.90106  664.66357 
 62.343861  669.40424 
 356.46548  669.07416 
 340.40152  669.7674 
 775.55261  670.53894 
 257.73724  674.03473 
 617.17877  673.71875 
 467.02673  675.20087 
 369.23935  676.17664 
 907.81482  676.48474 
 277.10599  676.74127 
 359.47592  676.91119 
 897.02563  678.26819 
 842.91687  679.40808 
 533.37598  680.25269 
 626.64362  682.87506 
 359.97556  683.7066 
 515.37024  683.48743 
 369.16913  685.36554 
 205.61649  686.19464 
 279.20847  685.95844 
 572.62915  686.16858 
 599.60663  687.09149 
 707.15509  687.25214 
 852.2948  688.41541 
 399.50604  688.97083 
 828.60583  692.23938 
 642.4342  692.50458 
 654.84509  694.97662 
 188.89601  695.82202 
 574.45184  695.9527 
 58.511005  698.5202 
 399.61118  699.44611 
 880.20416  698.71472 
 900.37701  699.15576 
 561.43488  702.31378 
 661.95892  703.22748 
 623.95837  704.49139 
 829.7088  703.64606 
 413.25754  704.64154 
 893.4054  705.34265 
 164.67851  705.62659 
 580.74695  705.84772 
 420.57913  709.06006 
 401.95184  708.04376 
 536.18048  710.34753 
 207.90038  710.52655 
 613.67413  712.38074 
 382.05548  713.84229 
 259.47708  715.32043 
 435.76773  714.68823 
 517.39648  714.50488 
 563.95233  714.8053 
 852.46802  714.94019 
 424.4136  716.46722 
 452.61618  716.81396 
 96.840309  718.06775 
 110.71344  718.05042 
 474.75473  717.81989 
 164.62463  719.0152 
 193.38577  719.91174 
 587.14026  720.13092 
 692.98907  719.67548 
 841.59589  719.97186 
 537.90717  721.23309 
 608.96497  723.26392 
 463.90067  724.39752 
 140.47699  726.10913 
 97.397301  727.112 
 381.60364  726.99603 
 480.25308  728.22272 
 585.66736  728.2666 
 822.87921  729.42987 
 169.26549  729.70032 
 571.14453  732.16742 
 844.36682  732.20044 
 527.55286  732.82123 
 419.58176  734.31055 
 142.28864  736.37958 
 370.36697  735.67651 
 430.51648  736.4707 
 593.60028  736.33313 
 463.24448  737.46509 
 496.67294  737.33807 
 540.57642  737.28949 
 580.25848  739.27332 
 345.70291  740.76874 
 573.38379  741.32996 
 824.11639  740.81219 
 190.77347  741.75562 
 807.1875  741.99036 
 123.14687  742.70886 
 525.76147  742.60437 
 478.72772  745.34625 
 186.36909  747.22876 
 596.61395  746.92139 
 581.15454  748.3006 
 563.67664  749.422 
 349.06674  749.83868 
 418.53278  751.50281 
 490.97266  752.81329 
 548.39679  752.93774 
 828.45587  752.76538 
 331.96155  755.10522 
 590.95471  755.82788 
 845.9447  761.9339 
 487.47696  764.13538 
 528.37708  765.22595 
 374.43591  768.17157 
 555.8327  767.67523 
 397.05371  768.57867 
 588.90802  771.21136 
 846.94617  771.80365 
 549.05298  772.83862 
 513.39417  773.88361 
 331.72781  776.1817 
 553.17212  779.77136 
 107.37517  785.96704 
 885.94208  789.26898 
 110.30317  794.75604 
 133.95551  800.14313 
 880.35864  800.06525 
 151.83842  801.27588 
 251.13937  804.60846 
 888.04712  806.56024 
 140.11513  810.78613 
 845.26654  820.66571 
 890.15479  827.38971 
 178.17314  829.59882 
 845.17407  831.20245 
 293.06677  833.64886 
 205.54059  836.11237 
 868.90875  839.24799 
 882.01434  838.81042 
 163.28638  839.82208 
 806.04767  840.48669 
 853.51965  839.6366 
 295.24417  842.32147 
 791.89294  841.74713 
 205.80974  845.11713 
 780.03827  844.63947 
 185.05138  845.80829 
 824.12476  848.24109 
 770.73859  850.55438 
 807.34259  851.11652 
 203.64705  853.65479 
 794.91949  853.79028 
 826.80713  856.98785 
 256.57843  857.55896 
 774.45349  858.93427 
 786.54834  858.73114 
 205.02722  862.12622 
 668.98969  866.73438 
 704.57947  872.01312 
 195.44623  872.71466 
 658.11279  872.55627 
 781.94684  873.6665 
 843.51617  876.23718 
 646.15057  880.06158 
 690.42242  880.89105 
 704.42194  880.73895 
 631.55646  882.01056 
 669.66272  883.8941 
 729.00745  886.10321 
 619.61816  886.78357 
 739.66357  888.74628 
 692.24249  890.05243 
 657.98456  891.05688 
 600.3443  891.50006 
 307.56433  896.2478 
 731.50323  896.00305 
 624.88928  897.73193 
 188.1871  899.12848 
 791.5426  898.75952 
 663.79755  900.7605 
 720.89069  901.44867 
 601.13269  904.31854 
 618.38727  905.65851 
 771.88544  906.36462 
 586.44189  906.99933 
 799.83533  906.51532 
 202.85536  908.66809 
 413.05725  909.44641 
 334.75452  912.44293 
 213.30707  915.66949 
 538.82947  915.63086 
 570.9743  916.16772 
 772.8855  915.85779 
 801.88306  916.18732 
 554.07922  917.93518 
 590.17535  918.57098 
 728.28357  920.31451 
 790.27869  919.96826 
 579.79553  921.19092 
 372.04669  922.30389 
 233.41701  923.24847 
 494.33011  925.54266 
 541.09021  926.16016 
 180.33688  926.5 
 209.84563  926.55328 
 572.07208  926.87793 
 555.09454  927.92841 
 349.23813  929.69409 
 363.59161  931.37018 
 234.06224  937.69922 
 254.74707  936.13416 
 546.1073  936.92004 
 296.18246  937.99316 
 428.10269  939.74158 
 525.55438  940.12799 
 285.09225  940.7807 
 795.3584  940.70691 
 269.53906  942.35223 
 509.86542  942.63373 
 536.23523  942.41602 
 416.63522  943.60638 
 279.94797  945.00916 
 488.17996  944.75226 
 364.82062  946.31653 
 255.04456  946.51703 
 454.05035  947.87549 
 289.36069  949.06604 
 526.92725  950.51782 
 271.04279  952.87054 
 420.04391  952.70612 
 495.99707  953.23474 
 509.31241  953.15173 
 462.73627  954.02393 
 470.09836  954.34088 
 174.52377  954.64081 
 280.45377  954.94281 
 365.37268  956.40259 
 533.38879  959.34436 
 459.25479  960.28149 
 396.70743  960.88312 
 407.78854  962.13696 
 445.4259  961.72809 
 508.57935  962.6214 
 469.69791  966.07825 
 144.80525  516.22375 
 260.65585  723.3465 
 584.23956  86.769829 
 281.96378  97.099129 
 613.76221  100.73939 
 378.11151  103.75918 
 724.93646  122.75114 
 311.2063  124.90219 
 325.90753  128.3795 
 697.34833  133.43417 
 731.81445  134.80588 
 711.73517  136.74216 
 629.21698  139.81444 
 806.4975  140.10977 
 664.11707  147.13515 
 522.91266  153.0099 
 813.16241  156.61353 
 671.4715  159.86452 
 526.04266  166.74097 
 611.78998  168.69272 
 233.45467  171.54303 
 640.81775  176.16763 
 216.88902  183.16441 
 801.21088  190.06224 
 753.77423  196.26085 
 168.18704  239.26315 
 770.14172  243.29289 
 108.50385  253.60304 
 171.56563  260.45474 
 439.04031  259.67401 
 441.74884  280.11249 
 840.53845  283.87 
 92.706688  293.27469 
 426.11646  296.9165 
 543.85101  299.81445 
 508.37314  301.86771 
 94.879379  306.4133 
 342.67395  305.92078 
 366.13547  306.98175 
 400.90259  308.49451 
 432.57648  310.26199 
 477.57764  311.79175 
 356.31973  313.3103 
 540.82623  315.77948 
 562.48804  316.40393 
 822.12653  316.93045 
 412.76303  317.30972 
 593.6308  317.66269 
 341.94232  320.07874 
 436.58716  320.52539 
 369.48248  322.48764 
 625.58807  325.47903 
 471.29773  328.53314 
 565.35913  329.55411 
 361.17105  332.66678 
 530.40778  332.15192 
 544.49634  331.2514 
 433.72263  334.90091 
 487.36185  336.23718 
 593.86749  335.02023 
 447.02173  344.74393 
 469.3208  343.6059 
 610.57697  343.82953 
 406.60339  346.13858 
 544.68988  346.22769 
 431.85406  348.08163 
 102.28264  349.13492 
 368.78391  349.06717 
 508.55588  350.70456 
 529.49725  348.97534 
 562.22827  358.39746 
 591.8717  357.19455 
 854.1286  357.78616 
 546.77563  359.96451 
 616.11456  360.77771 
 400.47595  362.09512 
 360.00311  366.53348 
 584.73279  368.6235 
 639.13208  367.8566 
 901.32501  368.1199 
 90.047386  369.31378 
 609.50378  372.59323 
 870.41437  372.79141 
 626.40607  377.40021 
 310.38382  380.66168 
 339.09241  380.25555 
 357.37839  381.63498 
 116.63195  388.24997 
 607.23883  386.80902 
 773.78412  388.46024 
 871.30035  388.80432 
 277.15729  390.02698 
 335.20352  386.04919 
 98.701393  393.7637 
 632.29492  396.68771 
 827.3158  401.10388 
 774.77191  401.94119 
 280.58911  404.22339 
 491.74701  404.93231 
 334.82593  408.20206 
 557.44092  407.28128 
 932.32349  409.4649 
 853.45886  414.55121 
 513.10126  414.98642 
 830.29199  418.23303 
 245.23412  419.27911 
 616.13342  420.52573 
 908.16455  423.48599 
 313.59195  425.87006 
 634.64789  429.89124 
 648.83472  430.5257 
 117.63022  437.11261 
 248.92191  438.03345 
 264.76978  437.36777 
 660.46027  438.77548 
 909.02783  437.71271 
 900.76318  446.33493 
 120.57861  451.27606 
 834.07599  452.7919 
 299.07565  455.60651 
 814.95642  455.78763 
 171.31929  460.08929 
 265.13202  460.82745 
 671.72235  467.28232 
 835.80597  467.28134 
 928.4823  471.63556 
 708.47504  474.1254 
 265.95325  475.78528 
 389.99002  481.71295 
 929.65173  484.82434 
 469.7406  486.80295 
 653.71124  489.72092 
 230.3967  494.85016 
 257.2948  495.63571 
 334.24146  496.03366 
 671.32587  496.02002 
 909.7345  495.67062 
 469.50073  501.74951 
 275.63531  504.4136 
 595.05438  510.41156 
 662.51892  514.38629 
 693.96075  514.21814 
 914.11383  513.76508 
 461.54184  516.46484 
 235.0752  522.00171 
 269.90564  524.09222 
 463.62006  535.88458 
 667.28937  535.92169 
 177.88348  542.21704 
 265.48312  543.48773 
 688.06555  544.47278 
 489.27679  546.30023 
 930.01868  547.51697 
 907.72272  549.39587 
 178.35883  558.44543 
 647.73676  559.54718 
 664.17346  564.26001 
 683.46741  563.83911 
 247.5155  565.24945 
 279.1449  565.55194 
 294.72211  565.59485 
 509.13507  571.15509 
 580.87909  576.354 
 91.693375  580.31708 
 769.9704  581.26819 
 99.247879  583.38342 
 293.33783  584.42786 
 652.43445  588.96954 
 666.39984  594.27271 
 156.77888  595.96661 
 273.409  595.14771 
 361.05801  595.65894 
 620.94507  596.672 
 638.89911  596.31396 
 769.80322  596.62677 
 136.78876  598.29449 
 892.44263  597.28467 
 879.48969  606.64435 
 119.23542  607.28027 
 668.77374  609.70734 
 133.08408  612.44427 
 894.0481  611.74744 
 290.7193  614.79095 
 267.34113  615.49072 
 540.32892  617.42999 
 121.94471  620.41565 
 353.69849  619.60767 
 305.08823  621.30774 
 627.88531  622.83777 
 875.18591  622.42603 
 428.46844  629.06989 
 887.14648  631.04553 
 277.34586  631.0387 
 305.68134  635.38116 
 500.58734  640.31256 
 632.15179  639.13562 
 905.08112  642.75629 
 289.71954  643.57721 
 329.2002  643.34045 
 440.52878  644.75507 
 886.49176  644.87378 
 605.55701  649.56097 
 501.02267  654.396 
 344.59799  657.70837 
 609.18243  661.37433 
 634.9256  665.31079 
 339.23947  670.21429 
 619.52008  670.14636 
 275.5676  672.10522 
 374.06708  671.94537 
 258.13327  674.21582 
 466.60806  674.40912 
 893.31525  674.93616 
 908.19336  675.21143 
 359.34961  677.48798 
 535.48224  677.90112 
 840.50842  677.76355 
 570.27234  681.89514 
 206.29254  684.05542 
 279.01233  685.69305 
 594.33795  687.29785 
 388.19827  690.0813 
 639.02948  689.78186 
 851.71777  689.41162 
 654.87561  693.86554 
 574.6272  696.94342 
 556.36255  701.33521 
 895.19647  701.69489 
 416.38367  703.51074 
 209.78635  706.87109 
 533.38147  707.44556 
 397.56833  710.22662 
 434.76953  712.3175 
 518.00348  711.87433 
 611.43665  712.09772 
 474.27274  714.16498 
 561.45782  714.75171 
 451.26154  715.14648 
 837.24915  716.17883 
 191.7878  718.11176 
 582.28766  717.63037 
 421.48755  719.10895 
 462.94073  722.80322 
 141.42822  723.45557 
 817.0166  724.79877 
 381.71979  726.01733 
 508.54471  726.26898 
 478.21457  728.00537 
 567.49274  728.36804 
 529.67554  729.57452 
 449.02704  731.62494 
 842.33246  731.83429 
 595.02478  734.45886 
 422.72256  735.07318 
 496.00232  736.59943 
 579.66162  737.85565 
 189.30511  740.65472 
 824.85468  739.99036 
 522.12817  744.06427 
 480.75546  744.49658 
 597.01758  745.49896 
 564.25787  747.51776 
 348.74408  749.25745 
 582.63879  752.2132 
 843.09723  757.59546 
 486.98608  763.07367 
 526.68622  763.4718 
 373.00632  766.41907 
 552.79962  765.43481 
 845.03363  771.34155 
 551.65106  778.90479 
 249.63669  802.75842 
 887.61371  803.90082 
 841.64624  815.9848 
 843.01941  830.31311 
 205.80101  832.28345 
 162.94633  837.92749 
 851.77606  841.54462 
 183.31308  843.42969 
 780.55188  845.3761 
 772.61957  856.43951 
 207.13159  861.88922 
 669.58258  866.07416 
 780.72046  869.57178 
 193.00125  871.7962 
 631.75037  881.59808 
 726.80493  881.28186 
 198.21574  885.19873 
 616.08618  885.64496 
 598.20337  889.9798 
 655.68103  889.65057 
 737.40387  889.99805 
 622.97144  898.87323 
 659.52496  901.40613 
 769.03522  902.065 
 797.02698  902.7326 
 585.82751  905.50549 
 600.69855  905.37903 
 209.12236  910.86786 
 569.45941  912.04187 
 550.93732  916.71997 
 770.52063  915.4389 
 801.27771  916.24359 
 369.69153  920.64404 
 231.97476  922.26184 
 540.8327  924.03619 
 178.62244  925.0957 
 210.00861  925.76257 
 571.87903  925.08551 
 348.60315  927.71399 
 547.96942  934.92682 
 231.33899  936.45184 
 325.92477  124.95789 
 804.59625  140.43275 
 664.0481  145.71194 
 526.44781  168.96992 
 232.88927  170.35965 
 646.50238  179.63326 
 802.69824  190.76083 
 167.61499  240.2507 
 771.07104  242.25229 
 439.94849  261.35812 
 439.50717  280.68884 
 839.51849  284.64365 
 426.37927  293.37021 
 361.49731  307.83173 
 400.44177  307.56479 
 526.76123  308.39847 
 475.19788  312.88394 
 540.00482  315.39639 
 449.84128  323.94403 
 627.50439  324.75302 
 364.25302  329.41977 
 430.68549  332.28372 
 486.26456  331.95877 
 533.40076  331.73541 
 593.93347  335.37534 
 406.10672  349.22125 
 469.4765  348.00525 
 530.96429  347.86255 
 445.50378  345.43799 
 426.62527  349.58057 
 506.78287  350.33698 
 531.55811  349.63129 
 366.63501  351.87173 
 438.75232  353.81143 
 593.58868  355.8363 
 564.03638  358.14203 
 546.51923  360.05402 
 541.19855  366.26526 
 582.30103  368.51401 
 589.61383  375.37659 
 627.41431  375.17987 
 312.43848  381.84335 
 357.84564  384.74432 
 774.72638  387.79501 
 607.7168  389.99155 
 849.74976  392.58438 
 633.21344  397.23422 
 826.46106  398.25723 
 281.62622  405.5437 
 558.91595  407.57208 
 514.23523  409.96756 
 337.64252  411.59219 
 855.14545  415.21225 
 570.94543  417.62164 
 830.55103  420.01056 
 312.32236  423.04535 
 247.65195  438.5549 
 660.21283  438.42468 
 905.56012  443.32471 
 315.24396  445.61295 
 121.4115  452.44336 
 835.58264  452.05762 
 814.06012  456.34967 
 172.05251  459.98813 
 835.87238  469.17612 
 266.22717  476.14798 
 298.30795  476.92688 
 391.41208  482.9451 
 229.55528  492.64368 
 651.50757  491.27301 
 272.75128  507.83701 
 664.91766  514.49689 
 693.64594  513.31879 
 459.07111  516.40967 
 235.35381  520.91736 
 465.22339  535.59015 
 666.38928  538.46942 
 266.0296  544.7384 
 688.37964  544.12622 
 645.76593  556.10156 
 244.24222  559.14014 
 275.94394  563.9635 
 664.23352  567.1004 
 769.03583  578.49707 
 291.84601  582.55414 
 312.83414  588.39398 
 136.1685  595.00128 
 159.05737  595.68134 
 892.18481  595.26917 
 635.52185  597.66254 
 772.09924  598.72528 
 584.3576  600.15271 
 878.57574  607.3985 
 370.0065  611.98547 
 894.64642  612.49445 
 288.07358  613.97705 
 129.76126  617.22406 
 307.65326  619.92194 
 352.78015  619.82324 
 626.22791  622.13678 
 877.74353  625.83136 
 276.07062  631.30481 
 307.8219  635.92603 
 634.27502  637.99652 
 329.09106  640.40143 
 499.6955  640.96002 
 443.00555  643.72357 
 288.73297  646.15149 
 347.15842  656.02948 
 462.32663  656.87756 
 502.4119  660.22626 
 627.79706  666.73718 
 276.34601  668.66052 
 336.17084  668.97418 
 890.39545  674.40765 
 534.19476  676.42108 
 839.82489  675.88544 
 360.70422  678.48065 
 569.24768  677.4881 
 207.01534  683.60248 
 279.16977  686.08441 
 589.66534  686.14502 
 635.4967  686.41046 
 394.41306  689.89673 
 852.31189  691.2774 
 654.19971  694.84967 
 419.77277  698.50732 
 551.41486  699.50519 
 576.63409  699.33502 
 896.43683  700.08887 
 210.56058  704.79529 
 442.17032  713.84601 
 395.72278  718.55615 
 474.7561  710.66772 
 526.91357  709.00354 
 396.72757  713.77545 
 608.36902  713.6236 
 424.51328  715.74567 
 190.44066  717.76678 
 419.52539  722.73987 
 576.28705  721.66516 
 817.8725  721.86304 
 477.93604  725.41016 
 568.61279  726.12567 
 509.58496  728.08234 
 533.61725  728.55548 
 447.17303  732.45056 
 840.20306  734.5528 
 580.00684  738.0697 
 825.42609  741.36847 
 519.44702  746.28448 
 484.36371  747.13635 
 565.7879  747.71478 
 348.57272  749.42413 
 839.19781  753.88812 
 525.39771  762.45392 
 487.14575  764.22644 
 549.99304  763.60553 
 551.59296  779.13367 
 840.81506  813.13354 
 842.74567  829.94061 
 780.17737  847.14288 
 671.1178  866.9184 
 783.12372  867.92279 
 191.26749  870.23682 
 633.00049  884.40009 
 610.05713  887.0423 
 736.06689  892.14789 
 587.49756  904.49097 
 282.37634  622.26617 
 651.90863  175.83281 
 434.44223  288.207 
 534.83752  311.16483 
 446.95419  319.34778 
 364.36615  329.09549 
 596.9809  330.04535 
 484.66541  335.40948 
 441.08978  348.4595 
 354.8342  352.94223 
 430.15607  351.2406 
 462.52713  350.89017 
 505.89886  352.28107 
 307.60944  380.84494 
 332.30273  379.58331 
 585.51056  379.68002 
 360.69547  384.90775 
 601.70313  389.75934 
 635.63501  397.11389 
 510.69571  405.54144 
 338.55243  409.26254 
 563.75348  411.30457 
 307.77921  417.38071 
 828.64343  419.83066 
 661.30774  442.7337 
 478.51263  478.62964 
 301.64984  485.00967 
 644.97083  488.49176 
 270.42184  511.18552 
 665.82202  511.117 
 697.07745  515.52045 
 653.24683  538.68103 
 689.44427  544.72968 
 661.34894  569.64215 
 764.47168  571.86725 
 771.25769  598.1568 
 626.7265  605.44171 
 358.58194  612.11676 
 636.85071  635.99359 
 344.2363  647.26221 
 277.45248  657.78082 
 496.48828  660.55621 
 570.95209  667.66876 
 357.44849  677.37701 
 398.62231  679.54407 
 412.06049  688.73132 
 422.56561  692.07556 
 582.95538  696.76422 
 210.8994  705.43677 
 427.52701  704.58929 
 466.05664  704.45166 
 522.89697  704.25269 
 439.92395  707.13776 
 540.86884  728.92609 
 451.59201  736.81732 
 830.86011  736.15222 
 408.10919  327.81342 
 403.57227  347.84482 
 443.1778  349.3313 
 506.67758  352.33835 
 435.48593  366.75119 
 590.62708  387.89938 
 363.01202  392.27576 
 316.53214  459.42337 
 472.3735  464.18121 
 301.91449  484.81296 
 665.73975  508.52982 
 646.82355  538.31689 
 660.66553  572.80695 
 626.12115  605.7796 
 360.53766  608.9057 
 347.21088  646.8233 
 577.70886  660.86981 
 453.1272  697.2915 
 408.79425  712.07117 
 587.77136  699.414 
 433.76013  705.21429 
 402.80627  727.13379 
 454.61923  741.4201 
 441.57486  355.40192 
 577.90637  388.60767 
 363.05969  399.11478 
 458.75992  465.18198 
 365.3082  645.85583 
 416.78702  675.26044 
