 952.38983  31.161505 
 603.7608  33.909985 
 665.51965  34.312534 
 964.88086  34.741795 
 912.00067  37.397213 
 655.89758  37.773136 
 824.41302  37.889088 
 994.33893  38.775238 
 919.03693  40.434116 
 703.61346  46.10244 
 830.01617  46.158905 
 485.24661  54.796612 
 685.0882  57.270267 
 668.45947  58.804131 
 372.89572  66.166931 
 606.83264  66.470993 
 495.34225  67.072212 
 629.96704  73.464386 
 652.97198  75.13765 
 451.25031  78.182304 
 676.43988  82.454018 
 371.72684  84.814369 
 575.38501  87.931099 
 958.15936  90.191933 
 512.60437  94.023743 
 591.95825  98.44841 
 683.5246  98.490768 
 702.16547  102.91673 
 596.78235  102.158 
 543.12561  108.9147 
 593.75244  109.74043 
 598.50397  114.13906 
 758.21637  113.12456 
 488.88052  116.3103 
 498.96539  115.08823 
 532.98352  117.73355 
 613.0849  119.17425 
 401.72821  120.43825 
 745.93329  120.67334 
 630.52576  120.96255 
 636.53223  123.53149 
 538.8913  123.86742 
 709.44983  124.50383 
 670.11121  125.42945 
 628.03162  127.77511 
 265.83484  132.91264 
 604.56891  131.37573 
 675.00842  132.43625 
 228.11801  134.42133 
 303.36139  133.45686 
 235.4554  134.5434 
 615.76782  136.11499 
 296.39828  137.35324 
 733.60864  136.83485 
 208.54095  137.76015 
 256.59671  140.99536 
 378.10327  140.67934 
 84.415718  142.11327 
 488.75626  142.87665 
 916.99005  144.09642 
 660.73926  145.26537 
 715.78583  145.0002 
 402.30667  146.30064 
 919.66809  148.90137 
 405.90475  150.14134 
 739.77124  151.87556 
 492.69531  151.33221 
 962.52087  152.21051 
 313.77942  153.69536 
 713.271  155.88338 
 137.1301  156.78603 
 744.91211  156.80988 
 315.85684  159.1259 
 282.88895  159.72939 
 208.94662  161.55107 
 261.94879  165.15167 
 213.6433  165.95743 
 335.80029  167.02002 
 405.25061  166.87593 
 191.68719  169.01326 
 247.19136  171.33803 
 675.06366  172.07741 
 257.29245  173.26506 
 341.85599  173.2943 
 705.3797  174.8772 
 757.77325  173.82159 
 774.75897  179.41309 
 749.12903  180.01328 
 261.32108  180.91423 
 408.41147  180.74498 
 252.84  187.12386 
 506.47055  187.6734 
 165.14966  191.27951 
 738.64368  190.35651 
 171.1118  194.41991 
 733.80817  197.91161 
 156.22458  197.06183 
 220.34396  209.82297 
 411.86249  213.27649 
 206.01155  213.37943 
 214.48277  213.52547 
 742.78571  215.46701 
 759.22443  219.09161 
 148.61021  218.93431 
 211.1183  221.63138 
 761.86011  229.33298 
 827.04309  230.42168 
 809.49658  232.01831 
 813.91016  237.78368 
 166.31223  247.97653 
 770.82941  249.1949 
 172.0997  250.06328 
 779.88116  252.94081 
 810.35303  252.64543 
 771.11371  255.67155 
 792.56946  255.5778 
 553.26233  256.61646 
 154.61288  259.09647 
 555.93048  261.61401 
 941.75458  263.41205 
 947.91364  262.62878 
 899.62439  264.78909 
 901.51703  269.80783 
 430.06757  271.88718 
 71.65284  273.30893 
 796.40491  275.35989 
 927.9917  275.3754 
 409.18597  278.12894 
 526.95056  276.56201 
 532.24805  279.99619 
 537.4129  284.11548 
 391.76788  287.17853 
 848.33093  290.56616 
 560.10608  294.44797 
 720.89014  293.66452 
 828.41772  294.15079 
 428.07227  295.56384 
 785.99792  298.26031 
 917.46295  297.82138 
 865.94666  300.05762 
 718.19122  301.38177 
 726.7373  300.04959 
 779.73303  300.10635 
 777.3009  300.6413 
 715.92767  302.18048 
 217.95645  303.18054 
 463.66098  303.34708 
 507.73483  304.14407 
 709.70245  303.66879 
 918.80035  304.29843 
 358.87009  304.98947 
 382.02362  304.87039 
 484.1434  307.94226 
 374.94955  311.54956 
 909.3324  311.13663 
 140.93834  314.31607 
 488.98355  313.76462 
 565.32611  313.87088 
 913.43585  317.31192 
 504.61566  316.08499 
 723.81384  316.15576 
 910.93176  318.43216 
 407.51776  319.6474 
 422.71667  322.60956 
 446.83148  322.91873 
 948.12622  323.71878 
 488.08893  326.40762 
 424.30328  328.7243 
 903.65186  327.99799 
 895.90234  329.64148 
 574.77484  332.48462 
 441.09723  335.48624 
 396.0564  335.69913 
 801.23389  337.9584 
 596.10248  338.22479 
 633.66327  338.59378 
 898.82892  339.83145 
 406.06714  342.0466 
 794.57214  342.87549 
 538.69385  345.38614 
 557.97272  345.13354 
 348.18765  345.63171 
 504.8172  345.6889 
 517.48254  345.81201 
 378.00461  346.9967 
 476.76486  347.16449 
 546.79034  346.6506 
 402.81778  348.01459 
 484.12491  348.79327 
 382.8895  350.85397 
 471.43893  350.90701 
 489.79269  351.30942 
 497.52573  351.38992 
 462.46912  351.73282 
 435.41537  352.2056 
 404.50003  354.3273 
 476.0303  353.51971 
 564.51355  354.30917 
 344.1571  354.53693 
 445.24295  354.60431 
 457.2674  354.90619 
 574.27905  354.7038 
 466.78354  355.90607 
 428.32574  357.01477 
 450.46741  356.69464 
 807.37085  356.48471 
 351.17462  359.05566 
 441.00381  358.95715 
 803.47937  358.86841 
 410.8222  358.89001 
 421.87674  360.24179 
 433.1073  359.62418 
 573.03497  359.95355 
 583.34528  361.15668 
 419.11505  361.73795 
 402.55798  365.17505 
 658.297  365.12677 
 408.47791  365.99985 
 99.54567  368.39117 
 881.3432  368.4762 
 398.87155  371.20242 
 382.59882  369.80988 
 108.79313  375.03622 
 315.69656  375.34225 
 386.76892  377.73724 
 324.25983  377.81757 
 892.52551  376.78915 
 884.11377  379.96555 
 290.05734  382.25061 
 603.72736  384.05545 
 320.2804  387.10944 
 370.16736  385.31683 
 608.90698  387.18979 
 361.00803  390.60229 
 368.55731  393.38034 
 615.50598  392.52081 
 526.02118  394.05328 
 361.09933  395.02124 
 319.4082  396.01678 
 928.00153  396.87082 
 54.672401  400.93079 
 135.95375  402.24033 
 903.72034  402.89951 
 932.85889  403.16977 
 625.8562  403.87939 
 900.19702  406.51755 
 99.676369  406.30316 
 354.98853  408.19748 
 349.08685  409.09045 
 630.7901  410.29568 
 104.88773  410.85065 
 650.98041  411.57355 
 967.54181  411.50897 
 348.45624  416.07254 
 635.91528  418.28244 
 90.959145  419.18637 
 962.12555  423.26193 
 302.2934  425.55612 
 326.64639  424.83206 
 640.6745  426.77777 
 305.00156  431.05774 
 255.90038  432.15195 
 69.721184  434.16458 
 327.57715  433.5181 
 643.76257  434.10931 
 959.92163  433.78674 
 676.09833  434.78391 
 667.32941  437.61807 
 648.76245  440.53085 
 87.151718  441.69534 
 322.59012  441.30237 
 264.91428  444.008 
 943.87463  443.90875 
 68.68605  445.41052 
 294.53156  444.95166 
 713.38885  445.7287 
 74.357582  449.95474 
 270.65628  449.37802 
 649.61224  449.78729 
 684.59015  450.56815 
 279.53653  452.543 
 88.870842  453.01373 
 242.9583  452.94455 
 317.44443  454.80551 
 555.76654  455.6181 
 710.74365  456.70627 
 908.77362  456.44113 
 52.23859  457.20609 
 916.64905  457.20813 
 257.75186  457.08118 
 94.558395  458.81357 
 309.01553  460.26166 
 650.37384  460.01016 
 658.15643  459.77957 
 269.97916  462.03946 
 921.39368  463.30872 
 313.1098  466.44504 
 752.14087  464.6192 
 949.56915  465.38101 
 694.9472  466.86014 
 652.65503  470.04605 
 240.71823  470.83163 
 253.70807  473.60693 
 593.40765  474.71951 
 383.02298  475.72961 
 600.01569  476.33527 
 665.42798  475.51291 
 671.71216  477.00662 
 886.64014  477.34549 
 34.764351  477.75745 
 605.98901  479.8537 
 786.22913  484.16827 
 48.663223  485.48257 
 868.69623  484.98792 
 305.52798  487.73132 
 608.146  487.75278 
 799.38263  489.07407 
 797.71484  490.62418 
 310.17578  492.94409 
 780.90082  491.64423 
 73.715622  493.50195 
 215.74355  493.20752 
 611.77472  493.10541 
 658.90356  493.94217 
 802.20148  496.0083 
 786.75635  497.29501 
 763.53094  497.94775 
 665.46259  498.99109 
 303.31003  498.57611 
 916.80762  502.11935 
 929.77325  500.69705 
 672.28406  502.56757 
 785.54962  500.22183 
 468.11493  502.66794 
 934.51855  505.72821 
 438.55518  506.95493 
 478.01379  506.81226 
 481.84119  505.7916 
 665.80444  506.60928 
 471.50351  510.08389 
 305.09509  511.16281 
 932.83459  511.19168 
 297.5665  513.16498 
 441.63724  513.00928 
 666.18896  512.6391 
 936.90778  515.01898 
 479.98584  516.68964 
 473.40952  518.25604 
 894.35828  519.33826 
 940.87769  519.28174 
 302.81485  520.27722 
 485.47971  520.76093 
 701.95197  522.96729 
 291.03934  523.96381 
 98.60215  525.11237 
 107.76723  524.48322 
 494.11832  524.86499 
 300.27786  525.63525 
 943.12512  526.33484 
 488.27435  527.82959 
 669.11194  527.53717 
 357.92514  529.34467 
 465.94183  529.62915 
 236.09087  530.90137 
 934.65094  531.86505 
 303.2149  532.7774 
 263.65875  533.29205 
 360.54929  534.01678 
 675.7674  532.99072 
 480.81497  535.06445 
 464.06012  536.20386 
 78.70195  537.82489 
 252.94958  540.23871 
 502.05713  538.16852 
 468.5563  541.39264 
 452.08185  541.64063 
 298.31625  542.86969 
 937.56744  543.70477 
 265.92349  544.42749 
 273.32996  545.4563 
 455.6933  545.23682 
 476.24454  545.39777 
 505.38254  545.77374 
 481.99826  546.48004 
 510.06528  545.85742 
 456.30331  550.34741 
 519.42365  550.3205 
 529.16736  551.99133 
 934.06573  553.25726 
 460.64716  554.10089 
 746.13568  554.79785 
 275.93713  560.51654 
 295.91086  561.03644 
 916.74939  561.8432 
 530.90869  565.98456 
 301.77646  566.90521 
 173.2823  567.29773 
 874.63409  567.81482 
 296.73599  573.9248 
 176.07747  574.98468 
 302.21454  574.90417 
 665.5177  575.24512 
 65.650017  575.87488 
 76.083282  577.75781 
 274.24744  578.16119 
 100.77216  579.849 
 87.84256  580.98053 
 305.12814  581.55322 
 125.5738  583.41626 
 661.47772  586.42041 
 306.60779  589.43164 
 307.49515  594.94318 
 655.58813  594.75537 
 312.246  598.44891 
 882.56067  604.79401 
 705.73401  605.21466 
 758.76996  605.20941 
 317.8418  608.91895 
 260.62537  611.6571 
 871.69086  614.43884 
 659.49158  614.30658 
 313.73502  616.64746 
 101.89114  617.86652 
 320.13876  619.43701 
 649.85754  618.73859 
 78.20211  621.82129 
 760.8457  624.54199 
 293.02472  625.26947 
 324.38086  627.23499 
 312.65686  628.70313 
 915.41443  629.00861 
 168.81523  631.25568 
 550.06146  631.47186 
 700.63947  631.7832 
 158.2863  634.59857 
 319.07385  634.75061 
 919.06696  636.48444 
 171.16141  636.53094 
 402.67502  638.07153 
 330.41757  637.83215 
 329.97809  644.10309 
 322.5705  644.39099 
 478.80057  644.76801 
 636.0788  648.08765 
 224.06386  651.96722 
 271.27582  649.94275 
 289.16504  650.15314 
 686.03064  650.21967 
 337.96005  650.52112 
 405.66943  650.23279 
 631.39081  651.22937 
 275.90015  652.612 
 963.02441  655.19928 
 969.67407  656.36609 
 617.94946  660.0423 
 347.97888  665.08112 
 219.44594  667.36139 
 628.41547  667.28949 
 674.07562  667.7937 
 228.99898  672.17505 
 350.57886  672.28711 
 615.17676  672.58899 
 678.23987  672.60278 
 81.77858  673.63129 
 658.4939  677.00079 
 197.95  678.03467 
 346.47202  681.08557 
 355.08252  679.28217 
 673.89398  680.29669 
 206.78889  686.08545 
 274.8071  684.37653 
 658.90948  685.32013 
 668.5553  690.10803 
 361.77094  688.67029 
 278.5788  691.60669 
 374.27444  690.63556 
 186.51846  693.43671 
 200.95322  693.37726 
 936.65503  693.48169 
 380.93552  693.70392 
 648.75159  693.66791 
 365.09213  695.25665 
 328.36084  695.09357 
 341.95825  697.63007 
 375.44058  696.01392 
 589.41882  696.46973 
 656.87677  697.40582 
 384.21002  699.63141 
 675.6897  699.20966 
 202.8945  700.00861 
 377.67874  701.27661 
 392.81213  701.18774 
 930.33185  700.55072 
 161.25128  705.35809 
 386.28995  705.11359 
 614.43079  705.00952 
 661.05481  705.15167 
 207.76909  707.27319 
 327.37836  705.70001 
 703.71802  706.32532 
 395.52734  707.11731 
 431.75433  706.76031 
 353.6933  707.57513 
 412.81345  706.67523 
 424.20172  708.34137 
 461.83524  709.19794 
 619.17828  709.2085 
 421.2847  709.90466 
 470.82809  711.1687 
 566.43127  710.61578 
 365.36914  711.57977 
 435.27878  711.92975 
 453.22058  712.04852 
 706.61243  711.94458 
 407.93979  713.89215 
 428.06537  714.12964 
 550.6817  714.05579 
 447.40182  716.01917 
 439.83081  717.55511 
 456.82419  717.49817 
 924.77338  716.97498 
 462.53531  718.54364 
 537.21075  719.41779 
 607.41034  718.79395 
 618.25964  718.74646 
 632.86591  719.91516 
 451.42551  720.75708 
 477.84512  721.60883 
 529.05499  720.62073 
 929.83362  722.44055 
 394.34973  723.02667 
 473.42712  722.17389 
 487.75311  722.04974 
 497.48212  723.49805 
 511.0979  723.73615 
 610.34705  723.85358 
 676.71478  725.59814 
 478.85596  728.40118 
 491.37537  727.42072 
 503.03445  728.75909 
 160.91489  731.4632 
 545.94934  736.2384 
 183.09549  735.86603 
 875.07336  736.75482 
 165.17363  738.02405 
 175.12411  738.61035 
 563.79559  738.96356 
 646.88177  742.22949 
 639.10785  740.6532 
 880.71722  742.78412 
 186.02675  742.82324 
 351.42993  743.07678 
 81.801086  745.2735 
 515.83691  745.93365 
 644.11267  746.05835 
 335.15289  747.99512 
 355.00397  750.45837 
 358.70456  750.86511 
 351.0238  751.87457 
 893.19415  755.37732 
 899.61243  758.07312 
 127.07645  760.96271 
 459.5672  765.77539 
 448.32611  769.72766 
 905.75488  768.78656 
 287.38159  776.19885 
 415.11227  778.12189 
 629.02612  778.29987 
 353.8602  779.44238 
 921.60059  779.95245 
 857.00775  782.09918 
 165.8298  783.26978 
 819.4718  781.32715 
 177.58417  785.23291 
 348.50723  785.76166 
 848.55328  785.4823 
 171.82581  788.29614 
 442.32709  787.02039 
 821.91949  788.14514 
 925.38031  787.62427 
 783.74268  787.14545 
 895.12006  789.21881 
 352.22128  791.70349 
 827.53839  791.45465 
 853.742  792.00397 
 810.14227  792.77533 
 893.84851  793.96942 
 899.30438  796.31653 
 786.21307  796.0528 
 429.70667  796.72461 
 441.58234  798.07202 
 897.75751  798.66687 
 296.70636  798.33014 
 815.02332  799.75018 
 790.13263  801.56995 
 754.26111  813.41443 
 928.24109  812.78381 
 782.65082  813.5481 
 858.63483  816.31409 
 869.51306  817.34314 
 791.37445  820.07623 
 793.88477  820.32507 
 88.794006  821.67389 
 97.331406  825.48267 
 745.51984  823.29816 
 73.855988  824.29596 
 100.49737  825.59357 
 285.37695  826.82227 
 749.91486  829.39825 
 292.06964  832.46448 
 744.55536  834.26544 
 63.092709  836.74316 
 791.80481  839.98706 
 289.78629  840.2486 
 197.00423  842.93994 
 243.53458  842.84528 
 62.126469  847.38458 
 88.047829  849.23425 
 199.36496  849.91284 
 151.34946  853.40118 
 719.52515  852.69965 
 157.9745  856.3537 
 229.24115  857.51056 
 714.22589  860.12665 
 116.53542  859.92865 
 985.27783  862.84406 
 232.00005  863.69714 
 107.49118  867.04572 
 709.90106  866.89758 
 718.56366  866.74835 
 690.24353  868.98663 
 247.22806  871.10419 
 695.66608  873.46088 
 678.63525  877.82355 
 81.341896  878.68329 
 80.754845  886.14789 
 421.31567  884.91443 
 684.0564  886.29962 
 287.88242  889.20239 
 424.83685  890.62622 
 118.51963  890.82214 
 166.15631  892.85376 
 693.31757  895.84937 
 434.63412  897.90491 
 684.8208  902.07098 
 276.29129  902.12634 
 228.71964  904.3573 
 234.03651  910.06854 
 659.20453  912.71777 
 664.15369  912.13879 
 558.39893  914.74121 
 381.72443  918.12012 
 340.89752  919.18561 
 393.69907  918.82648 
 745.90967  919.8139 
 663.03369  923.10699 
 337.80539  924.94366 
 344.46396  924.77112 
 651.42279  926.28656 
 648.95251  927.41388 
 308.00339  928.30084 
 690.24866  928.85742 
 322.4534  932.25647 
 299.77667  935.0777 
 173.6465  937.17291 
 641.07819  937.11139 
 455.15402  938.18585 
 610.08997  937.27136 
 525.54211  939.69763 
 176.52579  941.13953 
 485.978  943.08221 
 346.34668  942.01031 
 640.10724  944.06873 
 537.76508  945.4939 
 573.64807  947.03076 
 801.33856  948.16302 
 340.86133  955.03204 
 579.29956  952.93689 
 503.90121  956.00372 
 526.70721  965.93573 
 347.24762  969.10406 
 561.9505  969.52643 
 531.64893  973.06421 
 454.4801  974.99506 
 554.76263  974.78601 
 527.29547  976.63495 
 563.20569  978.71271 
 603.83563  977.79028 
 671.35175  977.55023 
 401.15689  979.89636 
 457.96405  980.86536 
 345.74588  981.91522 
 599.97266  980.73297 
 451.93759  986.19519 
 657.82294  985.69116 
 601.94409  988.10999 
 658.49396  991.78955 
 566.18744  992.98322 
 433.27328  995.28375 
 905.93964  46.723137 
 379.67709  51.526379 
 603.17743  59.808853 
 586.57538  67.894699 
 420.27158  77.915077 
 593.36914  77.460533 
 439.04413  80.912498 
 577.62561  82.780838 
 587.77856  86.283096 
 376.57922  90.099922 
 405.97797  91.061714 
 534.9021  91.053993 
 561.11993  91.45079 
 672.77374  105.07044 
 506.2897  105.72025 
 514.50446  112.96719 
 547.58368  116.61405 
 521.30682  118.15353 
 628.3728  120.73715 
 728.80652  130.72464 
 232.35498  141.01369 
 236.73416  141.58029 
 524.07751  147.4789 
 690.60211  148.81628 
 533.68036  155.19383 
 251.84502  157.53145 
 543.66663  158.30635 
 523.99329  164.66306 
 348.72925  178.12314 
 678.01636  179.0367 
 850.85992  184.15094 
 666.95416  185.46596 
 779.23499  185.267 
 215.63562  190.96649 
 404.23029  190.98331 
 746.02057  195.49449 
 234.2075  208.63487 
 192.06512  214.52921 
 279.18866  216.3448 
 153.0376  224.83246 
 795.63116  229.48074 
 832.98181  238.01602 
 966.29797  254.6562 
 875.2627  266.22946 
 792.89575  267.91953 
 951.60919  269.09396 
 940.19806  270.40863 
 827.76788  273.28824 
 344.43958  274.31537 
 902.10083  281.63931 
 935.80048  284.28122 
 785.25452  284.90872 
 138.34256  286.5192 
 486.49393  291.20532 
 907.20239  291.6102 
 360.86502  295.48474 
 525.98151  296.50391 
 952.99158  295.54913 
 935.76819  296.94629 
 476.91977  298.24258 
 963.29889  297.89221 
 124.14722  300.72766 
 802.00067  301.92245 
 455.67545  308.05658 
 787.72534  308.44925 
 444.54037  311.13263 
 731.08771  311.6705 
 466.4585  313.27765 
 576.33868  313.64954 
 853.20648  314.0733 
 551.12201  317.02713 
 518.01233  319.73352 
 345.82379  320.9357 
 350.82278  326.47351 
 435.95935  329.51392 
 588.11279  328.8147 
 448.86279  330.96835 
 563.94849  333.57202 
 456.405  334.953 
 490.62305  335.25217 
 429.35349  336.52966 
 538.16254  337.00623 
 50.684219  338.48849 
 581.74457  337.76813 
 499.84979  338.54599 
 359.77655  340.13052 
 577.54437  341.66757 
 447.83041  343.16238 
 757.7663  342.93588 
 491.91068  343.90179 
 637.52985  344.39157 
 561.01465  344.53467 
 739.99091  345.41144 
 444.50372  346.77563 
 373.8862  347.65338 
 698.50134  348.97992 
 392.48108  350.04297 
 643.55365  349.96823 
 762.08331  350.58823 
 593.11646  351.59641 
 618.0531  353.56409 
 362.08939  355.07535 
 610.005  356.34036 
 387.25943  356.98984 
 888.18915  358.05588 
 709.11279  359.49692 
 749.62756  360.03271 
 364.82513  368.67157 
 347.63556  369.57861 
 896.59125  371.19586 
 271.65747  371.94 
 287.1991  372.66931 
 884.1712  374.23993 
 616.61548  385.87534 
 306.73727  386.78778 
 111.7916  389.45459 
 933.12561  388.59418 
 668.77191  389.61755 
 891.25714  390.02533 
 349.73401  390.92221 
 897.68469  397.63934 
 328.18854  400.33234 
 362.06543  403.07486 
 43.82378  408.00037 
 57.442348  409.28235 
 467.37857  412.15753 
 458.19336  415.18304 
 573.3313  417.11914 
 486.65762  417.98215 
 688.1217  420.11234 
 200.95717  422.2204 
 310.44949  427.1156 
 952.21948  428.04187 
 777.63544  431.99551 
 710.23901  435.43829 
 271.47122  437.92703 
 308.31873  438.24985 
 781.30011  438.77026 
 301.4454  447.33633 
 759.95502  447.29089 
 932.70898  449.1246 
 58.871605  452.60104 
 897.59155  456.79816 
 560.26166  462.65945 
 913.54303  467.69711 
 220.89465  469.57196 
 714.59924  471.18112 
 896.71539  470.92661 
 891.62109  472.00186 
 228.55328  473.45825 
 412.01419  473.23468 
 690.63934  475.82037 
 81.866692  484.11789 
 260.64056  485.70874 
 896.01227  490.58524 
 60.15102  492.20822 
 694.18323  496.95248 
 681.20038  497.45535 
 214.20966  507.71008 
 673.52527  513.43262 
 465.20981  515.03601 
 204.17993  516.39319 
 231.40855  515.65314 
 103.57536  518.13409 
 211.3112  521.45471 
 83.616394  524.72852 
 258.89185  526.43402 
 710.45526  526.8562 
 474.32602  527.68152 
 218.66257  531.11005 
 295.34921  531.30231 
 247.77673  533.52655 
 696.3183  533.58075 
 493.54388  536.91028 
 271.93613  539.27368 
 514.60596  540.15692 
 608.57166  543.73389 
 275.96729  546.12677 
 43.998043  547.70581 
 883.76624  550.24872 
 256.96112  551.42902 
 943.87323  550.70074 
 300.80664  553.35809 
 676.06842  555.55365 
 284.2821  557.53973 
 894.5976  557.46332 
 926.17108  557.28619 
 271.39749  559.31958 
 816.19281  566.06128 
 498.84558  568.50592 
 895.08173  568.91003 
 159.77087  569.90594 
 695.68109  573.11267 
 867.35535  573.78674 
 121.44416  575.31842 
 705.1452  574.67969 
 259.72949  577.47797 
 388.88126  578.28674 
 880.11115  578.42261 
 904.43488  580.04681 
 282.81189  581.13385 
 581.74609  580.66302 
 711.12506  581.1615 
 411.3093  586.43768 
 295.62292  590.7616 
 668.2373  591.18414 
 896.72864  590.94855 
 247.15598  592.48151 
 684.90808  595.85608 
 268.06512  599.22095 
 577.35321  599.22064 
 903.90125  600.19409 
 258.2933  602.08002 
 651.63068  605.79028 
 270.47122  607.52399 
 395.68729  608.89935 
 69.036293  613.91022 
 400.37259  615.39026 
 882.42212  615.18579 
 887.90302  616.61652 
 723.95142  620.2099 
 893.84741  626.57611 
 681.75043  628.06818 
 711.74268  630.7356 
 112.56689  632.6687 
 721.1319  634.56177 
 475.71362  637.25385 
 282.5401  638.19183 
 301.83234  637.84302 
 421.38754  639.65204 
 553.95636  639.86768 
 961.85236  639.99316 
 163.88272  641.90485 
 214.78056  649.55731 
 105.75963  650.23102 
 969.99634  650.04291 
 308.18607  653.04987 
 294.34872  656.33704 
 592.03204  658.1684 
 636.84076  657.927 
 408.06412  658.65326 
 679.36768  660.71149 
 495.33688  661.97528 
 100.91819  662.552 
 578.17126  665.87286 
 317.16019  670.28174 
 624.8739  671.57843 
 341.2471  672.69562 
 979.19379  674.33209 
 528.112  675.54272 
 935.1156  683.30817 
 606.51221  685.11084 
 323.17822  687.95831 
 338.72528  690.34222 
 962.55829  692.71857 
 611.79761  694.92725 
 629.54523  698.05994 
 138.79596  704.19495 
 637.83221  704.27655 
 606.89447  709.60675 
 645.81628  713.58807 
 571.89465  715.19214 
 903.69794  715.35034 
 141.61391  717.33557 
 152.96786  717.66376 
 129.89874  718.65991 
 178.87346  718.71881 
 431.50427  719.91791 
 559.29675  720.10345 
 543.53143  722.18005 
 890.93866  721.51965 
 210.38116  722.53473 
 578.53058  723.88599 
 908.40118  725.13269 
 879.81445  729.11707 
 143.03308  729.90289 
 447.24594  729.8631 
 192.69067  730.8623 
 898.53223  731.55518 
 121.78023  734.32495 
 643.73236  733.9411 
 326.50995  736.90656 
 150.39552  737.88898 
 617.31561  739.75293 
 461.26596  741.24036 
 578.92426  740.76514 
 318.13834  746.65234 
 504.06473  746.80212 
 477.50708  747.80023 
 578.4837  752.48712 
 637.88806  756.11877 
 509.0058  764.73065 
 909.94684  774.85223 
 437.66064  780.86926 
 135.59874  783.93463 
 495.26312  787.88141 
 158.293  789.11725 
 274.18488  788.95087 
 917.57172  795.93665 
 776.53107  796.88568 
 733.26068  800.50146 
 846.23438  801.0387 
 924.91077  805.3371 
 255.35849  807.75568 
 148.00061  809.00323 
 764.9903  809.48218 
 286.96994  811.66864 
 620.13312  815.84503 
 724.25415  815.62958 
 752.62482  830.48816 
 727.7702  831.82458 
 283.03809  833.98883 
 154.45819  837.24701 
 240.19708  836.51727 
 91.788155  837.79358 
 750.03265  840.14679 
 159.87848  842.56354 
 956.25952  850.97009 
 111.97675  851.79492 
 962.44275  857.133 
 93.196915  857.92975 
 369.65747  872.13672 
 102.56935  873.83575 
 714.09528  876.0899 
 697.29645  882.9093 
 292.1889  894.0448 
 286.49826  900.69086 
 697.89972  902.95758 
 673.58209  906.22357 
 258.02908  907.71124 
 159.24805  911.17084 
 678.82239  914.17969 
 790.08618  914.74536 
 338.24002  917.72119 
 310.45563  920.17444 
 686.72699  920.89478 
 563.15649  921.57617 
 612.09662  931.32507 
 665.87469  930.88562 
 343.45404  932.66583 
 486.70898  935.14771 
 627.54614  937.13953 
 582.32178  937.56946 
 653.50891  937.73035 
 502.50351  947.66541 
 631.13379  948.1239 
 518.08099  951.83606 
 596.57166  962.48535 
 570.89246  965.93286 
 703.12299  45.943909 
 677.66644  81.192451 
 371.4678  84.513504 
 683.88843  98.802475 
 542.57855  108.64686 
 613.56982  118.63631 
 401.51053  120.2547 
 627.79608  128.95674 
 229.25012  133.21593 
 661.78949  145.44978 
 401.36472  146.6813 
 739.27606  150.19051 
 313.01569  153.3461 
 282.5311  158.97884 
 315.8432  159.38184 
 213.54733  166.94913 
 247.19173  171.04544 
 773.78619  179.7878 
 253.44566  187.32565 
 171.38184  194.95724 
 172.7684  250.3089 
 779.75391  253.05807 
 708.85809  303.57452 
 360.20007  304.92136 
 506.56699  304.82736 
 421.51434  322.72092 
 595.9422  338.90082 
 405.29724  341.4751 
 348.62033  345.02258 
 546.21771  346.62982 
 402.40033  347.94171 
 445.51126  354.51672 
 574.94995  354.61948 
 428.03311  356.20013 
 454.9498  356.38391 
 452.14349  356.88269 
 466.61453  356.78091 
 433.69116  360.17871 
 583.39203  360.76236 
 402.13547  364.48215 
 408.98322  366.69101 
 604.75818  386.67792 
 607.02472  387.02045 
 625.10632  404.21695 
 933.03619  403.5329 
 355.86768  408.0994 
 348.59354  408.68808 
 647.95453  439.92145 
 87.15377  442.1445 
 294.20493  445.28995 
 74.477234  449.79971 
 649.10278  449.85596 
 922.16534  462.69476 
 948.5094  465.10046 
 595.93842  476.5726 
 887.92883  475.66705 
 305.29239  487.17883 
 664.92773  498.83282 
 663.56702  508.04004 
 471.98651  509.94604 
 441.91373  513.44238 
 480.46674  516.46643 
 473.00266  518.83124 
 941.05188  519.21545 
 484.70575  521.20209 
 360.57074  534.48529 
 481.3754  534.61108 
 79.440681  537.85767 
 468.2807  541.62878 
 460.82828  554.89661 
 301.64575  567.01776 
 293.08105  576.19824 
 655.0705  594.73926 
 317.7829  609.27454 
 871.74255  614.05963 
 97.30159  617.987 
 171.58478  637.09827 
 329.96222  644.67517 
 960.10577  651.87225 
 347.08548  664.60925 
 673.5896  667.85529 
 351.11667  672.14337 
 673.82227  680.1994 
 375.26883  695.85272 
 392.57394  700.07922 
 614.21466  704.24512 
 327.72156  705.59381 
 703.6095  706.1842 
 436.29581  711.30188 
 365.97925  712.18182 
 706.73834  712.11957 
 447.29614  715.65125 
 460.57504  718.42035 
 451.22925  721.18329 
 171.34702  788.64099 
 828.08173  791.99457 
 244.01328  843.42725 
 247.25761  871.20813 
 420.38791  884.80682 
 343.33102  924.65955 
 307.62158  928.65417 
 640.54858  936.41357 
 347.61136  968.64789 
 454.01691  974.27393 
 669.99609  976.92938 
 668.37091  58.645344 
 607.13934  66.962318 
 677.80554  66.806488 
 586.2865  68.508667 
 651.83783  74.8461 
 422.34351  76.738014 
 593.37445  77.149269 
 438.70172  81.567505 
 602.66028  82.833275 
 576.00903  86.250793 
 587.14362  86.597008 
 957.28278  89.59063 
 406.07767  91.329575 
 560.9848  91.008362 
 533.90967  93.260292 
 560.47583  101.04066 
 675.21484  106.15784 
 938.39117  112.61149 
 598.47784  113.9187 
 501.58633  115.25504 
 532.46246  117.45512 
 549.01013  118.13798 
 521.99011  119.43293 
 627.78198  119.66779 
 540.38708  124.80448 
 635.83643  124.87712 
 670.11615  125.11971 
 709.00586  125.10486 
 727.62079  130.66711 
 266.0369  134.00018 
 676.22644  133.59242 
 615.93372  136.30428 
 733.99365  137.93636 
 235.74745  142.12836 
 487.85315  142.09451 
 505.10693  146.3067 
 715.85327  145.87521 
 254.26109  147.196 
 523.03632  147.39252 
 690.67859  148.59363 
 919.9588  149.37993 
 492.70776  151.36253 
 961.97675  152.35344 
 543.86267  158.06438 
 209.33844  159.95184 
 665.50537  161.2905 
 524.64484  163.23914 
 335.82751  166.63394 
 404.79953  166.91049 
 191.92056  168.20836 
 256.51233  172.17693 
 704.7403  174.89006 
 350.50897  178.35143 
 409.21887  178.41039 
 261.17361  180.39745 
 749.44104  179.59804 
 666.84143  184.33412 
 851.97742  183.87875 
 327.04333  186.18088 
 779.74078  186.02963 
 258.19293  189.2932 
 739.19806  189.6657 
 163.65565  192.50308 
 155.32364  197.1965 
 731.95148  197.73146 
 113.16431  203.78888 
 212.00076  212.47893 
 192.83632  213.91948 
 742.23645  216.70352 
 148.72125  218.50772 
 758.75769  218.80389 
 822.14496  220.99059 
 212.177  222.52916 
 795.66467  228.10558 
 761.50421  229.14612 
 826.52429  230.29605 
 809.17401  231.16855 
 766.23645  238.36899 
 833.08356  237.77003 
 813.09332  238.63385 
 787.77423  246.70084 
 165.36308  247.99677 
 956.68903  253.88585 
 806.39233  254.92747 
 154.52458  260.05566 
 946.94836  261.42093 
 825.01556  263.0463 
 792.84088  268.16367 
 876.9671  267.54196 
 952.17181  269.15588 
 940.2785  270.98248 
 344.28918  273.96194 
 797.26813  275.04932 
 927.98969  276.13867 
 408.20987  279.13974 
 901.65643  280.24191 
 786.24097  283.65549 
 539.13611  285.12836 
 934.39886  285.0527 
 138.28716  285.76468 
 920.38287  289.10834 
 847.68506  290.94116 
 859.05737  290.68881 
 129.96631  293.75327 
 828.83478  293.71509 
 559.6651  294.58011 
 360.84464  295.53046 
 526.58716  296.78485 
 933.36017  296.81845 
 477.7196  298.38681 
 776.59949  299.89063 
 803.04236  300.22839 
 124.45245  300.64438 
 865.61639  300.63855 
 719.35968  302.12308 
 464.44778  302.96469 
 849.06915  303.54492 
 496.55237  306.75198 
 483.24396  308.14789 
 786.04828  309.07562 
 455.55087  309.6181 
 534.30548  311.34842 
 908.39777  311.21289 
 374.9653  312.35327 
 729.57336  312.14304 
 890.09229  312.45581 
 442.81992  312.68558 
 140.32179  313.76196 
 468.16895  313.61166 
 565.7132  313.72418 
 577.62872  314.32977 
 854.44  313.92609 
 504.13574  316.02451 
 724.2821  315.51779 
 551.18555  317.39655 
 913.62262  318.00134 
 407.32361  319.99228 
 446.99249  322.08054 
 729.80188  323.12259 
 486.85422  326.70654 
 415.53201  329.01996 
 588.52271  329.03961 
 895.17194  329.20291 
 422.94482  329.65359 
 435.35425  329.47855 
 470.95309  330.87064 
 575.09381  331.46454 
 564.2204  333.48669 
 456.84875  334.2327 
 396.06363  335.00159 
 789.07458  334.75864 
 363.54599  336.07315 
 441.3652  336.49982 
 490.00183  335.77802 
 539.00336  336.48834 
 501.815  337.38556 
 899.09753  339.67422 
 576.31989  342.42752 
 757.38367  341.88544 
 796.60559  342.57474 
 448.21786  343.42291 
 491.46603  342.69073 
 561.49689  343.97104 
 613.2865  343.87857 
 739.59357  345.42999 
 505.97073  346.46356 
 517.836  345.9458 
 539.66693  345.90335 
 373.73642  347.00858 
 416.05701  347.23352 
 477.12888  347.15918 
 530.05994  347.14951 
 699.1861  349.5896 
 434.88464  351.51273 
 763.13928  350.96985 
 783.89832  350.98227 
 381.79053  351.63156 
 392.41684  351.63824 
 495.68411  351.9278 
 593.72736  352.35168 
 343.81271  354.43314 
 616.28369  354.26129 
 411.56332  355.37198 
 564.08197  354.83682 
 361.14706  355.60425 
 806.34528  355.57764 
 886.97076  357.19809 
 352.39172  358.6893 
 591.46558  359.64642 
 708.86786  359.84698 
 419.71201  362.1644 
 658.07513  365.23257 
 308.99271  365.84811 
 607.87061  365.62302 
 364.9682  367.48822 
 99.013748  368.3287 
 381.76498  369.79031 
 580.58392  369.63226 
 347.80539  370.50272 
 272.97446  371.92783 
 287.99048  372.26447 
 398.71631  371.71988 
 894.16791  374.33191 
 316.5618  375.52258 
 882.9317  376.79636 
 387.03409  378.67355 
 722.18958  380.59799 
 290.52277  383.00916 
 365.6965  384.62143 
 617.23688  384.97296 
 111.7392  388.30569 
 306.83716  389.16873 
 667.45587  388.97919 
 890.95532  389.54245 
 360.38385  390.92361 
 369.46683  393.86096 
 524.52429  394.10425 
 319.17471  395.06082 
 926.79138  396.35782 
 896.28125  397.3053 
 109.60778  399.2764 
 914.24854  399.36267 
 136.20598  401.12573 
 327.8848  400.83875 
 98.244987  405.89313 
 900.87146  406.52188 
 686.10406  407.27454 
 59.578156  409.52646 
 252.19452  411.68805 
 650.63556  411.89145 
 82.276009  414.64767 
 459.06784  415.12482 
 573.5733  416.69122 
 349.84277  417.96585 
 487.28842  417.73691 
 688.0498  419.69168 
 201.27687  422.24097 
 895.77411  421.90506 
 961.81689  423.01056 
 325.22491  424.23251 
 337.29129  424.80252 
 639.88177  426.2305 
 309.68503  427.75497 
 951.15057  428.70856 
 777.33777  431.29675 
 68.749596  434.7868 
 326.54077  434.9223 
 676.58789  435.12869 
 960.64874  434.72507 
 644.39832  435.79309 
 711.04816  435.71429 
 272.02322  437.99133 
 665.89246  437.67426 
 309.43143  438.86816 
 781.28088  439.13486 
 323.26862  439.78531 
 77.918907  441.76108 
 692.47961  444.12186 
 67.686119  445.72729 
 685.2207  450.02322 
 933.81262  449.6235 
 242.90503  452.87256 
 279.61856  453.08624 
 318.01367  454.86844 
 555.64417  455.02386 
 917.68817  456.00653 
 657.74286  458.28326 
 710.22607  457.77777 
 897.61572  457.61438 
 907.02362  457.57358 
 94.648132  459.39447 
 308.2886  460.18481 
 913.2691  467.23907 
 312.77359  468.15646 
 220.61278  469.48215 
 651.01978  469.82474 
 241.35707  470.6835 
 893.75085  471.32257 
 713.92554  471.92218 
 230.13199  472.62216 
 253.95065  473.79663 
 462.62  474.0936 
 383.44815  475.31451 
 670.45593  476.34241 
 692.56696  476.12561 
 607.38397  479.10919 
 80.959801  483.9689 
 261.38031  486.05487 
 698.36896  486.09967 
 784.31281  485.87994 
 799.70624  487.51614 
 608.30481  488.0741 
 895.34058  489.80515 
 59.298447  492.54135 
 215.01157  493.23456 
 251.11588  493.27618 
 73.591568  493.61765 
 658.31989  494.08792 
 912.45367  493.81577 
 372.88464  494.88132 
 301.52582  496.72366 
 694.24054  497.21524 
 762.91412  497.37155 
 802.35809  497.58438 
 786.36786  499.2319 
 930.93616  498.84769 
 468.28375  500.90494 
 916.96472  502.48694 
 662.48724  503.45615 
 673.92444  502.68158 
 482.94333  504.49268 
 437.97394  506.32977 
 214.81412  507.17325 
 494.41833  507.00122 
 296.11545  512.83954 
 675.51782  514.4151 
 233.51575  515.04456 
 884.6629  516.26086 
 894.84998  518.99261 
 211.96593  521.59924 
 390.14297  521.51746 
 241.55714  523.47089 
 300.18768  524.41772 
 98.963005  525.09723 
 258.53848  525.34607 
 81.551369  526.01959 
 667.97803  526.1665 
 711.32629  526.24921 
 943.73438  526.25854 
 474.05365  527.87915 
 488.89224  528.16632 
 218.59691  530.60352 
 934.0683  531.84235 
 263.79541  533.28619 
 675.6012  533.02008 
 686.5473  532.54602 
 695.36963  533.04889 
 246.69485  533.62646 
 303.61627  534.46204 
 89.073624  535.10992 
 492.72253  537.08838 
 502.58011  536.97101 
 515.28296  538.52411 
 253.33736  541.73669 
 667.12897  541.85236 
 266.07114  544.04919 
 607.92645  543.8075 
 697.10541  545.07635 
 276.74185  546.34546 
 506.07132  546.18903 
 480.75021  546.78375 
 956.1734  549.35199 
 883.88483  551.27026 
 944.48956  550.70935 
 256.72  552.04187 
 301.16428  552.34662 
 529.09668  552.28931 
 343.4436  553.52191 
 675.81262  555.23767 
 926.63202  556.40686 
 895.11096  556.97394 
 274.12427  560.22296 
 296.11392  560.95361 
 531.8139  565.31104 
 173.32698  566.22058 
 499.21741  566.54199 
 874.62653  568.19446 
 267.30194  568.85901 
 159.19696  570.1748 
 252.89772  570.94513 
 665.25452  574.45953 
 120.79478  574.54285 
 177.23045  575.06927 
 65.02224  575.83496 
 387.57437  577.66974 
 163.67773  579.45435 
 260.18967  578.80621 
 273.48615  578.48889 
 284.9118  578.82123 
 879.41809  578.82831 
 88.016327  580.60626 
 711.89099  581.12421 
 904.71246  581.18555 
 125.94821  583.71722 
 296.82495  587.58179 
 660.87848  586.71204 
 306.58444  589.38849 
 670.35327  590.00867 
 895.95764  590.10162 
 246.43091  590.82721 
 570.19153  592.47827 
 684.92609  595.01941 
 268.20349  598.52118 
 577.73749  599.0285 
 903.38245  600.47504 
 652.20459  604.91876 
 758.58844  605.33344 
 881.7196  605.1557 
 271.06793  606.93665 
 687.09418  606.54419 
 395.81351  608.44794 
 58.442848  608.61517 
 260.06851  611.58643 
 660.13348  614.47522 
 887.36047  615.52289 
 312.44644  618.39124 
 145.6629  619.24359 
 650.33771  618.86572 
 78.25631  621.3136 
 870.71613  622.27008 
 669.48511  622.60107 
 294.51788  623.77496 
 895.47498  624.901 
 681.79059  628.32965 
 914.9895  627.67334 
 311.76514  628.8703 
 711.92999  630.88873 
 113.02556  632.15436 
 549.87115  631.94977 
 699.25269  632.17529 
 158.13057  634.83185 
 721.58496  635.52509 
 318.3688  635.88104 
 330.1142  636.28253 
 301.65738  636.66327 
 475.47534  636.75586 
 918.8642  636.79669 
 402.60709  638.04749 
 422.24927  638.89709 
 757.24799  640.24725 
 961.55231  639.823 
 553.71307  640.96387 
 163.18307  642.22296 
 657.38959  641.55914 
 478.62314  645.30695 
 405.00073  649.35596 
 424.76422  648.8324 
 686.57501  649.51587 
 214.08789  650.14203 
 287.43094  650.36456 
 337.41998  650.37201 
 631.53699  649.95258 
 224.13449  652.29736 
 308.39166  652.18695 
 295.04922  657.10876 
 593.07556  657.72083 
 636.95819  658.35364 
 231.44994  661.46478 
 406.11026  661.28607 
 494.58194  660.57898 
 679.22748  660.68921 
 100.17364  663.30011 
 645.99036  665.95551 
 219.34805  667.10034 
 577.55701  666.7019 
 318.79974  669.34094 
 626.34552  669.42169 
 340.48489  671.0119 
 82.09716  674.0235 
 528.41113  675.73438 
 656.74622  677.17413 
 333.17172  679.38342 
 355.82745  679.87634 
 633.19794  680.06238 
 345.85562  680.99249 
 275.2793  683.21521 
 934.31165  683.19397 
 605.90753  685.33508 
 658.34009  685.5777 
 206.22171  686.94025 
 321.82373  688.42596 
 668.45917  689.82654 
 279.97168  692.50598 
 937.61194  693.14209 
 962.60419  692.70868 
 185.88828  693.58197 
 646.18317  693.84918 
 328.28372  695.35022 
 611.29437  695.06537 
 364.62323  695.87463 
 589.77673  695.80853 
 341.56506  698.34802 
 657.24915  697.51825 
 948.44629  698.11017 
 675.35461  698.74884 
 202.78355  699.7182 
 405.41803  703.75732 
 412.81683  705.28766 
 377.5015  705.65015 
 661.11682  705.77386 
 353.53394  707.16571 
 395.47028  706.82098 
 422.77582  707.65753 
 209.62152  708.51617 
 605.51135  709.16119 
 619.25854  709.24194 
 673.22083  709.2865 
 470.61148  711.95068 
 645.45905  712.27936 
 428.24554  714.31836 
 550.87225  713.80371 
 407.7356  714.54749 
 904.21021  715.24731 
 387.32922  716.43896 
 141.20619  717.25769 
 153.67751  716.87292 
 923.46515  716.62689 
 129.73094  718.33374 
 440.51895  717.66711 
 179.33203  718.54987 
 193.13063  719.05402 
 607.0069  719.18604 
 431.33942  720.2049 
 489.56451  721.28564 
 529.41132  720.5119 
 559.29016  721.17535 
 631.62048  721.32208 
 891.12457  721.02454 
 473.31519  721.8952 
 543.11005  722.4021 
 209.77016  722.70587 
 496.60022  722.75793 
 512.10687  723.60516 
 578.28485  723.87598 
 676.05206  723.89636 
 908.78406  724.89484 
 602.8252  727.19312 
 144.7692  728.50787 
 880.82043  728.17389 
 161.38553  730.11121 
 446.76797  729.79547 
 478.15366  729.89038 
 503.02216  729.50342 
 193.54562  730.77667 
 518.07983  732.33722 
 898.05457  731.78052 
 643.85614  733.25323 
 121.79796  734.02856 
 182.56018  735.06281 
 546.34497  736.08197 
 951.70416  736.30267 
 326.95712  736.64594 
 874.19806  736.85504 
 149.92311  737.92255 
 563.88135  737.88007 
 639.77374  738.50665 
 165.44113  738.87067 
 616.83905  739.47058 
 892.10431  739.3075 
 462.27716  741.29987 
 577.58032  740.75391 
 351.18723  742.23755 
 186.34976  743.37146 
 880.74512  743.45752 
 645.96869  744.05389 
 83.139496  744.96796 
 333.98145  747.17963 
 515.35358  746.336 
 504.50214  747.77142 
 355.4248  750.64368 
 578.86432  752.29688 
 466.12799  753.22565 
 606.6745  752.77148 
 892.73083  754.59906 
 509.51193  764.09784 
 458.53412  765.69141 
 910.29022  775.03571 
 286.76459  775.64929 
 437.65485  779.18933 
 921.00726  779.39709 
 819.27661  779.86554 
 165.45461  783.21515 
 858.26617  783.43085 
 847.21686  784.26349 
 347.80304  784.94299 
 443.58694  786.42566 
 784.3009  787.2262 
 495.08463  787.79065 
 822.16467  787.95319 
 925.93097  787.99384 
 894.47882  789.05322 
 158.33186  789.5697 
 274.34576  789.85657 
 352.28461  792.47955 
 808.71069  792.98096 
 852.48975  793.03229 
 473.86789  794.94208 
 916.44635  795.74634 
 429.18848  797.11731 
 898.46735  797.42615 
 297.52997  797.651 
 141.66258  799.15985 
 814.00403  800.83063 
 748.09552  802.26959 
 844.53564  801.73309 
 790.7525  802.85095 
 767.08344  807.26526 
 255.04362  807.81378 
 146.59895  808.73907 
 287.09399  811.39581 
 928.32178  812.80731 
 754.06323  814.05676 
 782.18896  813.61847 
 436.49472  817.25104 
 858.12622  816.92731 
 869.24335  816.86646 
 791  820.49542 
 91.08152  823.04834 
 744.37274  822.60565 
 74.776855  824.41394 
 95.78109  825.82239 
 71.310982  827.09454 
 267.85333  829.02618 
 753.42621  831.27026 
 727.66528  833.52472 
 291.88943  834.01208 
 239.60759  835.39752 
 63.666618  836.7298 
 90.517258  838.22821 
 153.00494  837.61475 
 208.6386  838.76636 
 290.21176  838.85022 
 117.17502  840.98218 
 101.12479  841.60522 
 196.11163  842.84918 
 733.51453  845.31342 
 62.942749  846.73993 
 87.577492  849.48206 
 955.19464  850.38287 
 198.12337  851.39447 
 111.21463  851.65485 
 151.23663  853.15997 
 720.19177  852.98676 
 160.01123  855.35767 
 675.56274  857.28412 
 93.762573  858.27332 
 962.35577  857.84143 
 117.16003  859.31451 
 728.04553  862.35956 
 709.0741  866.49084 
 105.31962  869.11078 
 719.3811  868.95087 
 369.77414  871.6037 
 713.61841  876.2063 
 678.59991  877.20178 
 82.991409  878.26855 
 698.02509  883.48175 
 80.245598  886.99121 
 683.98242  886.62665 
 424.65988  891.53857 
 692.76239  894.65338 
 640.25085  901.61584 
 228.98335  903.02728 
 685.50574  903.06696 
 674.52191  904.55139 
 258.91595  907.27393 
 234.76375  910.05994 
 158.29118  912.2699 
 792.61102  912.75104 
 660.05597  912.797 
 558.27228  914.39465 
 679.16852  914.00977 
 267.36304  915.38281 
 338.22455  916.73816 
 393.7981  919.00391 
 310.72281  919.73926 
 688.31769  920.42303 
 745.83942  920.16119 
 642.18292  921.46637 
 795.7359  922.30652 
 663.65222  922.784 
 651.39832  927.15228 
 878.75665  929.86353 
 666.66895  931.64209 
 322.03387  932.71692 
 342.03262  933.42609 
 299.61493  934.57922 
 609.89728  936.67114 
 454.72858  938.03674 
 582.80493  937.97125 
 628.59729  937.46252 
 524.10822  940.28693 
 619.83118  940.33716 
 346.10437  941.47424 
 486.15387  943.94507 
 573.47705  944.97528 
 502.92377  946.16083 
 618.89362  947.04749 
 630.95941  948.35236 
 519.05682  951.92828 
 579.75055  952.64838 
 606.30133  952.62274 
 341.80313  954.14844 
 504.48141  955.70166 
 596.72241  962.66779 
 525.23163  965.98706 
 571.22272  965.78314 
 430.7196  350.29373 
 303.93307  485.73514 
 471.89545  510.63876 
 441.74387  513.92352 
 86.000603  536.60974 
 172.25189  636.28644 
 437.31705  708.11511 
 340.89758  923.39758 
 470.91269  85.60833 
 560.59302  87.38488 
 677.12543  105.97794 
 534.09332  111.69599 
 497.59387  117.04035 
 544.52844  121.27373 
 634.24469  126.90816 
 266.5762  133.94846 
 253.18706  144.46037 
 521.7536  147.09163 
 491.73965  150.15501 
 209.00266  157.58449 
 403.33731  165.74484 
 666.9198  165.98834 
 249.85437  168.78618 
 351.54526  177.36273 
 410.31259  177.9312 
 746.50677  180.2347 
 852.04132  182.56725 
 157.88834  195.15074 
 207.9359  209.84706 
 740.46332  217.41266 
 832.23645  238.41348 
 784.13641  244.97606 
 804.91833  253.02803 
 875.39563  266.81879 
 137.42429  281.87701 
 898.88147  281.38779 
 541.31744  284.01572 
 858.05719  288.13327 
 921.57428  287.43484 
 558.66272  292.63666 
 360.72363  294.32242 
 774.41748  294.59311 
 473.15106  296.43356 
 525.8941  296.21112 
 125.73447  298.63953 
 803.27814  298.39398 
 932.02142  298.28448 
 863.24707  301.18332 
 719.27826  301.27142 
 496.49942  305.97467 
 439.9053  310.35965 
 782.14624  310.01434 
 474.30838  312.62872 
 532.38739  312.18173 
 858.63013  311.76578 
 370.70947  313.19601 
 725.57013  313.41486 
 503.26974  316.83698 
 550.35522  315.13699 
 912.53784  319.08167 
 485.14328  325.55728 
 893.17523  326.19476 
 561.93054  328.89014 
 585.01849  327.57166 
 415.23901  330.8244 
 471.50348  331.84021 
 360.84561  333.7901 
 537.62567  333.9241 
 898.56879  338.28201 
 489.24765  339.45377 
 559.68756  342.82755 
 577.01624  341.1514 
 798.19165  341.0654 
 371.91904  344.86523 
 512.27924  345.19263 
 416.49829  347.53055 
 477.25714  347.52161 
 532.39459  347.88437 
 781.02197  350.27679 
 379.6026  352.29428 
 494.65796  352.68417 
 341.70544  353.27655 
 804.46783  354.01981 
 456.66788  356.60712 
 562.70605  356.70526 
 589.22308  357.08118 
 883.5437  355.21979 
 356.10297  357.44293 
 418.72949  362.74695 
 308.27789  363.94028 
 381.16785  367.07785 
 99.671967  368.2146 
 286.25211  371.04852 
 301.96063  372.58978 
 396.74475  372.19232 
 894.17505  371.23459 
 316.77872  377.30588 
 385.9024  380.67032 
 289.9718  384.34085 
 616.83667  383.91019 
 109.5667  386.84494 
 582.62836  385.21411 
 360.5079  387.83459 
 602.49255  387.33359 
 630.16241  387.65881 
 312.1431  389.82532 
 522.86731  392.85645 
 371.96811  396.27261 
 919.58057  397.2222 
 325.37463  402.61911 
 359.44431  403.84863 
 687.80493  403.98987 
 900.53888  406.60193 
 650.2467  410.1445 
 459.39285  413.70584 
 484.2941  415.37848 
 323.67261  422.48746 
 712.44379  434.07379 
 659.6535  436.89151 
 327.5072  439.66974 
 640.97833  437.94522 
 307.52731  441.8674 
 687.65082  446.35165 
 281.75473  452.19055 
 302.79541  455.61807 
 901.74786  456.52988 
 94.430374  458.4433 
 307.51117  458.42587 
 657.60632  456.98163 
 312.66534  470.54971 
 893.29321  470.36014 
 907.64148  470.48328 
 253.16769  472.31561 
 592.98273  476.64798 
 669.82935  476.18033 
 691.71631  476.78503 
 261.28467  484.6691 
 781.63159  483.82715 
 895.65442  486.05936 
 300.00275  493.8851 
 929.88629  495.8887 
 467.73386  497.24948 
 694.56116  496.98123 
 786.73218  497.81332 
 659.6687  504.53012 
 676.31531  503.41925 
 912.55249  504.07028 
 233.37086  510.92737 
 390.45007  520.03394 
 257.61612  521.10437 
 100.83185  525.30267 
 297.34811  525.85767 
 242.97749  527.34564 
 469.35904  528.27789 
 929.71838  529.52509 
 673.98407  531.17285 
 689.13519  531.28326 
 663.88116  542.70197 
 265.8175  543.23431 
 602.2074  543.94391 
 478.86584  545.55963 
 506.06009  546.58185 
 696.16766  545.00934 
 300.74658  549.98352 
 646.5401  550.29572 
 880.89337  550.34839 
 343.24109  552.6073 
 272.07278  557.01453 
 895.47656  557.63123 
 172.63959  562.29266 
 533.33319  563.56659 
 119.62067  571.01471 
 662.57739  571.40436 
 178.07565  574.47125 
 270.24704  578.3609 
 290.07816  580.11969 
 126.86436  583.64539 
 672.64081  585.24609 
 890.61475  586.86322 
 245.41408  587.3681 
 578.19269  596.13824 
 901.05432  600.57288 
 292.26892  601.6665 
 875.79358  602.97705 
 258.93384  610.73138 
 682.54688  609.70667 
 658.43292  613.40625 
 886.52264  614.39026 
 294.75125  620.69153 
 669.82428  620.54211 
 910.86035  624.02209 
 695.88354  630.15057 
 712.22015  629.0202 
 330.1362  631.48004 
 548.80988  631.2995 
 315.30948  636.5119 
 917.43079  636.51678 
 403.06268  637.21185 
 554.16937  644.25128 
 652.16333  643.3302 
 476.81375  645.56647 
 628.91669  646.21906 
 211.13954  648.9201 
 285.4957  647.44873 
 335.06293  649.66724 
 594.17664  654.60474 
 493.8483  656.12378 
 637.34052  658.7074 
 677.28198  660.88971 
 403.54712  662.20148 
 218.07195  664.5426 
 320.03003  666.71051 
 621.88831  669.74225 
 528.63098  674.49066 
 651.83417  676.01831 
 342.14612  679.06158 
 358.53864  680.06421 
 631.45374  680.14069 
 929.42413  679.82605 
 602.32037  683.15887 
 670.04919  686.81116 
 321.08041  687.76221 
 389.72504  692.06183 
 641.97906  691.93982 
 935.71918  692.69391 
 363.70044  693.49774 
 589.85876  692.95715 
 656.72687  696.07452 
 675.53894  697.07953 
 335.28751  699.00739 
 408.9176  701.02844 
 609.65173  702.2948 
 351.95877  706.76135 
 211.21593  707.26422 
 645.84857  708.83276 
 549.57373  709.89795 
 586.32343  709.72357 
 665.90869  709.3429 
 429.12186  714.31714 
 151.4791  715.08936 
 192.46069  716.44775 
 405.89648  715.32941 
 443.23151  717.71912 
 462.09039  717.67664 
 528.15448  718.52716 
 468.76727  719.3725 
 492.03674  719.14636 
 511.54138  721.27478 
 541.63501  721.53546 
 557.50763  721.73987 
 604.88727  721.60168 
 577.49823  723.21478 
 881.90692  728.47607 
 179.35135  730.37531 
 193.97353  730.87994 
 475.8703  731.96893 
 501.41309  731.5531 
 639.862  731.85919 
 531.34448  734.36853 
 566.04956  735.64331 
 348.59579  737.87848 
 615.55859  738.15558 
 186.30928  742.02417 
 86.419571  743.13593 
 644.11926  744.25415 
 332.57785  745.88324 
 508.58984  746.95459 
 356.09076  749.74097 
 890.87408  750.97015 
 466.74622  752.5036 
 577.88489  751.61871 
 286.84003  773.27582 
 916.81537  776.51862 
 843.85742  779.75305 
 443.35764  786.08478 
 784.86621  785.64514 
 856.57257  785.35864 
 890.60022  785.49738 
 925.59009  787.66809 
 298.34702  792.95392 
 471.85355  793.3678 
 896.47949  797.59192 
 843.64075  803.58777 
 285.4827  810.26721 
 754.44257  812.82788 
 779.90985  812.6059 
 927.01642  811.73834 
 787.52258  821.67529 
 741.10541  822.80469 
 90.961227  826.07458 
 239.4897  832.38153 
 290.62863  832.48792 
 725.56049  832.57904 
 752.17847  833.54358 
 100.47784  842.41058 
 732.44586  846.01233 
 719.62183  851.34509 
 92.748978  857.20807 
 121.46994  858.73462 
 154.45316  862.11835 
 706.49591  862.81598 
 99.887146  869.78784 
 368.47327  869.8407 
 690.85162  874.23212 
 713.51941  873.9649 
 683.26874  883.48932 
 695.52277  888.3877 
 678.22015  911.94104 
 659.75745  910.86646 
 157.64281  911.93768 
 338.05161  912.25861 
 637.55115  921.3092 
 664.68396  922.75824 
 650.03455  926.75873 
 321.31076  930.98541 
 298.50143  932.55859 
 606.33545  933.81195 
 575.27759  85.448456 
 441.42154  704.81158 
 529.74402  148.08029 
 209.48807  156.13948 
 666.2431  164.85611 
 410.77847  179.49219 
 745.08197  180.63223 
 854.45093  180.85013 
 157.22699  195.23691 
 206.83492  207.26402 
 876.24426  266.19861 
 793.64948  278.48154 
 136.09093  280.3681 
 897.3158  283.65256 
 559.84747  291.29398 
 773.29132  291.94882 
 361.89856  295.20795 
 805.40076  298.3204 
 719.3421  300.29382 
 862.31903  307.52798 
 473.76044  311.92377 
 531.94812  312.42233 
 782.51154  311.16507 
 369.12653  315.04337 
 359.99216  330.59705 
 474.32074  330.41394 
 411.569  332.86154 
 538.85809  331.78317 
 899.29309  337.89075 
 478.44556  345.08008 
 577.41852  338.97934 
 799.51575  339.82504 
 514.10284  344.32214 
 427.72571  346.45193 
 536.55591  352.41849 
 479.65253  347.39627 
 780.00378  350.64474 
 341.17191  352.35822 
 396.19894  351.37329 
 433.17368  351.30386 
 495.01923  352.2883 
 455.22891  356.57907 
 806.09784  355.49442 
 589.56433  357.45178 
 563.76862  359.65219 
 418.25818  363.70679 
 380.52985  369.73798 
 301.77225  371.17789 
 894.9588  372.5524 
 395.48489  374.01324 
 314.32205  384.38513 
 387.02383  383.41565 
 360.72275  387.5191 
 626.38293  386.96603 
 524.64337  392.41833 
 364.3692  402.40863 
 686.50134  403.73956 
 321.54126  407.6373 
 482.79703  410.3642 
 341.16248  425.69977 
 639.04144  439.59872 
 686.56427  446.27982 
 303.73053  447.7869 
 283.1485  452.35175 
 317.85605  452.13852 
 900.78406  454.58124 
 659.513  456.25186 
 313.88736  466.64883 
 898.40247  471.1351 
 319.72232  473.20673 
 692.27759  476.62256 
 669.703  478.65005 
 780.92749  481.77719 
 261.34946  485.08859 
 301.21417  490.99081 
 898.43372  489.1965 
 470.50262  494.77225 
 789.62476  499.86243 
 656.37421  501.72745 
 677.64124  505.97311 
 306.58643  511.96045 
 392.11993  520.62341 
 466.6683  528.25537 
 479.37402  545.06006 
 661.31433  544.28693 
 303.49466  549.9751 
 879.18561  550.1991 
 271.86295  555.94769 
 896.83429  558.94147 
 615.85718  565.5246 
 663.17389  572.44965 
 179.18199  574.38214 
 676.04272  582.35052 
 128.11632  584.50867 
 289.62854  583.78168 
 246.28157  587.50262 
 875.48737  598.89404 
 561.04297  600.14056 
 898.82129  604.43256 
 259.38498  610.35498 
 677.55402  614.14355 
 877.60138  620.66663 
 294.92917  621.32703 
 905.79016  622.2005 
 692.17615  629.58875 
 712.02667  629.63068 
 548.12689  631.48163 
 311.40936  635.50555 
 280.68866  642.75458 
 627.64984  642.42462 
 332.18951  648.55109 
 354.66266  647.80219 
 415.74927  650.23871 
 557.94348  649.67175 
 495.88504  654.33569 
 592.29187  653.45819 
 519.71796  658.79413 
 638.58783  658.85089 
 402.71365  662.66925 
 677.35492  663.62408 
 617.4588  670.21899 
 339.40732  678.82562 
 360.74109  678.61517 
 649.87195  678.24377 
 597.17004  683.99359 
 642.15686  687.73621 
 389.47733  689.75378 
 656.44641  696.64404 
 412.3313  698.82721 
 335.103  699.55829 
 548.02399  704.86237 
 212.54205  705.84821 
 351.81046  708.56775 
 646.6427  709.45959 
 526.92133  718.51544 
 150.5446  713.12939 
 190.83078  713.72449 
 429.99915  715.09338 
 461.45944  716.41376 
 404.79025  717.57269 
 494.1394  717.09668 
 554.55939  718.21423 
 546.45129  720.2829 
 603.47571  721.00891 
 502.60962  730.46387 
 638.65393  730.14447 
 881.9389  730.75726 
 348.86597  734.17017 
 529.99274  734.802 
 476.61871  735.73456 
 191.00685  737.51886 
 570.65771  737.5451 
 615.12421  738.22101 
 644.09259  745.00812 
 893.07471  747.4975 
 356.23596  750.09778 
 579.30902  752.18652 
 287.52637  772.17206 
 443.06036  786.05914 
 787.2243  786.03595 
 854.72455  788.55304 
 298.4989  791.53381 
 896.56299  797.46539 
 284.41058  810.36029 
 756.33173  814.80878 
 733.69183  825.95795 
 720.98291  850.94135 
 124.04088  861.49847 
 689.59778  875.05322 
 713.82538  874.47119 
 468.17801  309.4458 
 533.50214  306.27271 
 781.69128  311.40085 
 366.48795  322.6618 
 427.34  341.32574 
 390.43289  347.73627 
 428.91257  350.22379 
 537.40228  357.14551 
 592.4126  357.0921 
 454.38486  358.28418 
 559.59698  361.40884 
 411.13882  368.53268 
 314.37921  385.81152 
 632.33911  390.15817 
 531.32349  394.51086 
 477.93234  406.68533 
 313.16531  411.14432 
 331.72894  437.23276 
 299.91995  441.48145 
 632.4469  438.68091 
 690.78796  445.90305 
 278.98096  453.409 
 660.42664  452.74295 
 315.96088  468.31985 
 694.22052  477.31992 
 656.14868  484.03262 
 296.59241  489.05292 
 473.78348  486.77277 
 788.48322  498.4216 
 676.03522  510.07724 
 310.27118  553.54352 
 654.66138  553.77734 
 679.10175  578.84363 
 288.79178  587.76935 
 625.80615  632.23877 
 406.1355  652.9245 
 552.23383  651.72345 
 644.20587  654.5329 
 592.3894  682.77203 
 338.6539  688.33893 
 404.05688  689.90735 
 213.80923  701.56274 
 617.11237  699.68317 
 463.42413  709.75635 
 491.38882  710.44952 
 527.80786  711.37061 
 428.67307  715.39386 
 345.63153  723.05103 
 536.88391  737.24829 
 477.7594  739.56604 
 298.95105  790.98529 
 726.28455  820.79114 
 755.06238  819.81531 
 724.40179  847.79773 
 458.21664  357.22568 
 436.12949  361.06024 
 545.70508  360.7218 
 406.92935  372.56076 
 394.92551  387.12259 
 295.30975  431.86774 
 338.49277  440.3613 
 658.94025  450.16104 
 317.27115  465.13705 
 463.73392  474.33252 
 651.0943  485.23419 
 695.10345  489.50589 
 674.0047  512.16418 
 311.77408  552.36176 
 658.30048  556.81927 
 632.9068  624.23187 
 406.42755  649.2085 
 643.44421  653.80115 
 598.11322  673.55157 
 408.85141  687.0896 
 487.30737  703.66693 
 510.48999  703.60199 
 428.24713  716.05182 
 540.08636  740.54834 
 481.65402  744.71283 
 536.41425  365.59894 
 406.36697  379.71951 
 452.23737  479.96051 
 584.06012  667.7486 
