 22.540113  4.7778769 
 15.581128  7.9241738 
 964.13373  7.5205836 
 962.18396  30.034922 
 603.69714  34.007896 
 655.87225  37.69883 
 824.70331  37.766319 
 994.32843  38.889259 
 1022.1117  47.340336 
 372.80814  66.091805 
 606.78796  65.954567 
 653.89044  75.514954 
 676.69049  82.222855 
 371.66495  84.773987 
 683.56439  98.550102 
 543.05823  108.86 
 597.92609  113.62884 
 533.90112  117.63724 
 630.10272  121.00581 
 228.0274  134.34105 
 256.73132  140.91724 
 402.14981  146.35352 
 919.20026  148.72386 
 313.60052  153.61714 
 1003.762  154.23784 
 744.82092  156.93475 
 315.88736  159.18771 
 1006.3873  158.99609 
 282.83344  159.62312 
 209.15108  162.18523 
 213.63028  166.14389 
 405.7587  166.89783 
 257.50156  173.4326 
 748.91541  180.08047 
 261.3121  181.37262 
 252.92081  187.13629 
 166.02983  190.5379 
 738.3988  190.7933 
 171.18246  194.49011 
 156.08293  197.58607 
 148.8958  219.46446 
 211.18188  221.43172 
 827.53717  230.33232 
 809.88446  232.5079 
 814.20532  237.29767 
 167.29552  247.33107 
 172.21376  250.13695 
 779.85455  252.96681 
 154.71439  258.25739 
 948.65564  263.23569 
 1006.0724  267.01343 
 796.22198  275.30124 
 927.5802  275.05231 
 536.84784  283.77481 
 560.45361  294.35535 
 828.00226  294.34943 
 866.63617  299.38452 
 718.16632  300.26791 
 726.41632  300.13776 
 463.10892  303.26419 
 709.56683  303.61893 
 918.54932  303.8367 
 359.02414  304.94565 
 484.94458  308.06421 
 374.95007  311.09598 
 910.02643  310.68668 
 504.92908  316.0882 
 725.06726  316.73758 
 407.58243  319.48203 
 422.58914  322.68167 
 488.23608  326.01727 
 424.45663  328.35703 
 896.79547  331.20981 
 574.29871  332.61819 
 441.05231  334.93665 
 801.39038  337.08139 
 897.24634  340.93701 
 793.63043  342.49911 
 538.46747  345.00281 
 558.29126  344.98462 
 348.258  345.52029 
 504.27136  345.83313 
 476.8313  347.17566 
 402.74683  348.00952 
 483.8616  348.79156 
 383.45981  350.28622 
 471.61407  350.70596 
 497.29459  350.82919 
 435.125  352.97699 
 344.35165  355.12134 
 445.29688  354.54657 
 457.19864  355.08255 
 574.50073  354.65384 
 466.78632  356.09558 
 450.56021  356.83438 
 807.93066  357.04218 
 350.46054  359.1116 
 441.02615  359.11246 
 410.38242  360.23029 
 433.15472  359.78848 
 572.97235  360.12381 
 583.39264  361.02075 
 417.20468  361.68338 
 402.43756  365.07138 
 658.17902  365.06058 
 408.5433  366.14877 
 100.17057  368.46045 
 315.34833  375.27209 
 386.37656  377.25253 
 289.49152  381.41873 
 603.58569  384.2048 
 608.69086  387.29718 
 361.79218  389.90073 
 367.86176  392.935 
 615.52838  392.69434 
 932.89893  403.21628 
 625.69409  403.98288 
 900.03607  406.20847 
 348.97632  409.02792 
 651.40521  411.19318 
 328.5928  425.93509 
 641.25745  426.85913 
 327.91428  432.97855 
 667.62372  437.08908 
 322.32907  441.5943 
 74.400047  449.91333 
 649.50598  449.83447 
 280.13144  452.10101 
 316.41498  455.72433 
 555.70294  455.94885 
 909.44043  456.25275 
 94.696983  458.63742 
 310.36176  459.897 
 657.71826  460.99924 
 270.16049  461.88898 
 313.13693  465.23987 
 653.64233  469.7128 
 240.42506  471.19626 
 253.05553  473.55069 
 672.03461  477.39395 
 48.576874  485.50793 
 305.44162  487.63058 
 608.39124  488.38586 
 73.972847  493.31039 
 659.39984  493.97836 
 786.12323  496.04227 
 665.39655  498.90393 
 304.13837  499.55557 
 15.173791  502.4278 
 917.1853  502.10773 
 929.73175  501.82932 
 671.33173  502.59299 
 438.64706  507.14935 
 665.49677  506.68808 
 471.59555  510.02216 
 298.65207  513.23694 
 441.64246  513.07385 
 480.08875  516.63556 
 473.35095  518.37207 
 894.19818  519.4071 
 940.88263  519.3476 
 302.60211  520.3067 
 485.375  520.79816 
 291.06107  524.02991 
 98.6063  525.09308 
 300.55682  526.34088 
 942.66846  526.1687 
 488.11017  527.77789 
 669.89014  528.02301 
 357.89175  529.25732 
 302.70142  531.96997 
 935.1012  531.55518 
 360.5408  534.07239 
 675.34955  533.44257 
 480.95712  535.01093 
 78.853951  537.83099 
 501.37796  539.00879 
 468.49881  541.48187 
 504.29868  545.26599 
 273.45944  545.62421 
 476.39447  545.55414 
 482.35577  546.23145 
 509.72443  545.8811 
 529.00476  551.92267 
 460.67111  554.21783 
 295.83221  560.79553 
 530.44708  566.06726 
 171.86974  568.08099 
 296.57025  573.90149 
 175.42363  574.8266 
 666.08087  575.2395 
 275.03732  577.83685 
 87.185089  581.36609 
 125.46545  583.1225 
 305.73007  589.63757 
 307.46857  595.08008 
 655.42078  594.74878 
 883.36688  604.26862 
 758.93732  604.8548 
 317.87814  608.95935 
 871.63635  614.37695 
 649.43335  618.57654 
 77.782043  621.86993 
 292.23715  625.64288 
 313.383  628.53119 
 915.6532  629.58661 
 549.87811  631.08173 
 701.19031  631.85297 
 158.00829  634.48279 
 319.7341  634.11005 
 919.13898  636.34082 
 171.203  636.61737 
 330.95804  638.60266 
 330.01889  644.27094 
 477.91617  645.02209 
 289.806  649.73071 
 223.55891  650.5788 
 338.60019  650.70148 
 631.12836  652.19141 
 347.81433  665.02502 
 629.11877  666.84772 
 220.09895  667.53192 
 673.9707  667.80634 
 350.67081  672.36169 
 678.08496  672.53729 
 81.210114  673.67474 
 659.65594  676.94092 
 353.99066  679.33118 
 346.55386  680.54272 
 658.76111  685.56586 
 649.64801  693.58282 
 935.29474  693.40765 
 365.27701  694.66522 
 328.30365  695.49268 
 375.4617  695.99377 
 342.7933  696.64844 
 202.89606  700.4151 
 384.08563  699.52863 
 676.00684  699.60815 
 392.81015  700.98145 
 614.39758  704.85034 
 327.45148  705.66528 
 703.66956  706.39331 
 206.89691  706.62543 
 395.40851  707.09753 
 431.75848  706.6853 
 619.11975  709.28375 
 435.47205  711.85034 
 706.61926  711.92169 
 407.99902  713.29401 
 428.15454  714.03638 
 447.46628  715.94568 
 456.96506  717.39935 
 463.90079  719.20337 
 607.57361  718.98584 
 633.86475  719.58478 
 451.33554  720.88049 
 472.38715  722.68799 
 486.61633  722.99231 
 509.91693  724.13318 
 610.44727  723.92688 
 479.23938  727.68469 
 503.06982  728.06384 
 183.61885  736.39825 
 545.74261  736.2074 
 875.78851  736.60822 
 639.09839  741.22705 
 880.69818  741.52789 
 185.9507  742.41205 
 81.69516  745.36676 
 643.19238  746.7265 
 334.91397  747.74396 
 353.87628  750.03174 
 357.62317  750.87292 
 893.64417  755.16211 
 921.81995  779.97571 
 855.90149  781.16565 
 165.61801  782.76678 
 349.14642  785.93231 
 849.56018  786.04102 
 171.76846  788.35901 
 441.37347  787.8374 
 821.9046  788.10956 
 924.76459  787.64368 
 895.65643  788.73767 
 352.39316  790.89813 
 827.58063  791.51666 
 854.31177  791.46613 
 899.81366  794.98315 
 429.55539  796.69006 
 296.1286  798.48914 
 815.26898  799.25964 
 789.87903  800.87634 
 754.51392  812.63922 
 928.08289  812.96344 
 783.10162  813.85406 
 87.918381  821.08893 
 746.35181  823.87592 
 292.0098  832.64349 
 197.16992  843.11377 
 243.61548  842.92017 
 61.690399  847.96637 
 88.475281  849.06549 
 151.54588  853.50671 
 715.01971  859.7182 
 116.12087  860.61115 
 717.81799  866.39728 
 695.20233  873.76355 
 678.08142  877.87183 
 80.739182  879.13599 
 421.11145  884.90839 
 683.83087  885.92853 
 287.90393  889.11951 
 424.7861  889.9411 
 694.2702  896.59387 
 684.76685  901.24963 
 665.21771  912.0376 
 393.86646  918.63684 
 662.75751  923.69086 
 337.86743  924.92163 
 344.36328  924.72125 
 307.90262  928.38959 
 641.01611  936.9527 
 455.36145  938.11377 
 525.7934  939.099 
 485.82562  942.36841 
 527.71362  965.80688 
 347.35239  969.0296 
 532.24219  971.25244 
 454.42572  974.90295 
 526.12811  976.71783 
 563.04126  978.46198 
 603.68585  977.89569 
 457.67151  980.599 
 598.9588  981.83105 
 657.80786  985.66138 
 602.06274  988.17456 
 450.20886  1001.8107 
 423.42325  1002.696 
 440.46124  1003.3001 
 21.872217  5.563879 
 964.82544  7.4852757 
 15.343674  8.7598248 
 20.466919  24.259607 
 627.91888  26.688553 
 959.56464  30.453236 
 954.81549  30.615717 
 1021.0016  32.439407 
 603.09473  34.40099 
 665.07336  34.034458 
 987.62634  36.882866 
 825.9187  38.057117 
 956.14807  37.824459 
 668.80157  41.116394 
 703.13086  45.932442 
 829.70026  46.140488 
 1021.1864  47.75005 
 685.13635  57.158188 
 668.52002  58.665859 
 606.81287  66.592461 
 587.0105  68.040031 
 652.67859  75.099518 
 420.34222  77.893639 
 451.32697  78.086182 
 593.36536  77.518684 
 439.04446  81.061653 
 677.81183  81.032616 
 577.67773  82.642395 
 371.44992  84.469551 
 587.4422  86.15432 
 575.34253  87.642494 
 958.1756  90.214836 
 405.94482  91.128036 
 561.17487  91.561913 
 683.88751  98.76931 
 596.8349  102.14882 
 701.9809  103.03116 
 542.52887  108.63474 
 598.51825  114.20847 
 499.65002  114.72459 
 547.68152  116.60766 
 521.57159  118.21359 
 532.76758  117.76968 
 613.66284  118.61044 
 628.43256  120.50657 
 745.90302  120.78725 
 636.59515  123.59418 
 539.02344  123.7617 
 709.4306  124.51637 
 670.35669  125.35598 
 627.82581  129.04095 
 728.82068  130.64786 
 675.05365  132.6875 
 265.85223  133.14174 
 227.95021  133.73178 
 615.66589  136.23523 
 733.80548  136.86255 
 208.45474  137.58818 
 256.5928  141.09814 
 488.72067  142.94148 
 661.83691  145.61421 
 715.80518  145.12894 
 523.7301  147.45224 
 690.75739  148.84654 
 919.79913  149.03557 
 1012.4846  149.65681 
 492.64584  151.41751 
 739.67224  150.84296 
 962.48492  152.18489 
 1003.2662  153.97217 
 533.51337  155.33264 
 744.89618  156.76506 
 543.71777  158.32442 
 282.50818  158.9144 
 315.83463  159.38914 
 1006.4077  159.72838 
 208.89034  161.39604 
 213.6548  166.98434 
 335.76611  167.04878 
 405.23495  166.88246 
 191.87407  168.81163 
 257.23978  173.1701 
 341.77969  173.45876 
 705.21472  174.93781 
 348.87238  178.32262 
 749.1889  179.98549 
 773.62128  179.87445 
 261.2652  180.7906 
 408.44092  180.49977 
 851.16211  184.15967 
 666.89362  185.33801 
 253.54497  187.40402 
 738.68317  190.29073 
 164.99132  191.41173 
 171.36688  195.01808 
 745.90503  195.31006 
 156.18175  196.94019 
 733.65973  197.94737 
 411.86496  213.32069 
 206.14577  213.60501 
 214.33382  213.40749 
 192.44429  214.40065 
 742.80725  215.60172 
 148.54297  218.80527 
 759.13489  219.26877 
 211.08655  221.51024 
 153.18863  225.01926 
 761.89392  229.42871 
 795.54321  229.2101 
 826.95642  230.52039 
 809.49713  231.90726 
 813.81635  237.87039 
 833.10077  237.72272 
 166.19226  247.8763 
 172.79103  250.32474 
 966.44537  254.5527 
 154.74428  259.2373 
 947.60681  262.43399 
 875.86438  266.68658 
 1005.9838  267.35364 
 792.8786  267.97485 
 951.59772  269.15753 
 940.25934  270.51135 
 827.72601  273.38177 
 344.36282  274.35794 
 796.45319  275.3511 
 928.26178  275.50082 
 409.07584  278.36679 
 902.12653  281.40173 
 537.59607  284.20236 
 785.20465  284.84045 
 138.51093  286.57736 
 848.33881  290.6662 
 828.55231  294.07785 
 559.94055  294.54019 
 360.94214  295.53348 
 526.05383  296.43704 
 935.37097  296.83899 
 477.11301  298.41418 
 865.9201  300.16736 
 124.12768  300.67633 
 777.57507  300.50555 
 718.18182  301.50891 
 801.89276  301.82507 
 463.73303  303.51392 
 918.77106  304.37842 
 360.48276  304.96188 
 506.34421  304.95435 
 455.62238  308.22754 
 484.05917  307.82892 
 787.76154  308.56812 
 444.30777  311.40256 
 909.19354  311.1922 
 374.92432  311.55032 
 730.96399  311.66153 
 466.5528  313.38586 
 140.79645  314.32666 
 488.97726  313.82401 
 565.59741  313.89801 
 576.51202  313.66025 
 853.28387  314.1113 
 504.5105  316.04822 
 723.57855  316.02194 
 551.09985  317.21466 
 913.48602  317.31802 
 407.50125  319.68246 
 421.32956  322.72617 
 446.72516  322.76117 
 488.00015  326.53922 
 424.28729  328.828 
 588.24939  328.97089 
 435.54584  329.8176 
 895.82733  329.68759 
 574.91528  332.47137 
 563.94922  333.65887 
 441.10547  335.56161 
 456.64423  334.75739 
 490.47906  335.14627 
 396.06317  335.27689 
 538.20959  337.08932 
 50.579327  338.48529 
 581.87848  337.58365 
 801.17743  338.13181 
 500.08865  338.3746 
 898.72375  339.76221 
 577.15399  341.8913 
 406.14853  342.06876 
 447.76544  343.22232 
 757.71503  342.77701 
 794.62872  342.98828 
 491.86871  343.68839 
 538.70807  345.47821 
 561.5473  344.46674 
 637.38062  344.55133 
 739.92218  345.45123 
 504.88287  345.72321 
 517.48962  345.85858 
 476.66534  347.16211 
 545.98511  346.59357 
 373.94968  347.6095 
 698.70215  349.0575 
 382.78143  350.98135 
 497.64374  351.46362 
 593.27539  351.47531 
 762.20862  350.491 
 435.4946  352.24054 
 564.59283  354.29587 
 617.87415  353.59189 
 344.27051  354.23309 
 362.07977  355.13281 
 574.96222  354.62723 
 456.09692  355.86682 
 610.30823  356.52228 
 807.29395  356.27917 
 387.01779  357.10675 
 466.5918  356.78024 
 351.34598  358.96054 
 410.84055  358.78589 
 709.0564  359.52658 
 583.36066  360.75333 
 419.237  361.67676 
 402.11917  364.37735 
 658.27344  365.25616 
 99.444504  368.39536 
 347.6127  369.6199 
 382.55756  369.89545 
 398.82919  371.31418 
 896.59009  371.54471 
 271.97363  371.92355 
 287.33804  372.62234 
 315.76675  375.26782 
 892.58276  376.48038 
 290.11652  382.25095 
 616.51349  385.74246 
 306.64221  386.93573 
 606.0824  386.56406 
 112.08204  389.20645 
 891.18213  389.96973 
 360.84741  390.81967 
 368.57867  393.47379 
 525.94525  393.91202 
 319.52039  396.0195 
 927.87848  396.80142 
 897.54828  397.50516 
 328.19241  400.31955 
 54.586338  401.05191 
 136.07658  401.7464 
 625.06793  404.20889 
 933.08508  403.59506 
 99.568985  406.26294 
 900.35638  406.45065 
 355.94693  408.04276 
 348.41663  408.54822 
 650.80927  411.61642 
 967.4577  411.48343 
 458.30179  415.19461 
 348.53613  416.32721 
 486.84683  417.98303 
 687.98816  419.89966 
 200.87872  422.25153 
 962.0603  423.2532 
 326.50739  424.77646 
 640.51263  426.77499 
 952.43341  428.13992 
 305.32126  430.92075 
 255.92697  432.17334 
 777.2674  432.27713 
 69.552834  434.47348 
 327.34375  433.61539 
 643.82971  434.26157 
 959.99579  433.96097 
 676.06036  434.80408 
 271.46521  437.88754 
 308.43033  438.17743 
 667.44769  437.6806 
 781.3512  438.71967 
 647.87067  439.68289 
 322.48343  441.09122 
 264.99384  444.09091 
 294.19131  445.29831 
 68.459312  445.4733 
 759.7027  447.22305 
 270.73987  449.29193 
 74.482834  449.79868 
 649.07794  449.85342 
 684.47931  450.58749 
 58.492207  452.96335 
 242.86087  452.918 
 279.224  452.69708 
 317.68619  454.57846 
 555.88922  455.48392 
 50.751743  457.23462 
 257.75693  457.02789 
 710.65967  456.94315 
 897.42017  456.81296 
 908.55597  456.68033 
 916.69781  457.13812 
 94.503059  458.86444 
 309.16068  460.20605 
 658.12469  459.77017 
 269.97574  462.04922 
 922.3252  462.60657 
 948.35968  465.06683 
 694.93219  466.77716 
 913.48279  467.76144 
 220.8978  469.5065 
 652.5177  470.02484 
 240.71881  470.79404 
 891.67365  472.00949 
 229.36787  473.34439 
 411.97964  473.08167 
 253.90819  473.58401 
 594.40729  475.41269 
 383.14532  475.56577 
 598.00104  476.68439 
 671.79443  476.87515 
 886.55865  477.35138 
 606.23322  479.71063 
 81.68647  484.31934 
 786.10626  484.44455 
 48.651909  485.48868 
 260.4635  485.86801 
 305.2851  487.09106 
 608.22003  487.55307 
 799.31055  488.96286 
 895.65472  490.53528 
 59.800354  492.10754 
 780.90082  491.51947 
 73.561356  493.46176 
 215.63522  493.17538 
 310.13202  493.11633 
 14.128027  494.21356 
 658.78314  493.94971 
 802.53229  496.28284 
 787.01099  497.06848 
 681.12073  497.5119 
 763.3775  497.9054 
 664.97974  498.79892 
 929.7265  500.4072 
 16  502.27188 
 916.70123  502.04141 
 468.02832  502.29587 
 672.50653  502.55252 
 481.53564  505.78128 
 214.5863  507.33347 
 438.49152  506.88693 
 664.80017  508.16232 
 472.07239  509.9411 
 297.22125  513.13586 
 441.97653  513.49921 
 673.60065  513.49945 
 231.6078  515.7644 
 473.00479  518.81421 
 894.41101  519.39563 
 941.07318  519.19977 
 484.53043  521.30902 
 107.84723  524.38287 
 290.974  523.92902 
 83.297989  524.7514 
 98.594505  525.04291 
 258.75732  526.49634 
 300.27951  525.40717 
 943.16876  526.37964 
 668.98108  527.427 
 710.5741  526.79077 
 474.27118  527.69849 
 488.32394  527.83838 
 218.47108  530.98444 
 295.38483  531.18628 
 934.64972  531.8316 
 263.65097  533.37164 
 303.20447  533.08783 
 675.71765  533.02686 
 247.71979  533.56335 
 696.25031  533.6062 
 481.42197  534.53674 
 463.92047  536.19128 
 493.49402  536.78674 
 79.528542  537.86694 
 502.04572  538.10638 
 252.97551  540.55261 
 265.90796  544.50989 
 608.62006  543.78552 
 937.68903  543.74994 
 275.99118  546.15057 
 505.58228  545.71777 
 481.90448  546.53674 
 519.52686  550.34814 
 256.8439  551.49799 
 943.99908  550.68604 
 529.11981  552.00537 
 933.84918  553.40338 
 460.82922  554.92883 
 675.94202  555.46356 
 284.22958  557.37317 
 894.80591  556.85736 
 926.28571  557.25037 
 271.9765  559.65186 
 275.60172  560.62274 
 295.98032  561.03522 
 530.94098  565.97418 
 173.34439  567.17249 
 301.55341  567.07471 
 498.93536  568.2475 
 874.62408  567.94403 
 159.71062  570.1618 
 695.90204  573.13293 
 294.98822  574.49976 
 121.5088  575.33105 
 176.16786  575.01941 
 665.49371  575.26215 
 65.576546  575.86151 
 259.75214  577.81207 
 274.23682  578.30621 
 904.41144  580.28455 
 39.312828  580.62183 
 87.918457  581.01868 
 711.18469  581.11078 
 125.40138  583.49023 
 661.5354  586.49072 
 306.50278  589.4469 
 295.82739  590.54572 
 668.45538  591.21631 
 896.77222  590.80438 
 247.29352  592.10681 
 655.0733  594.73309 
 684.9447  595.65253 
 268.05133  599.18872 
 577.44635  599.19891 
 904.026  600.26068 
 705.61993  605.26099 
 758.6571  605.284 
 882.47351  605.02979 
 651.63312  605.85785 
 270.46182  607.37152 
 317.77072  609.29437 
 395.66336  608.68347 
 260.52246  611.55621 
 69.150459  613.88385 
 871.77802  614.06116 
 659.69714  614.3443 
 882.61206  615.05103 
 313.60629  616.62439 
 887.82019  616.43109 
 99.0355  618.31042 
 649.9389  618.77441 
 78.265121  621.82477 
 760.84955  624.51093 
 293.18625  625.15088 
 681.54767  627.90918 
 312.45993  628.77258 
 915.38501  629.00366 
 711.68298  630.71521 
 550.05658  631.55573 
 700.56653  631.79779 
 112.42934  632.59338 
 158.44832  634.6192 
 319.01837  634.841 
 721.01886  634.58649 
 171.67999  637.19336 
 475.79327  637.33289 
 919.0434  636.53583 
 301.7532  637.68658 
 330.19861  637.39417 
 402.68109  638.05353 
 421.41788  639.62726 
 553.95941  639.84619 
 322.49448  644.39026 
 479.04642  644.69653 
 289.09137  650.26501 
 405.58905  649.97974 
 686.01862  650.21301 
 969.93311  650.09772 
 337.84583  650.48987 
 631.61029  650.97382 
 224.01996  652.0174 
 961.54614  653.242 
 294.43243  656.45673 
 969.66376  656.27063 
 592.43256  658.14429 
 636.58295  658.03546 
 679.40448  660.68097 
 100.71826  662.80896 
 347.00528  664.49042 
 219.28104  667.28949 
 628.25165  667.4184 
 673.57037  667.85333 
 625.03241  671.35559 
 341.38727  672.53058 
 678.28693  672.60974 
 81.919258  673.68353 
 979.18982  674.29242 
 528.01251  675.64459 
 658.37445  676.94537 
 354.99503  679.36224 
 673.82166  680.20209 
 346.51038  681.20319 
 935.18427  683.50378 
 274.89911  684.26691 
 606.46863  685.17731 
 658.85699  685.32629 
 206.76614  686.08472 
 323.09683  688.2019 
 668.4353  690.328 
 278.86807  691.71649 
 186.50798  693.43713 
 936.64478  693.39691 
 962.53741  692.76813 
 648.66711  693.60461 
 328.24472  695.07013 
 365.0773  695.44336 
 611.62427  694.81519 
 589.51123  696.35754 
 656.83978  697.55872 
 342.01468  697.70782 
 629.93518  698.078 
 675.61597  699.17578 
 203.04041  699.8728 
 138.70464  704.22931 
 614.2063  704.2226 
 661.04547  705.10339 
 327.75827  705.61346 
 703.56818  706.20233 
 207.82318  707.29602 
 353.77493  707.28815 
 395.60904  707.03271 
 412.74869  706.62061 
 424.09042  708.29004 
 619.18512  709.24847 
 212.29477  710.62787 
 436.46432  711.16541 
 470.79849  711.79504 
 366.0524  712.30634 
 706.70135  712.0921 
 646.35016  713.23224 
 407.87329  713.91693 
 428.07681  714.16064 
 550.72308  714.09558 
 572.06726  715.18994 
 903.80652  715.48462 
 924.59027  717.04535 
 152.96994  717.66528 
 439.91876  717.60669 
 129.83611  718.6203 
 179.07182  718.633 
 607.37561  718.7514 
 431.58411  720.01691 
 559.32141  720.01068 
 632.42719  720.10199 
 451.20227  721.1853 
 529.07977  720.64233 
 473.67828  722.13 
 487.79376  722.08984 
 543.63666  722.22595 
 890.74438  721.55029 
 929.73663  722.5824 
 210.39964  722.40344 
 497.47821  723.43359 
 511.17538  723.72162 
 578.47729  723.89563 
 676.64771  725.3913 
 908.39832  725.0434 
 478.89206  728.39124 
 503.01233  728.81073 
 879.73474  728.95068 
 143.38007  729.47937 
 447.1608  729.51978 
 160.75435  731.51111 
 192.62115  730.83453 
 898.51691  731.60834 
 121.81848  734.49097 
 643.64868  733.93164 
 183.17281  735.76575 
 545.90277  736.19659 
 326.56528  736.88922 
 875.06732  736.76343 
 150.65814  737.76422 
 165.36221  738.02277 
 563.85504  739.10291 
 617.39929  739.71008 
 461.94238  741.31537 
 639.12097  740.45636 
 646.78162  742.48566 
 186.08743  742.93835 
 351.63086  742.94641 
 880.6886  742.9704 
 81.848259  745.25403 
 515.9007  745.69922 
 644.42151  745.79578 
 504.17358  746.6991 
 335.18448  748.0437 
 355.08347  750.4696 
 578.69458  752.55389 
 893.08167  755.45795 
 458.93042  765.78302 
 448.39529  769.82867 
 909.87152  774.8924 
 287.3161  776.27142 
 921.57031  780.01825 
 437.71307  780.71875 
 819.40741  781.1369 
 857.24255  782.28265 
 165.82747  783.43628 
 848.31232  785.41077 
 348.32175  785.78455 
 442.53116  786.83728 
 783.81494  787.203 
 495.3512  787.92969 
 821.97369  788.17126 
 925.47589  787.63654 
 158.36139  789.08496 
 171.32013  788.64465 
 274.05615  789.03937 
 894.90253  789.51025 
 352.2981  791.79541 
 853.4682  792.2395 
 810.07489  792.67896 
 899.30023  796.46436 
 917.57404  795.88422 
 429.60156  796.75372 
 776.48895  796.64795 
 296.72626  798.39569 
 814.93298  799.81274 
 790.17743  801.73987 
 255.52652  807.83209 
 147.59782  808.94385 
 765.22455  809.38654 
 287.34662  811.30756 
 754.19257  813.48309 
 782.53943  813.48651 
 928.26038  812.7121 
 858.66241  816.4328 
 869.3335  817.23755 
 791.64856  819.95532 
 89.198517  821.74438 
 745.38861  823.13 
 74.129745  824.23547 
 97.639687  825.71442 
 752.70587  830.56281 
 727.86401  832.20178 
 292.05869  832.5589 
 63.129143  836.77258 
 240.17094  836.42047 
 91.687271  837.88196 
 154.21921  837.38635 
 289.58408  840.13947 
 750.10205  840.21063 
 196.99384  842.90863 
 244.09402  843.54883 
 62.162064  847.36285 
 87.878441  849.1593 
 199.42989  850.11377 
 956.15118  851.02307 
 112.0088  851.59515 
 151.28714  853.33356 
 719.54095  852.68365 
 984.61951  854.64496 
 962.34875  857.10834 
 93.429932  858.27783 
 116.49384  859.83636 
 714.01605  860.26465 
 986.58228  862.72614 
 107.38321  867.0528 
 709.75415  867.07977 
 718.72986  866.98993 
 247.26982  871.19757 
 369.62607  872.12323 
 695.7804  873.4184 
 713.96729  876.2215 
 678.90393  877.84961 
 81.527252  878.56256 
 697.33734  882.91003 
 420.29581  884.77167 
 80.675095  886.29285 
 683.99963  886.48431 
 424.80634  890.72589 
 693.12915  895.55493 
 276.25583  902.13916 
 684.9549  902.20227 
 228.7271  904.19641 
 673.71954  906.06451 
 258.12567  907.65314 
 234.13019  910.06244 
 158.79964  911.6037 
 663.72943  912.0946 
 659.23065  912.72467 
 678.99896  914.25342 
 558.43231  914.7099 
 338.50461  917.77985 
 381.8028  918.02563 
 393.71075  918.94769 
 310.72833  920.49365 
 745.79742  919.81073 
 686.90033  920.9577 
 663.02417  922.93091 
 343.01346  924.63354 
 651.37219  926.42017 
 307.647  928.63617 
 665.96747  930.97894 
 322.41422  932.48846 
 343.23318  932.76111 
 299.72629  935.11224 
 486.58978  935.07648 
 640.47357  936.3504 
 610.06616  937.33539 
 627.40997  937.20508 
 455.09149  938.20618 
 582.31122  937.54272 
 525.4715  939.7489 
 346.3082  941.88257 
 485.96515  943.30206 
 640.11395  944.09271 
 537.67999  945.33942 
 573.70001  946.77484 
 502.45792  947.58478 
 630.98932  948.01678 
 518.12195  951.6972 
 341.37616  954.1803 
 579.32855  952.867 
 503.97345  955.99188 
 596.58264  962.37177 
 526.50024  966.10303 
 570.80811  965.9657 
 347.64139  968.5993 
 561.6806  969.35486 
 531.28052  973.32861 
 669.52039  976.6983 
 563.19385  978.80377 
 457.91879  980.84528 
 600.3999  980.35602 
 344.41638  981.85559 
 668.66766  984.22437 
 359.74298  985.65405 
 658.15057  985.50708 
 450.29492  986.52405 
 602.60083  988.55334 
 373.38397  988.94415 
 393.56659  989.10315 
 398.5824  988.60028 
 565.50568  992.00366 
 455.50223  993.41815 
 994.77008  994.27753 
 434.53833  995.24994 
 446.06906  994.53033 
 426.28625  999.87775 
 371.76819  1000.6887 
 449.71112  1002.0894 
 423.00397  1002.926 
 439.61197  1003.5115 
 539.86499  1003.966 
 725.6972  1006.935 
 345.37567  1010.2258 
 519.65729  1015.6274 
 485.55795  1015.8452 
 427.927  356.37296 
 17.018576  7.9301019 
 956.9505  30.132666 
 986.67511  37.256943 
 958.86951  37.994392 
 1020.1851  48.466751 
 668.27313  58.56398 
 586.21381  68.71991 
 422.28253  76.439484 
 593.32086  77.127075 
 587.03522  86.406029 
 533.53571  93.802864 
 560.38635  101.07462 
 938.36334  112.83305 
 544.93799  120.25209 
 522.21808  119.59346 
 627.94336  119.82737 
 709.18719  124.79594 
 727.85242  130.54512 
 229.68077  133.05223 
 266.08255  134.26216 
 734.00989  138.22694 
 235.39981  142.48344 
 488.11343  142.30679 
 690.62488  148.76784 
 739.11255  149.94556 
 1012.9953  149.59904 
 492.65448  151.32166 
 961.7951  152.29764 
 404.88394  166.86398 
 350.82831  178.54332 
 749.49774  179.60745 
 666.93311  183.87363 
 731.64917  197.45517 
 192.78589  214.10263 
 758.80347  219.04193 
 795.56409  228.05649 
 761.53345  229.19901 
 826.59406  230.3873 
 833.16992  237.66771 
 946.98785  261.31979 
 940.09631  271.21008 
 928.34991  276.02469 
 899.43964  280.52127 
 785.82837  283.81485 
 137.97153  283.30991 
 477.7626  298.36679 
 124.56458  300.52243 
 374.91333  312.30109 
 442.69266  312.65994 
 565.78931  313.75919 
 577.71802  314.43439 
 504.30658  315.95999 
 913.63269  318.00815 
 446.84085  322.19125 
 486.76801  326.54507 
 588.56049  329.16913 
 895.25641  329.43567 
 564.20331  333.41376 
 456.88602  334.20831 
 396.11606  335.12698 
 788.84534  334.67984 
 490.0054  335.46915 
 501.73523  337.50616 
 50.242313  338.55804 
 405.36719  341.58627 
 757.52179  341.93912 
 448.21387  343.35727 
 561.57849  343.82895 
 478.37405  349.32108 
 699.2843  349.87628 
 763.20441  351.13693 
 343.68243  354.21472 
 411.552  353.2605 
 454.85675  356.40332 
 352.5665  358.707 
 419.77002  362.22076 
 364.97119  367.11359 
 99.028305  368.38333 
 381.82654  369.74207 
 273.36575  371.93033 
 287.78244  372.09473 
 896.22534  373.62433 
 882.6875  376.78262 
 386.9425  378.86664 
 290.66333  383.04367 
 604.59888  386.89877 
 111.42812  387.9538 
 667.32434  388.80862 
 360.08383  390.90488 
 926.71472  396.29852 
 896.16101  397.40329 
 109.65501  399.50562 
 914.28589  399.09521 
 54.194942  401.12411 
 136.22723  401.00046 
 901.3205  406.4982 
 252.57172  411.64938 
 82.091743  414.60382 
 349.36819  417.5697 
 687.97668  419.43527 
 325.1944  424.24805 
 337.46469  424.82196 
 309.47964  427.92465 
 950.96326  428.99481 
 711.61108  435.84854 
 272.83069  439.46426 
 781.18121  439.15265 
 67.734734  445.70657 
 933.97821  449.50308 
 317.80167  454.86292 
 51.451412  457.0365 
 710.04199  458.25003 
 230.24257  472.33722 
 462.5755  474.09772 
 383.33783  475.4082 
 595.63245  476.78046 
 607.13715  479.15231 
 80.844749  484.17239 
 48.94072  485.14392 
 698.18079  485.89496 
 762.98016  497.4577 
 802.211  497.9006 
 931.72998  497.02237 
 31.12048  499.59854 
 916.89252  502.34521 
 214.91316  507.13202 
 472.88382  512.13007 
 295.99768  512.83649 
 212.00735  521.63873 
 258.46487  524.97821 
 300.19031  524.4704 
 711.10254  526.427 
 474.02795  527.89569 
 218.70195  530.27777 
 263.7735  533.30505 
 675.54535  533.07104 
 246.53362  533.6275 
 303.50409  534.39966 
 502.53275  537.03448 
 253.57607  541.74371 
 266.03519  544.05817 
 276.60303  546.4129 
 506.12939  546.20605 
 480.46591  547.07019 
 944.65338  550.60425 
 926.84723  556.29175 
 173.25883  566.18579 
 499.25665  566.47864 
 267.36057  568.87903 
 159.07521  570.18646 
 253.18404  570.84204 
 177.47646  575.14038 
 665.63086  574.63324 
 387.49579  577.62079 
 260.27667  578.99194 
 273.30194  578.72394 
 711.90039  581.08582 
 684.71112  594.85236 
 577.92883  598.90448 
 652.18561  604.92487 
 881.86011  605.20886 
 395.79532  608.53082 
 660.26068  614.49457 
 97.21019  617.9679 
 312.06314  618.62677 
 681.71649  628.25293 
 913.74127  626.08405 
 113.04944  631.89978 
 549.82422  632.11792 
 699.02698  632.16608 
 318.314  636.0542 
 330.46378  633.50067 
 721.3266  635.31049 
 475.53525  636.79095 
 918.85077  636.66089 
 402.73566  637.9743 
 553.72852  641.19708 
 478.853  645.19031 
 405.07101  649.29822 
 424.72617  648.52405 
 224.04135  652.21979 
 960.20343  651.9765 
 970.08209  654.70538 
 294.89877  656.94434 
 679.11719  660.8233 
 231.49513  661.53839 
 100.06981  663.41833 
 219.3694  667.16333 
 340.6871  671.33435 
 345.66153  680.88989 
 668.38715  689.84656 
 279.98303  692.35242 
 611.07532  694.96484 
 364.41254  696.03198 
 590.11621  695.47864 
 657.63965  697.29858 
 341.54495  698.45361 
 675.33252  698.69427 
 652.16724  701.17249 
 661.04858  705.07623 
 470.48386  712.06641 
 550.9425  713.84814 
 407.74255  714.60291 
 387.379  716.62036 
 179.35551  718.59674 
 460.44818  718.59741 
 631.48065  721.52325 
 891.01593  721.25134 
 512.11371  723.66058 
 578.24896  724.07568 
 908.79449  724.82043 
 144.84155  728.31122 
 476.33942  732.28815 
 503.0722  729.30408 
 161.97922  727.62549 
 644.47101  732.75061 
 898.30823  731.93768 
 121.65947  734.34637 
 546.31049  735.99939 
 326.87302  736.7063 
 149.77464  738.03198 
 639.61133  738.47931 
 165.53088  738.72681 
 462.52731  741.19391 
 351.0311  742.021 
 880.6864  743.41541 
 645.9455  744.24127 
 515.66827  746.07056 
 509.74307  763.87122 
 458.48087  765.7868 
 920.85577  779.30859 
 819.22363  779.96741 
 847.06061  784.14093 
 858.36267  783.76349 
 443.67859  786.48145 
 784.42657  787.1521 
 495.25388  787.92633 
 925.75708  787.97546 
 893.98346  788.90833 
 808.93677  792.74329 
 852.28857  793.16272 
 916.4942  795.66797 
 898.23804  797.8147 
 766.93927  807.40375 
 255.1109  807.83325 
 146.54996  808.70483 
 928.30084  812.77167 
 781.99103  813.62 
 744.39484  822.60333 
 753.59058  831.45691 
 153.0027  837.72693 
 117.52572  840.88538 
 955.1499  850.48822 
 198.0491  851.6427 
 111.15591  851.52985 
 983.62402  853.56268 
 987.79498  862.37915 
 708.90167  866.38831 
 369.85416  871.34058 
 678.83301  877.32227 
 697.9259  883.36316 
 80.59922  886.99707 
 683.98975  886.67554 
 692.5899  894.46027 
 674.46729  904.30328 
 792.83722  912.36676 
 679.27704  914.04108 
 267.46179  915.48804 
 310.90268  919.67712 
 688.5  920.32404 
 745.73169  920.1427 
 663.6156  922.72601 
 651.54144  927.28815 
 878.8941  929.86877 
 322.13232  932.97552 
 610.82269  934.55157 
 582.86774  938.02612 
 573.55798  944.91248 
 630.88989  948.27094 
 518.83624  951.7063 
 596.73804  962.63062 
 571.12451  965.77716 
 560.56854  967.94055 
 529.28833  975.22736 
 667.18835  975.49823 
 600.58484  979.83441 
 343.64954  981.6189 
 360.34973  985.73145 
 372.80188  988.96539 
 418.70526  993.32642 
 439.86487  1003.9675 
 344.96637  1010.2308 
 518.95514  1015.7606 
 24.066349  18.670399 
 1014.3294  40.32729 
 666.22943  43.126217 
 905.50427  46.937393 
 677.94794  68.695702 
 603.83618  81.395409 
 437.8624  83.261475 
 471.29044  85.511368 
 576.91473  84.820396 
 561.8432  89.865349 
 683.6145  98.972763 
 676.9696  106.3327 
 543.7019  108.75783 
 536.20782  112.70011 
 501.48538  116.4054 
 634.78021  126.44994 
 1008.0529  138.1819 
 505.90836  144.25566 
 254.22406  145.683 
 522.32318  147.45732 
 209.87036  158.87105 
 966.7876  161.99448 
 667.01282  166.81834 
 252.37485  169.61368 
 409.54324  177.84354 
 853.27509  183.83681 
 160.58006  195.13826 
 113.52216  203.03419 
 210.09413  211.13377 
 742.25842  217.38142 
 786.79224  246.04256 
 968.26776  251.28993 
 806.00714  254.01045 
 972.77185  262.48392 
 825.47583  262.65704 
 876.70306  268.45261 
 953.82019  267.92145 
 813.07642  269.6015 
 535.51923  273.61862 
 885.85095  281.6619 
 541.72894  285.48126 
 933.97162  285.64609 
 921.67896  287.74265 
 860.07562  290.14575 
 559.3172  294.22147 
 360.90076  294.58371 
 965.86371  295.64499 
 527.20276  297.28378 
 776.33093  296.95654 
 933.0603  297.47281 
 804.2569  298.82916 
 720.79468  302.93381 
 496.48706  307.6994 
 783.12701  310.53125 
 455.89746  311.37912 
 478.02045  312.51871 
 472.34973  314.35266 
 531.62335  314.0878 
 724.91064  313.45145 
 858.03363  313.64554 
 550.45728  315.97681 
 417.92886  330.85101 
 470.66611  331.39642 
 539.07019  335.37576 
 363.59528  336.13062 
 899.24115  339.89905 
 491.31857  341.30035 
 613.90521  342.41452 
 576.97052  342.88928 
 798.74493  342.69778 
 373.28018  346.49139 
 530.62463  347.10718 
 782.72467  350.44592 
 495.34726  351.71051 
 530.70062  351.67715 
 392.54608  352.99509 
 430.42715  353.27051 
 615.56879  355.00818 
 805.21313  354.4635 
 563.37799  356.23618 
 885.44678  356.82211 
 589.93811  357.6377 
 405.05426  362.00436 
 310.07846  364.80927 
 608.06354  365.78375 
 580.14526  370.12341 
 397.92908  372.26907 
 302.72562  374.56329 
 317.68872  376.63861 
 583.3349  384.78528 
 617.18347  384.68066 
 307.82901  390.59409 
 523.71228  393.17889 
 346.21185  395.90228 
 327.48862  401.16553 
 345.9939  403.24927 
 688.82684  404.48038 
 359.54428  405.65497 
 650.96783  411.17285 
 461.13132  413.3772 
 486.67685  417.9787 
 574.02466  415.44336 
 469.46606  424.78033 
 65.353119  434.72418 
 325.43478  437.4425 
 643.34241  437.49149 
 661.24365  437.01202 
 309.60544  441.45526 
 48.433121  445.97662 
 687.84973  447.54794 
 281.0755  453.06375 
 657.20551  457.96872 
 904.09924  458.02048 
 35.214703  459.08414 
 913.15863  466.31723 
 312.42734  470.42548 
 895.26215  470.06461 
 253.46315  473.34592 
 670.57117  476.00586 
 889.1178  475.76169 
 692.65973  477.03384 
 261.56494  485.81171 
 782.8916  486.06253 
 897.51727  486.54764 
 31.535795  488.02805 
 59.096806  493.63278 
 73.88842  493.99182 
 250.21759  493.64224 
 911.72284  494.17026 
 300.69418  495.80688 
 694.88611  497.6582 
 787.85242  498.11404 
 469.02802  499.8613 
 676.70819  502.60095 
 280.58688  502.69589 
 661.81769  505.95526 
 494.13159  507.509 
 233.82033  513.73187 
 391.17023  520.66333 
 80.260071  527.30487 
 690.33173  532.29773 
 85.027901  536.46283 
 515.79059  536.6225 
 666.41742  542.95813 
 697.62787  545.57697 
 956.09259  550.75787 
 300.45978  551.68225 
 645.89685  551.87732 
 882.92969  551.85724 
 343.65103  553.37878 
 895.91937  557.68237 
 273.34238  559.13556 
 534.04773  564.28748 
 120.31528  573.20544 
 290.25568  578.14722 
 878.55438  579.38586 
 163.0603  579.81073 
 126.69302  584.43121 
 296.21078  587.13123 
 656.97845  588.45868 
 672.83228  587.39386 
 246.12822  588.52032 
 568.50043  592.47076 
 902.64276  601.23596 
 292.90161  603.9538 
 685.27985  608.13739 
 259.69995  611.72961 
 78.635735  620.32507 
 295.74762  622.39203 
 670.15283  622.38855 
 872.19177  623.23083 
 896.85516  624.27545 
 713.85254  628.91302 
 301.65268  634.5271 
 961.31537  639.82031 
 653.89996  642.7085 
 630.54901  648.28009 
 212.9339  650.27014 
 286.991  650.00592 
 594.66003  656.98938 
 493.83624  658.10522 
 637.20026  659.34491 
 404.85052  662.89697 
 321.01172  668.474 
 503.63544  669.88281 
 624.52942  670.73352 
 528.89966  674.20557 
 655.25562  676.38416 
 631.79608  680.49329 
 334.54419  680.68591 
 358.21014  681.75964 
 932.42584  682.3869 
 605.0354  685.31244 
 321.50922  688.17261 
 644.87134  693.40991 
 963.27954  692.80023 
 937.48376  694.01331 
 391.13449  695.85742 
 948.5658  699.60876 
 408.47079  703.05359 
 352.87723  707.0238 
 377.60364  706.58771 
 604.5213  708.26477 
 211.49692  709.08978 
 670.91309  710.69922 
 644.91895  711.74982 
 429.5228  714.90967 
 141.94853  716.16125 
 153.65106  717.09137 
 193.2467  718.47827 
 430.85938  720.3139 
 529.74139  720.80011 
 492.94867  721.80237 
 541.68787  722.81006 
 558.78229  722.67853 
 882.32861  728.19586 
 194.63985  731.67401 
 564.85217  736.53845 
 952.23138  737.00842 
 616.99353  738.16254 
 599.5799  740.57617 
 893.19067  741.04944 
 86.610039  745.58441 
 333.62512  746.42493 
 509.11395  749.04175 
 356.41418  751.27582 
 467.2923  753.41779 
 578.75403  752.60309 
 606.4093  752.77393 
 892.05157  753.11212 
 288.08157  773.08264 
 473.81497  794.474 
 298.09  796.35419 
 747.1889  802.57373 
 844.28247  803.01617 
 286.95139  811.52124 
 754.4173  813.84662 
 790.40875  821.23254 
 75.813904  824.43805 
 93.76297  826.96576 
 239.42134  834.05377 
 727.49353  833.98029 
 987.18158  833.84125 
 291.48978  834.58496 
 64.535904  836.14661 
 88.774269  837.59229 
 208.83237  838.42017 
 101.40692  842.5285 
 735.37006  846.63318 
 720.26324  853.58478 
 94.216263  858.39856 
 120.75748  859.34839 
 729.22882  862.93176 
 153.36108  863.77502 
 102.1662  870.55884 
 692.2887  874.46161 
 713.89496  875.81909 
 259.39581  906.6579 
 684.59314  907.88269 
 158.08234  912.90271 
 660.31104  912.58466 
 641.95422  920.28729 
 299.19888  934.30914 
 629.63715  937.2514 
 523.70538  940.04016 
 329.09232  941.37677 
 346.65912  941.47626 
 620.75958  941.54047 
 607.27063  952.8833 
 341.00641  954.7605 
 505.19107  955.19122 
 348.5683  966.01978 
 579.35034  975.72375 
 562.40283  979.11426 
 394.97037  988.84381 
 564.33124  990.11499 
 444.86914  990.32672 
 374.92935  1000.6226 
 398.41669  1001.3564 
 511.66315  1004.8661 
 365.52124  1013.0461 
 516.05878  1020.2896 
 359.2113  390.79813 
 934.1015  449.23224 
 1012.2624  40.423386 
 666.74738  56.338665 
 678.25439  70.509743 
 498.9223  118.05568 
 545.48187  121.03337 
 748.10706  181.55762 
 157.98544  194.47009 
 948.24884  251.62274 
 973.39233  262.02011 
 884.83038  281.87979 
 922.32281  287.47131 
 474.96451  296.28214 
 773.91339  292.26572 
 475.79205  313.51175 
 562.85864  329.36832 
 412.33752  332.84634 
 538.34296  334.79047 
 799.65997  342.04825 
 577.79889  342.86362 
 531.09583  347.24985 
 435.97125  349.84647 
 537.82721  350.30341 
 495.36746  351.31149 
 429.93097  352.52725 
 457.94409  359.92462 
 404.84918  361.6777 
 309.9491  364.16525 
 451.47415  357.91934 
 386.01923  382.67184 
 583.71765  385.56805 
 524.13281  392.27896 
 49.316257  402.49313 
 349.73782  400.83676 
 689.07819  404.86844 
 329.8606  442.43213 
 304.39261  449.86737 
 903.11383  457.6925 
 895.49695  469.8847 
 317.75821  471.3714 
 911.14166  470.92883 
 890.34161  475.85898 
 783.03271  485.93082 
 897.79791  486.0806 
 788.56403  497.39261 
 661.30841  505.87 
 391.32422  520.79944 
 243.80678  528.74011 
 931.03174  529.65137 
 689.98718  532.22876 
 300.26096  551.46521 
 882.88177  552.06653 
 263.74088  579.224 
 674.14679  586.05737 
 907.46173  623.01544 
 713.94373  629.38208 
 652.8703  644.50189 
 630.83453  647.21326 
 419.76059  650.13702 
 592.66052  653.34357 
 494.89578  657.25403 
 499.5238  673.38715 
 931.65839  681.47296 
 969.40759  690.76215 
 643.92108  693.91113 
 413.69135  699.24097 
 419.0123  704.53229 
 211.95589  709.17651 
 664.45551  709.1474 
 649.82196  710.84027 
 147.50362  714.883 
 190.78271  713.59576 
 463.3812  719.94391 
 529.5238  720.99426 
 430.96198  716.21997 
 605.82556  724.47668 
 475.82791  732.59784 
 502.69766  733.18256 
 572.35101  740.69043 
 615.34668  741.77051 
 594.8728  734.34741 
 87.237228  742.28912 
 509.31729  749.37158 
 579.29419  753.26526 
 288.77585  776.27649 
 286.7485  811.66962 
 123.66078  864.19299 
 154.17862  863.66547 
 684.33258  883.52026 
 696.60822  889.31207 
 638.49579  923.80939 
 301.23096  931.23663 
 605.01617  935.29437 
 523.97076  942.13788 
 615.60461  945.4527 
 371.53714  982.44769 
 443.31238  989.90546 
 516.81555  1019.9822 
 670.26654  40.347076 
 1016.3038  51.592533 
 577.65002  69.504425 
 983.21649  73.910019 
 439.78467  83.406662 
 498.23831  98.59063 
 680.677  106.20145 
 534.77539  111.92051 
 936.39581  113.07882 
 910.21887  123.09365 
 1016.3881  146.56244 
 667.51935  165.68651 
 856.1546  182.28253 
 213.98218  208.10883 
 204.65353  213.66417 
 877.354  266.11545 
 943.58716  268.5733 
 898.12915  284.48508 
 362.69339  298.5845 
 863.73053  308.67172 
 783.14252  312.34976 
 532.90436  313.04367 
 369.46555  314.73492 
 912.34247  315.99875 
 895.91833  322.39276 
 485.34924  326.78857 
 360.51291  331.94949 
 476.01236  331.41922 
 513.76831  346.01666 
 781.53381  351.91006 
 590.27509  358.94739 
 348.07321  371.86017 
 382.04324  370.31488 
 422.98618  370.15128 
 571.44885  371.07922 
 303.27573  372.82159 
 395.71661  374.54782 
 313.59967  385.612 
 632.77795  389.75851 
 361.48706  387.30469 
 353.43814  390.53674 
 603.24426  393.94122 
 919.66895  395.41306 
 375.11224  400.21103 
 365.92368  402.48459 
 483.25146  411.01715 
 459.28571  413.89865 
 962.62567  422.72751 
 941.99493  432.06964 
 639.58856  440.75986 
 686.76904  445.716 
 283.72864  453.3421 
 35.087082  456.09564 
 693.13257  477.73224 
 304.49713  489.0795 
 238.74194  505.73602 
 679.51752  507.57086 
 909.30835  506.69781 
 483.34006  512.17401 
 467.70261  528.5155 
 510.57291  532.07483 
 68.306862  533.43854 
 302.49597  543.0365 
 600.4845  544.37384 
 482.07065  545.51428 
 941.74622  549.27386 
 271.93246  556.77246 
 940.88086  557.96466 
 290.57455  585.82397 
 248.50694  591.98926 
 876.20782  599.97351 
 562.37256  601.62421 
 677.64496  615.9718 
 879.47357  620.19086 
 694.3241  631.03461 
 96.388924  634.82404 
 281.09653  643.19958 
 686.32666  648.20276 
 644.27185  661.40997 
 404.33102  664.45355 
 679.89911  664.83783 
 961.13245  674.16461 
 656.6236  699.82666 
 336.44958  701.52069 
 403.21994  702.1601 
 608.75537  703.99677 
 583.85754  705.47467 
 903.25671  710.86432 
 406.5282  718.97437 
 585.29803  713.08313 
 439.82526  718.00104 
 906.70837  729.57849 
 641.7807  731.05267 
 883.58185  732.32043 
 190.52345  740.52655 
 894.97559  747.63306 
 789.59113  787.02789 
 854.99347  790.93781 
 298.46255  793.12079 
 210.32571  835.7713 
 751.52142  839.25037 
 722.04437  853.50653 
 156.52797  855.48016 
 98.635437  867.97809 
 84.408676  892.62305 
 653.06201  927.76215 
 586.62604  943.56226 
 505.82178  951.50854 
 612.90985  951.32977 
 522.24084  959.29749 
 455.83051  988.46173 
 399.25092  988.86517 
 377.72861  996.54608 
 450.91147  1001.6302 
 375.00562  1004.9604 
 798.34833  279.2045 
 910.63214  327.72864 
 456.14929  356.72867 
 504.88245  366.26242 
 562.21753  363.04184 
 368.61398  375.92255 
 532.82983  401.02689 
 322.1156  416.50305 
 502.25287  429.05283 
 663.86658  454.15475 
 912.91296  487.21362 
 788.90625  502.57031 
 97.562202  531.57056 
 664.992  573.96136 
 901.96252  605.68793 
 560.45074  607.63794 
 627.65204  641.87537 
 558.58093  650.46313 
 521.71594  659.18268 
 643.28094  689.45721 
 486.89551  712.70367 
 499.25885  706.01599 
 549.71619  720.98767 
 508.50964  730.20288 
 551.04565  729.55481 
 536.47217  738.22095 
 729.16748  825.8728 
 199.69095  850.18713 
 351.46024  933.49786 
 335.51532  951.27008 
 1001.8655  45.403324 
 532.4892  147.05998 
 367.46451  180.02066 
 943.36725  246.67574 
 947.02924  268.27563 
 369.91711  322.24478 
 511.54044  331.82117 
 538.90338  339.96823 
 388.94269  352.42712 
 386.75272  354.83966 
 373.53574  362.64481 
 476.10907  355.26172 
 303.72031  368.65805 
 412.75577  369.64908 
 451.00018  368.97156 
 414.45499  385.16425 
 398.60004  386.07397 
 346.1705  392.03329 
 368.32449  393.1409 
 385.3634  409.68347 
 481.14157  408.75214 
 337.42941  436.27295 
 332.94983  445.95718 
 301.41779  447.59042 
 311.69708  449.19382 
 691.27728  450.1539 
 914.94348  468.03403 
 293.92218  489.98547 
 673.36108  513.68359 
 616.46057  507.94849 
 307.72269  509.91592 
 271.98911  561.87512 
 616.80261  566.89215 
 249.04205  586.79346 
 294.52762  590.9527 
 646.33478  619.41724 
 647.21173  641.84015 
 644.09216  656.32965 
 196.19383  668.06122 
 657.04791  678.73517 
 593.24158  682.97827 
 341.90073  688.99677 
 456.63974  704.9632 
 532.80524  715.77026 
 613.86414  698.04285 
 906.95709  705.78815 
 186.57498  718.85791 
 583.52905  719.54657 
 410.1636  725.22125 
 610.52106  739.39447 
 753.40027  822.82794 
 79.882683  839.90454 
 41.179405  843.31201 
 723.28656  848.40973 
 95.194305  867.60864 
 634.05713  913.54541 
 667.30609  913.38873 
 315.10938  931.72253 
 616.74042  940.32745 
 515.13989  944.01392 
 582.31  948.88947 
 374.08572  976.62091 
 909.12866  320.36627 
 414.89639  344.77261 
 501.18442  346.00885 
 427.30231  355.69611 
 511.95996  419.84198 
 316.64114  420.01447 
 494.29184  440.2562 
 655.17743  486.17624 
 321.72092  518.65558 
 283.95068  521.85938 
 654.04755  560.2605 
 626.24927  632.62598 
 407.90128  652.22101 
 346.68478  725.375 
 480.54556  741.77155 
 523.67542  740.04608 
 482.94913  744.26941 
 747.4848  842.16302 
 374.57297  177.66621 
 546.56586  364.30774 
 466.44547  370.87057 
 926.49329  465.1239 
 306.96964  518.01984 
 314.51328  554.31451 
 669.90344  591.55249 
 690.12952  585.7323 
 601.57642  674.41956 
 624.14215  711.5932 
 392.03027  724.74139 
 721.17944  818.76459 
 474.18634  318.82309 
 793.46027  322.16989 
 410.5593  339.37033 
 331.82034  391.78781 
 342.94595  450.52524 
 297.31741  428.99445 
 643.5639  492.18677 
 302.8486  495.4827 
 688.02563  509.38077 
 620.9884  644.70404 
 560.59418  683.7019 
 463.74115  743.32788 
