 854.6792  3.7392554 
 859.00427  6.4985433 
 773.66333  26.294521 
 437.98819  26.841339 
 523.39203  46.696327 
 499.57056  48.53838 
 451.94592  55.602257 
 601.23438  59.380741 
 535.14368  59.957565 
 595.03223  78.616127 
 449.07565  91.167618 
 454.50479  93.755325 
 612.69763  93.915131 
 492.92551  99.303978 
 459.88049  103.48266 
 476.08081  103.11127 
 583.28668  104.01637 
 493.26645  106.33067 
 895.47693  108.08627 
 406.48608  117.58841 
 840.65234  123.99079 
 618.35071  127.98383 
 401.16733  129.05289 
 715.48242  134.4565 
 232.11133  135.74689 
 825.10114  142.20013 
 699.92401  142.66254 
 705.69482  145.4406 
 237.28114  153.73706 
 678.43359  172.3219 
 826.32941  172.51743 
 820.70337  181.52361 
 775.28156  186.71898 
 701.65381  187.91682 
 738.04724  194.38873 
 820.93292  199.97964 
 287.02939  201.44255 
 815.29755  205.56119 
 818.86011  214.83208 
 692.79779  217.75624 
 297.58081  219.10368 
 210.4483  242.71288 
 629.88049  243.70206 
 727.20093  243.96216 
 148.5157  245.70592 
 722.30371  250.87283 
 179.47557  254.29138 
 722.18689  254.74619 
 740.4986  260.28204 
 873.60449  261.05859 
 907.71625  270.10602 
 843.88367  274.95847 
 160.42117  275.91779 
 111.26695  281.97232 
 166.78548  282.15271 
 460.4957  284.48846 
 116.47704  285.37225 
 486.10953  286.29068 
 160.78911  290.66565 
 910.40674  313.77994 
 512.50586  317.27872 
 602.51117  319.21448 
 869.67957  318.84473 
 80.476471  323.23953 
 420.1131  324.63116 
 441.71896  325.44809 
 398.07602  327.88217 
 501.34094  334.56033 
 133.15776  336.93457 
 520.12109  338.13177 
 530.96106  340.84305 
 520.62396  343.83578 
 389.44156  352.24933 
 450.97992  354.15475 
 557.66541  355.98343 
 563.7215  356.94626 
 910.03558  356.85892 
 892.79993  359.18423 
 571.91473  359.78821 
 446.48993  360.66351 
 351.41086  362.11502 
 433.66284  363.11633 
 910.46063  362.69629 
 425.77713  364.40567 
 301.01099  364.7518 
 317.85492  365.38892 
 370.16174  364.58484 
 388.32532  365.30844 
 611.94092  364.85117 
 584.92615  367.00485 
 921.05518  367.44882 
 422.37186  369.42935 
 925.22601  372.90891 
 101.05954  376.28229 
 419.58478  376.10025 
 410.30057  378.54169 
 919.54169  381.14621 
 398.91403  382.00363 
 404.50143  382.44745 
 608.07629  382.84906 
 396.46091  387.64932 
 92.906479  390.94608 
 356.57355  390.5343 
 389.26257  391.16727 
 767.45728  398.22336 
 339.39154  399.06509 
 368.04773  398.97711 
 623.36761  401.63541 
 368.32809  405.29752 
 304.58218  406.52512 
 362.423  406.55115 
 360.76575  412.84235 
 304.11349  417.27673 
 311.26459  418.43875 
 633.72485  418.96933 
 653.96588  419.73309 
 537.19452  439.5181 
 648.69806  439.83295 
 655.12744  442.25922 
 332.16046  443.76431 
 661.8717  443.69632 
 339.04907  444.71017 
 283.9476  445.82916 
 99.217957  448.31769 
 657.5849  449.7038 
 597.89117  451.90121 
 261.71509  460.3371 
 326.83151  466.19827 
 895.79248  466.75867 
 669.0647  467.96072 
 676.2207  471.2995 
 888.41516  480.29352 
 934.86041  479.67368 
 940.4129  484.82574 
 313.80231  489.11743 
 315.18906  496.14944 
 313.18274  506.491 
 779.19196  509.95023 
 78.675941  513.23737 
 476.66544  519.20837 
 312.34723  521.18573 
 487.07001  522.30225 
 493.20563  524.53204 
 481.23508  526.35443 
 308.30328  526.83063 
 444.84769  527.67383 
 277.09277  530.1134 
 498.32654  530.24243 
 312.2803  531.53955 
 449.65189  532.27277 
 974.91931  532.82983 
 514.60327  536.3139 
 678.38098  535.97986 
 494.25601  539.48761 
 545.164  538.76453 
 524.65936  539.76099 
 519.62793  541.09229 
 270.93057  542.73737 
 499.45837  549.42871 
 484.58511  549.78436 
 493.33136  550.98761 
 551.47632  551.3172 
 312.93094  554.75983 
 734.19202  554.89825 
 681.13403  560.35162 
 246.20236  561.73499 
 476.84644  561.76624 
 481.64194  564.45587 
 315.7634  566.64819 
 376.45908  576.14978 
 380.38058  580.05011 
 315.09882  581.42719 
 321.52716  586.65344 
 321.63751  592.82941 
 311.93994  594.04773 
 934.0791  593.79681 
 940.3324  596.78015 
 82.829491  598.44562 
 325.37823  597.55432 
 675.42719  598.28864 
 720.82434  598.20984 
 104.96862  599.84045 
 726.24652  601.57623 
 957.09399  605.28235 
 591.74896  605.9657 
 710.94147  611.39667 
 678.5163  612.42566 
 713.19061  619.33698 
 992.00928  618.68762 
 302.73364  620.32825 
 295.79944  622.24878 
 761.89484  624.47577 
 997.65186  624.89063 
 329.04462  626.86346 
 733.30505  627.43597 
 766.53772  628.66394 
 336.37195  630.82513 
 706.83942  630.60028 
 970.52118  636.19781 
 334.05115  638.84369 
 97.259254  639.76691 
 70.641197  640.84589 
 976.44415  640.88 
 930.44763  642.54755 
 529.03638  643.55164 
 1009.233  647.9527 
 315.82336  649.48724 
 926.26831  649.25757 
 348.19443  650.70477 
 677.60382  653.39105 
 932.47577  652.85107 
 351.754  655.22583 
 683.50946  655.94171 
 131.27643  660.8313 
 900.99091  660.7655 
 907.54675  661.86584 
 366.06345  665.02576 
 45.205387  667.98419 
 676.08417  668.79749 
 365.74951  673.10614 
 680.09521  672.84412 
 898.67438  673.3075 
 864.07391  674.5047 
 214.73526  676.29657 
 720.65381  676.06641 
 713.1944  679.04712 
 117.21277  679.59735 
 378.37036  679.6825 
 870.16986  680.48578 
 220.77872  680.78754 
 719.09167  682.76233 
 622.03784  683.65332 
 875.31342  683.64539 
 368.5011  684.68652 
 376.67157  687.55072 
 388.26367  688.15167 
 347.7135  689.18549 
 389.46579  693.66046 
 399.86172  696.84845 
 176.80017  705.92871 
 623.85321  706.3891 
 413.47278  707.18176 
 586.3147  707.29974 
 846.10974  706.59998 
 573.84943  711.53064 
 353.65265  712.69763 
 418.60013  712.80066 
 580.84393  713.32025 
 563.71722  714.12164 
 139.97015  717.44745 
 424.20792  718.26172 
 541.1864  718.38647 
 534.09943  719.00555 
 550.22784  718.60712 
 118.01026  719.922 
 842.3631  719.98529 
 511.67517  721.25494 
 524.48956  720.81793 
 558.15399  721.06097 
 417.70499  722.18005 
 529.4668  724.32843 
 488.79993  725.14581 
 468.06519  725.66547 
 449.95242  726.73969 
 439.83365  729.02533 
 472.82013  730.138 
 486.54446  731.80969 
 291.87546  736.28412 
 233.54257  736.55774 
 419.91693  738.24438 
 237.79272  740.90979 
 224.69571  743.11926 
 405.35422  742.65118 
 408.35764  752.06665 
 294.34052  753.11981 
 145.15503  758.91821 
 825.14709  764.37701 
 829.98633  770.01508 
 451.22092  784.50336 
 811.31934  784.07367 
 448.33826  784.99005 
 289.39517  789.64734 
 543.35638  790.62177 
 295.11816  794.49408 
 796.62579  793.9386 
 804.55542  799.62457 
 535.23285  802.76929 
 165.84256  806.44366 
 818.30096  806.28381 
 810.85645  813.93475 
 455.90878  820.56824 
 460.86371  823.76965 
 283.60065  830.36566 
 287.89297  835.06207 
 798.42755  841.99139 
 410.259  850.56604 
 781.96436  862.26422 
 190.78322  873.7312 
 282.44205  880.09137 
 418.31903  883.91168 
 557.40131  888.72028 
 824.06177  890.36584 
 562.69806  892.08966 
 814.47809  902.36993 
 674.33588  903.8988 
 688.73767  906.25647 
 376.49084  909.77319 
 760.84149  913.49872 
 757.97467  918.87604 
 637.97089  920.67737 
 762.84869  923.90814 
 332.23669  926.64575 
 608.04187  926.91846 
 685.17651  928.14667 
 722.65247  928.47809 
 543.31818  929.84192 
 336.90805  930.87463 
 691.47174  931.85431 
 687.70758  938.84564 
 211.87762  948.21436 
 293.58893  950.64008 
 498.98804  952.28522 
 619.32703  962.22327 
 624.85486  965.93329 
 466.15308  968.125 
 232.55299  968.80255 
 262.74371  970.08624 
 390.0163  975.99634 
 207.27687  977.05042 
 624.88782  988.66998 
 663.00336  991.33142 
 517.00146  992.86707 
 616.02563  993.4906 
 680.10565  996.89539 
 599.70776  998.79889 
 235.48627  999.74005 
 495.79413  5.7612705 
 859.32922  6.872436 
 458.37531  11.351212 
 494.5387  14.585062 
 815.38281  15.093518 
 522.46198  20.546358 
 437.66241  27.223795 
 774.14069  26.570566 
 507.45981  27.622231 
 523.97784  45.387859 
 498.11438  48.490475 
 446.5022  51.076893 
 476.12674  54.674408 
 452.3349  56.256889 
 1003.4902  56.502975 
 554.03284  57.839958 
 535.54321  59.774479 
 601.28229  59.631351 
 433.63412  64.61367 
 443.22919  71.357101 
 588.57117  75.007103 
 568.59399  75.638268 
 595.56781  78.655327 
 440.78259  81.090172 
 722.2207  82.479584 
 430.08499  85.770767 
 531.76495  89.756523 
 605.74292  89.713737 
 454.91342  93.226845 
 612.77997  93.66658 
 417.60788  95.171265 
 539.03662  94.809349 
 491.15973  99.265083 
 499.98135  99.491707 
 476.22946  102.72451 
 460.50009  103.90549 
 582.74353  103.80247 
 559.19391  104.66506 
 493.44034  107.30628 
 895.33813  108.49061 
 625.17395  113.58147 
 405.80548  117.49996 
 484.36899  118.4349 
 309.87097  120.22971 
 413.47992  122.98046 
 839.85968  123.27564 
 581.34894  124.66409 
 299.71967  127.2316 
 618.46356  127.35446 
 845.72473  128.13161 
 280.92697  130.71593 
 400.17236  129.50443 
 626.70081  129.54691 
 407.99957  132.80057 
 389.54266  133.80269 
 834.92792  133.87421 
 714.98798  134.75827 
 616.14404  136.29694 
 368.03638  137.97818 
 723.19135  139.94067 
 699.27002  142.31465 
 825.51984  142.5213 
 685.26935  144.27495 
 705.28021  146.33058 
 647.62744  147.35706 
 272.02173  147.73933 
 630.96692  149.47366 
 834.56293  149.395 
 772.88129  152.265 
 236.84282  153.52158 
 653.39996  156.22293 
 802.88306  157.39087 
 839.86792  160.18988 
 401.87482  160.5527 
 424.30615  163.92737 
 811.80322  163.79533 
 367.32477  168.54977 
 826.6261  172.78676 
 373.94974  175.06531 
 730.50519  174.81033 
 695.86542  181.54417 
 819.82971  182.6945 
 755.72424  184.25475 
 775.31659  187.14455 
 826.60095  186.40961 
 701.828  187.66226 
 738.53577  194.02559 
 821.35992  200.05713 
 694.47467  200.28952 
 286.43134  201.8584 
 813.86298  204.47069 
 716.21179  210.23801 
 820.04468  213.14096 
 692.64771  217.57193 
 296.81708  219.51701 
 704.59113  221.72609 
 304.84164  230.77983 
 816.22015  233.98959 
 154.70909  235.44186 
 637.44061  238.67647 
 210.54185  242.85141 
 231.77715  243.54822 
 148.3848  246.09702 
 239.59204  247.13516 
 118.91083  249.05902 
 247.9792  249.3259 
 715.091  248.22328 
 827.21021  248.60867 
 818.23334  250.85086 
 646.82068  250.68541 
 723.42963  251.30266 
 178.95476  253.78069 
 866.6748  256.84836 
 909.14624  257.06696 
 102.10745  259.14493 
 739.46326  259.95651 
 319.17484  260.73236 
 873.91785  261.22144 
 829.99689  262.69064 
 688.39423  263.68808 
 838.79114  267.53897 
 695.50092  269.8067 
 907.87482  269.8302 
 672.51227  272.47418 
 844.13708  275.16 
 160.09047  275.76596 
 900.69855  277.40503 
 909.58032  280.69482 
 110.69563  281.23407 
 166.7211  281.45496 
 461.26172  284.39084 
 116.86493  285.17865 
 485.8024  286.68951 
 635.09241  290.18964 
 161.5966  290.6879 
 97.085052  294.18945 
 455.33557  299.44565 
 508.30441  298.69293 
 497.6608  302.60895 
 575.66394  306.83231 
 524.66351  309.27753 
 485.46677  310.70959 
 439.53879  314.31229 
 909.34802  313.93765 
 535.11328  315.91309 
 513.21899  316.93533 
 876.89825  317.21686 
 409.77615  318.51987 
 602.47528  319.32889 
 869.0744  319.34323 
 521.31348  319.80685 
 884.07379  320.51633 
 503.21313  321.93033 
 560.66705  321.99509 
 338.87271  322.83371 
 79.77964  324.43402 
 858.7226  323.63531 
 419.30646  324.84488 
 86.894562  325.77393 
 441.35117  325.58881 
 133.66187  328.49326 
 398.77188  327.8179 
 554.44275  327.40295 
 426.05576  328.81491 
 536.65643  328.50513 
 877.35474  328.59235 
 125.97117  331.45087 
 73.381683  332.5946 
 504.56128  332.79956 
 480.16525  334.20691 
 392.65308  335.12405 
 113.78569  336.37268 
 404.8038  335.98087 
 133.16794  337.21692 
 520.61212  337.90262 
 490.21289  340.18152 
 858.90326  339.63379 
 276.96143  340.74161 
 383.53473  341.0257 
 429.32666  341.22086 
 484.32303  341.31924 
 510.77563  341.09024 
 530.92633  340.59857 
 743.59552  346.00323 
 445.0607  348.06464 
 462.93918  349.58707 
 389.33823  351.78442 
 570.49249  352.89609 
 886.57471  352.88245 
 451.90231  353.73874 
 904.06982  353.56024 
 299.45169  355.53537 
 73.423317  355.93317 
 439.2699  355.78519 
 867.44836  356.49261 
 394.14789  358.72913 
 80.034904  360.20441 
 402.62872  359.71628 
 649.23944  360.31989 
 892.35828  359.47369 
 447.12122  361.07669 
 381.39099  362.11725 
 725.56732  361.68512 
 351.32724  362.56509 
 425.71234  364.63092 
 302.05234  364.56006 
 370.19635  365.10922 
 611.60034  365.31662 
 317.86252  365.74918 
 388.52536  365.90686 
 584.56781  367.3082 
 921.271  367.0545 
 675.57776  367.57803 
 433.08109  370.08865 
 925.60339  372.94821 
 100.26913  376.91779 
 419.89459  376.76547 
 643.16357  378.50418 
 409.81653  379.56995 
 345.96155  381.2674 
 919.20947  381.37473 
 406.28714  381.97449 
 388.95602  383.25623 
 607.04413  383.20139 
 357.75754  383.88336 
 635.82269  384.15829 
 867.69403  383.63773 
 876.92682  383.45987 
 777.61017  387.34128 
 682.99316  387.65649 
 763.26379  387.63812 
 383.23367  389.34744 
 612.5614  389.05286 
 487.80768  391.53207 
 656.39923  390.47647 
 93.082893  391.87311 
 926.35254  391.4689 
 618.4765  392.84381 
 782.70215  392.91983 
 934.66656  395.52551 
 761.21887  395.56876 
 367.91345  396.88638 
 376.7428  397.6582 
 329.84259  399.47827 
 768.61029  398.99973 
 338.91907  400.05096 
 622.92377  401.77899 
 671.76526  402.09866 
 344.53268  404.54117 
 631.56897  404.99924 
 361.79199  405.71613 
 634.80267  408.36417 
 746.67004  407.94937 
 920.32727  407.81134 
 320.67426  410.75333 
 361.13611  413.57797 
 303.79587  416.41998 
 345.97748  417.18829 
 911.396  417.43692 
 311.96945  418.32901 
 280.76709  418.79352 
 653.3512  419.44849 
 890.49915  418.50604 
 632.78656  419.57095 
 328.11273  422.29147 
 87.257881  423.31351 
 459.16299  427.54758 
 439.22662  428.66525 
 312.34146  430.0097 
 431.79861  434.57907 
 669.51501  435.74323 
 875.09131  435.78986 
 907.43311  437.08789 
 537.25067  439.01511 
 647.62476  440.10043 
 78.901054  441.10477 
 662.79718  443.34756 
 331.75711  445.06833 
 339.995  444.87387 
 583.63629  444.73166 
 592.74176  444.52475 
 284.32745  445.73999 
 98.929352  448.39117 
 904.08423  449.24957 
 656.73401  450.5329 
 597.56177  451.22986 
 256.51712  453.11246 
 667.83319  453.19556 
 706.93036  453.09393 
 913.91003  457.13409 
 242.28029  457.56946 
 279.8938  459.93402 
 262.52997  460.95126 
 295.05743  464.13947 
 304.50311  464.90683 
 695.86292  464.57724 
 326.36349  466.06329 
 668.2099  467.81741 
 895.28973  467.75638 
 676.45514  470.77502 
 329.20999  473.3761 
 904.6911  476.58994 
 934.33844  479.25421 
 992.40802  479.5806 
 888.23633  480.00879 
 940.62848  484.83319 
 986.14154  485.90637 
 994.86096  486.51953 
 456.71869  487.66745 
 311.67175  488.69965 
 296.59872  497.0459 
 314.93948  496.83429 
 1009.8207  500.21271 
 236.46828  501.13727 
 21.618576  502.10757 
 708.94391  501.82928 
 726.15747  503.83054 
 408.10678  504.93048 
 299.24008  506.23145 
 313.14948  506.03601 
 497.58432  508.1001 
 779.07483  510.16351 
 486.1517  510.91397 
 78.25695  513.32397 
 470.82047  513.09058 
 680.84412  513.86261 
 381.80688  517.33331 
 288.11984  518.48944 
 477.19226  519.00195 
 247.49019  519.82007 
 264.01706  519.74139 
 313.14902  519.96851 
 1000.5422  522.95709 
 971.83215  523.75854 
 492.49539  525.45074 
 444.69714  527.46576 
 481.03433  526.72498 
 98.052704  527.89655 
 260.07227  527.75183 
 307.14093  527.59052 
 689.20056  528.21039 
 787.72382  527.80292 
 192.50879  529.17621 
 729.23694  528.55347 
 276.24228  531.39661 
 498.71335  530.41071 
 124.48701  532.06171 
 312.76904  533.05829 
 450.06772  532.63409 
 527.65344  532.64337 
 976.39697  532.38611 
 485.74136  534.78503 
 514.95258  535.38538 
 677.92029  535.81317 
 506.49051  536.86938 
 494.62701  538.89026 
 545.24915  538.8606 
 521.17975  541.07953 
 535.70691  540.60956 
 257.69003  542.63373 
 270.85233  542.93042 
 242.23051  543.50165 
 789.21606  544.22577 
 478.31964  546.47968 
 678.61523  547.44446 
 91.643242  548.61841 
 499.65494  549.74866 
 743.54327  550.43109 
 551.83728  551.22076 
 753.77271  550.85864 
 688.99756  552.34985 
 312.73422  554.28595 
 733.79248  554.90741 
 319.03622  558.13477 
 714.55994  558.24622 
 47.597672  559.54132 
 259.52972  559.56061 
 403.44147  558.92346 
 973.39081  558.55719 
 81.324509  560.0766 
 681.58984  560.30841 
 246.27785  561.11365 
 979.72107  562.62616 
 953.28571  564.14667 
 482.05182  565.08069 
 522.44751  564.49225 
 227.20471  566.742 
 606.91724  566.94788 
 270.185  568.7691 
 39.675747  569.65997 
 960.73096  571.76459 
 943.24939  574.49536 
 726.20447  577.45557 
 313.82373  581.81812 
 953.08301  581.49316 
 72.98378  585.61603 
 935.25482  585.32904 
 723.48364  589.59558 
 230.35973  590.94952 
 321.14078  591.646 
 311.89743  593.99084 
 933.43768  594.15588 
 75.491447  596.67578 
 675.46515  597.03351 
 82.83625  598.34857 
 326.21652  598.67145 
 940.87537  598.06256 
 318.25739  599.36658 
 720.435  598.54187 
 104.78377  600.08636 
 726.59021  601.25433 
 682.48871  601.72174 
 234.47552  604.37946 
 592.08289  606.51538 
 956.62738  605.57355 
 282.10849  607.547 
 724.95013  609.60248 
 422.41104  611.46442 
 65.169044  612.38214 
 289.50745  612.01147 
 709.44763  611.78394 
 598.43494  612.987 
 677.58173  613.91107 
 299.27206  614.85199 
 641.13617  616.53003 
 274.42188  617.82709 
 676.20032  618.11786 
 979.20819  618.21075 
 236.20021  618.98639 
 712.85779  619.52924 
 991.78418  618.84119 
 723.48718  621.03192 
 281.64905  622.66553 
 295.28586  621.91937 
 761.65961  624.28186 
 246.05211  625.23047 
 998.19135  624.77277 
 329.21783  627.03619 
 732.79657  627.11786 
 101.73859  627.9671 
 316.65234  627.54572 
 766.69788  628.63733 
 289.18472  631.29431 
 336.4288  630.99976 
 705.8844  630.9306 
 714.80243  632.04895 
 309.52844  633.64661 
 993.45508  635.14185 
 524.18121  637.38684 
 663.4624  637.31226 
 970.03723  636.9505 
 438.72287  638.19916 
 721.48834  637.55267 
 709.2254  639.17834 
 97.059097  639.96246 
 332.43457  640.33588 
 70.624641  640.74652 
 689.81091  641.66852 
 1003.6159  641.5686 
 83.208855  643.32977 
 530.10089  642.95642 
 932.02325  643.06073 
 976.49341  642.33441 
 671.64276  644.94153 
 1009.5079  647.49091 
 924.98041  649.15656 
 348.89908  650.18347 
 314.72784  650.61621 
 709.90723  651.27136 
 133.37756  652.44934 
 677.17432  652.78033 
 651.14215  653.92517 
 932.11951  653.487 
 896.4176  654.92755 
 300.56601  655.47449 
 339.02499  655.43658 
 586.33392  655.5376 
 683.60278  655.66998 
 139.83597  657.19281 
 473.99893  658.2099 
 41.520519  660.50354 
 131.38803  660.86597 
 671.19659  661.03119 
 699.74207  661.40839 
 901.2334  660.42731 
 455.4248  663.12958 
 366.32202  665.43378 
 480.59363  665.10437 
 116.44361  666.05701 
 46.106689  667.59326 
 675.88544  668.50879 
 891.48193  669.11902 
 715.16992  670.15753 
 955.43658  671.71222 
 294.34885  672.97546 
 315.4859  672.95862 
 365.09628  673.50427 
 462.6268  673.38654 
 864.97919  672.94849 
 898.43689  674.00043 
 216.15021  674.66925 
 945.22852  674.55829 
 26.364286  675.95679 
 720.73828  677.698 
 641.45697  677.46899 
 117.97353  679.44873 
 307.74545  678.5235 
 320.99774  679.48035 
 712.95111  678.6181 
 221.41769  681.01318 
 204.08502  682.48267 
 719.84912  681.55902 
 621.32007  683.45508 
 650.28705  683.53906 
 875.92194  684.14081 
 367.79984  685.13177 
 692.72577  685.00165 
 313.23993  686.83148 
 387.23788  687.41345 
 630.87524  686.52521 
 376.37183  688.45953 
 348.55734  688.19678 
 360.74518  697.24585 
 399.17148  696.82361 
 602.78339  697.4798 
 872.87335  697.87463 
 170.15092  700.23694 
 855.22717  699.72693 
 883.31494  700.94611 
 641.79773  702.74518 
 19.636366  704.95538 
 176.82132  706.34027 
 624.04956  706.25867 
 859.79468  706.14722 
 412.30533  707.21448 
 587.0578  706.65424 
 846.03351  707.64136 
 544.86212  708.79712 
 573.71661  710.95221 
 660.30054  710.42267 
 353.2016  713.3385 
 564.62091  712.73212 
 581.0473  714.06573 
 140.26747  717.15125 
 360.47662  717.30579 
 409.60806  716.58978 
 425.14777  717.85126 
 551.38922  717.51733 
 536.43146  718.55933 
 117.66328  720.06494 
 841.3905  719.521 
 500.00067  721.51312 
 512.75629  720.27295 
 558.08514  721.74927 
 417.61865  722.62146 
 488.6203  724.03595 
 850.39996  724.14001 
 467.15918  724.62061 
 518.39716  725.03674 
 529.55072  724.65381 
 138.91513  725.92657 
 505.75806  725.63684 
 599.08612  725.50427 
 440.0083  729.5896 
 472.9241  730.01068 
 510.93893  730.17059 
 588.4765  730.40613 
 486.76523  732.36121 
 94.812103  733.30609 
 208.17914  734.23187 
 528.93616  733.98218 
 827.79755  734.34918 
 851.24213  734.27588 
 233.4733  736.2074 
 292.60535  737.12622 
 397.99994  737.56787 
 419.19708  739.90692 
 546.65314  739.74396 
 238.47934  741.33539 
 405.2438  742.33252 
 225.25414  743.06506 
 433.2113  745.18225 
 446.62921  745.30939 
 163.59157  748.53668 
 232.38927  748.08588 
 351.43726  750.15369 
 408.5506  751.91394 
 293.30707  753.32996 
 357.94061  755.77716 
 827.02148  756.38501 
 181.32207  757.02863 
 145.21106  758.67529 
 552.52374  763.77026 
 824.36218  765.28552 
 830.79572  770.27405 
 544.03729  771.27942 
 594.10919  772.06744 
 822.43573  773.43726 
 443.04092  779.47729 
 830.07721  780.11328 
 418.18558  781.48108 
 811.49225  783.91718 
 449.80579  784.7298 
 537.30499  785.22784 
 807.51263  787.58624 
 180.57413  789.62207 
 271.64728  788.73114 
 289.42239  789.26056 
 430.12433  789.40143 
 544.02899  789.27637 
 816.51825  792.06409 
 797.51581  793.67426 
 296.3241  794.72113 
 804.91687  800.06049 
 535.4151  802.87177 
 166.49097  806.23718 
 816.79962  805.80731 
 303.7847  807.99689 
 824.00879  810.91882 
 874.49377  810.54395 
 230.38335  815.34485 
 273.38654  815.21674 
 811.45258  814.55798 
 455.09964  820.66681 
 290.25418  821.9649 
 802.23077  822.22064 
 248.49077  823.11597 
 461.05859  824.63165 
 809.84717  828.13367 
 282.9274  829.84247 
 795.1557  830.90564 
 819.33472  831.35303 
 226.9063  832.112 
 394.66449  832.15094 
 260.38773  833.25677 
 790.48285  833.72998 
 288.19025  835.44342 
 243.3063  838.02972 
 266.8208  838.16742 
 826.09833  837.81464 
 798.02637  841.5484 
 252.39848  843.24829 
 386.71982  848.57983 
 803.28601  848.46088 
 225.02812  849.38531 
 788.14343  848.90552 
 411.05392  849.87451 
 781.34344  861.85333 
 406.50919  866.02448 
 696.56158  869.71008 
 375.71512  872.92224 
 753.18872  873.10797 
 190.75566  873.55078 
 776.49158  876.23566 
 282.76678  880.52655 
 726.77887  883.284 
 289.79565  883.9043 
 418.21893  883.73132 
 277.79761  888.54846 
 556.55591  888.84338 
 822.56592  889.88611 
 381.20135  890.64417 
 418.60571  891.9502 
 562.98877  892.8078 
 505.05344  893.88031 
 722.23077  894.50824 
 824.0863  897.39325 
 729.56171  898.47943 
 885.48291  899.21088 
 748.85724  901.56921 
 814.98315  901.94647 
 370.79156  905.05341 
 674.37207  904.61743 
 687.99133  905.63324 
 377.13428  910.25952 
 274.45898  910.84351 
 636.3327  913.49683 
 725.93542  913.60425 
 758.57635  916.98126 
 671.60193  918.19781 
 718.2348  919.66858 
 638.53082  921.32813 
 763.5603  923.97534 
 660.1922  926.03979 
 332.10147  926.53021 
 607.71265  927.14453 
 723.15479  928.29059 
 684.3219  928.81189 
 543.44611  929.99194 
 337.22015  932.03906 
 691.44672  934.00439 
 290.33011  935.55109 
 389.51239  935.26929 
 729.60168  939.75549 
 224.37563  942.77203 
 232.68434  943.83374 
 491.49649  947.54553 
 211.69069  949.15387 
 436.65469  949.46429 
 293.16028  950.63593 
 497.59723  952.6051 
 427.07764  954.39368 
 206.84819  956.52039 
 231.61581  957.92194 
 465.90555  959.71539 
 709.74237  959.87524 
 499.97092  960.60382 
 618.60919  961.81256 
 255.7274  963.09326 
 204.60872  966.27917 
 412.3996  965.91852 
 625.1922  965.98346 
 481.10263  967.05457 
 466.14325  968.35895 
 506.77759  967.73853 
 232.0448  969.11316 
 262.82324  969.40894 
 383.27213  972.66321 
 207.45949  976.16266 
 240.24988  976.27429 
 390.45905  976.24304 
 460.56647  977.3847 
 694.98334  978.08087 
 256.4093  979.76587 
 626.97754  978.81934 
 505.98059  981.7356 
 618.48596  983.17499 
 608.00684  987.89233 
 624.59607  988.9469 
 662.85034  989.78229 
 517.00702  992.28534 
 249.25177  993.1037 
 571.69342  993.87299 
 601.84918  994.7168 
 615.48682  993.74268 
 567.29907  996.1626 
 679.46222  995.75378 
 236.38029  998.8999 
 599.31158  999.12341 
 685.6344  1001.8569 
 320.14099  1003.3646 
 548.14124  1002.7615 
 534.58472  1004.153 
 679.76379  1004.7244 
 238.03856  1006.4914 
 518.65369  1006.2108 
 554.51373  1008.3893 
 550.74286  1014.1497 
 496.51514  2.8026817 
 495.89841  14.914595 
 814.39276  15.498755 
 507.16785  27.945395 
 443.13052  70.588402 
 587.54382  75.252312 
 567.93524  76.876526 
 440.68997  81.550323 
 604.83014  88.572472 
 417.34174  94.492325 
 491.12039  98.893036 
 420.51422  104.30518 
 559.21417  104.52726 
 392.61191  106.20822 
 415.14044  124.00995 
 390.6846  134.61528 
 369.86639  138.24129 
 723.38135  139.72107 
 684.65106  143.17865 
 548.56323  145.16043 
 652.96954  156.0873 
 724.42651  165.54616 
 366.13873  167.75108 
 374.21671  174.68866 
 694.36847  183.39218 
 827.30438  187.14799 
 695.86188  198.11719 
 813.30774  204.34279 
 820.4964  212.66408 
 296.38541  219.71555 
 155.21362  236.42767 
 714.65283  247.22998 
 249.73129  248.80899 
 647.16028  247.4586 
 817.24127  252.93718 
 128.77748  254.69318 
 865.79742  256.79901 
 688.06927  262.9072 
 837.99329  267.5535 
 696.00165  269.8031 
 899.76709  278.50647 
 110.24999  279.2959 
 165.72655  290.69427 
 635.88678  290.48199 
 509.74304  299.03986 
 497.89319  302.5351 
 890.54498  304.24295 
 524.62671  309.32446 
 408.35266  316.87912 
 503.29175  321.61118 
 338.40424  323.51776 
 441.27087  325.36411 
 504.30994  332.21478 
 113.74218  336.09494 
 393.22513  336.73514 
 619.27649  338.81085 
 510.2731  341.49203 
 381.72412  343.2868 
 446.10168  346.62283 
 743.65863  346.48322 
 434.42047  348.99698 
 389.24179  351.28214 
 885.42053  353.32642 
 559.203  358.00772 
 402.95575  358.99847 
 649.10638  359.97034 
 892.20648  359.88968 
 425.86014  365.66757 
 611.67639  365.62762 
 318.21249  366.47809 
 398.01324  370.65692 
 345.80725  380.82416 
 356.04636  383.29053 
 867.07288  383.34747 
 630.25964  386.64218 
 682.92657  388.83264 
 935.60492  395.35199 
 540.44971  396.27057 
 377.61301  398.06375 
 919.75476  404.85815 
 746.22723  407.70392 
 361.08051  414.04428 
 312.46716  417.68057 
 631.88898  419.69128 
 327.771  421.07657 
 86.600243  422.12 
 352.22998  424.52673 
 432.32318  434.56363 
 337.14792  436.55502 
 537.1452  438.75732 
 79.30722  440.81183 
 581.79333  445.20386 
 257.03262  452.69992 
 243.19482  457.18591 
 263.26779  461.44482 
 895.01697  468.00729 
 676.48114  470.92609 
 330.34988  474.77664 
 994.74939  484.75024 
 455.99905  488.41925 
 296.96597  496.99979 
 236.88657  501.26062 
 21.803467  502.1077 
 726.6416  503.4437 
 497.7305  508.69855 
 469.78568  510.95685 
 77.885986  513.43292 
 1000.7866  522.60962 
 706.53009  526.32428 
 96.839737  527.74603 
 192.63788  529.24872 
 124.47168  531.46387 
 527.28186  528.69373 
 313.26654  534.0246 
 484.19711  537.72296 
 98.452744  538.96259 
 521.82916  541.25415 
 789.44501  544.31854 
 678.71027  546.61365 
 497.8204  551.05975 
 754.25177  551.62567 
 732.32843  556.07751 
 714.84546  558.50342 
 47.472626  559.54358 
 522.55652  562.91699 
 237.31657  566.38171 
 961.3277  571.323 
 943.0094  574.2843 
 312.37521  582.13562 
 953.20782  581.72437 
 936.54382  583.90698 
 723.00781  589.63629 
 320.78467  591.76752 
 74.965675  596.81616 
 941.17554  598.31378 
 318.31543  598.60352 
 234.69054  604.14014 
 953.89984  603.48572 
 280.69916  605.1474 
 591.74414  607.59369 
 421.21066  611.38312 
 289.5621  611.88318 
 598.86432  614.16943 
 273.02316  618.26221 
 236.70226  618.83063 
 990.64099  618.52545 
 306.27405  619.85571 
 712.38635  619.92694 
 295.12814  621.36511 
 723.58051  620.60126 
 245.98492  624.55304 
 998.54523  625.09937 
 732.77551  626.48615 
 100.37276  628.1424 
 992.74725  634.96606 
 523.74927  636.93347 
 969.04987  637.02155 
 438.90009  637.87976 
 721.7959  637.95117 
 70.788521  640.33667 
 82.566719  644.32532 
 304.76483  644.21692 
 530.07507  643.42731 
 976.33167  643.58728 
 671.37292  645.34131 
 1009.4387  647.51416 
 923.5882  648.16107 
 292.09048  651.14215 
 314.00867  651.40564 
 895.93445  654.07184 
 931.80334  654.45721 
 301.63806  656.80432 
 59.401936  659.87451 
 670.52057  660.29681 
 455.59723  663.35071 
 699.04736  663.13873 
 480.35037  665.39813 
 715.14526  669.4422 
 890.52148  669.57379 
 461.69159  673.02075 
 865.28625  672.92017 
 215.7252  674.20917 
 364.63281  675.02771 
 222.72365  680.77148 
 203.75819  682.87152 
 620.91321  682.98102 
 649.784  683.37775 
 386.74753  686.38116 
 210.90497  690.16754 
 376.09976  689.80493 
 360.01825  695.34888 
 602.86273  696.82806 
 855.89893  697.75885 
 872.7749  698.15009 
 169.17776  699.50256 
 588.03107  706.13507 
 624.28906  706.12952 
 544.72186  709.435 
 351.19058  714.24304 
 581.05859  714.33154 
 361.60995  717.74597 
 537.59009  718.57129 
 839.93262  719.69159 
 558.04089  725.935 
 417.24921  722.55322 
 851.03265  724.24188 
 598.90649  726.10614 
 138.07503  726.52277 
 487.05533  732.50446 
 207.90469  733.62628 
 292.89056  737.32544 
 547.11481  739.36511 
 418.87552  741.01996 
 467.69769  741.85297 
 302.65161  743.48517 
 599.67023  744.56042 
 232.2115  748.47461 
 293.30173  753.25549 
 181.46049  756.17072 
 359.14645  755.98395 
 552.12268  764.01263 
 593.74243  771.078 
 821.28223  772.85083 
 1003.0204  774.41199 
 440.54733  776.42651 
 418.86368  781.14087 
 544.90015  788.21191 
 916.19037  787.81915 
 180.22681  790.35199 
 797.3728  793.39508 
 817.20471  792.44202 
 804.88684  800.37097 
 815.99005  804.85925 
 874.57507  810.72656 
 273.46152  815.12732 
 802.20679  820.53851 
 810.32269  827.31409 
 237.39639  826.80121 
 821.14349  830.01862 
 259.49118  829.79669 
 793.74969  831.33484 
 244.4127  836.04449 
 829.03357  837.36829 
 267.90756  838.95569 
 798.51672  841.27905 
 251.89513  843.37457 
 387.27512  849.11792 
 375.20572  872.90106 
 776.44757  876.51727 
 727.58929  883.54822 
 819.94702  889.77777 
 504.85193  893.0459 
 825.74579  897.42163 
 748.99207  901.84192 
 273.39725  910.86786 
 725.91681  913.57813 
 758.91632  916.2514 
 672.29193  918.0614 
 716.31891  918.77258 
 722.33484  928.3797 
 544.04077  929.74744 
 336.83032  933.19159 
 289.17105  936.03192 
 728.20721  938.09161 
 465.30197  959.42633 
 499.23862  961.30713 
 254.72189  963.36438 
 423.34567  969.71021 
 383.13748  971.77759 
 460.21796  976.4024 
 591.39252  989.33948 
 616.177  994.24634 
 678.32843  994.34454 
 569.28571  995.06219 
 598.86169  999.8208 
 547.83752  1003.0945 
 517.87531  1006.0078 
 237.7619  1007.4076 
 823.935  22.925911 
 518.90765  33.225288 
 431.32516  66.834778 
 530.80469  69.241989 
 454.6044  72.426918 
 596.54358  79.618729 
 722.89948  82.472382 
 429.45963  82.926727 
 500.11444  103.00785 
 855.02643  106.75018 
 624.35205  113.55498 
 861.74664  116.10636 
 330.78522  120.26904 
 838.02802  120.05791 
 846.14392  127.87984 
 541.66437  128.41718 
 280.76974  129.85474 
 298.88449  129.5361 
 836.13702  134.25499 
 867.87164  148.34474 
 834.59332  150.44318 
 630.93079  152.07956 
 776.06329  153.83629 
 799.20917  157.47395 
 824.25006  157.54337 
 400.28357  161.24141 
 837.91559  161.27844 
 681.92566  162.91887 
 702.98132  163.51471 
 715.08911  177.40219 
 766.37982  179.37659 
 772.94061  202.55415 
 717.48254  206.97543 
 690.25836  214.7095 
 306.22955  227.90199 
 813.54529  233.65025 
 640.48993  239.58351 
 826.4538  245.32774 
 727.03906  249.59474 
 147.92084  251.14864 
 736.78259  258.45398 
 855.46698  263.02823 
 715.01984  263.70309 
 844.88611  275.23575 
 464.90872  284.13629 
 485.24155  286.5383 
 455.97125  300.53122 
 484.63348  309.86084 
 468.41431  313.51593 
 552.60437  314.00137 
 431.17401  321.03769 
 405.23584  321.79782 
 864.87665  322.36353 
 559.06537  323.64526 
 518.87103  325.78009 
 128.60701  326.77307 
 877.92279  328.27109 
 76.23851  329.7962 
 480.38379  332.4715 
 410.38623  334.8605 
 536.78094  334.96664 
 556.13611  336.95135 
 862.12939  336.38287 
 426.9855  341.12424 
 485.9205  341.80283 
 644.93768  346.52115 
 528.51599  350.33685 
 905.14545  349.95007 
 414.97345  351.11612 
 456.67993  352.9949 
 568.89697  352.87924 
 867.87488  352.10379 
 35.76067  353.63477 
 437.73001  354.01929 
 299.73953  354.62881 
 352.25488  361.41077 
 445.47614  362.23825 
 539.34619  363.69302 
 677.31598  366.60724 
 364.81119  369.95422 
 416.2085  377.32495 
 410.05658  381.70773 
 385.42142  386.69824 
 658.69446  386.27783 
 369.75726  387.23492 
 760.14789  390.48334 
 946.16992  391.54459 
 485.59683  392.11615 
 613.84424  392.24152 
 315.56219  392.79205 
 783.04077  396.21008 
 327.85077  398.78238 
 349.41263  398.76013 
 770.81927  400.44824 
 935.00543  400.95584 
 633.77606  406.76794 
 673.03882  412.02655 
 346.72952  416.47208 
 302.41266  416.40088 
 877.97119  417.55835 
 652.22034  419.37097 
 891.14789  418.87717 
 457.92639  425.95911 
 682.21063  430.93246 
 274.51752  439.4343 
 329.7421  442.26163 
 666.63196  442.33603 
 883.245  444.77652 
 286.92419  446.25815 
 900.85004  449.30682 
 653.74933  449.90356 
 914.26178  456.55783 
 334.71466  458.59601 
 322.11591  460.5491 
 292.07785  462.14966 
 282.72723  463.02563 
 689.98749  465.6413 
 304.38928  467.53708 
 980.91742  473.99835 
 700.64001  475.4469 
 903.49036  475.38535 
 930.85114  476.63907 
 916.65137  479.94144 
 672.01733  483.03159 
 322.05823  484.42523 
 309.64374  488.31674 
 890.6048  488.86688 
 654.81183  497.42783 
 314.71536  500.80228 
 486.8512  506.95148 
 301.51147  510.32458 
 679.16345  512.62512 
 1006.0496  517.11609 
 265.91351  520.7511 
 969.80914  524.00787 
 692.41382  524.15808 
 278.19577  531.26794 
 676.57532  531.2215 
 977.70789  532.19769 
 990.32336  533.91541 
 709.33917  537.52301 
 552.48993  549.00671 
 745.84222  548.87164 
 689.81842  552.45496 
 404.90234  557.36963 
 702.15179  556.57867 
 259.61227  559.76074 
 77.943626  562.10815 
 596.70154  562.86926 
 42.69355  564.27051 
 311.14816  564.16797 
 606.24725  565.5686 
 271.20218  567.96039 
 729.83716  575.21545 
 294.5705  577.15063 
 263.34341  579.68829 
 693.36237  581.46191 
 82.731476  589.28351 
 951.9079  592.07684 
 673.07959  595.25055 
 94.984688  597.22528 
 683.48938  602.40619 
 57.857769  603.87811 
 255.03706  604.30005 
 371.27768  603.95923 
 66.23365  611.19348 
 266.22473  611.04034 
 705.12292  613.17877 
 642.35565  615.48206 
 330.30652  616.00452 
 675.94946  616.97729 
 687.17358  624.37897 
 701.16626  631.8324 
 716.20435  631.99603 
 307.35944  632.77063 
 661.64954  638.4317 
 732.25354  639.56445 
 98.139427  640.9281 
 330.58423  644.80676 
 934.69067  646.5827 
 708.43774  650.4339 
 55.947865  648.84326 
 548.29694  650.45764 
 651.79004  651.54724 
 337.88541  652.78729 
 587.7912  656.66333 
 561.44397  657.995 
 104.55656  663.16162 
 926.39832  666.54169 
 341.52551  669.28961 
 114.61066  669.7005 
 292.51593  670.94513 
 676.07117  671.06073 
 123.42787  677.57709 
 720.78479  680.28015 
 349.21539  684.15228 
 465.98279  685.39355 
 690.86395  685.43872 
 312.1488  687.70386 
 631.2049  688.45947 
 615.04492  696.1217 
 641.84717  699.32593 
 652.01544  699.73975 
 835.36871  699.73505 
 686.14453  700.85693 
 882.93347  701.85889 
 30.900414  706.41986 
 178.37383  706.65546 
 597.78442  707.27161 
 569.49969  712.04242 
 846.37823  708.29205 
 660.06091  710.95667 
 598.25946  712.63647 
 515.92755  715.53357 
 429.13406  719.05322 
 389.67542  720.08435 
 483.55975  722.65869 
 506.52423  725.98792 
 406.14743  726.82318 
 439.51584  729.24561 
 455.42911  736.23639 
 827.97675  735.93854 
 396.40277  738.3031 
 281.81091  738.81378 
 839.44623  744.39215 
 432.33163  745.70618 
 159.34953  748.68195 
 556.13342  750.15485 
 145.33501  757.33972 
 827.83759  756.66675 
 839.05542  762.57007 
 278.00925  772.38397 
 831.58673  777.14154 
 451.41766  783.44806 
 575.828  786.11243 
 808.08099  787.3446 
 427.56274  788.69275 
 299.82721  794.93787 
 286.37253  810.33295 
 249.37263  821.10974 
 291.23132  821.48926 
 395.89166  829.70459 
 776.51007  847.49927 
 411.07367  847.60553 
 788.94403  850.22729 
 405.58249  865.72565 
 770.56268  865.84882 
 194.8024  871.75867 
 752.99243  873.02802 
 763.81384  874.13123 
 762.52911  881.13666 
 418.11563  886.70813 
 755.09979  888.62872 
 369.31528  903.70569 
 572.37781  905.7923 
 673.3092  905.59589 
 342.18668  916.14648 
 736.86792  919.95343 
 660.19763  925.63336 
 689.50122  936.68402 
 490.70972  945.0484 
 229.35091  946.91077 
 257.5593  950.52203 
 213.34225  951.78772 
 229.74374  957.87555 
 242.55595  958.43854 
 300.79315  959.28387 
 413.6571  964.24811 
 205.46123  964.79474 
 506.69397  967.37549 
 480.75873  967.81409 
 684.86346  970.56305 
 208.343  972.19519 
 241.39145  975.02637 
 506.61646  981.87573 
 254.23792  983.75958 
 250.77539  987.52686 
 517.29279  989.22443 
 683.40021  1003.5729 
 320.35526  1004.8348 
 575.27509  1006.0612 
 554.92694  1011.7435 
 363.7489  402.20544 
 709.28522  638.99963 
 489.23544  717.36218 
 415.90579  91.233109 
 429.70267  87.143761 
 331.07782  120.27085 
 300.18454  129.38115 
 414.89514  128.99376 
 544.01178  128.61821 
 367.62521  141.38376 
 827.52917  154.30185 
 715.61371  175.57687 
 822.88446  191.4344 
 685.94165  211.6879 
 307.28751  227.77708 
 825.97571  244.60814 
 727.36371  249.6198 
 890.01685  286.69186 
 407.81195  317.21841 
 501.3475  318.59991 
 864.05396  322.14667 
 520.13824  325.02884 
 127.86573  325.97583 
 75.042992  332.2312 
 479.83347  332.0954 
 412.29538  332.61771 
 485.52502  344.9649 
 516.29614  344.47159 
 643.67535  345.49277 
 570.14532  347.9827 
 528.90082  350.87762 
 458.08871  352.2139 
 873.70563  354.84076 
 539.91553  364.09567 
 362.9209  371.06277 
 914.84033  380.47458 
 630.05231  387.62299 
 486.08664  391.32367 
 350.10321  399.04263 
 772.28876  402.92719 
 934.90204  401.93423 
 359.94489  413.92023 
 347.09686  416.97574 
 354.50223  427.8869 
 328.94757  442.9819 
 899.80353  448.34628 
 321.94937  459.78339 
 689.82166  465.98322 
 924.84314  475.12564 
 295.00436  498.06866 
 314.91318  501.35889 
 295.94568  516.65448 
 1005.5958  517.28754 
 693.18616  522.2406 
 482.60138  538.1142 
 746.15631  550.77454 
 41.983677  564.06067 
 310.41162  564.03204 
 947.44672  568.13641 
 693.21826  584.00549 
 939.58643  586.11432 
 672.80371  594.58228 
 268.47586  614.37891 
 47.170273  620.57935 
 699.46222  632.65112 
 727.30988  640.44104 
 712.45953  645.6839 
 548.89667  649.47363 
 932.58307  653.77625 
 103.67446  663.83545 
 557.80682  664.04962 
 116.49608  665.99957 
 476.93695  668.69269 
 675.16644  675.70465 
 631.01819  687.32288 
 646.44318  701.70435 
 584.04016  718.42889 
 484.54987  721.60687 
 523.14075  724.39655 
 595.29974  728.19153 
 506.65005  726.409 
 432.78677  744.03394 
 412.17072  744.59363 
 440.01321  775.49628 
 300.61542  794.37604 
 819.69623  797.44855 
 286.80347  809.79486 
 813.55707  820.68304 
 243.75018  822.74713 
 195.16306  871.79926 
 766.05341  878.91626 
 417.29352  885.38824 
 660.7887  925.30426 
 227.44997  948.67615 
 299.00998  953.25189 
 477.04077  966.13464 
 613.59357  980.45087 
 680.64911  989.87006 
 684.61688  1002.0295 
 542.22424  1002.6859 
 550.91168  1013.8262 
 731.12592  66.836525 
 534.30383  68.773079 
 727.24292  78.801071 
 834.84253  115.15516 
 622.36084  116.27047 
 406.75568  117.83607 
 360.00232  125.95985 
 846.63202  128.20879 
 835.77771  131.68405 
 775.82147  153.00398 
 411.0704  158.18259 
 802.01147  160.94955 
 787.22021  166.37384 
 775.60962  195.72279 
 808.33765  195.82356 
 703.90161  226.88477 
 714.1778  266.47418 
 466.31003  312.58566 
 536.56427  334.19189 
 873.90198  333.65958 
 860.10522  337.1261 
 429.81207  341.03421 
 418.28867  351.31061 
 508.59421  348.31467 
 585.75067  355.16693 
 479.20026  351.20779 
 433.4566  362.72794 
 370.36578  365.17859 
 889.41034  368.28128 
 678.08661  369.75397 
 377.71695  380.72745 
 415.00345  380.12515 
 406.52609  381.26871 
 656.1394  384.86716 
 756.3891  386.79984 
 311.55786  390.92914 
 505.99429  390.67612 
 637.44177  403.36609 
 673.53369  414.21335 
 339.20364  417.49963 
 454.29416  419.5928 
 348.34982  431.34921 
 276.71466  443.40573 
 269.11703  443.99658 
 670.56268  444.90839 
 337.44559  456.21588 
 288.83725  455.60013 
 912.25903  464.56989 
 888.37579  468.06787 
 324.29578  497.16162 
 896.5163  484.82001 
 610.32281  507.44879 
 494.20947  516.25415 
 963.67792  520.09979 
 491.22327  523.52264 
 300.29678  524.9118 
 280.189  530.60431 
 709.86188  545.62756 
 686.96167  546.16974 
 495.39594  549.61096 
 701.31128  550.88275 
 724.86584  557.65594 
 590.33685  573.9278 
 725.23639  577.19153 
 959.0271  577.94513 
 594.43304  580.32288 
 721.37012  592.62836 
 256.34415  595.90802 
 955.83954  599.20074 
 330.70746  609.78815 
 640.31989  612.96033 
 706.25226  622.95972 
 303.24258  630.27545 
 513.15527  640.64551 
 574.70886  641.91663 
 330.77307  651.88751 
 675.44507  651.55414 
 131.37248  668.35809 
 712.3681  669.53375 
 112.93438  676.88788 
 689.88654  683.80811 
 390.07056  685.88025 
 313.05167  687.14948 
 465.9819  687.59216 
 416.2175  689.63025 
 622.19135  689.81293 
 345.35883  708.11334 
 512.83875  712.98102 
 457.7923  718.29175 
 542.10498  718.71967 
 557.73083  721.14166 
 495.31277  729.51404 
 485.48709  739.75922 
 830.71039  733.50757 
 841.96631  748.3222 
 832.50781  753.75 
 806.97821  787.89185 
 290.29614  827.04559 
 395.83679  831.8559 
 410.95966  844.0105 
 405.85721  866.14813 
 745.8335  869.94006 
 758.53076  881.56226 
 733.91376  889.27612 
 668.65997  906.75134 
 344.99841  911.03351 
 677.77362  924.33148 
 532.18951  932.29364 
 244.60194  960.81885 
 271.14511  970.31372 
 462.91458  970.62506 
 246.19704  986.80518 
 623.13257  990.4494 
 613.31122  992.65186 
 561.60889  1007.7305 
 240.82428  1011.6062 
 297.27432  124.19855 
 702.5379  192.65143 
 406.47952  331.19562 
 892.40417  343.65558 
 355.63803  398.35641 
 381.95135  405.39297 
 350.37003  395.6149 
 363.42371  423.92767 
 341.45966  416.17679 
 476.26102  437.56732 
 349.64163  456.07764 
 302.64185  479.48441 
 321.44312  507.29095 
 631.71582  521.84259 
 314.26688  536.18225 
 312.11499  556.38696 
 327.90839  535.05524 
 306.35846  562.09668 
 323.11523  574.65948 
 734.21564  575.64978 
 668.69617  590.32196 
 654.22028  668.00531 
 612.12421  673.81226 
 655.78986  692.26245 
 591.72534  711.16266 
 564.16205  712.15161 
 581.80688  713.94287 
 614.10168  707.39294 
 565.99963  731.17108 
 848.98389  737.80859 
 809.21515  796.47467 
 663.74573  917.11102 
 497.65616  979.81018 
 548.68054  995.09186 
 799.70129  164.8665 
 826.75897  186.22845 
 821.6073  204.45703 
 267.19873  243.9171 
 886.79663  319.44476 
 456.42657  341.00754 
 880.02545  347.01129 
 386.76193  372.85257 
 450.07153  374.85464 
 316.86945  378.28363 
 661.29279  389.04221 
 383.87485  388.69687 
 410.18802  390.25409 
 364.46161  390.3443 
 352.03275  426.48557 
 334.59503  441.71051 
 333.04849  445.88547 
 315.89905  454.63968 
 908.40271  474.47424 
 331.68564  523.48877 
 695.97638  595.75958 
 683.51294  604.43195 
 595.99213  628.05701 
 581.12842  634.33649 
 712.11847  634.43781 
 681.57526  648.73169 
 336.6181  655.6203 
 679.03015  659.52985 
 294.03348  664.67938 
 393.03442  686.13782 
 666.33765  707.49872 
 479.60214  710.92706 
 591.19971  722.60547 
 417.06677  734.58942 
 824.18542  734.62793 
 830.27307  747.85309 
 767.04517  844.17383 
 788.41498  847.68524 
 762.70697  884.95471 
 508.67642  955.60303 
 220.54907  959.83411 
 246.62492  981.72589 
 240.39946  1015.1083 
 407.21271  151.20528 
 513.99359  344.5036 
 502.79498  357.45044 
 370.59116  419.19235 
 381.09378  416.53256 
 480.47141  430.0752 
 642.70245  435.33011 
 476.99307  444.78674 
 329.26431  475.07077 
 353.81094  459.52148 
 664.2345  500.23007 
 694.9259  558.77106 
 666.28064  581.56384 
 326.04218  584.07892 
 303.72968  590.53955 
 652.51013  640.53851 
 466.15918  675.26007 
 607.88983  670.01514 
 847.64429  722.08881 
 434.3985  762.83923 
 739.18683  889.61407 
 412.70627  341.34604 
 321.97952  425.06677 
 354.09064  443.84653 
 337.81979  459.63995 
 348.47098  475.66174 
 291.70566  495.90927 
 678.92426  573.60437 
 656.71057  622.12292 
 622.1723  681.66803 
 629.08496  697.56995 
 497.11935  706.77844 
 887.56573  327.64688 
 404.05276  399.87692 
 630.69788  441.50345 
 295.98685  567.23969 
 645.95404  639.76593 
 480.77499  723.45721 
 613.0788  725.93402 
 576.58301  737.66809 
