 8.1636248; 11.438961;
 428.46906; 20.332392;
 500.74332; 21.343445;
 274.20502; 31.059925;
 134.4856; 33.657429;
 499.46866; 34.629169;
 412.19385; 38.263184;
 145.74895; 50.091766;
 521.90967; 63.101933;
 282.81335; 64.057495;
 107.01923; 65.042549;
 536.28168; 65.704491;
 613.86243; 66.893532;
 122.88272; 68.460159;
 552.6828; 83.265335;
 180.71196; 109.20831;
 13.910185; 114.82302;
 8.1697397; 120.55819;
 352.14822; 141.52759;
 395.64807; 144.90852;
 883.4967; 145.28098;
 353.15033; 147.24271;
 47.751553; 151.71954;
 393.16132; 159.25;
 333.01666; 160.04723;
 2.0554712; 167.31868;
 1014.3049; 178.95534;
 319.96484; 211.39012;
 229.15688; 234.97977;
 294.44812; 264.62714;
 755.8371; 297.21509;
 345.96118; 303.96777;
 218.55124; 313.74509;
 9.8396816; 330.79593;
 544.3269; 341.61337;
 553.83148; 353.79956;
 1015.9995; 361.8877;
 666.32104; 372.21317;
 614.68494; 397.19354;
 667.27771; 399.80103;
 1015.457; 402.46039;
 967.59436; 411.29492;
 1021.9855; 414.52267;
 945.7627; 418.6731;
 966.64355; 418.75537;
 1015.5535; 419.39459;
 1021.9694; 424.04404;
 963.22296; 424.79111;
 315.85678; 428.49893;
 1016.0621; 429.28195;
 554.81946; 431.98746;
 311.90649; 436.34338;
 321.99994; 442.10324;
 1021.9413; 448.31183;
 1021.9811; 480.22336;
 1015.172; 484.69614;
 344.341; 487.40335;
 52.640961; 501.22586;
 1014.5623; 505.52432;
 959.19501; 507.64395;
 488.60779; 514.55481;
 904.98688; 518.69464;
 1016.6357; 519.09552;
 846.59619; 520.55609;
 416.31613; 531.34357;
 854.00415; 531.00256;
 287.17947; 532.38751;
 64.195099; 534.27399;
 292.07355; 533.96991;
 832.30609; 535.88013;
 308.70496; 539.00659;
 924.72906; 539.62927;
 97.988258; 540.53882;
 422.70856; 543.74432;
 841.9928; 546.48145;
 1015.3587; 548.52203;
 309.72903; 551.79315;
 998.98352; 557.39459;
 875.94934; 558.57813;
 772.91534; 561.0072;
 867.21649; 568.72864;
 679.69104; 572.99524;
 9.2046137; 576.89502;
 678.68005; 579.38129;
 779.23401; 578.79791;
 696.11816; 580.49139;
 907.63788; 585.84784;
 1016.0535; 590.10675;
 744.75745; 597.56055;
 884.07507; 605.97076;
 786.03418; 609.39844;
 933.80396; 617.18506;
 828.0108; 618.07117;
 562.79474; 619.75128;
 1021.9706; 620.14258;
 826.83374; 625.42078;
 561.34808; 627.11615;
 603.23541; 627.92804;
 792.19843; 629.55853;
 600.58282; 634.81927;
 835.5199; 634.83521;
 421.06628; 642.2616;
 847.11023; 642.03558;
 797.09686; 643.13538;
 826.71387; 644.35083;
 376.49686; 644.83282;
 665.56927; 649.48193;
 779.55029; 651.4455;
 520.4566; 652.13196;
 869.25549; 652.23712;
 582.18085; 654.2973;
 817.68213; 653.79211;
 661.5473; 657.05621;
 915.65985; 656.51874;
 752.37103; 658.01215;
 800.92151; 657.75897;
 835.04541; 659.21222;
 850.92053; 660.05792;
 723.82544; 663.52063;
 758.00568; 667.75824;
 390.91339; 670.7821;
 430.53433; 670.68304;
 844.87109; 671.01471;
 868.76428; 672.03131;
 807.29437; 680.36444;
 936.7326; 682.94934;
 323.47858; 687.8761;
 869.93549; 688.15479;
 946.073; 690.80817;
 681.33191; 692.42218;
 550.2298; 692.86206;
 962.04755; 693.11334;
 527.13116; 696.51178;
 927.22943; 697.66119;
 543.42792; 698.8045;
 945.25476; 698.76428;
 678.64758; 699.94122;
 977.59131; 705.8783;
 543.32764; 707.20514;
 286.96591; 708.05359;
 268.31549; 710.13031;
 1015.0609; 711.354;
 345.69247; 712.79846;
 302.1243; 714.79938;
 628.70044; 721.81281;
 389.11719; 732.30792;
 2.0154271; 733.02179;
 432.61612; 732.76678;
 757.62695; 737.31195;
 910.67505; 739.18567;
 347.74341; 742.61127;
 385.48441; 743.13605;
 463.0087; 743.31287;
 757.55115; 743.73163;
 90.110535; 746.03986;
 113.41199; 745.71259;
 703.67981; 748.07086;
 348.22635; 750.3316;
 74.04351; 752.97473;
 1015.9473; 754.48267;
 513.56433; 755.40198;
 656.9873; 755.67096;
 851.41901; 757.31268;
 1021.9678; 760.92578;
 49.302593; 763.40637;
 77.503197; 762.78473;
 306.42123; 763.15198;
 849.71741; 763.08569;
 506.35495; 771.11383;
 306.21786; 774.40247;
 8.2379885; 774.9903;
 861.77979; 775.3338;
 122.41431; 776.1933;
 751.46399; 776.98309;
 698.19763; 778.60797;
 803.74976; 779.25134;
 2.0307431; 780.96045;
 175.09308; 785.34131;
 877.53491; 785.50317;
 161.55072; 788.8891;
 687.28979; 789.64618;
 2.0856874; 792.26056;
 825.49084; 796.9826;
 8.2715473; 797.63751;
 374.00385; 799.21027;
 846.06891; 800.28107;
 186.40323; 802.33099;
 840.60834; 808.53766;
 623.28406; 818.0697;
 853.97791; 820.31726;
 121.34475; 822.37329;
 7.5488853; 823.22449;
 360.41092; 822.6402;
 102.27052; 824.28821;
 365.88208; 824.91107;
 609.91034; 826.19641;
 852.81757; 826.80615;
 870.9884; 826.82318;
 875.66083; 832.63837;
 40.303894; 836.05798;
 252.85364; 836.04633;
 462.48758; 836.39886;
 332.47446; 837.05933;
 306.28964; 838.2915;
 8.5294142; 840.97937;
 324.84787; 841.63995;
 844.62207; 842.55353;
 40.776886; 844.33112;
 251.35202; 844.0285;
 411.34631; 847.64227;
 236.90103; 849.03876;
 321.25186; 850.46051;
 388.79001; 850.05365;
 843.11023; 850.91925;
 330.44; 853.48163;
 678.80743; 853.43835;
 250.97661; 858.67188;
 460.55093; 860.62048;
 425.0856; 861.54388;
 439.45978; 865.25488;
 391.87521; 866.25049;
 283.50424; 867.0423;
 767.30475; 870.25684;
 480.03757; 874.08984;
 452.18665; 878.71552;
 325.97794; 881.87506;
 768.14923; 888.60803;
 762.86792; 895.50067;
 350.78027; 898.18518;
 8.6996212; 900.099;
 632.18884; 902.46014;
 347.83447; 904.20459;
 715.31152; 903.94244;
 307.52853; 904.56573;
 697.78833; 905.26849;
 332.79504; 907.48297;
 469.21313; 914.21246;
 502.59729; 916.53546;
 365.73334; 921.13629;
 9.2777481; 922.14813;
 427.55203; 921.63092;
 382.66269; 927.17078;
 2.0168252; 935.03613;
 325.72772; 939.76965;
 286.83997; 956.79828;
 117.79186; 970.34283;
 198.60704; 973.48761;
 9.2296686; 982.65552;
 14.994323; 990.65503;
 8.716444; 1000.6971;
 596.33044; 1016.1025;
 240.56923; 3.97329;
 421.26685; 6.8800378;
 82.098824; 7.7566247;
 8.2725868; 11.891771;
 432.31204; 12.628304;
 237.2354; 14.252563;
 357.93384; 18.402971;
 428.07089; 19.871326;
 183.44377; 21.115131;
 249.57765; 20.752607;
 500.90698; 21.373072;
 403.02808; 22.461527;
 278.96979; 23.349974;
 337.85217; 23.50819;
 376.59116; 23.903103;
 202.70097; 24.636286;
 221.86148; 24.787672;
 357.97369; 26.529856;
 432.55066; 27.190643;
 97.403458; 27.968067;
 185.09216; 29.513517;
 386.70865; 29.543049;
 273.79544; 30.945116;
 485.56607; 30.823288;
 133.92603; 33.203629;
 499.46997; 35.165363;
 412.11176; 38.684967;
 154.92451; 42.118088;
 128.57849; 44.681946;
 145.52852; 50.401024;
 501.82825; 50.035378;
 114.54043; 55.888454;
 594.50977; 57.305157;
 2.9533379; 60.17979;
 282.6116; 64.167236;
 522.16681; 63.652534;
 106.72327; 64.623451;
 75.952812; 66.269211;
 537.19751; 66.428169;
 586.25317; 66.435112;
 613.69635; 66.976013;
 122.94612; 68.971092;
 558.38098; 69.825783;
 633.37158; 69.872536;
 145.65182; 72.917755;
 462.53873; 73.579872;
 614.78577; 73.827034;
 519.29199; 76.548218;
 538.06409; 77.190697;
 631.62054; 77.194733;
 552.48035; 83.459732;
 419.58789; 86.386101;
 2.8875377; 87.483498;
 461.48352; 88.165848;
 43.505695; 89.394814;
 602.08588; 93.264076;
 145.101; 97.496544;
 400.60614; 100.02937;
 516.55701; 101.90141;
 535.2168; 102.29597;
 590.83636; 103.5334;
 605.52875; 102.71712;
 125.94769; 104.45802;
 142.47041; 107.08707;
 182.03185; 110.0048;
 489.33627; 109.56696;
 211.42728; 111.08823;
 518.55579; 111.15445;
 2.877578; 113.4597;
 15.402109; 114.82477;
 150.90508; 115.29749;
 66.047066; 115.50155;
 594.15027; 116.17587;
 156.56923; 119.03645;
 610.51031; 119.02761;
 122.22692; 119.72446;
 8.4497795; 120.97482;
 917.96552; 122.42827;
 99.393677; 125.65766;
 382.7785; 125.8878;
 2.9149125; 127.15494;
 409.94373; 129.9142;
 80.242516; 134.52312;
 420.40359; 135.88914;
 410.32083; 138.07849;
 379.74789; 140.53775;
 110.58551; 141.11031;
 352.34534; 140.79332;
 837.38605; 141.76332;
 808.38428; 144.31421;
 395.68039; 144.85129;
 883.42322; 146.09241;
 353.10791; 147.95461;
 821.86139; 149.13991;
 47.608574; 151.66608;
 393.00949; 158.88342;
 332.00827; 160.1344;
 352.26163; 160.02127;
 995.50928; 159.48425;
 296.53583; 161.88368;
 314.84753; 163.7579;
 2.9506066; 167.56085;
 338.23233; 174.41151;
 887.52136; 174.15506;
 997.18903; 175.52972;
 1014.6179; 178.98343;
 1015.5982; 184.20108;
 244.88176; 195.17029;
 276.17831; 205.68268;
 319.38779; 211.6281;
 783.63611; 214.48978;
 261.33472; 215.61783;
 278.89923; 215.01613;
 814.09021; 216.36293;
 1016.0635; 223.51375;
 332.76303; 226.95001;
 950.98883; 230.25519;
 1021.0571; 232.32825;
 762.45355; 234.84114;
 229.54446; 236.32654;
 294.18903; 235.48615;
 365.30975; 236.32802;
 512.73273; 239.45094;
 280.86212; 240.33961;
 359.36682; 244.75708;
 509.35843; 246.79034;
 305.86066; 250.95372;
 779.84686; 252.94896;
 335.97729; 255.48438;
 288.30194; 256.95709;
 327.08878; 256.75467;
 278.44168; 260.13034;
 256.74713; 261.30237;
 318.03525; 262.76706;
 778.57739; 262.64496;
 243.44116; 264.40186;
 294.46301; 265.2728;
 212.21608; 268.82111;
 765.8703; 270.45068;
 366.43109; 282.2778;
 759.48737; 286.86597;
 783.85413; 288.5209;
 949.4743; 290.88062;
 740.57617; 292.4176;
 318.06406; 294.28146;
 762.87903; 295.05646;
 533.42834; 296.09879;
 755.67554; 296.95135;
 782.06665; 297.00101;
 737.46484; 301.42352;
 623.73755; 301.6828;
 345.96436; 303.42014;
 224.3987; 305.18393;
 296.11017; 306.74841;
 529.60718; 307.25684;
 565.47351; 306.44711;
 1015.5484; 309.90466;
 340.39111; 310.56656;
 520.18036; 310.97339;
 590.12274; 313.1145;
 218.36197; 313.60251;
 741.18817; 315.62869;
 563.19891; 315.71857;
 1021.0422; 319.67361;
 352.0914; 320.78064;
 568.73944; 324.7388;
 1020.9736; 325.58594;
 9.5140896; 330.78879;
 734.47406; 331.27142;
 696.6908; 335.19394;
 1015.9868; 335.86288;
 729.74988; 336.15906;
 215.65826; 338.04358;
 745.7218; 340.43011;
 544.75299; 341.46991;
 706.83392; 348.66931;
 684.8299; 351.06357;
 553.76727; 354.07684;
 1021.0067; 354.81842;
 209.16695; 360.02621;
 954.49988; 359.8078;
 973.19049; 360.28607;
 518.20435; 361.41183;
 1016.1198; 362.16669;
 374.89554; 363.53476;
 670.1629; 364.36902;
 370.17175; 372.05847;
 666.77527; 372.08157;
 631.13812; 373.04059;
 701.10638; 372.95526;
 458.46664; 373.94867;
 550.8205; 378.72891;
 673.41302; 378.6026;
 377.42178; 380.40225;
 612.87354; 381.55023;
 1007.9139; 382.89471;
 1011.4217; 383.42056;
 568.26532; 383.77963;
 202.07613; 390.05612;
 986.50531; 394.48346;
 597.39917; 395.43829;
 1006.1362; 395.86505;
 614.68799; 397.24091;
 666.9455; 399.48117;
 685.67853; 400.2113;
 924.85498; 404.1203;
 1014.9163; 404.13809;
 247.08862; 404.56747;
 532.18243; 405.37665;
 595.72095; 405.00964;
 791.81165; 406.33157;
 903.62634; 405.92288;
 679.46759; 408.36334;
 713.29193; 407.66705;
 157.12941; 409.94836;
 667.15442; 409.76944;
 967.08447; 411.0968;
 244.37218; 413.10913;
 1021.0785; 413.94733;
 792.07281; 415.08255;
 643.30249; 415.53442;
 400.22052; 417.98514;
 946.26099; 418.03442;
 975.7359; 417.94647;
 505.00412; 418.8175;
 966.70642; 418.68903;
 1015.2764; 419.50726;
 1000.5361; 420.84656;
 192.7486; 423.61826;
 307.40158; 423.52246;
 380.44107; 423.54565;
 912.20068; 424.07501;
 1021.0898; 424.57446;
 639.65106; 424.67313;
 941.3421; 425.38324;
 962.80273; 425.0491;
 210.75807; 426.05408;
 316.02524; 428.70361;
 1015.5641; 430.60086;
 592.4342; 431.42218;
 555.2699; 431.4537;
 622.90747; 431.86771;
 648.11084; 432.34961;
 980.56097; 434.23657;
 311.48364; 435.9917;
 159.76689; 437.53018;
 951.32373; 437.94824;
 550.94989; 439.01056;
 321.43542; 442.1535;
 995.53094; 442.19696;
 1021.048; 447.90057;
 366.3895; 448.88016;
 565.2356; 448.88159;
 724.57477; 448.81915;
 351.47263; 450.15878;
 248.5965; 452.27243;
 685.1983; 452.65161;
 707.40021; 452.58499;
 871.67822; 452.47919;
 1014.7146; 454.05994;
 562.07239; 456.70078;
 939.34167; 456.78171;
 348.332; 458.84485;
 903.14014; 459.31165;
 1014.7441; 474.87415;
 366.48035; 475.91248;
 459.14554; 475.95804;
 652.33527; 478.0947;
 129.42896; 482.16232;
 149.98985; 483.86353;
 89.694031; 484.80841;
 1014.9845; 485.24271;
 364.78983; 486.41727;
 112.51836; 487.45645;
 344.81757; 487.13547;
 852.81799; 492.47806;
 396.254; 492.88303;
 969.96808; 493.33316;
 342.01627; 495.10474;
 997.21082; 495.51804;
 417.58261; 498.43713;
 306.90991; 499.65015;
 847.2821; 500.12332;
 52.424778; 500.62747;
 365.29538; 502.14407;
 993.6817; 503.13147;
 341.83942; 503.82895;
 1014.3783; 506.07895;
 958.55286; 507.36261;
 69.888977; 512.75446;
 210.95876; 513.28418;
 247.47823; 514.5813;
 488.73282; 514.60828;
 960.04077; 515.29065;
 750.11664; 517.55109;
 905.70117; 519.20135;
 1016.8787; 518.82568;
 831.98218; 521.31848;
 846.80182; 520.57434;
 287.63663; 521.46753;
 857.93231; 523.22626;
 244.86403; 523.97412;
 489.40903; 523.84937;
 931.7373; 527.60413;
 690.1637; 529.57672;
 104.63754; 531.46735;
 416.23199; 531.41071;
 853.96973; 530.88159;
 946.77417; 531.53339;
 288.021; 532.52795;
 362.22693; 533.35803;
 872.67664; 532.5791;
 107.51027; 533.71124;
 62.720039; 536.07843;
 831.97955; 535.98438;
 906.77631; 536.60693;
 1004.8114; 537.05511;
 692.95526; 537.70819;
 309.40857; 539.2572;
 411.62216; 539.38263;
 924.36511; 538.5921;
 943.30566; 539.20966;
 1020.973; 539.01978;
 97.588562; 540.21826;
 175.94203; 539.42188;
 191.63396; 539.83148;
 843.80585; 539.50238;
 261.47852; 543.2934;
 333.51633; 544.33502;
 353.69427; 543.82813;
 422.73154; 543.44873;
 638.43042; 544.86761;
 595.68256; 546.24121;
 827.75366; 546.99677;
 842.00671; 547.23431;
 605.66943; 547.47491;
 947.93335; 548.3913;
 1015.543; 547.84137;
 92.847359; 549.24408;
 776.49243; 550.25372;
 356.09497; 550.77057;
 795.07074; 551.48218;
 135.19681; 552.43567;
 253.3567; 551.67114;
 309.97876; 552.05444;
 819.53729; 552.42163;
 425.24625; 554.02435;
 856.42944; 553.59479;
 924.05603; 555.44464;
 1020.9955; 555.78436;
 999.19727; 556.57275;
 268.64792; 558.6488;
 345.73654; 558.76062;
 357.54514; 559.00391;
 631.08105; 559.14032;
 690.44177; 558.5025;
 875.77307; 558.67194;
 900.15375; 558.6153;
 657.93622; 559.73572;
 810.216; 559.69293;
 420.13275; 561.263;
 773.53534; 560.41547;
 793.83002; 560.62323;
 132.42499; 563.07544;
 854.21753; 564.50946;
 681.04633; 564.83429;
 296.25803; 565.64941;
 940.38007; 567.21216;
 1007.2372; 568.09802;
 666.35364; 568.68768;
 867.59949; 568.6142;
 650.3822; 571.89233;
 883.89642; 571.59735;
 679.89917; 572.71021;
 695.64874; 572.74634;
 847.80511; 572.52435;
 9.3876762; 576.77167;
 760.73071; 578.27637;
 780.02582; 578.14453;
 678.34119; 579.89899;
 696.93762; 580.52057;
 846.67529; 581.35455;
 513.4704; 581.64563;
 792.89899; 582.25281;
 655.64362; 582.70599;
 452.71371; 584.57379;
 907.92273; 585.63;
 712.35254; 586.76642;
 840.15271; 588.02631;
 649.40796; 590.20825;
 732.79712; 589.68762;
 1015.8795; 590.36987;
 918.11353; 591.72815;
 824.11102; 594.56781;
 469.63193; 596.50006;
 997.86389; 595.73816;
 486.85498; 596.71997;
 866.95496; 596.45026;
 744.25897; 597.43219;
 889.85278; 599.45203;
 617.94598; 600.51434;
 718.60999; 601.078;
 954.33337; 601.67816;
 638.01703; 603.27216;
 946.76721; 603.14948;
 971.69824; 603.19958;
 488.05304; 604.95679;
 745.92737; 605.14484;
 854.57867; 604.49823;
 928.49841; 605.43188;
 883.60815; 606.06543;
 655.15741; 606.78949;
 606.50739; 607.94629;
 785.69757; 609.40356;
 908.86212; 610.49774;
 762.20093; 610.55713;
 461.5683; 613.09406;
 336.47598; 614.06757;
 817.42352; 613.90033;
 877.11304; 614.02869;
 1014.2756; 614.33899;
 576.44727; 614.63031;
 649.36261; 616.37799;
 827.36829; 616.62177;
 933.80011; 617.83435;
 562.93005; 619.37756;
 602.7265; 619.38867;
 1021.1109; 619.93591;
 849.13116; 621.29553;
 581.09979; 623.19147;
 447.93262; 625.83606;
 826.79913; 626.02588;
 560.69647; 627.28375;
 602.98816; 627.68817;
 1015.8488; 628.16119;
 792.237; 629.56097;
 580.48047; 632.37;
 402.68652; 632.56616;
 859.49884; 632.83258;
 836.21912; 633.43335;
 883.9671; 634.23962;
 424.67087; 634.73975;
 601.0036; 635.01239;
 945.52509; 634.70685;
 412.60455; 636.61841;
 813.65546; 637.55536;
 643.26575; 638.22925;
 673.15582; 637.71216;
 370.85657; 639.09985;
 400.49591; 640.32404;
 623.20911; 640.45209;
 420.6626; 642.19055;
 847.08118; 641.94678;
 902.36896; 641.56958;
 953.68195; 641.98328;
 656.58789; 643.3634;
 782.43085; 642.89203;
 525.22369; 644.12115;
 601.47314; 643.93665;
 797.5896; 643.64081;
 377.35587; 645.25732;
 482.43555; 645.34143;
 754.79047; 645.00665;
 825.39221; 645.17755;
 868.73132; 644.95306;
 404.51419; 647.9292;
 500.57126; 648.65234;
 1006.1185; 649.05237;
 564.3324; 649.71393;
 664.63055; 649.91785;
 614.09521; 650.71179;
 900.1886; 650.52618;
 360.88547; 651.68915;
 520.22137; 651.95294;
 779.27173; 651.85901;
 870.18927; 653.66254;
 252.65732; 653.94104;
 387.34512; 653.6073;
 582.07043; 653.46222;
 817.75934; 653.76074;
 915.52277; 656.15314;
 368.42938; 657.07574;
 690.07031; 657.40485;
 731.5105; 657.01086;
 428.60614; 658.12769;
 661.1543; 657.79224;
 752.60901; 657.8233;
 801.06232; 657.71088;
 488.21732; 660.16785;
 642.72736; 660.49542;
 851.21063; 659.76678;
 395.49252; 660.84039;
 871.35858; 661.44958;
 891.16504; 661.61841;
 346.55978; 664.23523;
 455.74603; 663.76117;
 724.61945; 664.26398;
 316.38623; 665.39392;
 413.85074; 664.44757;
 745.71191; 665.32568;
 775.4245; 664.74249;
 580.53693; 666.22729;
 912.99945; 665.46783;
 468.53156; 668.28632;
 742.28241; 668.69159;
 758.5235; 668.71655;
 378.46759; 669.9295;
 389.74561; 670.13019;
 430.47586; 669.64331;
 562.21252; 670.13629;
 844.95282; 671.81818;
 869.72107; 671.43115;
 314.01297; 673.71356;
 605.91937; 672.94061;
 825.50171; 673.22528;
 230.07149; 674.43817;
 410.24023; 674.41156;
 468.23108; 673.15625;
 889.86157; 673.90094;
 448.50812; 675.21552;
 678.26318; 675.38953;
 934.9552; 675.06384;
 623.87854; 676.66724;
 342.74826; 678.00922;
 739.21832; 678.53839;
 313.35123; 678.79395;
 806.60455; 680.47296;
 875.42755; 680.10187;
 503.99423; 683.42352;
 920.08594; 682.89026;
 936.72302; 683.37939;
 624.48486; 685.25525;
 686.64587; 685.27527;
 765.22546; 685.40033;
 963.2937; 685.96234;
 401.62198; 687.21313;
 532.10773; 686.76691;
 887.22009; 686.78088;
 509.86935; 687.62238;
 660.31903; 688.06903;
 869.11346; 687.5238;
 323.42316; 688.81659;
 210.34993; 689.84229;
 343.46313; 689.37122;
 392.69104; 689.85583;
 946.74725; 690.25287;
 235.50766; 690.96704;
 926.86401; 691.15814;
 599.90607; 691.69897;
 681.12555; 692.23431;
 921.44476; 691.71051;
 421.53265; 693.65881;
 550.65106; 692.58282;
 962.01056; 693.13782;
 909.21716; 693.62817;
 356.33545; 695.53528;
 527.19513; 696.38702;
 870.4021; 696.71533;
 252.84335; 698.41638;
 818.02893; 698.26868;
 886.53473; 698.3338;
 927.29083; 697.69623;
 977.59216; 697.92645;
 297.5134; 698.74451;
 386.93848; 699.41498;
 543.58777; 699.25842;
 580.27936; 700.16931;
 678.26825; 699.68225;
 946.87982; 700.05145;
 316.24063; 703.07941;
 597.44769; 703.63019;
 353.37433; 706.15991;
 897.22101; 705.86627;
 977.30573; 705.64612;
 677.66705; 706.99988;
 831.27112; 706.74084;
 287.14618; 707.91266;
 455.94791; 708.18079;
 543.68604; 707.69812;
 696.10626; 708.30743;
 940.54327; 708.07239;
 767.42401; 708.79675;
 268.19086; 709.81073;
 379.62256; 710.54962;
 1015.1975; 711.55591;
 344.89624; 712.85846;
 826.11206; 712.48907;
 855.54047; 712.37921;
 301.59222; 714.45605;
 429.10287; 714.65698;
 872.74548; 715.2951;
 922.97363; 716.56183;
 477.63446; 717.42859;
 414.40952; 718.24445;
 852.47675; 720.42371;
 2.8862417; 720.94183;
 823.47223; 720.60858;
 628.34576; 721.62396;
 938.48309; 723.28119;
 411.31717; 725.83319;
 7.5608664; 726.90912;
 523.95197; 726.76306;
 583.51318; 726.44196;
 775.69379; 727.27441;
 654.5863; 728.84735;
 888.82922; 729.6004;
 919.21246; 729.52472;
 542.43109; 731.2146;
 2.9588175; 733.53851;
 388.73218; 733.54199;
 432.5831; 733.06006;
 368.92642; 733.54224;
 594.20209; 734.20972;
 1016.3961; 733.87866;
 549.5697; 734.62152;
 772.36023; 734.83179;
 757.45605; 736.95624;
 870.9317; 737.4834;
 933.73987; 736.91956;
 785.11884; 738.25513;
 91.887146; 738.68939;
 886.81708; 739.47003;
 911.17975; 740.18646;
 68.428047; 741.49414;
 347.75568; 742.40662;
 1021.0483; 742.17566;
 463.11258; 743.50739;
 809.84998; 743.13422;
 385.79385; 743.66895;
 677.32214; 744.52881;
 8.3191385; 744.73407;
 758.1228; 744.79462;
 113.98976; 745.96277;
 567.72058; 746.42126;
 923.99896; 746.4295;
 848.86578; 747.65228;
 704.32074; 748.20959;
 368.38196; 748.70581;
 54.743584; 750.20721;
 988.51575; 749.93481;
 348.4415; 751.11658;
 1002.4097; 751.38678;
 32.224567; 752.01947;
 442.77005; 752.46564;
 73.57312; 752.58002;
 14.817103; 753.91907;
 299.4071; 754.16748;
 331.34372; 754.11487;
 1015.7825; 754.34644;
 750.54181; 754.87317;
 370.27328; 756.33105;
 513.44055; 755.92542;
 656.14606; 755.61621;
 828.88635; 756.75317;
 851.65527; 756.61115;
 869.63641; 756.60626;
 525.24353; 758.15076;
 65.655556; 759.32629;
 123.54339; 758.85614;
 805.03607; 759.20166;
 972.89191; 759.72046;
 983.2652; 759.83026;
 288.14001; 761.26691;
 693.88129; 761.23108;
 1021.1001; 761.60065;
 305.86554; 763.26672;
 49.752857; 764.28094;
 77.227798; 763.88409;
 352.65518; 763.85852;
 500.85571; 764.33405;
 849.6629; 763.54553;
 865.56647; 763.85211;
 758.52563; 764.87463;
 885.06445; 765.49908;
 778.19537; 766.43048;
 990.5943; 768.04602;
 599.99713; 769.11682;
 103.0882; 770.17926;
 70.306709; 770.54761;
 289.10077; 770.89001;
 506.15253; 771.41553;
 843.59674; 771.22498;
 422.13202; 772.52258;
 694.03137; 771.78754;
 324.05069; 773.47784;
 642.3811; 773.06952;
 883.18549; 773.48785;
 901.82092; 773.45581;
 306.1149; 773.72583;
 347.19669; 773.7998;
 403.82376; 774.2525;
 708.89581; 773.60431;
 8.4395943; 775.31793;
 862.09491; 775.14227;
 122.28314; 775.77405;
 752.28113; 776.83746;
 877.45856; 776.71344;
 988.95074; 777.56763;
 173.89864; 777.55243;
 154.31857; 779.57288;
 698.16907; 778.65564;
 390.29697; 780.07007;
 784.16235; 779.87128;
 803.27301; 780.17511;
 972.16162; 779.90479;
 2.9225955; 781.68036;
 898.07507; 783.03156;
 406.77106; 783.47168;
 425.82257; 783.77277;
 598.84174; 783.99548;
 937.40479; 785.40173;
 176.08211; 785.74036;
 877.65271; 786.00848;
 437.12027; 787.18817;
 698.5; 786.56653;
 824.90778; 788.0387;
 75.151001; 789.03668;
 160.81033; 788.58099;
 192.2261; 790.05786;
 686.90222; 790.26373;
 846.37292; 789.89447;
 3.03948; 791.57996;
 56.984016; 792.24774;
 655.95764; 792.64923;
 180.28831; 794.57501;
 929.25891; 794.84143;
 107.85487; 796.33154;
 85.841522; 796.86688;
 824.65686; 796.55353;
 472.05774; 797.62811;
 8.4458027; 798.67188;
 375.6441; 799.1701;
 846.19092; 800.44611;
 187.52061; 802.11066;
 125.35279; 802.80853;
 656.11627; 803.2077;
 118.06461; 804.07556;
 352.61002; 804.22461;
 716.62018; 804.26538;
 636.81134; 805.43512;
 81.8871; 805.94727;
 455.42963; 806.89551;
 841.2226; 808.46948;
 659.80646; 808.87207;
 138.09839; 810.09814;
 159.54919; 809.65753;
 213.61873; 811.11749;
 793.97461; 812.19794;
 884.49664; 811.84412;
 121.70711; 812.6181;
 588.6424; 813.83563;
 910.52435; 814.38416;
 456.20544; 816.11426;
 106.50618; 816.89063;
 729.25104; 816.6319;
 311; 818.15381;
 622.8147; 817.94202;
 900.48352; 818.68494;
 140.17056; 820.53735;
 853.35522; 819.80743;
 121.31165; 822.3031;
 7.4430656; 823.07672;
 102.05977; 824.21252;
 839.00092; 823.89087;
 311.09369; 824.85791;
 447.26947; 825.50214;
 609.60449; 826.16528;
 705.84003; 825.83752;
 872.76031; 826.34045;
 462.73138; 827.79694;
 852.94574; 827.98901;
 241.54755; 828.80225;
 744.19763; 828.90448;
 336.21204; 830.28363;
 396.55344; 830.3363;
 577.23895; 830.3515;
 630.50433; 830.32416;
 891.78345; 830.12549;
 291.48889; 831.27777;
 649.34979; 830.97955;
 56.738277; 832.28564;
 356.5593; 831.79547;
 2.9039371; 832.85309;
 379.25989; 833.47021;
 875.62195; 832.76764;
 272.38672; 834.25519;
 489.24905; 834.5733;
 734.42224; 835.44373;
 40.688454; 836.27991;
 252.39822; 835.57507;
 367.76959; 835.59851;
 419.08801; 835.76105;
 462.56903; 836.41809;
 332.87384; 837.54645;
 557.79749; 837.80536;
 585.53326; 837.85022;
 703.45538; 837.94537;
 897.66577; 837.87378;
 71.513779; 839.28705;
 306.09317; 838.47064;
 574.50153; 838.75592;
 856.27411; 839.50604;
 880.50958; 840.5376;
 9.0444889; 841.25555;
 203.92807; 841.24078;
 352.49689; 841.39966;
 385.34375; 840.91779;
 651.90771; 841.01074;
 324.37372; 842.47296;
 844.14111; 842.43738;
 100.73796; 843.60889;
 422.85699; 842.8833;
 250.86005; 844.08014;
 719.07007; 843.91034;
 40.389702; 844.57245;
 270.02167; 845.07336;
 394.44083; 844.74292;
 673.73401; 845.59094;
 829.76416; 847.14331;
 236.54659; 848.28473;
 337.47037; 847.90656;
 411.06082; 848.12866;
 866.07819; 847.94745;
 370.50272; 848.88312;
 321.25839; 850.61975;
 390.87341; 851.48004;
 551.37903; 851.18152;
 843.63861; 850.43591;
 880.92419; 850.87854;
 2.9155438; 852.68781;
 492.68231; 853.37018;
 330.31537; 854.31342;
 361.78848; 854.43762;
 678.44269; 854.39691;
 413.47095; 855.72406;
 737.62927; 855.6181;
 231.87312; 856.68335;
 278.16696; 858.2146;
 317.64124; 857.91846;
 344.86249; 857.59845;
 394.52988; 858.03546;
 251.47325; 858.74744;
 701.83527; 859.24298;
 209.03044; 859.87946;
 425.29379; 861.21332;
 459.98697; 861.26172;
 373.61951; 862.43463;
 720.8941; 862.60834;
 439.9534; 865.16516;
 9.3642759; 865.46436;
 259.40674; 866.11548;
 803.49359; 865.93011;
 283.64819; 866.60919;
 391.88635; 867.01965;
 417.54831; 867.49304;
 423.93988; 868.16559;
 783.38043; 868.06641;
 767.34119; 870.35315;
 588.81744; 871.58588;
 480.25418; 873.10065;
 747.64893; 873.53046;
 284.06357; 875.52179;
 728.159; 876.56372;
 781.90961; 876.78711;
 454.5463; 878.66956;
 552.27649; 878.73199;
 592.81262; 879.4281;
 316.20264; 880.1936;
 571.5379; 880.26233;
 357.8569; 881.28033;
 295.53641; 881.92291;
 325.37457; 881.76788;
 2.9220579; 882.77417;
 469.77451; 883.84619;
 442.78967; 884.8913;
 529.94763; 884.63208;
 460.57077; 886.95355;
 548.67163; 886.49652;
 768.59912; 887.60046;
 734.49323; 888.4057;
 478.84332; 889.76563;
 657.43958; 889.9422;
 698.05762; 890.29645;
 358.25409; 890.69727;
 717.32428; 890.96356;
 761.92261; 895.36182;
 455.00864; 896.10083;
 298.16809; 896.78497;
 349.72168; 897.08649;
 19.841021; 898.48016;
 472.03732; 898.87885;
 9.0760593; 900.12738;
 650.64673; 899.89545;
 734.40015; 899.41351;
 508.97504; 901.60626;
 536.95947; 902.23511;
 632.43048; 902.00995;
 289.83917; 903.70618;
 307.67331; 904.08746;
 483.25473; 903.55603;
 511.18015; 903.58557;
 715.16821; 903.87579;
 751.83282; 904.30194;
 348.19064; 905.12103;
 697.30676; 904.93652;
 16.897924; 907.07196;
 332.56363; 907.65277;
 629.65295; 908.31134;
 659.37762; 909.8681;
 484.88824; 911.40631;
 364.31091; 912.54767;
 426.24847; 912.97461;
 642.73547; 913.46313;
 693.02258; 913.30487;
 308.88416; 914.64587;
 468.67218; 914.12891;
 710.43134; 914.06445;
 503.84726; 915.18707;
 308.48111; 916.49664;
 347.95938; 918.47479;
 383.36597; 920.1637;
 441.25055; 919.75745;
 328.58243; 920.74774;
 680.93787; 921.0835;
 9.5975513; 922.18079;
 365.18161; 921.71051;
 427.68207; 921.79596;
 505.62677; 924.26086;
 455.07242; 924.87036;
 467.63199; 925.54608;
 352.87747; 927.50299;
 18.475245; 928.33075;
 382.02164; 927.54999;
 348.66885; 928.78717;
 436.14941; 928.60107;
 486.45526; 929.0979;
 328.16754; 931.5144;
 477.79501; 933.33569;
 364.39432; 934.11261;
 2.8958344; 934.57977;
 409.24289; 935.52356;
 320.13705; 940.18475;
 344.56799; 939.95227;
 753.33966; 944.28119;
 309.29749; 946.62463;
 8.8029499; 950.36938;
 75.698105; 952.13599;
 160.96779; 954.35248;
 309.58041; 955.52032;
 749.5965; 954.8139;
 286.82016; 956.45825;
 402.8345; 956.56104;
 236.88486; 961.54877;
 256.53177; 963.26135;
 139.87975; 967.25635;
 383.38284; 967.98969;
 132.20302; 969.18317;
 118.19945; 969.93854;
 233.88889; 969.70264;
 280.45001; 970.03973;
 180.05956; 973.34302;
 198.88821; 974.21759;
 257.73022; 974.40723;
 30.593153; 976.26495;
 74.458801; 979.74109;
 229.97412; 979.78583;
 280.40726; 980.73114;
 10.227563; 981.89001;
 254.96758; 983.79639;
 118.83811; 988.08728;
 2.7373638; 989.58337;
 16.369759; 990.99139;
 68.079353; 991.38184;
 193.76952; 992.24902;
 41.545071; 992.9848;
 8.8216047; 999.5285;
 596.49548; 1004.1359;
 2.8793199; 1008.5571;
 596.04407; 1016.1422;
 241.34435; 3.3749421;
 433.76801; 11.300263;
 279.06296; 21.837738;
 401.40961; 21.530323;
 357.7886; 26.438217;
 433.08646; 27.873947;
 184.96164; 29.936031;
 385.93231; 29.598686;
 241.11771; 32.927265;
 273.24661; 30.838144;
 133.64435; 31.740959;
 391.99561; 38.348457;
 411.8439; 39.81142;
 502.5177; 49.136189;
 130.68655; 59.416134;
 559.41626; 60.027035;
 106.57627; 64.067879;
 282.94946; 64.132446;
 538.15405; 66.387093;
 519.65674; 76.779579;
 537.56421; 76.86776;
 9.0992956; 79.570084;
 42.944988; 88.926498;
 536.58209; 102.42772;
 606.51508; 102.58556;
 122.34195; 104.04378;
 489.4455; 110.72639;
 211.48581; 111.82714;
 65.76091; 114.98297;
 593.97949; 116.37418;
 124.56409; 121.11825;
 9.5367107; 121.84952;
 3.7824764; 128.57111;
 410.56363; 128.8246;
 411.3139; 138.60732;
 108.43032; 140.89989;
 352.85046; 148.3806;
 309.24756; 149.54663;
 823.12347; 149.22739;
 3.8125663; 167.33469;
 783.31995; 214.40425;
 802.26685; 220.45058;
 1015.7034; 222.53467;
 280.15042; 229.87492;
 763.41553; 234.59003;
 512.94946; 238.89407;
 508.70923; 247.51659;
 778.77039; 252.70717;
 775.8999; 262.86166;
 210.62891; 270.72372;
 313.53802; 271.91611;
 367.14261; 283.83734;
 341.14474; 287.53336;
 780.66235; 296.92883;
 737.53583; 301.10168;
 346.62888; 303.03146;
 224.84869; 305.0701;
 69.872643; 307.10867;
 296.66397; 307.74023;
 1014.5591; 310.3356;
 353.20398; 320.95596;
 544.34845; 340.68515;
 684.98444; 350.94806;
 1020.1767; 354.03372;
 375.39313; 363.23785;
 521.87439; 365.78491;
 666.2951; 371.35736;
 369.61209; 372.09317;
 377.86673; 380.41016;
 673.15363; 379.77731;
 610.56348; 380.02328;
 567.45367; 383.69391;
 201.96617; 390.16846;
 986.86511; 395.17093;
 614.71381; 397.24677;
 802.86578; 399.33185;
 686.43347; 400.45483;
 246.62141; 403.25385;
 791.39185; 405.24002;
 1014.4224; 404.86392;
 713.62213; 407.31158;
 157.60692; 410.44516;
 966.78375; 409.6835;
 789.22235; 415.14804;
 644.60791; 415.9968;
 973.52173; 418.17679;
 522.08142; 420.76099;
 640.61871; 424.49332;
 941.11652; 426.09274;
 555.48114; 430.88257;
 592.58813; 430.93268;
 1014.4283; 432.37924;
 161.20329; 437.14825;
 565.31323; 447.84921;
 351.81259; 449.336;
 248.92772; 452.16974;
 684.79114; 452.48029;
 1013.9805; 454.06393;
 563.4306; 457.79779;
 938.26257; 457.98312;
 978.30988; 462.03696;
 651.94403; 478.24121;
 201.76428; 480.6937;
 90.468285; 485.28717;
 364.8577; 486.73697;
 341.1174; 504.09793;
 1013.5855; 506.32932;
 850.02405; 511.15552;
 489.11447; 514.09882;
 489.22519; 523.51355;
 690.18494; 528.56091;
 853.74713; 531.20587;
 361.94217; 533.02667;
 830.97583; 536.84943;
 1020.1143; 538.1463;
 96.743149; 539.72253;
 333.54926; 543.97345;
 1015.3052; 547.36072;
 449.1636; 550.51788;
 794.80225; 550.88867;
 657.18567; 559.14941;
 691.03033; 558.74341;
 808.53546; 559.10675;
 268.95251; 560.05963;
 419.32727; 561.57526;
 854.48676; 564.66882;
 994.5097; 565.23584;
 867.73273; 568.58569;
 680.09985; 572.42035;
 847.80939; 571.94562;
 886.40894; 575.90784;
 695.35059; 572.86078;
 10.399818; 575.87286;
 780.74561; 579.71198;
 657.55939; 581.67242;
 3.8350561; 584.62897;
 869.68878; 585.97418;
 706.78247; 581.74072;
 486.19116; 596.08313;
 999.41095; 595.72516;
 744.125; 597.0929;
 947.87463; 602.24402;
 637.65271; 603.33936;
 927.93378; 604.81055;
 653.30591; 606.30475;
 882.81732; 606.38629;
 1013.0792; 614.35126;
 877.18365; 614.70483;
 651.47827; 617.18146;
 601.7511; 617.90942;
 933.96649; 617.94733;
 826.47534; 626.61804;
 1015.0547; 628.81262;
 791.53711; 629.67841;
 424.90182; 634.76349;
 600.8764; 635.43085;
 411.59677; 636.09955;
 673.44275; 636.42389;
 399.2272; 640.79883;
 656.9007; 642.24164;
 903.11731; 641.51532;
 782.92883; 642.72943;
 797.63165; 643.89917;
 481.47363; 641.66095;
 824.87689; 645.87732;
 404.6507; 648.50635;
 665.40302; 650.14276;
 899.66046; 651.37958;
 778.99158; 652.94965;
 915.68567; 655.22742;
 731.79358; 653.99182;
 427.66196; 657.8974;
 329.6738; 659.03827;
 642.02448; 660.92023;
 725.60498; 664.68689;
 759.18304; 669.2774;
 870.62708; 671.17871;
 738.55896; 679.22986;
 880.33667; 681.16144;
 920.48859; 680.29779;
 625.01208; 685.66211;
 532.90796; 686.67896;
 867.56476; 687.59058;
 885.70624; 686.05603;
 210.83554; 689.33716;
 395.39139; 688.50385;
 680.32281; 691.62921;
 551.38092; 692.26678;
 907.91168; 692.9621;
 526.80084; 696.56885;
 978.03748; 696.79797;
 253.2943; 698.49127;
 386.14978; 698.98199;
 353.67874; 705.89423;
 287.25922; 707.32904;
 543.46326; 708.74139;
 344.54218; 713.81232;
 922.69244; 717.34998;
 949.80054; 717.02679;
 627.78894; 721.45624;
 582.77203; 726.53925;
 888.34955; 729.73358;
 771.46722; 735.57294;
 91.394661; 738.30542;
 871.6427; 738.06268;
 347.83472; 741.68103;
 114.70712; 745.7724;
 758.4101; 745.59717;
 924.43298; 746.47296;
 849.5307; 748.37164;
 988.10394; 749.17633;
 1002.8655; 748.45233;
 750.37769; 754.33539;
 654.93317; 755.43335;
 1014.7313; 754.85785;
 829.55261; 757.71075;
 305.4917; 763.00879;
 77.428978; 764.35071;
 758.70984; 764.90741;
 600.33752; 768.95575;
 71.378098; 771.07428;
 900.96796; 773.77765;
 122.43308; 775.22107;
 880.11182; 775.30823;
 176.75954; 786.36505;
 878.02423; 786.1474;
 160.54784; 788.30524;
 846.87714; 789.91699;
 656.20526; 792.16986;
 180.76776; 794.48798;
 823.93408; 796.66492;
 9.2004433; 799.82416;
 716.70209; 804.24377;
 352.00128; 804.48431;
 158.34828; 810.09802;
 885.37103; 810.39185;
 854.81775; 811.89307;
 122.44424; 812.36279;
 728.87933; 816.15295;
 106.03972; 816.53766;
 7.6726794; 822.97852;
 608.73181; 825.98297;
 336.1377; 829.20673;
 56.867352; 832.38696;
 355.91714; 832.00861;
 3.771215; 833.42499;
 490.20126; 834.06055;
 252.47383; 834.74927;
 376.7551; 834.92639;
 419.18176; 835.4541;
 40.923687; 835.59839;
 898.52289; 838.67865;
 855.94495; 839.8465;
 880.33557; 840.51056;
 768.96191; 841.76147;
 324.25415; 842.58398;
 101.72377; 843.61719;
 718.46417; 844.22394;
 40.060413; 844.80743;
 227.41998; 845.3222;
 234.39572; 846.9657;
 829.41223; 846.87408;
 224.39655; 848.16034;
 843.62848; 850.63147;
 3.8281794; 853.60968;
 330.11569; 855.32538;
 415.16092; 856.18988;
 278.75836; 856.79584;
 251.95421; 858.42035;
 344.34494; 857.91376;
 701.06897; 858.96533;
 439.33853; 864.40063;
 284.26038; 866.50879;
 260.41571; 867.17603;
 587.54028; 868.92639;
 480.41422; 872.38245;
 283.74677; 876.17743;
 462.65933; 886.80927;
 733.41168; 888.83746;
 478.55182; 890.79553;
 760.59589; 895.65173;
 633.09253; 901.69971;
 307.57803; 904.01868;
 715.40802; 903.52496;
 697.48877; 905.2215;
 347.78619; 905.92261;
 611.93689; 906.61206;
 484.95129; 915.38831;
 711.72711; 914.08423;
 35.069153; 915.91949;
 10.113379; 922.28644;
 427.63226; 921.85889;
 508.13309; 924.08862;
 381.9621; 927.57489;
 436.55728; 928.45923;
 485.6171; 928.9234;
 327.5152; 930.96527;
 409.2059; 935.89685;
 306.79279; 955.08215;
 383.04144; 967.90759;
 278.65625; 970.8891;
 200.39793; 976.00366;
 228.91855; 979.85101;
 17.028229; 991.30042;
 41.566235; 993.17487;
 27.001293; 997.0387;
 735.04425; 1010.0829;
 3.7561569; 1009.856;
 595.79803; 1016.3081;
 258.57742; 8.8645515;
 83.194534; 11.737099;
 233.81378; 12.716561;
 11.085359; 14.560053;
 103.78703; 17.049122;
 358.60352; 16.927473;
 336.3793; 21.073347;
 249.71584; 21.805433;
 501.42502; 23.040449;
 222.89012; 24.408607;
 202.44725; 25.591911;
 97.590698; 30.113117;
 484.5477; 31.649057;
 322.40628; 37.145336;
 500.44278; 36.841717;
 518.33856; 37.893799;
 152.62682; 39.266613;
 285.69061; 39.151054;
 341.12512; 41.341335;
 128.77039; 43.767536;
 147.10335; 52.290524;
 112.19886; 52.567539;
 594.80292; 55.958942;
 4.8188481; 60.290504;
 520.86633; 65.87838;
 590.53326; 69.021767;
 123.86577; 70.449646;
 556.22949; 71.78241;
 599.50519; 71.669731;
 146.09891; 72.619072;
 461.34048; 73.157188;
 161.8815; 78.155006;
 630.82703; 80.61161;
 420.85367; 85.379425;
 552.63892; 84.390999;
 401.64188; 86.394035;
 461.99478; 86.030556;
 463.38919; 90.98497;
 494.92563; 92.110176;
 173.89047; 92.974991;
 143.61098; 95.015541;
 478.31747; 102.91372;
 41.47987; 100.17388;
 194.62152; 100.80283;
 519.43213; 101.21843;
 400.64813; 102.23193;
 14.297008; 102.19198;
 592.06061; 103.33491;
 139.11607; 106.20472;
 162.98042; 106.51021;
 4.9457917; 110.19312;
 182.55296; 111.62178;
 516.81549; 113.81798;
 537.91211; 114.15008;
 89.43895; 116.01263;
 610.98969; 115.83617;
 105.58281; 117.08706;
 153.23277; 117.13229;
 47.409924; 117.74315;
 31.357332; 119.67601;
 918.84753; 120.33623;
 175.79285; 122.87143;
 65.980286; 127.51526;
 98.667114; 127.96968;
 382.02423; 127.79771;
 441.89801; 128.68005;
 919.74713; 134.21632;
 936.51141; 133.83162;
 837.62781; 140.90215;
 440.302; 141.5396;
 377.71786; 143.11732;
 127.58961; 144.64471;
 395.64658; 147.07379;
 13.381004; 147.49756;
 883.28046; 147.96045;
 837.65875; 153.98506;
 121.6416; 157.17679;
 193.47791; 159.31894;
 298.88596; 159.27393;
 326.81241; 159.37189;
 350.42029; 159.47731;
 996.63617; 158.81053;
 823.95044; 161.84261;
 319.79373; 164.71472;
 12.825981; 170.7267;
 994.81006; 174.19272;
 10.352941; 175.40468;
 887.53613; 175.62036;
 195.13496; 177.21274;
 386.88547; 176.68739;
 1012.6495; 180.47011;
 240.49223; 182.88049;
 161.26326; 188.62422;
 910.3515; 189.47099;
 212.46939; 191.34438;
 371.73865; 191.92361;
 506.81769; 192.90021;
 246.44519; 195.10684;
 766.23584; 197.50833;
 321.49725; 199.72862;
 999.04871; 201.5874;
 275.31076; 202.34767;
 255.27217; 203.17032;
 301.82098; 208.78082;
 909.25873; 212.21631;
 430.14819; 213.233;
 319.14841; 213.82712;
 280.38397; 217.39357;
 260.60013; 218.5377;
 330.47235; 226.13319;
 309.63861; 227.10013;
 951.55933; 231.14276;
 294.5033; 234.51723;
 367.9639; 234.7552;
 1019.2073; 234.55348;
 229.94206; 238.14494;
 326.76678; 244.59746;
 362.35001; 246.84959;
 831.51483; 250.22333;
 285.43637; 253.26494;
 280.80606; 257.17136;
 335.81204; 256.69351;
 223.87268; 258.16403;
 920.13269; 259.92352;
 255.74393; 261.13828;
 246.60085; 263.37018;
 1003.0889; 263.01871;
 1009.3066; 263.57474;
 295.1015; 267.66205;
 745.16888; 269.73618;
 765.13721; 271.17862;
 1000.3102; 281.15842;
 934.57971; 282.32742;
 763.04065; 284.70435;
 783.12225; 287.01321;
 742.89355; 290.1738;
 281.3808; 290.64948;
 319.75912; 292.94077;
 950.10651; 292.75876;
 1012.1845; 293.48904;
 356.88654; 294.43893;
 534.6582; 295.80887;
 756.6701; 297.8728;
 499.60196; 299.88956;
 596.66248; 301.05447;
 625.04694; 300.96616;
 563.92603; 303.15005;
 320.76245; 306.272;
 945.84619; 307.62888;
 525.68054; 309.15121;
 592.7428; 314.68643;
 684.7392; 311.00601;
 218.86122; 315.15805;
 557.82928; 316.54999;
 735.80493; 318.07312;
 1019.1632; 322.52704;
 537.48016; 322.50378;
 571.27869; 324.2417;
 962.24835; 326.02698;
 224.05742; 327.81088;
 943.92603; 329.03055;
 10.930426; 331.46866;
 379.21942; 330.77948;
 730.44135; 333.70233;
 211.82899; 338.34119;
 698.36523; 337.57434;
 745.30072; 339.38495;
 677.29163; 340.30234;
 4.9022808; 341.474;
 708.35126; 350.74683;
 183.55154; 347.47925;
 344.77124; 348.64145;
 975.44519; 349.34579;
 993.53638; 350.5907;
 534.16815; 354.83127;
 199.30835; 356.9473;
 990.44128; 366.75995;
 743.87207; 370.69931;
 632.18878; 373.2757;
 459.01208; 374.01703;
 1019.057; 373.67029;
 694.23108; 376.15054;
 354.72992; 379.04358;
 649.33405; 379.74142;
 919.49799; 380.91818;
 1009.7746; 380.71616;
 988.63617; 382.16577;
 689.47101; 386.66827;
 187.93811; 389.31244;
 455.35373; 389.22272;
 667.93085; 389.89063;
 560.73615; 393.96783;
 636.12128; 394.06665;
 793.36658; 394.33423;
 599.14282; 395.1236;
 1004.2068; 394.52219;
 141.22983; 397.0437;
 721.20551; 398.89273;
 193.07785; 401.85431;
 227.66248; 402.39621;
 531.77618; 404.33521;
 906.34668; 404.76178;
 927.95636; 405.38165;
 441.71933; 407.73517;
 591.31915; 408.32135;
 669.42444; 407.58347;
 613.02069; 408.83524;
 677.54926; 411.40656;
 239.61278; 413.11508;
 809.2569; 415.452;
 50.101563; 417.55139;
 398.737; 419.20364;
 502.54288; 418.58569;
 1000.0504; 420.08911;
 189.89241; 421.05933;
 255.49861; 421.26898;
 885.09149; 422.35999;
 909.2832; 422.63718;
 580.77454; 423.67169;
 649.69391; 423.87238;
 380.61066; 424.81165;
 802.61267; 426.3967;
 216.38673; 427.6871;
 43.387802; 429.66702;
 621.47797; 431.44092;
 997.97095; 432.01706;
 177.81271; 436.08389;
 884.13733; 438.20218;
 952.9942; 438.84326;
 551.21289; 441.55841;
 851.60876; 441.83661;
 321.34836; 442.89166;
 412.36588; 443.70444;
 937.89862; 444.36478;
 586.73492; 445.32303;
 647.63763; 447.57199;
 668.1048; 449.92636;
 367.23871; 450.52167;
 871.24042; 450.89258;
 967.2428; 452.24161;
 142.06851; 456.69131;
 434.99274; 456.70602;
 332.38535; 459.36508;
 349.13959; 460.85779;
 512.39771; 460.63586;
 904.06006; 460.38559;
 579.60699; 464.29395;
 868.50977; 464.31595;
 295.85425; 466.30582;
 423.45844; 470.20074;
 347.53027; 473.0181;
 367.62692; 474.06714;
 486.87793; 474.89169;
 42.194584; 475.93625;
 72.303978; 478.79739;
 128.06433; 479.66858;
 1012.209; 480.26398;
 151.48122; 484.77945;
 111.69439; 486.21622;
 346.06107; 486.01508;
 175.46684; 486.8804;
 420.37219; 486.6478;
 321.56592; 489.94751;
 854.10974; 490.3508;
 396.15717; 491.56683;
 970.18652; 492.43616;
 305.11423; 495.48929;
 1019.0978; 494.73126;
 123.75317; 496.46146;
 468.64978; 497.33313;
 191.55791; 498.61127;
 51.589569; 499.85751;
 379.7417; 500.83426;
 417.98117; 501.36343;
 846.37604; 501.13333;
 140.27652; 502.14734;
 363.5412; 504.4657;
 925.52686; 506.30652;
 993.21594; 506.71628;
 469.18933; 510.19769;
 193.27434; 510.73016;
 64.797523; 512.5108;
 212.97867; 512.43439;
 304.01178; 512.15344;
 246.04471; 512.64697;
 751.31769; 515.71002;
 342.44199; 517.13672;
 139.71706; 517.71002;
 908.64032; 518.34277;
 962.59503; 518.11658;
 288.78711; 520.38489;
 358.61856; 521.7785;
 446.61603; 521.6311;
 94.319855; 522.87695;
 71.330734; 523.91559;
 831.89337; 523.51135;
 985.09564; 525.40619;
 244.45531; 526.5343;
 49.586945; 526.81311;
 744.64014; 528.08954;
 474.41003; 529.13019;
 947.95941; 529.58478;
 416.28662; 531.17035;
 875.13251; 532.04547;
 288.41577; 533.47119;
 906.63989; 534.28278;
 109.70487; 534.98218;
 438.76163; 535.25714;
 1004.3502; 536.03802;
 63.333374; 536.86353;
 180.54443; 537.31335;
 187.1227; 537.69409;
 310.56311; 539.54803;
 178.4519; 540.78076;
 261.69751; 540.71179;
 657.67889; 540.67719;
 924.58075; 541.08649;
 945.17297; 543.57227;
 409.53162; 543.66437;
 635.40582; 544.80609;
 674.25262; 544.88934;
 290.23621; 546.90479;
 884.26837; 547.02051;
 599.30298; 548.04883;
 775.91589; 548.05237;
 59.28791; 549.67786;
 814.74872; 549.40497;
 92.558556; 552.02808;
 136.58984; 551.95032;
 310.0033; 551.5769;
 856.5368; 552.7854;
 254.26334; 554.2533;
 293.62027; 553.68347;
 165.07722; 555.96881;
 633.82361; 557.26678;
 346.84274; 558.32043;
 874.85529; 558.32965;
 923.33423; 558.06622;
 1019.0057; 557.73328;
 607.31622; 558.85492;
 795.88226; 559.8158;
 357.01242; 560.65887;
 674.82294; 561.1156;
 776.88019; 560.75024;
 74.275414; 562.92889;
 400.2283; 562.73358;
 131.72598; 564.38245;
 757; 563.20789;
 291.58035; 565.41217;
 1010.5042; 567.23022;
 310.10983; 569.42267;
 941.20685; 568.93256;
 468.8642; 569.5246;
 647.02466; 570.28851;
 663.75494; 569.8269;
 699.53302; 569.79993;
 638.86444; 571.2337;
 329.9231; 572.89154;
 733.78387; 573.09674;
 181.58762; 579.21594;
 758.90894; 578.69934;
 890.10974; 578.88641;
 514.80884; 580.1358;
 866.18762; 581.53979;
 453.38574; 584.40045;
 469.61533; 583.51959;
 940.2641; 584.51318;
 386.76276; 585.36963;
 800.17041; 586.14246;
 844.58777; 586.03876;
 730.8963; 587.24365;
 615.92743; 588.40009;
 912.73315; 588.05438;
 357.84756; 589.4176;
 643.44952; 589.63708;
 956.60736; 590.3764;
 700.74286; 594.12537;
 857.25012; 595.14911;
 466.85156; 596.03943;
 825.56183; 596.03076;
 771.24969; 596.97424;
 621.27478; 599.86969;
 560.03912; 602.24713;
 1019.1521; 601.68469;
 723.15552; 602.55804;
 969.3905; 603.48352;
 345.0191; 605.89325;
 803.38599; 605.5274;
 840.27856; 606.50732;
 694.15399; 607.40039;
 998.57007; 606.90631;
 784.94727; 608.17468;
 607.27161; 608.72235;
 868.75372; 609.5542;
 907.83472; 612.51599;
 462.35153; 610.24127;
 589.35553; 610.25293;
 258.45648; 611.22894;
 781.3161; 611.92529;
 822.95618; 614.24622;
 659.98108; 616.47778;
 562.01123; 617.1886;
 748.37769; 616.69147;
 628.7959; 618.14288;
 847.37946; 617.6004;
 483.02167; 618.88379;
 579.73547; 619.80603;
 893.16803; 620.63977;
 950.3822; 621.7226;
 449.54089; 623.74622;
 535.65411; 625.87463;
 524.22479; 628.39471;
 404.17957; 630.19647;
 494.78677; 630.06067;
 840.70264; 631.06158;
 859.87891; 631.6955;
 963.6908; 632.88617;
 574.86346; 633.94464;
 765.69257; 634.86108;
 884.90424; 634.71558;
 507.8078; 635.7251;
 644.40295; 637.27289;
 995.95184; 638.09216;
 365.80197; 639.05139;
 812.9585; 638.81812;
 950.21545; 640.77191;
 528.86102; 641.75854;
 771.89203; 642.0697;
 847.22198; 642.03357;
 870.56293; 642.04346;
 923.37701; 644.62292;
 442.59561; 646.34357;
 601.95734; 646.45465;
 884.10474; 645.86053;
 502.37878; 647.39111;
 560.06995; 647.37506;
 538.09265; 649.14978;
 1009.1263; 649.40924;
 582.51904; 651.16876;
 446.70889; 651.62817;
 518.84955; 654.14349;
 364.327; 654.48773;
 615.39404; 655.51172;
 871.00592; 657.79663;
 398.25061; 660.01978;
 487.68484; 661.19031;
 662.2829; 661.2887;
 692.52289; 661.56561;
 606.82928; 662.13654;
 891.28717; 661.54865;
 316.46356; 663.50159;
 415.88824; 664.06683;
 516.88776; 664.61823;
 237.44946; 665.43628;
 346.32056; 665.81281;
 580.69122; 666.00543;
 776.30286; 665.99097;
 912.92255; 666.41406;
 943.59033; 665.85315;
 465.61438; 668.9458;
 378.83395; 670.37244;
 427.58749; 669.83069;
 559.62622; 669.89838;
 385.41232; 671.31201;
 515.99469; 671.59869;
 825.92456; 674.13403;
 932.74158; 673.47162;
 602.48047; 674.6908;
 774.2735; 675.66718;
 312.59979; 676.54321;
 409.89627; 676.95648;
 486.44241; 676.96521;
 805.61407; 677.94775;
 440.47144; 679.85309;
 752.52539; 679.93237;
 21.354666; 684.20007;
 302.83035; 684.01483;
 562.5766; 683.83679;
 342.70062; 686.08185;
 376.4501; 686.60394;
 658.55603; 685.46246;
 508.25848; 686.78375;
 825.00562; 686.52179;
 948.74713; 687.10846;
 606.9693; 688.29309;
 475.71472; 689.33679;
 767.99585; 689.00568;
 323.9895; 691.98645;
 421.20886; 693.9505;
 800.3924; 693.84717;
 356.9046; 695.45105;
 293.06458; 695.64185;
 271.34424; 697.68365;
 747.49152; 697.59589;
 867.97156; 699.16162;
 580.47009; 700.32153;
 949.30841; 700.32458;
 236.18439; 701.48676;
 887.62726; 700.59662;
 819.2489; 701.7691;
 598.4975; 704.70624;
 990.65814; 705.41461;
 321.26431; 707.41919;
 414.86981; 707.16858;
 266.88541; 708.28101;
 731.42529; 708.24963;
 827.72668; 708.51031;
 379.87311; 709.36639;
 461.37244; 709.31439;
 695.79327; 708.66693;
 854.70093; 708.80426;
 939.05444; 710.28632;
 765.44031; 710.81006;
 1013.1358; 710.71582;
 872.65759; 713.17694;
 301.68808; 714.28674;
 412.38733; 713.1488;
 430.02304; 715.86981;
 503.98175; 717.18323;
 586.72815; 716.81476;
 892.19238; 716.93219;
 993.41345; 718.13306;
 118.45596; 718.93622;
 355.32895; 719.02069;
 664.79211; 718.64825;
 477.30029; 719.87506;
 268.66739; 721.80328;
 376.81171; 722.15375;
 807.5733; 721.65515;
 825.9707; 724.74854;
 852.66888; 723.63519;
 938.82629; 724.58105;
 770.61267; 725.20313;
 871.39172; 726.73651;
 957.94922; 728.35083;
 917.0141; 728.78918;
 522.40979; 729.71313;
 653.50159; 730.21777;
 430.93732; 731.29022;
 547.80212; 732.16418;
 367.56708; 733.02228;
 389.8407; 732.87738;
 452.60367; 732.96942;
 1013.3529; 732.94653;
 14.053526; 735.37567;
 723.27686; 735.08661;
 120.49223; 735.5097;
 592.59863; 736.46136;
 805.20062; 737.34912;
 931.58582; 737.59808;
 985.86212; 736.56268;
 11.804889; 741.14935;
 675.36353; 742.23474;
 807.27582; 741.46967;
 1019.1304; 741.82751;
 291.25076; 742.19824;
 463.28497; 743.35522;
 486.88116; 742.81165;
 910.48102; 742.40289;
 512.99182; 743.67999;
 534.96625; 743.87384;
 369.5769; 744.98639;
 624.97668; 744.62915;
 830.53223; 745.00751;
 387.73535; 745.73645;
 365.12238; 747.79352;
 571.20544; 748.04504;
 691.1579; 747.99933;
 778.04803; 748.93518;
 705.60181; 750.04822;
 145.37128; 752.2345;
 442.31052; 752.32288;
 56.68251; 752.539;
 299.54443; 753.13855;
 425.06766; 752.75348;
 17.294552; 754.50256;
 348.95291; 754.54779;
 514.20685; 757.01398;
 331.01392; 756.77429;
 288.20499; 758.25464;
 805.57983; 757.58972;
 974.68842; 758.31433;
 374.70718; 759.56775;
 903.4538; 759.18115;
 724.54663; 759.8006;
 124.61662; 761.96393;
 352.71555; 761.54163;
 575.09894; 762.69183;
 692.91919; 761.85333;
 32.976196; 764.1593;
 500.65613; 763.81421;
 780.10138; 763.8075;
 862.98602; 764.69226;
 21.886972; 766.03888;
 52.059464; 765.58044;
 629.7359; 766.02856;
 659.33527; 766.48962;
 945.35577; 765.47015;
 1019.09; 766.71655;
 153.72136; 768.32904;
 993.19299; 768.3266;
 519.96112; 769.12335;
 568.38605; 768.77057;
 420.39368; 770.06732;
 288.32562; 772.27789;
 706.02014; 772.14777;
 349.48001; 776.03552;
 402.86014; 773.32666;
 460.94595; 773.17078;
 844.25568; 772.95972;
 306.26987; 774.34552;
 326.70377; 774.54132;
 11.248128; 775.20227;
 175.82242; 774.86554;
 507.06589; 775.16168;
 642.59143; 775.71246;
 753.31903; 776.44513;
 42.847736; 777.13806;
 389.92032; 777.34064;
 95.049751; 778.17499;
 780.95837; 778.14966;
 152.57339; 779.46313;
 970.15039; 778.86993;
 989.16278; 779.5141;
 671.4953; 780.76263;
 598.08386; 781.88593;
 429.33197; 782.80591;
 407.28354; 785.34595;
 737.42181; 785.04675;
 342.92224; 785.59027;
 459.11188; 786.27679;
 466.48065; 785.66431;
 706.21991; 786.11432;
 938.01501; 786.82208;
 4.9020367; 787.36426;
 303.59064; 788.25592;
 74.674141; 788.78278;
 99.452026; 789.17102;
 193.08914; 789.4754;
 701.68256; 788.53259;
 54.025475; 789.65216;
 686.13159; 790.53046;
 393.55667; 792.57751;
 130.37833; 793.34631;
 969.78033; 793.27393;
 767.35236; 794.1427;
 455.07254; 795.15796;
 106.03531; 795.97919;
 429.43591; 797.27924;
 376.22272; 797.79346;
 473.51535; 798.50494;
 496.59048; 798.04407;
 160.04655; 798.7995;
 702.4917; 799.02332;
 845.83759; 799.31598;
 191.2522; 801.88245;
 634.73047; 804.04205;
 934.13428; 804.96838;
 451.28214; 806.24969;
 658.34894; 806.09625;
 86.139122; 809.34485;
 138.7625; 810.79602;
 588.70294; 811.08856;
 843.3927; 811.55383;
 348.23557; 814.83575;
 377.4227; 814.49213;
 430.85834; 815.43646;
 623.90289; 817.87231;
 457.83078; 817.31696;
 905.97223; 817.74579;
 139.39186; 821.7309;
 365.28305; 822.39813;
 656.9649; 822.6861;
 704.60028; 822.48273;
 876.16522; 822.95819;
 119.30045; 823.79138;
 588.85144; 824.20227;
 22.210478; 826.01715;
 223.10066; 825.77783;
 412.01471; 825.91864;
 446.40985; 827.27435;
 633.19324; 827.27557;
 576.87488; 827.80609;
 853.08679; 829.13062;
 292.35522; 829.63336;
 651.69592; 829.73102;
 89.469986; 835.65564;
 126.88901; 833.22357;
 207.93936; 833.11176;
 273.25244; 833.1001;
 621.2821; 836.50842;
 71.655647; 838.14496;
 461.82309; 837.97406;
 305.83432; 839.30396;
 557.43896; 838.58691;
 584.91107; 839.30988;
 57.473866; 842.3963;
 11.880049; 842.59277;
 357.55206; 843.27551;
 652.5752; 843.37555;
 673.66919; 843.17712;
 249.59552; 846.39526;
 271.48788; 846.5921;
 372.13309; 847.55499;
 865.87903; 848.14935;
 123.90029; 848.92078;
 493.04196; 849.41949;
 175.41647; 850.91455;
 303.98599; 850.73932;
 554.07678; 850.87677;
 576.89233; 851.26257;
 622.2995; 852.34912;
 880.68335; 852.18201;
 169.00032; 855.11328;
 392.66849; 855.22815;
 675.8941; 856.83795;
 420.27682; 856.77789;
 206.62579; 858.24255;
 229.34972; 858.24591;
 740.59357; 858.14783;
 833.04297; 858.39417;
 273.20972; 859.05334;
 323.67935; 858.79236;
 368.31021; 861.6947;
 868.74036; 859.95386;
 304.58899; 861.03027;
 719.67169; 861.17834;
 477.64914; 861.6228;
 553.43689; 865.05225;
 806.06659; 865.11951;
 302.71054; 866.05328;
 783.55469; 866.03003;
 11.303061; 866.83264;
 417.34326; 867.31787;
 391.11978; 868.37213;
 346.35791; 868.82849;
 319.23413; 870.16003;
 683.86835; 870.87744;
 499.01913; 871.9281;
 11.202569; 873.01074;
 747.07397; 873.72467;
 805.66901; 874.96655;
 727.06702; 875.8504;
 320.93289; 877.16632;
 456.5296; 876.80811;
 266.54898; 878.03534;
 521.38898; 878.07983;
 617.96216; 878.12097;
 778.80969; 878.01196;
 209.35393; 878.92584;
 553.26282; 879.56439;
 360.29007; 879.46442;
 593.83496; 880.31726;
 232.87486; 880.5896;
 526.32477; 881.30487;
 571.58295; 884.56165;
 4.9475965; 883.17615;
 797.54749; 884.4848;
 295.12805; 884.79333;
 746.71283; 885.94592;
 771.31689; 885.97974;
 659.25726; 887.28259;
 545.82056; 887.66406;
 408.43356; 889.02216;
 364.66525; 889.8512;
 632.53033; 891.31342;
 697.71613; 891.46576;
 109.09706; 892.81244;
 526.82245; 892.84253;
 715.80396; 892.61182;
 315.98096; 894.18976;
 344.92139; 894.15411;
 453.6962; 897.38214;
 562.2016; 898.21918;
 11.123878; 899.25159;
 588.81378; 899.21814;
 291.59244; 901.48004;
 508.36243; 900.97803;
 537.771; 901.70166;
 653.5321; 902.81616;
 748.4823; 903.73102;
 590.68738; 905.02448;
 289.70303; 906.71014;
 678.70856; 906.41241;
 605.87952; 908.24713;
 396.27625; 908.677;
 19.447947; 910.27325;
 457.45462; 909.94348;
 274.47107; 910.96204;
 361.35242; 912.25519;
 243.32544; 913.43872;
 311.95551; 913.27612;
 504.577; 913.40692;
 643.81403; 912.86902;
 650.96472; 918.84979;
 330.87524; 918.83649;
 291.52457; 921.69574;
 366.3053; 924.60193;
 403.41257; 922.03735;
 680.55206; 922.86383;
 237.2459; 924.35291;
 467.58054; 925.12018;
 708.92932; 925.32697;
 270.49533; 925.75806;
 456.47229; 926.00275;
 244.84958; 927.83527;
 314.42273; 931.58685;
 350.56549; 929.29651;
 365.75235; 933.38995;
 480.44287; 933.82129;
 4.8574686; 933.74347;
 385.04865; 937.53357;
 164.19177; 937.9436;
 314.39514; 941.27594;
 341.3443; 941.10492;
 242.53421; 942.06714;
 754.29498; 942.47876;
 11.278449; 947.05841;
 75.635033; 952.50079;
 95.707703; 953.37268;
 163.38904; 952.59924;
 139.57585; 953.12585;
 749.586; 955.01349;
 313.08606; 957.31384;
 233.68039; 958.7099;
 385.8215; 958.58209;
 754.36377; 966.67932;
 223.7471; 969.12793;
 230.67345; 972.06647;
 60.202251; 976.68854;
 70.109032; 978.14612;
 156.50795; 978.95374;
 13.09061; 979.85254;
 44.022545; 980.05048;
 282.80682; 979.56458;
 119.79469; 986.65204;
 288.32474; 983.17163;
 254.41339; 985.07678;
 54.084438; 987.28986;
 31.634729; 987.70044;
 196.8598; 989.31897;
 89.963196; 993.65851;
 98.199005; 994.05249;
 151.44044; 994.45258;
 744.83435; 997.19226;
 10.764024; 1000.4749;
 81.18161; 999.82849;
 122.19917; 1002.4399;
 596.82135; 1005.6867;
 790.27631; 415.75415;
 700.89899; 579.86688;
 87.201424; 796.17798;
 107.40404; 805.73755;
 247.21248; 836.78192;
 583.90131; 840.05463;
 221.70792; 835.0423;
 230.28471; 845.97986;
 225.53018; 848.69055;
 194.42796; 850.09033;
 799.11169; 870.99445;
 439.59094; 918.38654;
 508.16663; 925.95172;
 199.06502; 937.1369;
 167.46407; 941.82587;
 310.45334; 966.5495;
 241.98549; 992.7323;
 247.68805; 996.1825;
 257.55875; 4.9425879;
 231.41859; 11.589505;
 358.17255; 16.574846;
 400.84863; 23.890425;
 409.46927; 39.176689;
 147.97765; 53.175293;
 594.27692; 55.437778;
 593.49969; 73.314789;
 555.42126; 71.341354;
 400.73697; 86.238991;
 464.11545; 91.120415;
 495.26352; 91.842804;
 143.28012; 94.772087;
 194.30051; 100.20426;
 15.663515; 101.85841;
 520.75128; 97.638397;
 397.92862; 103.90454;
 88.857758; 115.39244;
 516.40381; 114.32895;
 153.15047; 117.39738;
 442.15378; 126.9966;
 127.33389; 144.8186;
 821.28314; 146.75131;
 348.83588; 160.11116;
 990.3407; 177.94116;
 274.96637; 201.92938;
 280.6312; 218.00316;
 832.46716; 249.73524;
 320.57724; 258.56302;
 209.12228; 268.19916;
 744.10602; 289.65063;
 534.85205; 295.3175;
 500.26715; 300.07846;
 563.59326; 302.34909;
 525.30176; 312.22711;
 593.31885; 314.89734;
 1012.3502; 338.22662;
 745.18323; 342.9241;
 708.26575; 346.3588;
 183.77293; 346.95029;
 708.24103; 351.50092;
 534.19263; 354.5159;
 201.45361; 357.71988;
 748.75879; 377.00766;
 653.46649; 375.17676;
 919.08533; 380.67773;
 455.1806; 389.49591;
 793.11639; 393.797;
 641.26166; 397.95367;
 731.91205; 407.08856;
 651.42664; 410.11807;
 643.95544; 412.00223;
 501.30698; 417.78235;
 887.51422; 420.54416;
 907.5415; 421.83075;
 653.42249; 424.20923;
 799.70233; 427.84943;
 884.28748; 439.27246;
 588.271; 445.90393;
 647.0752; 446.61746;
 141.52179; 458.25476;
 512.54138; 461.28116;
 296.29373; 466.16125;
 1011.0934; 480.2334;
 301.70758; 490.58826;
 140.55637; 501.88596;
 992.92151; 506.87823;
 303.65076; 512.09119;
 750.38391; 514.4079;
 909.42981; 518.12201;
 289.20618; 519.90887;
 357.91577; 521.42834;
 244.57236; 527.81836;
 1018.1157; 533.04358;
 905.68048; 534.216;
 439.60751; 535.81946;
 359.10501; 537.34204;
 261.427; 540.19489;
 924.95282; 541.32904;
 1010.9296; 542.3598;
 603.4906; 544.08521;
 680.73853; 544.80627;
 291.38165; 549.25519;
 58.982372; 550.62689;
 92.424492; 552.53247;
 254.7254; 554.71899;
 802.26038; 558.29254;
 604.42725; 559.42926;
 922.68988; 558.5719;
 674.35181; 560.41083;
 352.72302; 557.28473;
 755.90442; 559.60913;
 715.73743; 573.9566;
 181.59563; 579.81738;
 867.30725; 581.73846;
 938.82758; 584.48834;
 730.01587; 586.94958;
 642.74084; 588.37646;
 699.73273; 594.04926;
 724.01074; 603.44891;
 560.23486; 602.54736;
 800.12567; 595.02875;
 605.74298; 607.23535;
 784.78033; 607.9765;
 462.29846; 609.95007;
 822.59332; 613.80872;
 579.96161; 619.94257;
 749.7395; 619.44238;
 951.40887; 622.49396;
 452.24823; 627.49451;
 404.27386; 628.96661;
 884.59796; 634.87122;
 365.83795; 638.26483;
 994.27856; 638.32642;
 655.76984; 639.5683;
 481.70218; 640.19769;
 1008.697; 650.18933;
 365.42542; 654.2027;
 870.42474; 657.76715;
 237.74904; 664.64868;
 345.77036; 662.24213;
 580.40228; 667.02887;
 381.11584; 666.6889;
 559.50525; 668.09436;
 596.12042; 677.99384;
 927.96149; 675.87494;
 411.61203; 677.66937;
 805.28619; 677.85101;
 680.41339; 678.74042;
 562.69; 683.77997;
 659.18756; 688.87109;
 508.01508; 686.27808;
 949.44849; 686.65826;
 606.5531; 688.28265;
 324.5574; 689.27795;
 422.89218; 690.89832;
 357.35538; 695.12402;
 237.80922; 702.9057;
 378.72821; 709.39496;
 764.66315; 711.10828;
 354.09003; 718.72003;
 939.0658; 724.62128;
 827.07806; 725.91394;
 430.63531; 731.39423;
 463.1712; 743.03375;
 780.66772; 747.03467;
 363.62344; 748.30756;
 571.5412; 748.61902;
 423.1853; 751.17084;
 804.59338; 759.90088;
 756.92676; 759.84033;
 123.96594; 757.99359;
 779.92963; 763.76227;
 153.88802; 767.63495;
 1018.1546; 769.15997;
 350.26059; 776.58807;
 430.3168; 782.51013;
 74.359001; 780.05475;
 343.48941; 787.15967;
 935.63757; 784.20526;
 99.630882; 788.92236;
 736.27814; 785.3009;
 49.155293; 793.46484;
 103.62444; 795.40338;
 455.55463; 787.50806;
 429.82578; 797.5141;
 133.31973; 803.79913;
 934.77264; 805.57355;
 86.872269; 809.98657;
 138.2995; 811.04028;
 156.5316; 811.81818;
 905.54919; 813.06567;
 377.8768; 814.02075;
 347.24237; 816.59552;
 104.96158; 819.72321;
 462.905; 821.9549;
 162.88104; 823.07361;
 409.06256; 826.09412;
 401.32187; 826.82294;
 440.35764; 832.04053;
 94.39666; 831.67596;
 358.96405; 834.55969;
 127.8287; 836.94928;
 369.23929; 837.06396;
 620.83667; 836.8786;
 104.11784; 841.28204;
 13.455097; 843.24078;
 373.44629; 847.7998;
 492.80435; 849.53418;
 869.13239; 850.7002;
 620.25293; 857.52124;
 392.32495; 855.27039;
 744.49976; 852.11774;
 206.85634; 858.3053;
 228.30783; 858.9032;
 201.52687; 862.23743;
 457.97086; 865.10944;
 783.4447; 865.59985;
 16.667326; 870.95892;
 746.63892; 874.15875;
 619.65027; 876.69513;
 552.38239; 880.16553;
 569.42676; 881.65649;
 659.52948; 886.72852;
 107.94326; 898.0899;
 448.45108; 899.65167;
 561.75647; 903.78162;
 743.34766; 898.48602;
 508.64972; 899.86072;
 655.46796; 903.2395;
 513.16718; 904.94751;
 748.37042; 905.13068;
 590.10272; 898.88751;
 539.42841; 907.04004;
 396.00818; 907.69482;
 426.67975; 909.70709;
 361.88751; 911.65613;
 236.20978; 910.51587;
 640.09052; 913.3573;
 357.78442; 918.1687;
 361.89426; 929.24121;
 680.47906; 923.42444;
 354.40668; 924.86621;
 351.90237; 930.53131;
 434.77591; 932.63641;
 483.19608; 933.15045;
 311.79514; 941.67932;
 240.62387; 942.88843;
 17.488266; 943.1424;
 183.61772; 948.01935;
 203.18747; 950.90009;
 139.52405; 944.81226;
 198.54045; 940.84174;
 168.5312; 957.04547;
 311.62247; 957.79895;
 121.45617; 966.96106;
 134.04691; 969.94836;
 257.29037; 968.77264;
 203.12628; 972.71082;
 230.03035; 974.34674;
 287.57513; 978.17535;
 14.738794; 978.96173;
 202.00877; 978.65259;
 42.599731; 979.50342;
 55.743877; 975.21021;
 249.2684; 980.94653;
 288.40918; 983.72443;
 252.83006; 985.88214;
 36.658348; 989.09021;
 197.77901; 989.11438;
 28.829521; 990.9588;
 226.17659; 991.81805;
 42.120296; 994.07642;
 741.94684; 992.78558;
 735.72833; 1010.452;
 397.75668; 5.2652874;
 338.11475; 25.331736;
 223.24583; 33.22007;
 95.264847; 34.17852;
 130.72568; 45.602547;
 92.657196; 59.592857;
 7.7036614; 60.270748;
 146.40762; 70.299515;
 421.50485; 83.249054;
 514.92889; 83.326134;
 552.60187; 88.37999;
 591.93268; 99.752281;
 39.52467; 101.84234;
 163.0677; 105.60132;
 200.42699; 107.92918;
 7.9395695; 113.43095;
 70.137695; 122.29736;
 595.02997; 121.40263;
 478.34818; 130.13675;
 924.68231; 137.02208;
 97.179077; 134.71838;
 376.53406; 145.71913;
 195.59518; 158.27409;
 823.87262; 162.74448;
 18.014187; 174.50317;
 220.53818; 173.64386;
 317.1012; 179.5567;
 233.09424; 184.92236;
 507.43518; 194.15373;
 768.6886; 194.36644;
 319.33926; 196.59247;
 251.11816; 203.37689;
 999.19958; 199.77034;
 323.02139; 217.18668;
 505.54971; 221.82639;
 324.95999; 241.46033;
 280.76968; 253.89287;
 331.19669; 260.91107;
 226.85558; 259.17557;
 254.67345; 261.02493;
 1005.0185; 262.15677;
 768.87012; 266.89487;
 743.1615; 268.67307;
 278.05209; 285.67761;
 945.46234; 309.25238;
 731.35077; 313.8512;
 556.52002; 318.77084;
 576.5105; 327.91989;
 967.47986; 329.39749;
 724.96014; 329.70969;
 943.42456; 330.40204;
 380.8038; 331.47025;
 720.94269; 361.95917;
 989.17438; 366.86783;
 529.3913; 373.32993;
 773.7323; 374.78262;
 727.16821; 376.98874;
 756.68036; 379.03006;
 739.80084; 380.23325;
 694.09357; 382.41257;
 356.37454; 383.95938;
 669.30237; 386.65039;
 744.93921; 390.41168;
 786.74548; 391.19925;
 141.17883; 395.27847;
 661.32599; 395.00473;
 530.28992; 401.41339;
 697.86346; 402.29227;
 906.3465; 405.49255;
 231.7878; 406.80527;
 667.54523; 409.70325;
 48.750896; 410.58554;
 956.04688; 418.19293;
 188.12906; 418.99713;
 1006.4449; 418.8284;
 377.95908; 425.34225;
 38.021622; 426.66165;
 219.16278; 427.86761;
 45.615314; 446.90045;
 368.4491; 447.55994;
 888.12726; 464.37198;
 348.20596; 469.5791;
 371.08395; 470.93042;
 485.20712; 473.63199;
 71.546539; 475.23648;
 420.49835; 479.22159;
 149.26299; 484.78543;
 179.27533; 487.82379;
 324.91965; 488.64795;
 114.68159; 502.35516;
 416.25577; 502.68469;
 54.31282; 503.43344;
 383.71741; 504.20395;
 928.0705; 506.12982;
 247.87914; 508.72018;
 453.49701; 519.7876;
 349.4722; 522.24402;
 48.244892; 524.21198;
 986.89862; 527.17181;
 94.117569; 530.49298;
 417.5842; 531.69708;
 881.37219; 540.35071;
 947.21143; 549.1944;
 138.46518; 551.10309;
 168.26662; 559.20166;
 447.23175; 568.32782;
 647.69208; 571.18335;
 885.30402; 575.70776;
 692.14545; 577.82111;
 779.93451; 579.35449;
 754.33588; 581.22644;
 913.38611; 589.38983;
 982.7674; 590.16144;
 484.353; 591.4823;
 459.9527; 593.22028;
 826.51801; 593.34845;
 858.078; 596.89478;
 877.51324; 598.97339;
 968.74963; 603.87518;
 907.36456; 609.12;
 845.46057; 614.56439;
 485.63043; 620.52039;
 1005.9553; 621.75189;
 589.01105; 624.19702;
 533.27686; 628.8645;
 844.4021; 635.38818;
 415.543; 636.90326;
 646.83826; 633.32471;
 815.57782; 634.0791;
 768.26343; 634.74426;
 616.57318; 638.86096;
 948.80707; 639.96643;
 504.26282; 652.0014;
 639.47986; 658.17865;
 757.47675; 659.15234;
 610.28339; 661.22656;
 663.73602; 664.62915;
 694.81262; 664.46228;
 490.64044; 670.64105;
 517.70837; 667.85175;
 721.14294; 671.25635;
 463.48682; 672.08069;
 308.22137; 679.89648;
 442.771; 681.08038;
 343.90372; 683.68018;
 379.39453; 687.5379;
 287.78885; 691.69067;
 766.05707; 691.69489;
 930.72076; 692.49176;
 796.46893; 697.01758;
 980.38025; 700.51971;
 887.91937; 702.38281;
 268.96924; 704.74365;
 822.87701; 706.17542;
 462.50214; 706.73938;
 322.45389; 709.98334;
 992.27728; 723.41736;
 371.26376; 730.61017;
 549.00934; 728.59418;
 123.0075; 733.5033;
 806.68427; 738.48547;
 589.2392; 740.12085;
 929.05389; 740.23621;
 627.04749; 740.81818;
 485.78268; 741.94171;
 581.34131; 744.01941;
 36.337051; 745.52985;
 74.371086; 745.48474;
 551.00031; 750.04553;
 25.037239; 746.26398;
 329.66437; 756.14905;
 974.34729; 761.87274;
 352.11197; 758.19702;
 636.80841; 758.92957;
 366.48459; 762.27264;
 942.82678; 762.28107;
 29.447607; 765.29736;
 570.50165; 765.64343;
 1004.3061; 765.21735;
 396.30508; 769.22589;
 286.40985; 776.21539;
 328.55685; 776.72559;
 171.68188; 777.87244;
 968.75311; 777.93018;
 597.99261; 785.00293;
 780.25964; 782.07172;
 408.05075; 788.65228;
 301.79565; 791.50311;
 396.25058; 793.66223;
 769.17163; 797.90332;
 468.90228; 804.75293;
 888.10663; 803.73663;
 148.26353; 812.83453;
 622.24353; 817.03589;
 25.460751; 823.09222;
 224.625; 822.63959;
 294.16977; 825.24683;
 707.87885; 825.90521;
 327.76422; 831.71539;
 900.48663; 834.86023;
 206.74162; 837.96991;
 246.87399; 841.71533;
 150.03447; 845.73285;
 59.736656; 844.57941;
 202.40457; 845.95782;
 838.1142; 842.14288;
 211.56003; 847.71484;
 444.53195; 848.83099;
 792.25024; 848.55035;
 582.18622; 855.12042;
 438.00711; 857.9259;
 721.3631; 859.43726;
 566.83752; 859.9472;
 306.91312; 861.41296;
 361.7265; 860.93939;
 831.83356; 861.59723;
 555.72192; 863.22656;
 497.77713; 869.66626;
 320.47018; 873.98376;
 267.16818; 877.96594;
 393.95773; 868.05774;
 775.13507; 878.38367;
 230.44508; 878.60779;
 435.45789; 879.01111;
 204.42386; 879.39221;
 721.16254; 881.29602;
 296.56787; 881.7085;
 7.8484139; 883.06152;
 583.3186; 885.36041;
 269.71573; 886.17566;
 279.49545; 888.1051;
 613.39978; 892.07343;
 312.79529; 894.60883;
 545.6604; 895.25763;
 340.29352; 890.64008;
 467.85895; 899.64429;
 438.46399; 907.06775;
 461.49979; 909.61578;
 216.78613; 915.69312;
 484.30014; 916.10626;
 25.317038; 916.56763;
 461.78973; 927.38696;
 277.84149; 922.90198;
 408.3602; 922.42224;
 237.024; 924.00092;
 398.9935; 925.79266;
 211.76834; 929.94397;
 240.91998; 930.91095;
 125.89373; 941.97455;
 199.96333; 932.11115;
 336.39398; 945.13928;
 74.750114; 952.00562;
 141.54277; 944.24609;
 384.50577; 955.33337;
 231.77719; 956.85327;
 366.05038; 958.32745;
 281.54239; 967.11279;
 364.61569; 965.93915;
 316.02319; 970.04327;
 156.61273; 978.35315;
 123.09546; 984.03418;
 215.89571; 986.45428;
 279.65625; 986.72906;
 119.34246; 1003.2651;
 227.04597; 5.0968013;
 82.56562; 118.83017;
 39.5672; 116.9593;
 89.340149; 119.87906;
 1000.8992; 226.74454;
 1004.3462; 302.97534;
 647.33429; 414.89847;
 46.451145; 480.36032;
 183.0367; 538.98163;
 584.31549; 646.56329;
 438.53455; 652.53577;
 557.13409; 649.50507;
 542.53516; 651.42651;
 889.77582; 652.21277;
 946.90253; 662.49231;
 957.92389; 680.71399;
 826.33063; 683.3988;
 741.14026; 697.91193;
 502.64099; 714.2561;
 647.16376; 708.96521;
 280.90378; 732.25403;
 1010.8029; 723.28778;
 473.13736; 727.14105;
 457.15506; 727.9834;
 148.84703; 759.30908;
 137.12479; 790.86737;
 431.10992; 805.65033;
 113.75735; 803.5799;
 853.87341; 820.81793;
 880.9458; 828.88373;
 131.59842; 830.18097;
 404.99219; 830.97986;
 600.69092; 849.11755;
 118.53789; 842.03937;
 394.99899; 850.47882;
 232.00891; 853.07751;
 320.97864; 857.95605;
 395.61325; 861.07855;
 804.54791; 870.77576;
 583.82233; 879.15118;
 393.24268; 874.73364;
 610.5675; 886.20239;
 523.53082; 877.33539;
 431.45551; 875.74152;
 480.13116; 895.40485;
 367.7655; 896.12146;
 772.7572; 899.67413;
 288.0361; 903.86786;
 330.79535; 914.35724;
 288.73691; 920.09131;
 299.96457; 922.0249;
 119.25631; 929.11981;
 166.76239; 937.83649;
 174.15822; 945.16357;
 162.71288; 953.76727;
 98.31147; 961.71851;
 12.534081; 974.27679;
 222.17154; 972.38635;
 205.23398; 985.37622;
 94.626968; 991.51721;
 151.46231; 999.09552;
 40.014889; 993.8421;
 174.86292; 994.69788;
 359.7934; 17.852222;
 136.06175; 19.282434;
 99.352898; 38.672207;
 25.314857; 120.62623;
 278.78735; 175.90108;
 306.52414; 199.28226;
 304.68784; 202.38115;
 286.52209; 226.24187;
 343.95132; 240.88733;
 746.80103; 348.81982;
 647.99017; 434.9007;
 175.41533; 512.97351;
 993.52924; 539.38147;
 848.45239; 561.8175;
 172.9084; 564.5274;
 878.89026; 572.42511;
 866.11475; 602.21729;
 736.99371; 607.33044;
 905.52216; 619.36664;
 791.93719; 623.44202;
 852.63336; 632.74524;
 979.24884; 639.1192;
 474.60873; 648.32336;
 1011.1832; 680.14813;
 446.8324; 693.00769;
 291.67325; 700.88153;
 852.89081; 702.20929;
 365.46152; 703.32727;
 325.23462; 716.56213;
 730.25647; 729.14087;
 288.01538; 733.93628;
 520.97217; 735.31824;
 24.713264; 737.66486;
 406.85941; 755.82922;
 328.08014; 749.17108;
 10.936698; 754.3092;
 30.903616; 760.32831;
 569.53265; 766.06885;
 32.445702; 772.8205;
 366.43134; 788.43243;
 726.38977; 789.39862;
 25.656113; 790.88147;
 621.83734; 798.67908;
 592.64368; 804.77386;
 620.34253; 817.23578;
 87.618752; 819.15637;
 380.94714; 818.8634;
 620.28693; 831.71655;
 212.03709; 835.76288;
 368.87024; 840.20813;
 325.64828; 848.10162;
 741.97125; 846.27789;
 873.23199; 848.21521;
 167.33075; 849.81671;
 117.51026; 851.74695;
 564.73425; 851.93359;
 665.30438; 860.10638;
 694.23132; 867.33838;
 502.4519; 874.66321;
 262.52441; 877.65167;
 404.34494; 888.86511;
 634.80585; 891.25671;
 719.79614; 886.15222;
 320.26328; 896.99323;
 611.50012; 897.1261;
 402.41153; 898.82916;
 516.6109; 900.09589;
 680.16492; 902.63367;
 633.36194; 910.12189;
 666.98242; 909.84705;
 427.55374; 903.85687;
 194.923; 916.75226;
 423.01093; 925.80334;
 400.76273; 929.02051;
 23.957747; 937.04822;
 334.01636; 942.27094;
 120.92275; 948.96039;
 370.51447; 959.35529;
 156.81828; 971.98517;
 71.635551; 972.84137;
 10.788915; 974.48267;
 169.72598; 978.57294;
 287.57596; 982.08813;
 23.144045; 982.60126;
 150.03021; 983.30542;
 127.18408; 988.89111;
 19.640251; 995.90784;
 255.87766; 239.73473;
 308.38919; 261.66223;
 711.8465; 338.51099;
 86.497437; 501.45786;
 437.40521; 561.18347;
 507.46442; 640.03101;
 386.1886; 679.08679;
 489.93414; 697.45447;
 302.14063; 761.95691;
 662.60767; 772.90717;
 14.866249; 818.66138;
 667.08508; 829.83142;
 300.61304; 831.84033;
 232.41689; 856.73877;
 610.53815; 866.24091;
 341.82004; 882.01874;
 254.21512; 889.203;
 379.00671; 901.33636;
 582.41815; 891.66974;
 598.39746; 905.44977;
 569.33948; 909.69043;
 326.27863; 920.97089;
 723.6969; 926.87323;
 228.71611; 929.94745;
 292.15573; 956.82452;
 100.00406; 965.75427;
 203.26385; 959.45679;
 401.44235; 699.67688;
 469.93219; 720.89636;
 638.21497; 769.99048;
 613.13245; 824.76312;
 553.97089; 868.73505;
 534.29236; 877.57666;
 509.48749; 893.94653;
 728.47394; 893.30676;
 290.47717; 936.78735;
 14.588284; 959.38263;
 313.95526; 962.77704;
 131.62405; 975.02899;
 898.59973; 461.09921;
 592.42334; 797.52356;
 651.1142; 879.7605;
 107.68747; 959.2088;
 109.12257; 976.56732;
 91.319664; 1007.4064 