 419.43939; 149.67262;
 449.19199; 541.96106;
 215.03273; 714.27545;
 909.06641; 780.63202;
 915.19757; 795.2038;
 203.02371; 936.77533;
 748.65472; 962.91266;
 681.4704; 49.901527;
 687.245; 58.076183;
 968.0379; 64.702225;
 682.39771; 69.022736;
 886.30536; 69.246376;
 962.31372; 73.670799;
 874.95502; 74.7938;
 723.64117; 77.015839;
 869.79352; 84.240868;
 819.17584; 88.192032;
 860.04755; 126.14436;
 852.00641; 133.96199;
 713.47485; 141.98581;
 756.76288; 157.03604;
 47.064575; 158.3959;
 430.19543; 158.66083;
 655.841; 159.94374;
 308.46893; 164.04915;
 847.30255; 170.40761;
 334.23102; 194.40439;
 948.8877; 201.42909;
 967.44489; 206.88695;
 748.06384; 213.78743;
 652.41876; 214.73015;
 550.72028; 217.06555;
 74.647385; 243.60219;
 640.08301; 253.82822;
 175.67357; 266.4086;
 312.12369; 283.7713;
 611.85736; 297.44055;
 51.03278; 301.15894;
 773.06567; 301.03903;
 782.58691; 304.19296;
 638.62738; 306.12094;
 287.75259; 318.6666;
 705.47632; 328.43665;
 850.89301; 329.07672;
 237.99483; 330.29813;
 696.2807; 335.48801;
 68.935707; 349.50516;
 625.65234; 353.40161;
 623.599; 362.5159;
 168.36575; 366.03314;
 638.25574; 366.42749;
 611.24994; 368.17734;
 595.90112; 369.85828;
 703.23035; 378.98233;
 685.26892; 383.06598;
 758.73688; 387.8891;
 708.82324; 388.61136;
 874.03491; 389.43625;
 677.59894; 395.10992;
 733.09149; 394.76044;
 862.6051; 394.7789;
 849.75122; 400.58707;
 724.96051; 402.10831;
 458.54929; 406.79825;
 549.41309; 415.62906;
 464.96277; 417.44724;
 495.75153; 425.95328;
 88.350075; 441.08057;
 257.45584; 458.44504;
 492.26874; 464.41339;
 292.25214; 480.40134;
 101.02686; 525.49957;
 626.01221; 526.01184;
 835.44952; 526.72119;
 147.51923; 551.70728;
 468.47083; 552.35437;
 903.12976; 557.50592;
 516.04041; 557.88983;
 612.19177; 566.95575;
 182.5421; 568.96252;
 217.74881; 572.34113;
 896.21289; 572.74158;
 493.35168; 574.3634;
 210.20718; 579.0929;
 351.42352; 589.61053;
 45.122154; 596.25354;
 347.40686; 597.34326;
 974.17908; 609.36743;
 949.86792; 613.39459;
 965.76459; 616.33264;
 57.98621; 620.74023;
 547.94745; 636.59711;
 310.75388; 640.0882;
 546.52618; 659.75439;
 870.69104; 676.69897;
 544.28064; 691.14093;
 199.89281; 706.62317;
 193.74045; 714.32129;
 83.249947; 715.53473;
 129.62015; 723.22052;
 360.63956; 728.97205;
 119.76605; 730.38141;
 178.80078; 736.44873;
 362.58029; 741.57245;
 343.23062; 749.31781;
 951.71661; 758.27588;
 207.05887; 761.84406;
 418.20749; 776.89728;
 900.6153; 788.62488;
 335.54807; 793.17322;
 49.88419; 794.58203;
 436.13214; 795.77698;
 330.15262; 802.45428;
 637.60687; 809.88635;
 871.89581; 820.70612;
 279.92715; 860.43542;
 328.12021; 884.5954;
 299.79684; 895.59924;
 399.2406; 901.41333;
 816.66138; 906.4151;
 674.20459; 923.59149;
 471.7193; 930.86749;
 383.95178; 953.3313;
 756.27673; 956.11139;
 418.71265; 963.48743;
 428.25525; 971.64185;
 564.59326; 975.80676;
 681.94879; 978.41736;
 202.04875; 936.89844;
 688.88251; 59.184086;
 870.62213; 58.925655;
 898.40198; 61.536079;
 732.49713; 63.167747;
 834.578; 66.964378;
 884.80206; 67.833725;
 682.31744; 69.160347;
 861.02539; 68.577362;
 448.29407; 70.492294;
 646.9671; 74.177483;
 962.4212; 74.229652;
 874.37592; 75.381165;
 724.54773; 77.441048;
 187.80878; 79.767479;
 897.72443; 80.788132;
 869.6781; 83.388771;
 441.65869; 85.640778;
 819.57532; 88.057266;
 887.60687; 88.455032;
 703.96179; 89.547874;
 83.95459; 93.028961;
 456.11618; 93.635452;
 911.71326; 97.040138;
 462.98172; 99.048218;
 405.25989; 102.85741;
 743.41321; 102.79473;
 481.29233; 104.02686;
 730.31958; 110.22532;
 228.53841; 111.14185;
 208.76346; 117.59293;
 860.15881; 125.65089;
 704.89185; 129.84279;
 212.78879; 132.30997;
 852.21118; 134.70767;
 214.25668; 137.25594;
 743.20184; 136.88205;
 712.33997; 141.65266;
 944.62805; 142.02402;
 882.83801; 142.65343;
 735.35767; 147.12616;
 419.28448; 149.01205;
 315.10327; 150.67899;
 756.02948; 155.89877;
 657.27551; 158.75235;
 81.968925; 160.20584;
 430.7933; 159.70226;
 837.22174; 159.93697;
 308.21463; 164.13649;
 811.72375; 164.11162;
 395.74005; 166.70538;
 648.22607; 170.44156;
 458.55685; 173.12793;
 646.2373; 174.5249;
 860.49512; 177.6591;
 878.26196; 178.61192;
 941.28741; 185.15262;
 334.98834; 194.17366;
 715.27783; 194.99223;
 351.37363; 196.99118;
 949.45239; 202.96136;
 237.6479; 206.89368;
 747.30786; 213.02116;
 652.21948; 214.28157;
 867.61981; 218.97243;
 520.78967; 220.17734;
 739.26813; 224.43498;
 365.14053; 226.17426;
 557.09882; 227.59349;
 668.6076; 242.3335;
 73.758301; 242.47833;
 241.62343; 246.08858;
 653.96375; 245.99998;
 639.68622; 253.59258;
 605.59729; 255.11694;
 183.30316; 256.92746;
 796.18188; 258.3912;
 372.51471; 260.08099;
 636.11169; 265.4433;
 174.40778; 267.013;
 224.70229; 282.68127;
 310.82047; 282.60379;
 761.76086; 284.81473;
 829.35657; 287.58771;
 842.77362; 289.54962;
 623.45422; 291.32864;
 611.53851; 296.94525;
 214.97112; 298.08353;
 839.77484; 299.85587;
 781.26123; 303.94385;
 639.44672; 307.21826;
 296.53107; 310.20609;
 767.9458; 310.1687;
 404.53345; 311.5285;
 287.7789; 318.23041;
 623.11835; 325.63837;
 705.47223; 327.04004;
 850.30573; 327.92426;
 237.50031; 329.45013;
 279.03668; 329.16638;
 669.96265; 331.81152;
 614.19531; 333.84332;
 694.19293; 334.15451;
 179.13712; 341.66315;
 791.03601; 341.90927;
 651.12988; 345.55093;
 68.56424; 348.95825;
 625.71631; 352.88297;
 810.84851; 355.1669;
 624.15479; 363.2207;
 710.78143; 364.38846;
 638.50989; 366.36264;
 169.76883; 366.77283;
 611.66937; 369.53922;
 252.97971; 376.04523;
 703.61462; 377.50082;
 440.63687; 378.96823;
 685.23517; 382.88177;
 758.58508; 387.00162;
 874.75995; 389.01654;
 708.65302; 389.5462;
 861.09717; 392.94089;
 733.09662; 394.40225;
 677.23511; 394.84293;
 752.95551; 396.95428;
 441.43402; 398.88873;
 849.78412; 400.3493;
 566.37646; 400.90298;
 582.91565; 402.66629;
 725.32446; 403.08905;
 960.01178; 405.43777;
 458.44937; 406.1445;
 558.27118; 407.84592;
 469.12906; 408.78528;
 374.09686; 409.60919;
 697.93787; 410.42258;
 650.7276; 413.00363;
 549.84161; 415.69501;
 465.81509; 418.11374;
 495.99771; 425.37546;
 365.16034; 428.74838;
 623.02905; 430.99548;
 298.70535; 438.1178;
 87.919022; 440.59961;
 101.48583; 449.39828;
 258.40427; 458.78116;
 492.28793; 464.72299;
 247.85948; 466.23376;
 571.17902; 467.49393;
 837.78662; 469.42526;
 761.04706; 470.20148;
 605.60962; 475.30023;
 292.81992; 480.39218;
 678.03217; 513.73193;
 355.56009; 515.71497;
 599.69843; 517.04181;
 101.46629; 524.49597;
 610.15106; 523.75806;
 151.70441; 524.50256;
 625.86597; 526.28046;
 835.74762; 525.97717;
 581.66998; 532.93054;
 886.83661; 534.15131;
 94.548668; 537.672;
 379.91907; 539.87732;
 595.289; 541.03967;
 448.47296; 542.10468;
 832.75513; 543.5791;
 159.89583; 545.70154;
 621.19238; 545.75891;
 679.91748; 546.86353;
 74.65522; 549.30945;
 146.92781; 551.73694;
 164.5264; 552.67554;
 393.07645; 552.97241;
 468.03589; 553.07562;
 515.70813; 557.24609;
 903.28589; 557.02979;
 163.06105; 563.48804;
 825.63348; 563.78589;
 398.24457; 566.55725;
 611.93835; 566.28186;
 457.16733; 567.1507;
 181.9328; 568.50092;
 217.57277; 571.05438;
 509.38315; 570.89166;
 791.23486; 571.80524;
 895.21594; 572.18182;
 493.52841; 574.4129;
 100.13065; 577.23682;
 906.96759; 577.84271;
 954.88989; 578.29523;
 210.4146; 580.69263;
 395.78735; 581.12408;
 894.12073; 584.8371;
 89.5597; 587.20807;
 351.66586; 588.30469;
 679.89325; 591.23456;
 551.40192; 591.71539;
 512.61902; 595.29633;
 315.49051; 597.32721;
 347.37698; 598.05103;
 84.635315; 599.56219;
 196.10271; 601.30206;
 414.88116; 603.68512;
 950.14392; 612.32294;
 228.98772; 613.41473;
 575.40094; 619.25854;
 58.966938; 620.44995;
 529.18549; 622.8551;
 943.11639; 624.57153;
 104.19055; 625.89905;
 305.88959; 633.26355;
 411.64417; 634.64941;
 547.6864; 635.72052;
 893.89679; 636.88251;
 310.10797; 639.00098;
 113.89453; 654.1347;
 546.44629; 661.341;
 319.96472; 666.54999;
 549.20496; 666.8623;
 533.2442; 669.35278;
 115.26064; 669.55048;
 947.93085; 674.82367;
 870.60284; 676.62677;
 542.4422; 681.2207;
 792.05164; 681.73657;
 618.45062; 684.31134;
 958.59863; 683.48798;
 450.20987; 687.7594;
 730.29828; 688.74231;
 544.65735; 691.28992;
 441.61536; 699.86523;
 199.49808; 706.58417;
 383.68991; 710.63586;
 193.16991; 714.08295;
 215.28247; 713.97198;
 82.562492; 715.21075;
 130.03346; 722.47632;
 85.6847; 726.15393;
 361.46268; 728.03925;
 119.45632; 731.25372;
 334.39786; 732.77924;
 290.14462; 733.80988;
 208.06941; 735.31769;
 177.91725; 735.75287;
 361.94766; 741.70349;
 343.91229; 748.302;
 609.59393; 754.06799;
 760.9245; 754.59424;
 371.07147; 757.78693;
 951.65979; 757.84161;
 510.98575; 759.271;
 207.06013; 760.38013;
 197.30278; 772.06238;
 581.18152; 774.98877;
 418.17282; 776.17938;
 809.20667; 778.67413;
 909.24969; 779.77411;
 923.90808; 787.47168;
 900.04407; 788.73657;
 335.46841; 792.17206;
 915.15833; 795.01306;
 436.4119; 795.69073;
 329.92447; 803.13458;
 637.11334; 809.15601;
 111.77608; 812.38214;
 818.76459; 811.64996;
 647.7453; 817.68091;
 890.56171; 818.08301;
 416.70789; 818.52692;
 871.63239; 819.97998;
 821.29333; 823.25287;
 819.16907; 838.06171;
 279.99905; 859.83057;
 641.65607; 860.04401;
 679.19043; 876.26611;
 328.3103; 884.13452;
 809.00146; 893.08246;
 953.20807; 893.02545;
 299.03558; 895.1369;
 321.00348; 894.72925;
 399.48529; 901.85742;
 816.13739; 906.59509;
 724.96881; 913.06152;
 63.675751; 919.20422;
 700.37408; 919.58392;
 716.43872; 922.00616;
 673.48584; 923.23126;
 407.33765; 924.22571;
 869.66785; 927.93939;
 470.90961; 929.60883;
 373.40408; 933.89203;
 421.2236; 936.25299;
 360.79047; 938.9342;
 881.75861; 940.51764;
 366.42575; 943.08105;
 657.51105; 947.37274;
 383.55753; 952.76624;
 756.2215; 955.06085;
 715.11066; 955.98865;
 775.97595; 961.45251;
 418.51923; 962.56812;
 748.02106; 963.7016;
 707.11542; 964.612;
 704.34851; 87.007576;
 821.47186; 86.566315;
 441.72244; 88.191231;
 182.39424; 92.674675;
 887.12775; 91.468849;
 855.1778; 94.606659;
 458.45969; 96.783913;
 911.43811; 95.519402;
 717.66974; 97.957932;
 743.92413; 98.96656;
 482.04126; 99.936142;
 585.14709; 99.649155;
 810.44403; 99.158798;
 406.58554; 101.88027;
 700.79962; 102.73933;
 854.54584; 109.94355;
 227.3418; 110.99432;
 907.86938; 111.50913;
 731.37457; 114.96461;
 208.87285; 117.08448;
 395.45786; 118.00206;
 931.5849; 119.7608;
 734.76483; 123.17231;
 860.62866; 125.02888;
 198.44984; 128.09698;
 212.37782; 132.89531;
 706.34735; 133.28606;
 745.59045; 136.40128;
 851.13623; 135.45961;
 882.42041; 139.32405;
 649.68073; 142.68619;
 440.108; 143.48515;
 833.57928; 143.27618;
 418.83911; 146.14099;
 315.92883; 148.96034;
 482.74786; 149.5891;
 692.93219; 151.37694;
 868.2326; 151.32895;
 754.39618; 153.31522;
 656.60724; 155.88789;
 703.93811; 155.7364;
 837.04541; 156.68269;
 431.12512; 161.88345;
 809.78674; 161.80806;
 861.85327; 161.18967;
 307.1713; 163.53462;
 393.56967; 164.16029;
 458.7229; 171.01097;
 744.11719; 170.4129;
 645.82605; 172.50162;
 687.09613; 172.13617;
 848.07733; 174.3622;
 186.91687; 173.26668;
 924.12915; 173.52678;
 880.41986; 176.60963;
 855.19952; 177.43356;
 267.76837; 179.84473;
 792.7182; 183.11429;
 336.91684; 191.02736;
 669.28479; 192.57047;
 743.74707; 194.8387;
 870.64514; 195.98834;
 321.97388; 204.14755;
 234.21632; 209.48828;
 746.15594; 209.80092;
 272.95929; 214.0051;
 550.8927; 214.10194;
 651.35968; 214.32643;
 518.2323; 218.22414;
 868.15179; 220.4852;
 538.15863; 225.95071;
 739.60052; 226.21623;
 365.86691; 228.17639;
 640.1358; 228.0876;
 550.45929; 231.87132;
 263.84903; 234.17853;
 711.33514; 234.07861;
 573.9859; 237.70798;
 763.42828; 238.32486;
 854.31946; 240.60927;
 365.47922; 242.09184;
 577.53461; 238.78027;
 644.51038; 244.23041;
 767.73181; 243.06808;
 240.75099; 245.19557;
 638.77643; 250.80011;
 184.55699; 254.83957;
 606.11536; 256.64597;
 352.95135; 257.18015;
 371.77127; 251.63696;
 794.78131; 258.98126;
 227.37874; 263.81305;
 171.95326; 266.15073;
 635.09943; 267.93658;
 898.3667; 271.24774;
 309.42206; 278.33499;
 224.6088; 279.21942;
 355.98651; 280.04575;
 833.85211; 286.8024;
 292.48352; 289.15442;
 625.79462; 292.89737;
 414.55798; 293.50449;
 215.84297; 295.63699;
 608.7735; 295.48215;
 364.56696; 302.11569;
 779.69946; 301.90952;
 838.33459; 301.63028;
 146.29662; 304.40207;
 404.522; 310.86267;
 640.93683; 309.59216;
 208.02834; 314.19998;
 289.41797; 314.81732;
 769.50323; 313.90805;
 646.90076; 320.81705;
 705.48724; 323.2814;
 237.38554; 326.4729;
 775.64447; 326.74304;
 805.49066; 325.37656;
 848.77344; 325.90152;
 328.07449; 327.38937;
 90.518608; 329.98804;
 667.66467; 330.40799;
 278.46756; 331.3645;
 739.1795; 331.36069;
 612.88312; 337.67056;
 696.3595; 337.56796;
 176.37384; 339.37802;
 231.10521; 346.33701;
 792.37354; 344.18262;
 417.99493; 345.09509;
 651.49097; 348.6723;
 626.22137; 350.26883;
 886.64246; 351.34723;
 812.55103; 355.90305;
 711.14221; 361.07639;
 171.77658; 366.49609;
 625.40723; 367.72385;
 771.21216; 369.96948;
 609.7901; 374.47202;
 253.13652; 376.03476;
 703.06177; 376.89197;
 162.27904; 379.24344;
 683.99609; 380.73114;
 757.60236; 384.44067;
 633.90106; 385.30093;
 730.06903; 387.979;
 860.09326; 390.9505;
 675.13391; 393.90137;
 707.22058; 393.73114;
 437.56073; 395.38611;
 848.61755; 400.32095;
 757.4483; 401.45386;
 248.83228; 403.08414;
 460.46912; 402.50842;
 584.44073; 403.37683;
 725.22156; 405.74121;
 374.00427; 408.97971;
 543.20605; 407.57184;
 651.25092; 409.81271;
 227.46484; 411.50873;
 699.11316; 411.79776;
 915.55383; 416.62;
 468.53021; 420.08676;
 496.36145; 423.64182;
 538.51508; 425.84467;
 118.3588; 429.27603;
 363.54578; 430.43671;
 620.98932; 431.31781;
 688.13342; 431.82999;
 749.46503; 432.44467;
 298.75558; 436.50522;
 85.224731; 438.01788;
 101.10941; 448.98077;
 259.45963; 458.65179;
 492.76837; 463.74127;
 570.68292; 463.6796;
 402.26563; 466.80475;
 761.54974; 468.28357;
 247.82071; 470.25262;
 344.83469; 470.401;
 912.04248; 470.73837;
 604.05048; 471.76157;
 839.28754; 471.47632;
 863.37372; 473.51358;
 537.56348; 475.38541;
 745.29108; 475.57724;
 292.86017; 478.90564;
 384.04626; 481.94174;
 560.67706; 479.85703;
 812.98999; 481.65137;
 364.63565; 487.94363;
 249.83461; 487.22397;
 612.92279; 493.5704;
 284.38776; 494.37637;
 750.71625; 499.496;
 615.7287; 502.16687;
 707.23181; 502.50403;
 851.20563; 501.50458;
 828.48547; 507.28223;
 677.1438; 513.55676;
 354.58295; 517.74249;
 755.24548; 517.5871;
 101.64755; 521.89941;
 607.32794; 521.33618;
 879.45953; 524.22754;
 817.52301; 524.99921;
 627.29041; 526.95514;
 456.90729; 530.01031;
 883.46118; 531.65344;
 93.774078; 538.06317;
 448.40204; 541.75397;
 597.87958; 541.93707;
 868.52649; 542.7439;
 161.5152; 545.90033;
 620.53412; 545.54236;
 678.23486; 545.86731;
 831.68634; 546.60205;
 144.12521; 551.57343;
 466.95486; 553.24377;
 515.74988; 554.84393;
 377.09793; 556.36475;
 901.34058; 555.71741;
 611.61426; 564.01489;
 162.33466; 565.87518;
 184.02243; 566.46899;
 398.16727; 563.01025;
 217.89482; 568.20776;
 457.33255; 568.34589;
 788.59631; 568.08795;
 508.88293; 570.33649;
 904.77271; 575.18451;
 354.5672; 571.92487;
 493.67465; 574.94287;
 905.21509; 575.15179;
 100.37514; 575.47229;
 176.19791; 581.39691;
 210.53893; 582.94543;
 319.28967; 581.83215;
 395.58478; 583.06274;
 351.01227; 586.61053;
 891.1106; 585.35748;
 485.38782; 587.8996;
 511.53714; 590.54553;
 550.81482; 590.40857;
 314.48581; 598.61957;
 851.99176; 597.53619;
 195.61145; 600.11615;
 838.16852; 600.61292;
 415.76743; 604.14264;
 272.44559; 607.21393;
 228.23886; 611.0047;
 574.10822; 615.56195;
 635.29211; 617.73157;
 403.1214; 619.40613;
 363.64038; 620.93213;
 103.84308; 623.40686;
 528.14319; 623.94562;
 412.26913; 634.70654;
 547.29175; 633.04706;
 891.94318; 633.83386;
 308.31097; 635.31366;
 100.98485; 639.89667;
 362.10901; 650.51935;
 406.76404; 652.18787;
 863.21185; 651.48816;
 114.95432; 653.7923;
 306.40811; 653.20197;
 834.39172; 662.3916;
 548.02759; 663.52405;
 116.41071; 665.9267;
 320.7644; 665.32062;
 928.66608; 674.492;
 870.62274; 675.39764;
 485.41153; 678.38544;
 538.73218; 678.63177;
 332.21594; 679.93707;
 774.05853; 681.09241;
 790.89288; 682.92865;
 600.68036; 684.83514;
 450.67767; 685.54626;
 730.42493; 686.31726;
 108.69834; 687.43738;
 545.51422; 691.54187;
 819.461; 691.32684;
 254.07097; 695.56494;
 441.49823; 701.47369;
 722.26892; 702.13257;
 537.15106; 705.86993;
 384.97543; 708.39386;
 817.29309; 708.93243;
 215.748; 713.25037;
 329.88495; 716.36609;
 100.09474; 721.0517;
 131.30191; 720.44672;
 204.60313; 727.0202;
 362.6218; 726.88715;
 413.70773; 725.13;
 724.453; 728.05475;
 595.68384; 732.24902;
 119.85618; 733.18127;
 176.86577; 734.7431;
 335.55545; 733.94489;
 291.21143; 736.0351;
 517.64502; 739.43604;
 361.15118; 741.51489;
 343.13602; 746.33313;
 487.64423; 746.74731;
 418.17624; 747.16144;
 165.12706; 755.11725;
 206.9427; 756.93945;
 370.22742; 755.13074;
 608.02258; 755.52271;
 509.52625; 759.06323;
 564.98676; 754.61963;
 334.52689; 764.45844;
 197.09763; 771.90411;
 458.44119; 772.02429;
 418.50089; 773.59363;
 908.01849; 777.00018;
 581.1319; 777.19141;
 808.52332; 780.01825;
 896.69098; 788.1192;
 336.50513; 790.01129;
 413.04257; 789.95532;
 775.50684; 793.76862;
 914.09692; 796.1543;
 328.18973; 803.90045;
 640.18341; 800.95221;
 818.06995; 808.57867;
 385.03931; 809.9519;
 112.01021; 815.12531;
 416.65286; 818.2334;
 870.04047; 818.44122;
 892.22113; 819.90863;
 627.01025; 822.90741;
 820.51038; 826.29913;
 506.31833; 832.97601;
 936.24829; 831.27991;
 651.21747; 833.79797;
 271.93314; 841.87604;
 491.36844; 845.30981;
 94.506927; 855.12402;
 279.79199; 856.7077;
 355.85303; 856.03247;
 635.50574; 857.27594;
 802.38751; 858.90289;
 772.27783; 861.57483;
 358.14008; 871.513;
 272.1925; 873.26923;
 821.47058; 875.76868;
 875.65198; 877.31433;
 328.99304; 880.72601;
 808.44788; 890.76996;
 297.34262; 893.26013;
 320.77231; 896.41882;
 398.34698; 902.35254;
 816.59698; 905.78033;
 726.42529; 910.54431;
 418.11441; 911.78625;
 369.72006; 913.87622;
 697.72614; 916.34192;
 801.45709; 918.83118;
 674.16241; 920.06256;
 407.3179; 923.02692;
 869.49664; 924.47363;
 717.16705; 926.06671;
 373.53424; 931.15509;
 610.03503; 933.02808;
 800.83203; 934.60858;
 322.5762; 207.80748;
 769.52643; 292.33847;
 520.91632; 728.35199;
 409.05737; 790.48303;
 437.49994; 115.85135;
 571.92883; 117.02245;
 732.0708; 118.30682;
 396.2323; 120.70947;
 473.96155; 120.49139;
 815.67902; 124.07016;
 209.08122; 133.97388;
 708.03613; 135.37985;
 883.24457; 136.39343;
 420.53772; 142.87495;
 437.07721; 141.74634;
 181.94971; 147.28084;
 316.46378; 147.22943;
 483.06519; 147.35326;
 755.51898; 149.82341;
 277.86618; 152.64687;
 655.54364; 152.47697;
 837.52429; 151.70534;
 163.13179; 154.13812;
 692.82642; 153.71675;
 863.95514; 157.10451;
 391.27142; 161.31372;
 808.68402; 159.68219;
 306.80133; 164.30507;
 431.99063; 165.08058;
 685.98407; 168.96227;
 460.0206; 169.73518;
 644.01996; 172.92195;
 742.75525; 173.45316;
 883.04327; 174.30107;
 268.22217; 179.41144;
 794.48395; 183.53574;
 338.50748; 188.14758;
 666.35846; 195.82826;
 867.28375; 197.02078;
 374.68759; 203.02048;
 195.31429; 203.70544;
 745.63416; 203.28026;
 850.90491; 203.83749;
 552.94861; 210.59007;
 232.64328; 213.79062;
 273.67932; 213.75819;
 516.28955; 216.65071;
 651.64929; 215.37727;
 869.38306; 221.2274;
 538.69446; 227.52838;
 738.88208; 227.43651;
 365.12054; 233.16411;
 640.7984; 231.73727;
 714.38318; 234.11864;
 264.5321; 236.76376;
 904.06891; 238.96086;
 765.73657; 240.38919;
 853.6275; 241.25861;
 241.17284; 246.81406;
 893.89789; 249.89851;
 185.39487; 252.92891;
 607.00562; 257.93848;
 793.44421; 259.90433;
 351.70959; 261.55154;
 170.34383; 266.18515;
 635.65094; 270.32227;
 897.52234; 272.62787;
 227.24545; 273.7178;
 309.94638; 273.98083;
 358.79913; 278.73837;
 737.78925; 283.19171;
 834.07849; 284.71436;
 661.71649; 293.32495;
 291.71429; 289.17545;
 697.64166; 290.716;
 626.38666; 292.18774;
 214.31258; 295.75168;
 780.23999; 301.32269;
 835.43549; 301.66791;
 359.189; 303.66058;
 291.04196; 312.60056;
 404.81067; 311.64655;
 209.16975; 316.13132;
 644.9599; 315.79352;
 772.76801; 319.32327;
 706.60425; 320.29578;
 239.25323; 324.6221;
 804.67932; 325.48242;
 847.95935; 325.22888;
 115.04886; 328.06183;
 738.02881; 328.29135;
 329.76221; 329.53625;
 667.5448; 329.67752;
 276.71478; 333.94876;
 611.4682; 334.7948;
 694.98395; 337.7113;
 871.77985; 337.48004;
 175.37924; 339.31619;
 335.86063; 343.75204;
 419.21915; 343.69507;
 792.28601; 346.12561;
 627.12982; 348.94495;
 653.422; 349.94119;
 888.26636; 352.63208;
 276.47708; 356.14911;
 712.32117; 358.13379;
 814.88959; 357.577;
 406.19043; 360.81467;
 219.52496; 361.28238;
 173.09843; 366.34604;
 421.15393; 369.332;
 772.17987; 370.24704;
 254.48593; 376.44272;
 607.55853; 377.13934;
 682.51685; 378.50488;
 703.21368; 377.37567;
 441.89716; 379.53482;
 162.17662; 382.81027;
 631.42291; 380.88974;
 755.98816; 382.24762;
 729.00824; 386.34622;
 141.14201; 390.83188;
 860.45911; 391.99338;
 672.59796; 394.68921;
 436.73453; 395.51358;
 247.43906; 403.6622;
 586.68201; 403.60999;
 761.55585; 404.67017;
 652.91132; 406.96887;
 374.43112; 408.89752;
 724.00665; 407.18518;
 230.49492; 410.84357;
 135.67181; 414.92169;
 699.6972; 413.30533;
 471.58282; 422.56625;
 119.33378; 427.39828;
 364.12109; 430.36041;
 537.98846; 429.08145;
 688.43719; 430.9064;
 746.03479; 431.01398;
 619.57117; 432.62671;
 753.49963; 432.35791;
 438.96979; 432.9801;
 287.22815; 453.55099;
 602.43292; 454.01669;
 260.29889; 458.67764;
 570.57245; 460.48196;
 493.88681; 462.86285;
 403.67944; 465.6153;
 763.67615; 466.80753;
 602.80096; 467.80145;
 343.71167; 470.46457;
 864.08954; 471.92828;
 536.16193; 473.18289;
 714.04767; 475.16571;
 744.08716; 475.92239;
 292.72974; 477.3309;
 841.20746; 477.31668;
 560.63324; 480.18304;
 813.68146; 480.19461;
 248.7356; 482.08057;
 686.62946; 493.28363;
 283.93973; 496.14819;
 893.47302; 496.78302;
 165.0098; 497.64981;
 749.55969; 497.2074;
 851.58362; 497.35934;
 702.81384; 499.86978;
 806.81323; 500.90186;
 541.5907; 510.36798;
 675.89233; 514.66229;
 837.25958; 515.69073;
 759.09552; 518.73694;
 354.5275; 520.10474;
 606.29956; 520.88708;
 813.93658; 523.46558;
 631.02612; 528.18317;
 598.70544; 541.7182;
 162.94934; 544.41144;
 620.0238; 546.80237;
 676.612; 546.00018;
 866.89099; 546.13269;
 831.03662; 547.22748;
 468.35043; 551.55292;
 516.41565; 553.02618;
 899.60065; 554.19916;
 375.83191; 556.47839;
 495.22733; 559.87506;
 184.93933; 562.96869;
 326.71249; 561.75378;
 784.94482; 562.91315;
 611.11615; 563.21112;
 220.01675; 565.20715;
 161.98553; 568.88062;
 353.92841; 569.17572;
 457.63861; 569.37225;
 508.41125; 571.38342;
 322.81424; 578.11548;
 175.09982; 583.17603;
 211.69542; 584.18115;
 396.28391; 586.64648;
 608.12903; 585.32648;
 283.31348; 587.26892;
 351.75873; 587.66522;
 510.85663; 588.78192;
 889.06012; 587.29993;
 486.42108; 591.99805;
 550.73187; 594.14563;
 849.64197; 596.5697;
 195.93111; 600.22626;
 314.79517; 601.02106;
 417.29175; 603.05511;
 671.75098; 606.74359;
 272.35544; 608.76947;
 228.51619; 609.8363;
 572.54767; 611.57269;
 635.23639; 617.24554;
 401.22537; 619.21704;
 363.11371; 622.02179;
 527.39703; 625.45648;
 888.66687; 628.12018;
 549.33154; 632.79077;
 308.84665; 633.66663;
 148.07509; 642.66321;
 864.17822; 648.27368;
 361.47125; 653.15619;
 406.83179; 651.19574;
 304.01224; 654.03436;
 116.91626; 658.53229;
 652.88818; 661.04688;
 436.77109; 665.08679;
 549.89697; 663.61603;
 484.11676; 676.47388;
 873.02661; 675.25171;
 536.01068; 677.56128;
 331.57632; 682.32159;
 766.26917; 682.84399;
 451.02527; 683.40503;
 598.83783; 684.02966;
 731.38782; 683.18561;
 790.65045; 684.2215;
 817.83264; 684.84998;
 692.99567; 687.75378;
 254.45482; 693.82202;
 440.88342; 704.3429;
 722.07526; 704.27332;
 219.53394; 705.93042;
 535.66534; 705.47064;
 670.93805; 707.8783;
 816.41846; 711.06458;
 335.61935; 713.61591;
 133.08694; 716.63257;
 414.59821; 723.42322;
 363.11722; 725.79187;
 203.38318; 728.42596;
 723.29755; 727.15515;
 247.78003; 732.46283;
 597.44745; 731.1189;
 120.59378; 734.47321;
 175.91515; 734.78845;
 291.65927; 736.38428;
 576.58545; 738.80127;
 902.35681; 737.92108;
 340.42706; 740.57837;
 520.15405; 739.95807;
 486.94888; 744.12909;
 420.80963; 751.29968;
 208.64943; 753.8028;
 369.59445; 756.03003;
 606.29321; 757.47394;
 509.49762; 760.11243;
 727.8139; 759.97833;
 334.08954; 766.58765;
 419.27945; 770.59235;
 196.89499; 772.51813;
 459.40173; 773.604;
 581.53284; 779.92456;
 805.08118; 783.84497;
 338.96561; 788.53345;
 893.30121; 787.81177;
 775.33044; 793.73163;
 326.66867; 805.37054;
 818.3183; 805.02673;
 385.42172; 808.67078;
 252.41394; 810.65576;
 416.74313; 818.82104;
 626.8667; 822.53705;
 893.61169; 820.97107;
 505.21689; 828.87354;
 820.71106; 829.69592;
 650.67804; 836.07806;
 279.66269; 853.95105;
 634.62231; 857.71619;
 801.80017; 860.12274;
 774.10999; 864.99683;
 356.46738; 866.30841;
 822.64063; 873.91626;
 271.40845; 875.03613;
 875.84381; 875.19055;
 329.75531; 877.2041;
 807.42023; 888.24695;
 294.7977; 890.9267;
 321.48547; 898.18695;
 672.29407; 899.93988;
 397.74445; 903.77972;
 727.45483; 906.86719;
 817.79993; 905.86456;
 337.58038; 185.14275;
 800.10492; 187.42799;
 373.94745; 197.24298;
 667.87286; 194.80383;
 749.32758; 198.66733;
 194.70334; 201.85236;
 553.24255; 203.88692;
 278.6792; 209.26268;
 323.4949; 211.62624;
 236.32765; 214.1965;
 652.96472; 214.7673;
 418.40933; 225.68323;
 733.26044; 228.50389;
 824.69031; 227.93735;
 539.83759; 233.07253;
 367.29291; 235.66399;
 581.28186; 236.95905;
 636.26617; 237.92529;
 771.67938; 237.07913;
 268.25662; 239.09967;
 240.11012; 245.96991;
 669.54376; 251.58371;
 603.73578; 270.57901;
 794.79053; 263.44699;
 310.20554; 269.50064;
 225.56766; 270.21164;
 352.80569; 272.39871;
 833.5484; 277.98172;
 729.83673; 282.05365;
 626.54449; 291.28265;
 661.63257; 291.6452;
 773.32538; 290.54672;
 359.0463; 304.24332;
 402.4024; 307.60941;
 704.37402; 309.57574;
 205.67996; 316.41394;
 291.66779; 314.08151;
 644.98395; 315.46091;
 668.74414; 314.37036;
 240.29298; 322.35757;
 738.05139; 325.40445;
 772.35675; 323.39462;
 805.39423; 323.82193;
 844.85297; 327.62;
 335.90292; 334.1301;
 690.90887; 337.22363;
 274.35959; 339.79175;
 422.39163; 339.06894;
 626.56989; 347.01303;
 791.77417; 348.63773;
 174.26363; 351.27963;
 224.89296; 352.28543;
 656.70569; 350.63245;
 717.90503; 355.77466;
 414.82401; 368.24179;
 255.96651; 375.64954;
 625.92834; 378.55594;
 731.69757; 381.71085;
 462.10764; 397.24594;
 377.37476; 401.36356;
 545.0752; 401.173;
 239.8754; 404.1413;
 590.31201; 404.13019;
 766.0318; 406.59756;
 504.91797; 408.56815;
 652.19122; 406.05603;
 715.59564; 411.49442;
 617.86926; 429.79855;
 439.24103; 432.01147;
 534.33582; 435.9537;
 682.3811; 434.54608;
 260.17929; 456.31155;
 603.27124; 460.51834;
 759.46686; 459.30475;
 499.39499; 463.01279;
 708.77081; 462.60141;
 335.30106; 466.37366;
 411.58545; 466.09384;
 657.17615; 470.86505;
 812.11511; 476.46448;
 248.87993; 482.80484;
 368.62567; 489.78351;
 740.62762; 488.02643;
 616.82599; 495.89865;
 694.42633; 495.46335;
 803.78094; 515.3587;
 601.70435; 519.73071;
 674.06091; 521.2851;
 763.06537; 520.89893;
 351.43311; 525.21826;
 637.17017; 524.51355;
 673.84869; 542.05621;
 515.54456; 548.87213;
 826.94781; 547.2196;
 224.98859; 558.1532;
 605.56482; 558.47931;
 780.87347; 555.18542;
 187.00648; 560.93097;
 358.4534; 559.07904;
 403.95557; 560.26282;
 322.78583; 569.39508;
 460.33121; 573.28766;
 214.20848; 581.00604;
 289.08215; 585.23212;
 392.81592; 591.91779;
 842.59216; 592.83307;
 660.23663; 597.68994;
 485.7532; 598.86108;
 206.16324; 604.51898;
 575.98523; 605.74573;
 223.09343; 607.89185;
 268.70984; 610.84363;
 630.18292; 616.55927;
 310.37207; 630.73206;
 555.2926; 635.24908;
 367.03793; 644.95538;
 293.53876; 654.94769;
 553.89386; 660.27478;
 473.88779; 671.86798;
 446.86731; 674.59485;
 594.22498; 676.60742;
 730.73944; 675.13885;
 688.33051; 680.60242;
 788.0365; 686.95459;
 523.33899; 694.53882;
 669.96741; 705.10126;
 334.95456; 706.10742;
 812.39362; 712.59033;
 721.24469; 716.02905;
 596.49695; 719.80145;
 202.32986; 725.61731;
 520.07758; 733.11035;
 343.76678; 739.11072;
 567.45215; 747.19684;
 602.85858; 756.10065;
 732.01447; 756.78369;
 330.24515; 765.11554;
 421.49051; 762.36975;
 508.77106; 767.4707;
 837.50128; 767.58124;
 464.41437; 773.22351;
 579.01556; 783.34869;
 348.61469; 793.05176;
 405.03238; 792.89777;
 640.76038; 791.93903;
 772.28558; 791.60547;
 813.62091; 797.45782;
 382.03326; 811.34967;
 418.44794; 816.92102;
 626.59833; 819.01709;
 505.82907; 823.68768;
 822.40955; 832.10938;
 654.83588; 839.26807;
 276.91394; 844.539;
 604.60944; 843.60248;
 383.13348; 600.43506;
 728.15448; 231.20395;
 776.23108; 233.61467;
 629.27667; 234.44196;
 371.54694; 237.98846;
 537.50903; 238.42145;
 272.32687; 242.50748;
 666.44067; 247.34854;
 310.9231; 269.33246;
 351.73016; 271.2807;
 775.36084; 288.29858;
 691.55231; 300.40271;
 359.15607; 307.83173;
 292.05673; 315.7681;
 240.49495; 319.97;
 750.41791; 325.62692;
 337.98831; 336.81781;
 383.20825; 336.81195;
 427.82126; 339.70584;
 276.68192; 343.86011;
 624.45599; 347.86462;
 663.16699; 351.35669;
 727.42682; 368.37698;
 257.39975; 376.21436;
 464.41766; 391.47543;
 376.3793; 394.11835;
 543.19141; 396.91272;
 588.20447; 400.67484;
 500.32156; 403.22763;
 769.43793; 405.24127;
 236.99182; 407.28973;
 657.74329; 411.32074;
 713.4726; 413.4754;
 434.28271; 429.76563;
 624.62097; 426.84415;
 533.42401; 439.21619;
 749.77557; 448.03427;
 416.45816; 455.77045;
 325.60867; 461.44977;
 606.84344; 458.55374;
 710.19525; 460.57837;
 654.49365; 471.34689;
 732.68274; 488.53339;
 373.65436; 491.29047;
 697.59509; 493.90796;
 622.03125; 503.15897;
 762.89545; 520.80237;
 589.47607; 526.33075;
 676.20685; 529.07758;
 349.02567; 532.29327;
 514.54993; 551.67493;
 412.7644; 558.56952;
 603.82086; 559.28387;
 317.37112; 566.73187;
 479.85071; 592.19244;
 581.63348; 602.71765;
 671.93353; 605.40253;
 267.04437; 615.71588;
 627.52179; 620.06012;
 409.33072; 632.38733;
 362.97522; 640.84009;
 556.41687; 649.19037;
 667.31586; 648.47107;
 454.77878; 668.94916;
 728.46777; 667.61444;
 597.04114; 671.29926;
 686.87677; 679.09497;
 521.4198; 689.03308;
 785.802; 690.23492;
 334.30392; 698.87152;
 721.69098; 711.45276;
 429.66745; 715.81433;
 515.72839; 732.07562;
 353.23428; 736.71973;
 568.67719; 745.04004;
 737.86694; 758.41284;
 422.98676; 762.22693;
 326.95972; 767.41309;
 471.33554; 777.33429;
 502.29913; 774.16296;
 764.90802; 782.47137;
 576.66809; 789.117;
 579.76019; 230.90271;
 668.60931; 353.70065;
 467.07065; 378.23102;
 366.39691; 392.42291;
 651.65881; 413.72928;
 429.0596; 438.27237;
 590.88232; 439.03653;
 657.40826; 471.79135;
 375.93314; 495.26633;
 621.052; 505.59912;
 359.32816; 538.7569;
 416.73865; 554.03156;
 580.85852; 595.41309;
 377.02219; 598.53497;
 479.70584; 599.73358;
 399.90338; 613.591;
 624.85773; 626.53485;
 349.12054; 643.10394;
 551.85339; 645.14929;
 454.77203; 663.61554 
