 836.53235  91.730186 
 828.06543  103.39759 
 818.97992  105.07132 
 824.96136  111.6367 
 86.811188  114.42806 
 319.01306  119.00409 
 467.66733  173.86903 
 517.10254  173.60977 
 865.69928  203.22202 
 843.62219  237.72855 
 258.32227  239.95869 
 269.41052  244.30574 
 227.3163  259.62167 
 1356.084  288.9455 
 197.08751  299.65524 
 445.97693  302.11502 
 1093.542  313.78473 
 395.4043  316.45422 
 402.11624  321.67712 
 239.33575  327.15012 
 395.75485  329.36484 
 426.14316  330.0173 
 444.69711  330.06049 
 435.47302  336.53601 
 455.84409  351.31735 
 284.69971  364.22061 
 293.74872  373.37619 
 374.46292  386.96408 
 372.60995  395.20999 
 473.12103  403.98285 
 383.5683  404.91321 
 393.85403  408.64026 
 94.614586  419.51038 
 515.13538  463.2486 
 492.47134  482.44452 
 495.28091  489.90503 
 1047.5913  492.06473 
 589.95898  528.66437 
 150.61426  548.3501 
 1046.0468  559.43359 
 292.83868  564.4455 
 160.30292  577.55115 
 1279.4521  578.91925 
 294.36108  580.20764 
 165.62471  588.0174 
 159.26526  596.05402 
 675.76282  599.89636 
 1274.1816  600.07623 
 276.95352  603.21729 
 158.12238  605.51813 
 632.61017  609.24854 
 639.54236  609.17139 
 1274.7007  610.65552 
 668.98413  613.89429 
 677.33844  634.11719 
 1333.067  642.75586 
 626.33136  667.54333 
 238.09839  686.91803 
 229.57642  695.82495 
 176.15405  720.92035 
 1214.9358  721.99432 
 1364.0269  740.92218 
 1286.2131  748.48669 
 1363.5508  750.31006 
 1072.8518  764.81726 
 489.4393  792.24127 
 762.11377  803.91028 
 698.58752  808.60382 
 172.73578  831.24591 
 800.68243  830.39105 
 789.35016  851.18774 
 278.1246  859.36151 
 46.868595  883.51996 
 374.9577  884.44012 
 828.53516  888.01001 
 159.252  956.68335 
 155.40894  971.4541 
 463.32559  982.35437 
 62.471771  984.71185 
 80.454575  987.26422 
 842.42511  987.03595 
 315.07086  994.20935 
 1418.9374  994.48926 
 790.10815  1005.4213 
 909.85303  1041.9237 
 861.70209  1065.1101 
 274.15714  1074.8604 
 849.75861  1079.7466 
 886.67548  1089.8829 
 959.17395  1090.2441 
 874.8653  1106.5344 
 889.81702  1118.7212 
 901.74402  1126.3389 
 49.793678  1132.0636 
 270.21368  1134.4991 
 181.54503  1138.5487 
 777.90466  1145.1067 
 920.98535  1157.7441 
 915.08295  1171.9993 
 956.97571  1204.8228 
 964.0769  1213.7449 
 808.99677  1215.7043 
 968.12164  1217.6862 
 1000.0399  1230.2628 
 1079.76  1237.365 
 1007.2702  1244.2524 
 255.5186  1274.6801 
 1047.8303  1281.9996 
 1026.6477  1285.9863 
 1078.5554  1287.5907 
 1063.7416  1292.8615 
 1042.1458  1298.011 
 1049.3267  1298.0094 
 1052.1117  1306.451 
 1060.7533  1317.8223 
 1146.8647  1325.2441 
 1090.3459  1328.61 
 1069.1628  1331.0024 
 1275.3353  1332.7396 
 1083.0496  1334.7214 
 230.48485  1361.9537 
 87.70681  1367.5033 
 142.5343  1367.5605 
 935.37085  1386.067 
 128.91232  1393.243 
 136.09981  1395.926 
 184.79382  1423.2487 
 1189.4106  46.113514 
 647.15204  47.952488 
 1088.2501  48.712238 
 1398.9147  51.474335 
 1274.4266  54.555882 
 761.69183  84.905991 
 820.15161  84.815491 
 300.93356  86.159988 
 153.54597  86.694199 
 204.57825  89.339119 
 345.73639  89.874825 
 1397.9326  96.539871 
 1129.562  99.69725 
 1023.1785  103.14919 
 338.26089  104.88129 
 1121.4518  104.84364 
 281.75751  106.15212 
 238.25995  114.648 
 1333.3221  115.03655 
 807.76154  118.3013 
 222.56984  125.70309 
 850.35358  129.80379 
 520.24658  131.39328 
 276.60333  133.62762 
 922.10968  133.64102 
 43.240002  136.82489 
 432.255  137.9317 
 1396.1776  138.70032 
 970.37823  147.94177 
 798.89966  154.12186 
 168.87196  154.69379 
 1393.0948  157.89137 
 854.0025  164.9644 
 337.38266  166.91435 
 414.15875  173.10918 
 528.987  177.28778 
 1261.3862  177.50935 
 511.61954  180.39195 
 1381.7128  179.72705 
 1277.4701  182.82573 
 108.83956  187.08369 
 1263.2675  186.96219 
 1374.9111  188.23624 
 389.89648  190.14868 
 946.36676  189.72133 
 906.83771  192.19594 
 266.37442  195.9417 
 240.63824  196.78381 
 1401.7573  213.78909 
 435.44986  216.66652 
 1212.7551  217.11089 
 252.29826  219.11107 
 410.32663  219.21973 
 225.91727  220.46895 
 1339.2009  220.38127 
 851.3587  221.42302 
 576.69183  222.94153 
 1330.8772  223.42288 
 1405.1177  228.75185 
 1055.6719  230.50128 
 699.53583  233.5352 
 331.1091  239.51466 
 455.84421  238.74397 
 142.66547  243.40802 
 1058.6011  251.45308 
 120.13474  255.95654 
 620.36401  259.36331 
 889.96094  265.51495 
 432.90982  268.45517 
 730.69733  267.57837 
 547.6203  277.93726 
 214.88054  283.51178 
 1299.8221  285.53055 
 221.42255  292.68414 
 209.09662  300.44376 
 196.17801  308.59238 
 388.8533  322.47879 
 525.91138  325.64236 
 416.73969  333.26611 
 231.30524  333.78024 
 200.13902  335.4256 
 252.57614  337.42526 
 1046.9779  336.96835 
 1178.0385  338.25552 
 46.028866  352.54855 
 552.01178  360.48206 
 94.172371  360.90479 
 1295.4998  366.17267 
 357.29544  366.99545 
 1089.2562  367.29352 
 441.97324  370.00525 
 498.26205  370.5047 
 369.81097  374.69348 
 179.78217  375.9595 
 1038.2715  376.81052 
 188.99205  377.71713 
 507.65103  384.46942 
 341.87552  388.1033 
 381.61456  396.78854 
 1166.3674  399.13895 
 548.31152  400.24857 
 400.75226  401.71881 
 458.76419  401.81021 
 521.92987  402.55206 
 637.67181  404.33719 
 1360.5026  408.31958 
 883.21478  415.66705 
 596.93738  418.33218 
 1359.8826  418.17252 
 541.21478  420.25153 
 454.26569  420.78641 
 958.32977  421.05081 
 531.30164  421.68628 
 116.73528  422.87723 
 623.85455  424.25806 
 1278.1327  425.97427 
 89.638321  426.90427 
 948.43732  429.69919 
 441.8887  431.09335 
 1408.0729  431.01382 
 555.88373  431.84131 
 1209.1868  431.83759 
 1316.9508  439.23019 
 63.867329  444.46786 
 116.2171  445.17529 
 399.87476  447.56165 
 116.97633  454.22479 
 1124.1891  454.03946 
 187.24861  458.94354 
 64.317291  461.55182 
 642.92255  464.98267 
 1368.1479  465.02698 
 50.55434  472.26651 
 998.42914  471.52615 
 483.06339  472.8714 
 494.82965  474.10068 
 705.36011  474.00739 
 111.61968  474.88 
 1310.9254  477.86163 
 233.36497  482.52866 
 548.25012  482.80515 
 843.78156  483.18179 
 1036.3152  485.68259 
 1210.1053  486.07245 
 1363.9583  487.07193 
 1055.3535  489.50143 
 252.63672  493.58038 
 482.36316  494.73178 
 53.583267  496.2204 
 456.7005  498.26636 
 1053.9924  503.41074 
 517.23676  506.64722 
 548.73981  507.48557 
 1037.6123  507.91486 
 1405.1881  511.15298 
 242.6891  512.43494 
 130.87184  514.16919 
 589.60297  515.48431 
 1057.2256  514.62341 
 1112.0769  528.6947 
 151.62888  529.57837 
 288.48349  533.20215 
 551.55945  533.13983 
 448.28931  534.04803 
 127.71093  536.47845 
 834.53284  540.50452 
 1401.0631  541.40491 
 249.08025  543.07428 
 461.17001  543.45599 
 641.53705  544.34692 
 222.12799  546.15887 
 161.37141  549.47498 
 999.56274  551.5976 
 633.8623  555.84064 
 990.67932  556.06122 
 600.17578  556.77454 
 762.74213  558.63184 
 621.48395  573.36621 
 1068.9561  574.26129 
 1393.4124  573.91516 
 393.23102  577.86584 
 486.70303  579.26227 
 146.8795  580.19275 
 50.722996  581.12012 
 1274.4163  586.13617 
 807.04633  589.98962 
 1386.7113  589.79449 
 1396.4628  589.61255 
 175.20132  592.08887 
 621.2843  595.66217 
 147.53522  596.73578 
 102.65004  598.41882 
 464.98953  598.85187 
 88.9533  599.52979 
 96.262016  602.47076 
 973.867  602.98871 
 666.59753  603.55054 
 306.487  606.77606 
 686.52716  611.64209 
 475.76498  615.96564 
 640.75928  618.69122 
 658.69714  627.28174 
 673.79254  626.53906 
 269.28604  631.43091 
 48.24453  634.35498 
 438.10229  634.60114 
 651.38422  634.94971 
 511.24252  636.21069 
 720.62402  637.4682 
 567.9975  639.35474 
 1326.8059  641.04236 
 274.22141  642.76636 
 1376.1299  645.1098 
 915.27301  645.64764 
 294.23642  649.78534 
 517.35486  652.4682 
 645.97278  653.59338 
 1271.3353  654.29175 
 606.26703  654.61975 
 348.80759  656.26428 
 117.6566  657.38849 
 811.11115  658.14246 
 514.2099  663.08124 
 591.62537  663.81384 
 653.9151  667.91089 
 622.46643  677.09875 
 663.94531  680.23969 
 287.26846  682.896 
 613.61066  684.05396 
 569.87494  689.13025 
 638.13934  695.47699 
 192.23933  702.68762 
 227.76143  703.11591 
 1226.3679  708.37671 
 336.63998  709.74945 
 116.86423  711.24402 
 1054.4529  711.21173 
 728.8559  715.35052 
 969.5672  715.79761 
 202.31172  717.16486 
 349.09061  716.8786 
 498.45175  718.12354 
 136.88684  721.05811 
 1369.7323  725.00452 
 1179.9287  727.6759 
 308.4913  728.57465 
 1403.0487  729.80255 
 240.7065  733.15784 
 536.49481  733.41199 
 1200.6305  734.89221 
 1096.4032  736.78485 
 145.50166  747.2923 
 1304.9048  747.13007 
 189.75148  749.41412 
 854.14941  750.414 
 170.00716  757.57867 
 1107.7179  757.8266 
 693.27155  759.9566 
 519.94049  761.83795 
 655.34631  762.59491 
 651.13141  771.59961 
 667.50464  773.19165 
 453.70255  775.07172 
 407.85315  779.92426 
 876.12225  782.19714 
 977.79095  782.53497 
 297.65063  789.62079 
 762.05548  791.36591 
 737.36426  803.13763 
 290.95483  804.40656 
 68.992264  807.04492 
 769.62042  807.65906 
 709.44312  808.85297 
 303.6011  811.56708 
 803.0072  814.159 
 1350.2876  817.45856 
 281.1571  820.61108 
 640.70673  820.95599 
 1109.3353  820.80328 
 1364.741  823.00439 
 761.78125  827.84283 
 114.4043  829.81378 
 1232.7  829.51422 
 701.58307  830.94391 
 721.50629  833.60089 
 768.93091  834.44733 
 732.11719  834.93518 
 153.99962  837.00061 
 706.16254  842.42676 
 1349.6278  843.55109 
 43.84145  845.1593 
 1318.8115  846.67999 
 721.19171  848.276 
 1245.069  848.12927 
 44.365349  853.89691 
 174.59135  856.13171 
 779.13818  855.6073 
 754.24194  862.1897 
 690.11713  875.81537 
 812.04376  878.88074 
 439.21716  879.71832 
 805.60327  889.3653 
 836.2439  904.7934 
 846.92023  909.07953 
 658.90253  910.52246 
 919.12891  911.96149 
 326.02563  919.36273 
 773.85046  920.81195 
 266.57169  922.27881 
 831.60583  923.06006 
 353.50858  926.69989 
 820.12207  928.39282 
 851.84662  930.24982 
 1236.9532  929.95898 
 1301.6012  941.36981 
 129.299  954.25781 
 70.492538  957.34393 
 890.46979  958.25458 
 1175.7753  963.80927 
 91.52832  967.3551 
 418.08966  968.39178 
 914.3255  970.79089 
 88.005913  976.1543 
 882.09125  980.17896 
 160.51743  981.05383 
 542.90692  983.84149 
 259.76361  988.08008 
 1407.9949  987.86761 
 786.3335  992.92493 
 807.86292  993.74017 
 258.9501  997.30945 
 1354.98  997.19116 
 883.18781  1001.1072 
 819.83276  1001.7338 
 1115.6035  1002.2404 
 779.57751  1003.1437 
 367.50143  1004.8054 
 891.63477  1012.4307 
 791.00769  1014.6619 
 819.05737  1016.1121 
 145.94334  1020.072 
 999.49677  1021.1951 
 74.527382  1021.5747 
 900.80597  1023.5969 
 271.80026  1028.3021 
 129.20723  1028.9067 
 120.68922  1033.9292 
 903.3053  1036.0287 
 704.85968  1040.9901 
 695.66394  1041.6298 
 937.06128  1045.5585 
 1152.354  1053.2616 
 1407.2462  1053.0297 
 832.16205  1056.3705 
 191.79228  1057.6136 
 940.95105  1059.3881 
 1049.0284  1061.8823 
 1188.6908  1065.9275 
 834.4978  1068.1428 
 203.91202  1069.2422 
 881.23682  1069.1772 
 204.08833  1079.3455 
 890.45886  1078.9022 
 942.11188  1079.1637 
 1305.2141  1081.3308 
 1286.9481  1082.3088 
 64.900444  1085.0259 
 376.56845  1088.2813 
 962.33856  1104.9858 
 889.0199  1111.2665 
 163.65175  1111.9943 
 918.88849  1111.7134 
 296.39804  1113.5304 
 620.59833  1115.0356 
 188.78835  1115.7798 
 239.28636  1116.6974 
 897.14807  1117.8663 
 179.02925  1119.6661 
 293.4191  1121.72 
 913.90186  1124.3015 
 968.21509  1125.2261 
 980.98724  1126.0853 
 589.29724  1126.6146 
 922.54736  1128.6157 
 235.99268  1132.5255 
 1274.5354  1135.7743 
 1359.0251  1135.6338 
 914.59607  1138.3896 
 1177.2001  1137.9905 
 928.55219  1139.5072 
 967.81073  1138.8961 
 261.78006  1140.1151 
 1019.4709  1141.7429 
 980.16522  1143.6921 
 253.70068  1145.0636 
 1088.9191  1144.9103 
 594.16797  1147.7097 
 927.97626  1147.9945 
 920.69165  1149.0309 
 936.49255  1149.5348 
 831.91803  1156.1151 
 589.29205  1157.2734 
 941.02441  1158.2461 
 929.25616  1159.3108 
 275.92941  1162.6879 
 850.12933  1163.8873 
 330.80826  1166.9518 
 926.67175  1167.5577 
 936.31293  1167.7946 
 323.33447  1169.5809 
 1035.7828  1171.3672 
 1003.3585  1171.7112 
 422.17981  1172.7302 
 922.46417  1174.1448 
 1297.4331  1175.5244 
 822.96582  1178.0706 
 927.36426  1182.1766 
 936.79944  1182.4463 
 308.71985  1186.0431 
 961.47827  1185.7739 
 1054.1799  1189.2274 
 1026.2532  1191.1925 
 951.69934  1196.8665 
 466.89203  1199.2448 
 1048.1696  1199.769 
 1264.6083  1201.0684 
 605.46442  1205.792 
 988.35455  1210.6453 
 631.466  1214.8342 
 1066.9282  1214.818 
 1057.3613  1217.6952 
 509.55359  1218.6401 
 1077.9362  1222.3038 
 804.85547  1223.7762 
 1069.2386  1225.0948 
 1377.8601  1228.3552 
 287.93442  1229.4618 
 546.96063  1232.051 
 946.29449  1231.7783 
 216.20569  1233.1371 
 280.15787  1234.7661 
 574.35303  1235.8973 
 1008.8303  1235.5444 
 417.83084  1241.6549 
 161.8363  1245.095 
 1006.4971  1251.5264 
 1079.7512  1257.2766 
 1022.6196  1259.698 
 1103.801  1261.9784 
 1062.5129  1263.0718 
 1207.9436  1267.8661 
 1016.4526  1276.4565 
 1026.9679  1275.5125 
 1083.9567  1278.6687 
 181.23912  1280.7974 
 796.98816  1281.2673 
 1068.2405  1282.7594 
 1035.385  1286.1014 
 1325.8181  1286.3262 
 761.89697  1288.1053 
 396.74261  1290.0135 
 467.67517  1291.5951 
 660.28125  1295.022 
 137.85109  1297.7642 
 398.12439  1298.8176 
 1080.7255  1299.9376 
 129.15694  1301.7717 
 152.70398  1301.6558 
 407.57321  1301.8478 
 1146.9653  1308.9821 
 755.72076  1310.1842 
 43.31118  1311.7173 
 1139.0593  1316.3538 
 379.93259  1317.7909 
 1068.8484  1320.6216 
 1078.0724  1322.4447 
 402.13037  1324.3103 
 520.77136  1323.5936 
 1258.6682  1334.7761 
 1193.6465  1335.9397 
 951.65295  1341.1168 
 1093.7214  1343.0892 
 169.46085  1349.1066 
 385.44589  1355.6118 
 667.90051  1359.422 
 896.62787  1362.9027 
 163.59888  1370.3873 
 231.71388  1369.5834 
 457.8718  1371.2064 
 666.59119  1372.6761 
 1237.7675  1374.2351 
 389.49777  1374.8019 
 1216.385  1374.9249 
 110.80426  1377.1904 
 1195.7854  1378.0371 
 1295.859  1382.3905 
 84.284172  1383.8079 
 465.62363  1386.5613 
 651.56537  1387.9313 
 546.22357  1395.9738 
 229.08679  1399.8491 
 933.01538  1401.2269 
 260.20923  1402.1642 
 520.47137  1403.5211 
 434.45908  1405.5146 
 285.94739  1405.7435 
 229.84445  1409.2053 
 1083.7228  1409.2489 
 1330.5664  1410.0386 
 293.73743  373.2168 
 293.29465  564.01672 
 889.96442  1119.4987 
 1041.8773  1298.1356 
 136.40067  1395.5699 
 342.22208  58.911667 
 246.35027  65.18824 
 744.38049  68.655098 
 1096.3862  71.24144 
 87.827286  72.311607 
 291.35233  82.00676 
 761.73499  84.98951 
 300.86707  86.099091 
 153.89038  86.819733 
 836.44403  92.12767 
 1131.4766  101.25357 
 1044.699  102.3238 
 829.08167  103.43401 
 1022.7347  103.01061 
 1120.5969  104.72897 
 282.29501  106.21587 
 818.89978  106.4442 
 1391.1005  109.27635 
 824.82202  112.27736 
 86.402061  113.63545 
 807.47736  118.40085 
 222.84183  125.94513 
 849.90991  130.05345 
 314.42166  131.61778 
 921.80542  133.17621 
 276.90295  133.88667 
 432.11249  138.20442 
 1328.1547  140.74255 
 798.17719  144.01495 
 970.75543  147.58604 
 1383.4299  150.37851 
 168.36209  155.30782 
 1393.4641  157.6805 
 853.89746  165.26266 
 177.75296  167.52686 
 1066.9417  168.13185 
 301.44559  171.53687 
 414.02603  172.74123 
 517.22443  173.2429 
 1382.861  180.86784 
 1265.3245  183.92995 
 1042.1394  184.72263 
 108.53439  186.75909 
 1375.3114  188.21457 
 946.20337  189.64394 
 981.32275  191.15848 
 907.15259  192.03403 
 266.00391  195.44116 
 241.47566  196.7162 
 218.92644  200.72099 
 236.05363  206.15799 
 1145.933  207.58165 
 91.814293  213.78566 
 1212.6521  217.74136 
 252.31688  218.68861 
 410.31558  219.27045 
 226.16188  220.4122 
 1339.4432  220.28236 
 576.39557  222.80907 
 1329.9932  223.16364 
 73.155205  227.90117 
 699.51746  233.95792 
 124.62514  235.77737 
 843.74023  237.69864 
 331.08875  239.04018 
 115.27847  247.98672 
 120.4966  256.52325 
 620.43066  258.92844 
 889.94629  265.60367 
 214.85396  282.79135 
 1299.7281  285.2641 
 1355.9675  289.00128 
 221.60889  292.26538 
 197.16957  299.27972 
 209.09453  300.57315 
 446.13922  302.20453 
 196.52985  309.4213 
 1094.0315  314.12582 
 396.0506  317.29907 
 388.33124  321.11923 
 401.47913  320.73694 
 525.23059  325.1283 
 488.31729  327.87894 
 395.59311  329.65207 
 425.52734  330.03354 
 444.53348  330.09897 
 416.86975  332.60992 
 1062.0676  333.94751 
 435.43182  337.2131 
 1046.7848  337.72122 
 1178.0405  338.05225 
 252.55818  339.22952 
 265.91248  344.96246 
 321.88974  349.10123 
 427.75131  349.42194 
 826.06915  350.71118 
 455.70636  352.30356 
 500.63751  358.23801 
 284.42578  364.47739 
 445.3187  365.82861 
 358.00778  367.17078 
 441.34561  370.86035 
 498.43381  370.59189 
 551.71716  370.50287 
 368.98126  374.88022 
 1037.7489  376.1329 
 1048.1205  376.85281 
 189.46625  377.86066 
 426.38208  379.68369 
 1252.7682  380.36411 
 1217.3491  382.99084 
 1356.0778  382.85355 
 508.3905  385.65833 
 375.40778  386.86359 
 342.87064  388.29163 
 526.75714  389.46939 
 394.00644  390.12482 
 370.12201  395.06189 
 381.96774  396.44754 
 1165.7045  399.08344 
 548.11438  400.19223 
 458.45206  401.29596 
 1150.8253  400.88092 
 521.80298  402.41852 
 413.79089  403.60284 
 473.58145  404.41156 
 636.76825  403.88925 
 1360.9485  407.6524 
 394.16071  409.84634 
 1197.7903  415.62317 
 555.72491  416.83356 
 1359.7974  418.24783 
 94.696846  419.20868 
 596.58246  418.6152 
 1179.2784  419.19556 
 454.75171  420.73398 
 958.47211  421.48453 
 623.77655  423.38339 
 1110.228  423.67184 
 1278.2202  426.39523 
 89.479271  427.10553 
 948.23389  429.56409 
 441.38165  430.89886 
 556.11969  432.17032 
 1208.9642  432.00153 
 1316.3705  439.20197 
 1250.7052  441.87927 
 64.002724  444.41937 
 115.35004  444.44989 
 381.79504  446.42307 
 399.68484  448.16098 
 72.233559  453.43988 
 1033.1713  455.19559 
 63.123085  459.39224 
 187.13283  459.15625 
 587.20941  462.87863 
 515.25995  463.51364 
 642.62781  464.87534 
 999.22614  471.2742 
 483.22351  472.60519 
 495.79666  473.82678 
 705.2417  473.97745 
 112.07326  474.64566 
 1310.9388  477.29526 
 539.7262  478.57666 
 1321.6174  481.95856 
 492.28842  482.58633 
 548.58649  482.72461 
 843.61792  483.55417 
 1036.0901  485.1351 
 1209.865  486.59576 
 605.11365  488.22839 
 522.89972  488.90518 
 990.02679  490.65649 
 1026.3613  491.42349 
 1046.8955  491.21915 
 1056.3978  490.71661 
 252.99648  493.59943 
 483.12564  494.71997 
 593.91864  496.1647 
 869.05817  495.72125 
 503.77011  496.89197 
 1055.0897  503.7037 
 517.28265  505.60498 
 549.19373  507.37967 
 1037.2157  507.97311 
 643.41992  510.74255 
 131.09894  514.19244 
 1345.1229  514.99268 
 588.88477  515.51422 
 370.51511  517.84045 
 1101.1979  519.19281 
 792.29352  522.172 
 1059.9904  526.09839 
 570.6225  527.82983 
 589.82397  528.08752 
 151.4864  529.21979 
 531.302  529.8183 
 448.48358  533.33112 
 1278.5046  532.71039 
 126.9884  536.49438 
 834.48486  540.05084 
 1044.1981  540.87683 
 462.23447  543.38885 
 641.72351  544.37006 
 221.99825  546.32507 
 151.11903  548.68134 
 161.28989  549.13806 
 601.11511  556.32635 
 634.68097  556.02881 
 990.48792  555.98975 
 762.85596  558.50549 
 1046.0885  559.73065 
 137.9481  562.67834 
 461.57486  563.4458 
 621.66968  573.08008 
 1393.4167  574.09619 
 1068.3455  574.75708 
 159.754  576.88763 
 146.91904  580.06042 
 294.19046  580.42273 
 614.18494  581.73645 
 165.07324  588.04883 
 1386.5201  589.35461 
 807.06049  589.53204 
 569.42651  591.34998 
 612.2511  592.54657 
 662.85529  593.4953 
 158.62953  596.13165 
 621.11737  596.03674 
 146.78416  597.37848 
 465.13501  598.98065 
 88.38987  599.61346 
 675.73108  599.50189 
 277.18015  603.33374 
 665.85736  604.19238 
 158.06554  606.00555 
 640.09869  608.48822 
 686.92029  611.30328 
 1274.5605  610.96509 
 669.427  613.82574 
 475.24088  616.27753 
 641.32562  619.00226 
 659.08429  626.46533 
 673.11566  626.22028 
 269.81482  631.71191 
 438.28943  634.81689 
 651.07281  634.57312 
 511.51349  636.46912 
 720.63757  637.07837 
 420.55807  639.05273 
 568.43927  638.87427 
 273.94681  642.94843 
 676.45038  643.6499 
 1375.1981  645.16632 
 914.95502  646.16211 
 687.06049  648.31378 
 1077.734  649.65106 
 517.43536  652.46405 
 646.46405  652.69128 
 1270.9299  653.91119 
 348.48557  655.9184 
 605.54205  655.64117 
 116.85421  657.2793 
 811.69781  657.9953 
 1190.5582  658.95575 
 667.89313  660.84247 
 514.24426  662.98511 
 592.00299  663.83087 
 626.84473  667.34692 
 676.92444  667.48785 
 654.05823  667.56653 
 611.02991  670.23431 
 1366.4572  671.25104 
 623.08911  677.3421 
 662.75989  681.36798 
 287.75787  682.64209 
 613.06287  684.48096 
 237.99835  685.85883 
 570.25433  688.82068 
 637.11707  696.17719 
 693.14172  698.76569 
 664.40161  704.80524 
 404.16296  706.08099 
 1226.5509  708.10242 
 116.39091  710.96338 
 1054.436  711.57739 
 728.01733  715.27301 
 871.54486  714.78357 
 175.84651  720.83197 
 1215.1737  721.85345 
 1179.6222  728.34631 
 517.39423  731.08698 
 1168.6432  732.1142 
 1391.7946  732.14246 
 240.40739  733.08972 
 536.89087  733.2431 
 1197.8035  735.02979 
 1096.9872  737.25787 
 1364.1064  740.84094 
 1110.1578  741.93713 
 1042.8973  745.91418 
 144.65269  746.95514 
 1304.8611  746.87329 
 1286.6511  748.84778 
 854.59375  750.16461 
 1363.5313  751.24811 
 1107.1599  757.9328 
 693.34674  760.07208 
 1153.8931  760.74487 
 519.71704  762.33075 
 655.06226  762.1474 
 1073.7631  764.71924 
 195.10454  767.75806 
 666.91376  773.55066 
 453.8559  775.11108 
 697.81152  776.008 
 408.07288  780.35168 
 876.30731  782.29663 
 977.49316  782.06641 
 438.0538  783.81726 
 463.69064  791.14008 
 761.70447  791.49786 
 488.95618  792.27405 
 752.54321  795.55988 
 737.02716  803.09357 
 761.81482  802.89807 
 290.42474  804.39838 
 747.15082  803.58795 
 770.42462  806.99982 
 697.91174  808.85565 
 710.20966  808.80084 
 99.594933  810.84259 
 803.25299  814.26709 
 886.84198  813.63452 
 763.86646  817.44995 
 640.86951  820.92731 
 800.69513  830.26788 
 1232.984  829.73236 
 701.5741  830.49396 
 172.57155  831.63861 
 721.35046  834.20905 
 732.39563  834.35724 
 768.57269  834.74231 
 154.38838  836.44122 
 878.37366  838.97144 
 1349.9205  843.27008 
 732.82666  847.33307 
 1319.0472  846.88403 
 720.70093  848.3515 
 745.10535  852.2547 
 779.36761  855.41742 
 223.14706  856.32367 
 278.15482  859.31793 
 754.59949  862.55432 
 810.94934  864.90741 
 778.36102  866.09235 
 1173.1262  868.67664 
 791.76147  872.1886 
 689.80164  875.9826 
 810.31848  878.62714 
 439.55542  879.76788 
 1110.0964  883.23749 
 375.08237  885.05823 
 754.68677  886.96039 
 828.57861  887.85223 
 821.45038  895.04211 
 292.24954  900.09497 
 223.08376  901.90448 
 836.3147  903.9939 
 847.19727  908.90607 
 658.58673  910.27307 
 826.61365  912.22546 
 919.19208  911.68732 
 773.7464  920.78442 
 266.19562  922.00366 
 845.36713  921.60052 
 830.8504  922.9671 
 821.2348  928.72919 
 851.35553  929.4292 
 1236.704  930.38916 
 1384.3052  929.86542 
 435.68274  937.98578 
 870.83972  942.94501 
 129.2892  954.2179 
 159.93878  956.44086 
 890.13989  958.17383 
 850.71149  959.90759 
 759.94586  962.3056 
 862.85773  963.53693 
 417.0527  968.92834 
 103.81597  971.34448 
 155.65762  971.46722 
 914.06976  970.77563 
 88.414581  976.37695 
 882.23486  979.96655 
 161.13243  981.61517 
 1067.5316  981.53931 
 463.52948  982.66656 
 543.41803  984.18506 
 81.806091  986.95624 
 842.20526  986.90692 
 259.78412  987.74121 
 786.02325  993.24066 
 809.35254  993.57104 
 1354.6444  997.67029 
 818.9762  998.73236 
 883.63135  1000.2916 
 778.95801  1003.2452 
 1115.5399  1002.6013 
 367.2919  1004.5737 
 789.99115  1004.785 
 829.68109  1006.9415 
 891.49994  1012.6538 
 791.44012  1014.7074 
 999.42505  1020.9786 
 820.47388  1021.9678 
 901.33679  1023.4391 
 192.89954  1028.0377 
 271.53583  1028.5149 
 129.18336  1028.5709 
 120.56701  1033.6084 
 917.57709  1034.1499 
 903.90808  1034.692 
 927.32068  1036.6335 
 839.50256  1040.1738 
 695.26154  1041.8491 
 632.88611  1043.4419 
 909.78235  1042.6017 
 370.19611  1044.9565 
 937.34204  1045.4131 
 1153.0002  1052.8528 
 832.76166  1055.8031 
 191.36827  1057.6112 
 939.75677  1058.2928 
 1049.2607  1061.87 
 847.36487  1064.0426 
 862.64594  1065.344 
 1188.4082  1066.4961 
 833.95776  1068.0493 
 881.1424  1069.0049 
 869.7251  1070.2369 
 273.06635  1074.8656 
 859.79254  1075.986 
 889.6792  1078.9604 
 811.17737  1080.2375 
 849.52264  1079.877 
 943.13849  1079.6688 
 1305.2217  1081.29 
 1287.045  1082.3958 
 65.157303  1084.1846 
 885.86029  1089.922 
 959.09235  1089.6812 
 941.66608  1094.5189 
 390.46472  1105.1726 
 963.1806  1105.4254 
 874.96307  1106.922 
 889.15106  1110.8485 
 379.39841  1113.009 
 941.5434  1113.7117 
 188.22787  1115.9036 
 239.43195  1116.4625 
 792.1015  1117.3615 
 897.52191  1117.1722 
 913.23279  1123.2717 
 319.25565  1126.1036 
 589.7915  1126.5322 
 968.1991  1126.0302 
 981.08136  1125.7809 
 901.95435  1127.3113 
 923.19897  1128.6713 
 235.84818  1133.2603 
 270.29428  1134.5718 
 1359.4109  1136.1698 
 181.54187  1138.5363 
 915.95673  1139.2567 
 966.55054  1139.4043 
 261.87851  1140.0994 
 768.80206  1139.5253 
 1019.4365  1141.8766 
 979.72211  1142.53 
 904.14954  1143.6683 
 253.15915  1144.9585 
 777.94958  1145.1035 
 920.35284  1148.0291 
 928.02222  1147.9052 
 937.72845  1150.2562 
 832.43097  1156.1305 
 941.12994  1157.0165 
 590.02716  1157.5691 
 920.84485  1158.269 
 503.21881  1158.9037 
 696.81604  1158.703 
 930.51672  1158.9465 
 1006.7545  1160.7913 
 276.43845  1163.4373 
 850.52142  1163.6304 
 684.19543  1164.8735 
 837.96625  1164.6421 
 923.83881  1165.7435 
 936.78888  1167.4528 
 328.22931  1167.7852 
 914.76709  1171.9518 
 1004.8937  1171.7653 
 1035.7345  1171.677 
 1287.4161  1172.1085 
 421.75589  1172.8879 
 750.49829  1172.9563 
 1297.9178  1176.3407 
 719.06647  1178.7635 
 823.50146  1178.652 
 926.97223  1182.9417 
 937.72784  1182.7904 
 1044.2434  1183.6315 
 961.17383  1185.2791 
 307.84692  1186.2153 
 1054.5422  1189.2839 
 1026.0771  1190.7533 
 963.60773  1195.2749 
 951.62341  1195.9065 
 466.8808  1199.0894 
 1048.7177  1199.8347 
 956.89612  1204.778 
 989.70447  1209.2649 
 581.33179  1212.9254 
 1067.1978  1213.926 
 631.91071  1215.3483 
 965.14124  1215.4454 
 509.89825  1218.4745 
 999.93292  1218.1494 
 1056.8651  1217.7496 
 982.81384  1221.5293 
 1078.627  1222.6404 
 1068.6735  1224.8375 
 1378.0829  1228.2648 
 287.92801  1229.5144 
 884.58459  1231.4049 
 998.89215  1230.6725 
 547.27563  1231.9258 
 279.09818  1235.1433 
 574.40582  1235.2695 
 1009.2246  1234.9749 
 1079.4851  1237.6379 
 417.89377  1241.5586 
 161.72444  1244.9036 
 1249.8765  1244.662 
 1018.8917  1245.6342 
 636.16022  1246.974 
 1006.9788  1248.9899 
 1079.5314  1257.9141 
 1022.4117  1259.0963 
 652.59039  1261.0104 
 1103.4174  1261.8977 
 1062.3763  1262.9436 
 1207.9907  1268.3546 
 791.85413  1272.6007 
 255.09259  1274.0511 
 1027.9044  1276.1361 
 1016.1564  1276.6798 
 1036.5548  1277.9335 
 1084.4374  1278.0822 
 73.532539  1281.8846 
 796.88849  1281.7026 
 1047.9714  1281.8066 
 1035.9614  1285.8488 
 1326.3105  1286.2863 
 761.72241  1288.2013 
 1078.2871  1287.7454 
 146.50026  1289.3309 
 396.35217  1289.2152 
 467.34976  1291.1954 
 1063.6786  1292.2931 
 659.54755  1294.8167 
 1051.4615  1295.7214 
 138.2718  1298.3715 
 398.17325  1299.1105 
 152.78549  1301.6163 
 407.84567  1301.7397 
 1051.8568  1307.3082 
 1146.7614  1308.4109 
 755.64136  1310.5563 
 1138.5771  1316.704 
 380.2146  1317.7081 
 993.69434  1317.634 
 1059.5461  1317.6964 
 1069.4784  1321.0476 
 1078.2421  1323.4122 
 1173.6301  1325.3604 
 1146.6395  1325.7786 
 1090.4733  1326.9581 
 1069.7316  1331.9354 
 1275.1044  1332.4584 
 1082.2635  1333.8956 
 1259.0625  1334.6584 
 1193.6191  1335.9717 
 435.30542  1340.7933 
 780.23047  1342.1674 
 1093.8246  1342.4948 
 159.34636  1345.7963 
 169.15675  1349.7114 
 385.5589  1355.3267 
 667.80347  1359.6232 
 896.72748  1363.1986 
 142.2186  1367.5725 
 231.68298  1369.7814 
 666.87305  1372.3522 
 389.78012  1374.2059 
 1237.6304  1374.2693 
 1216.0681  1374.85 
 110.6141  1377.1475 
 170.23131  1377.9733 
 1295.9542  1382.5081 
 84.409439  1384.1938 
 651.62494  1386.8113 
 128.62329  1394.0016 
 546.56158  1395.798 
 1040.4344  1298.4421 
 835.15668  92.015511 
 281.94382  105.81854 
 818.62006  108.32812 
 1263.377  181.64848 
 108.25304  185.95578 
 394.20517  316.17947 
 202.86569  320.77356 
 489.52359  326.30252 
 443.85254  328.11115 
 395.87997  330.71341 
 432.69757  336.3598 
 252.19865  341.15555 
 454.83533  352.4469 
 426.94406  352.98532 
 441.43704  369.07083 
 368.12854  375.12378 
 424.98535  379.88437 
 510.8367  385.4238 
 527.1554  387.56125 
 381.01584  393.92331 
 402.8764  399.57224 
 473.09155  404.47824 
 535.32367  407.38718 
 605.9101  410.2438 
 392.31778  411.03558 
 552.54242  413.78058 
 1179.2069  418.24802 
 957.17743  420.517 
 1253.5203  442.95776 
 488.99088  450.70761 
 568.37402  454.96173 
 583.71417  464.08051 
 1308.3014  474.93851 
 501.98306  483.15256 
 1038.6989  484.31387 
 1024.5245  492.01102 
 591.61993  493.15942 
 501.94885  500.74167 
 518.59503  502.51627 
 646.5719  507.46149 
 569.2774  526.60614 
 589.31177  525.81281 
 447.29697  531.8681 
 530.42169  531.25122 
 642.40411  543.50854 
 221.38367  545.76117 
 552.59631  555.98065 
 601.78296  556.25037 
 633.96558  556.05505 
 160.24948  574.07782 
 628.26434  573.43408 
 163.95868  586.54767 
 570.5968  591.53601 
 157.81505  596.36914 
 674.14984  597.49146 
 640.47296  606.05402 
 669.20844  611.25891 
 648.99023  633.51746 
 569.65753  638.69354 
 675.59497  641.89191 
 604.37927  655.3559 
 665.40265  657.26752 
 590.31964  663.8429 
 677.9353  667.39722 
 608.43463  672.62372 
 625.3302  677.62036 
 658.77673  680.61243 
 633.89655  696.75635 
 691.21008  697.05261 
 1054.1118  711.81628 
 1095.3164  736.59924 
 1194.8807  735.17023 
 1109.0709  742.11841 
 1361.4148  752.29626 
 1105.9805  758.17407 
 734.6073  802.16589 
 694.64691  807.66541 
 710.55737  807.68079 
 700.09491  828.55969 
 719.00354  832.57623 
 719.43134  848.43878 
 734.67206  848.24316 
 754.20276  862.78577 
 808.04449  861.13391 
 792.10284  872.4328 
 806.25116  876.14575 
 828.25983  885.44147 
 817.841  895.76508 
 844.4668  905.68762 
 825.27667  911.74573 
 846.19653  923.76544 
 872.55573  945.40674 
 886.65479  955.46332 
 861.87079  961.63904 
 912.77313  969.33453 
 88.636658  974.75226 
 884.38898  977.72424 
 786.19855  993.33405 
 813.79956  995.48566 
 882.70551  998.12109 
 775.28314  1002.7307 
 1112.9611  1001.1367 
 830.30457  1006.8841 
 820.50159  1021.3897 
 828.00397  1027.0129 
 904.28809  1028.4821 
 911.53912  1028.1647 
 935.71539  1041.5391 
 831.9068  1053.4467 
 937.46777  1057.0309 
 848.46271  1063.4034 
 866.4201  1066.3641 
 828.58826  1068.0251 
 270.66461  1073.8422 
 887.85474  1076.951 
 847.44666  1080.5992 
 943.51477  1079.1223 
 864.08527  1087.6021 
 957.33508  1088.0635 
 882.05518  1090.5597 
 872.72766  1106.0164 
 890.41382  1111.368 
 911.99402  1119.3916 
 980.95862  1122.5323 
 966.22095  1124.5828 
 925.81201  1127.4342 
 900.02179  1129.2899 
 961.7099  1138.3462 
 899.26953  1139.8217 
 979.81598  1140.2347 
 916.69861  1141.7782 
 1016.3638  1142.2905 
 940.7063  1151.8479 
 695.78625  1158.2269 
 1004.0732  1157.9802 
 918.50037  1162.2769 
 914.15332  1169.3152 
 1004.1127  1171.4652 
 1033.1329  1171.053 
 749.82196  1173.4874 
 1042.2611  1180.4011 
 939.67438  1183.7156 
 1025.7803  1188.8989 
 948.33179  1192.7305 
 962.06372  1193.2565 
 978.87329  1196.7401 
 1047.1586  1199.8712 
 963.27454  1215.7784 
 997.87567  1215.3831 
 979.84387  1218.1439 
 1061.8779  1224.2073 
 1012.9342  1229.048 
 994.8927  1231.3644 
 1077.3412  1236.1732 
 1020.4852  1243.9081 
 1005.1946  1248.833 
 1076.0541  1260.6808 
 1101.6179  1260.7291 
 1013.2136  1278.8384 
 1032.8929  1278.5544 
 1048.8221  1278.5654 
 1076.5574  1287.528 
 1052.1549  1292.3138 
 1063.8944  1302.4053 
 1043.8558  1303.9202 
 1079.5536  1304.8239 
 1075.7841  1321.243 
 1091.1875  1323.1083 
 1274.1377  1331.1328 
 1067.7975  1334.2291 
 1038.804  1257.5889 
 1262.9481  180.53935 
 392.54849  314.2402 
 444.06091  327.43958 
 397.08881  333.05069 
 426.86511  332.9671 
 495.29507  333.2403 
 456.91168  353.21289 
 441.45181  368.1785 
 371.06967  377.14224 
 517.89069  384.78293 
 527.35535  387.09491 
 380.50183  391.72379 
 404.27185  400.93323 
 473.4147  404.5939 
 552.63409  413.00589 
 391.67374  413.92133 
 489.2168  450.35388 
 566.52997  458.12979 
 585.14069  467.53583 
 1307.6486  475.07535 
 500.01782  480.98309 
 1039.8326  483.40073 
 590.33826  488.00916 
 528.15582  500.36591 
 501.23059  504.45004 
 568.0849  526.68701 
 589.6842  526.21643 
 615.52771  525.99182 
 447.133  531.36041 
 642.49866  542.11816 
 633.88397  556.56299 
 550.70215  557.73199 
 627.89014  574.14746 
 164.39778  586.4256 
 572.77228  590.90015 
 638.55438  604.95953 
 649.56543  631.66437 
 674.59961  630.89691 
 570.50018  636.99127 
 676.60907  636.36377 
 605.82739  654.96649 
 664.07874  655.33032 
 678.04517  667.67188 
 608.18463  673.57819 
 629.55054  678.21021 
 659.56213  678.70862 
 678.28625  732.6203 
 712.82617  806.88519 
 718.96783  832.76874 
 737.69843  848.59491 
 719.69873  857.23865 
 808.53973  858.89532 
 754.63007  861.85107 
 796.84314  875.54053 
 809.45752  876.56012 
 843.06561  902.63147 
 845.78424  923.948 
 753.92572  942.11267 
 876.36188  947.4823 
 862.30798  960.11676 
 887.36719  977.31018 
 785.54407  993.87695 
 813.02246  995.36951 
 882.34125  1001.5087 
 832.94373  1007.9156 
 801.59418  1013.2606 
 827.78986  1025.2081 
 908.61115  1027.3651 
 934.85278  1036.2335 
 810.51178  1037.4673 
 830.91205  1052.7535 
 932.46619  1056.0713 
 849.57782  1060.765 
 869.01996  1066.5001 
 846.78992  1083.4862 
 865.1853  1087.8649 
 957.02545  1087.9603 
 882.44189  1089.5747 
 901.99213  1094.1697 
 871.77509  1107.0062 
 892.52655  1112.6735 
 911.33307  1117.309 
 964.04559  1124.0988 
 930.25928  1127.8213 
 898.19727  1132.6965 
 959.14038  1138.9661 
 979.46021  1141.505 
 921.08984  1143.3617 
 915.22699  1166.7285 
 1030.6022  1171.5305 
 957.46625  1173.4519 
 942.56146  1185.7295 
 982.77527  1197.6653 
 999.61877  1214.0114 
 960.74756  1215.4418 
 980.75818  1217.7776 
 1059.0116  1223.6316 
 1015.0486  1227.7777 
 993.69727  1235.0452 
 1018.3391  1236.4625 
 1076.0573  1236.348 
 1021.9918  1245.0605 
 1005.0125  1250.0232 
 1031.8354  1279.4771 
 1076.1539  1289.6099 
 1055.7188  1292.5137 
 1079.3442  1302.032 
 1043.8138  1305.9447 
 1093.5677  1319.171 
 1072.3435  1321.8297 
 439.04053  311.4335 
 417.18524  333.03439 
 496.28085  331.34485 
 379.63123  386.23129 
 520.20557  386.10159 
 548.42236  407.79477 
 487.59369  450.54367 
 578.81586  467.28815 
 525.71838  501.53293 
 561.49799  524.19629 
 594.93121  527.03186 
 543.93121  559.22455 
 574.94452  589.36957 
 637.77655  601.00598 
 565.8125  628.96869 
 608.88849  644.81635 
 633.41809  674.36603 
 652.0661  675.03998 
 682.36176  730.53546 
 748.18091  854.89313 
 794.3924  872.7337 
 842.20856  892.58527 
 835.28333  921.83856 
 873.29755  946.67126 
 811.45038  993.15594 
 881.42987  1001.8838 
 797.05237  1021.0794 
 837.2674  1053.6167 
 861.85583  1085.4673 
 875.46588  1084.3595 
 905.90955  1112.1838 
 977.16052  1140.0796 
 909.87451  1164.1481 
 1027.6969  1168.7762 
 941.3761  1183.4031 
 980.92987  1213.5673 
 951.60486  1215.2279 
 1008.8925  1216.9232 
 1067.9152  1231.079 
 990.7627  1240.6548 
 1029.8141  1277.5939 
 413.02701  336.05368 
 382.55576  386.99698 
 526.69324  388.63016 
 503.34735  466.11542 
 573.38507  464.44882 
 558.5954  520.28693 
 603.4649  527.83105 
 573.57501  590.03979 
 642.71924  592.41559 
 678.83337  624.50098 
 606.58887  641.2547 
 619.99316  660.15417 
 643.21246  671.53052 
 746.6698  851.78064 
 789.10681  871.94391 
 827.63483  920.0119 
 866.65399  945.78143 
 812.12756  992.59875 
 884.70618  1010.6902 
 793.31262  1029.1067 
 832.78943  1051.4209 
 881.05768  1087.7866 
 907.90186  1112.436 
 975.39178  1140.4967 
 1029.9542  1168.0679 
 939.22943  1183.1033 
 989.23108  1209.4025 
 564.87305  452.07675 
 500.60211  465.74527 
 609.85071  530.14081 
 575.06866  590.11133 
 651.70923  598.17566 
 625.36713  654.29224 
 788.57794  870.80292 
 512.65649  476.43628 
 654.29272  590.49884 
 576.76709  606.47461 
 617.4054  655.61322 
