 982.1214  34.337528 
 1149.6945  43.439587 
 1014.71  51.557339 
 1420.9874  59.688 
 1016.4197  63.081779 
 929.67444  79.069595 
 179.94235  90.572594 
 1028.4413  99.801285 
 1367.6393  100.31278 
 1296.7784  103.45869 
 1391.926  108.11205 
 693.90826  112.28507 
 1389.7389  121.09024 
 320.8808  124.4555 
 346.17899  132.53317 
 673.25433  135.23659 
 920.06677  136.31937 
 779.21985  139.02481 
 656.81519  143.83037 
 667.00293  144.90813 
 648.0343  147.35805 
 916.6709  148.67522 
 731.26959  172.96548 
 351.63367  190.01184 
 142.55426  203.16805 
 1017.1386  208.33124 
 1006.0834  215.26532 
 1015.6771  216.74818 
 198.99416  218.17618 
 190.68253  220.95695 
 556.96002  220.73303 
 945.45258  225.59915 
 937.38617  228.15332 
 1020.5617  241.59438 
 750.87018  243.42622 
 1201.5254  242.3302 
 1054.6549  244.95992 
 709.36432  249.06496 
 158.27106  253.04936 
 738.01508  252.70853 
 936.31421  253.401 
 1019.5836  253.12115 
 271.83444  254.10408 
 605.51483  254.39951 
 1029.6957  257.80264 
 617.4317  257.5412 
 949.68732  258.10309 
 278.51785  271.08514 
 1017.0646  277.97729 
 134.62367  279.14526 
 344.38486  323.87329 
 329.67731  328.11411 
 921.72888  375.28833 
 488.06561  378.38242 
 917.46643  381.27112 
 949.84314  385.43658 
 273.23111  402.62567 
 197.97662  434.08087 
 1412.1344  469.43225 
 514.95697  474.58981 
 1417.4668  475.87787 
 389.82062  477.6506 
 1409.1206  478.29974 
 299.44638  482.32648 
 930.53058  483.02194 
 245.99741  509.02243 
 651.87866  527.81689 
 882.12744  560.15118 
 885.53345  566.11444 
 117.07409  566.44153 
 828.30914  583.9021 
 28.721798  588.57275 
 896.11273  594.07751 
 474.17148  600.11157 
 882.9353  611.2851 
 760.61169  656.35388 
 142.05238  695.61615 
 742.57501  717.04016 
 35.085274  745.14331 
 1404.7908  750.09967 
 778.07886  769.54523 
 49.575188  796.65338 
 1190.8896  860.97137 
 738.66284  869.25757 
 617.69379  894.56592 
 610.23059  900.11499 
 659.80975  930.64447 
 490.62762  953.93274 
 583.02106  983.44116 
 601.77924  986.52881 
 444.8511  1016.163 
 645.8371  1016.6005 
 572.51196  1018.5422 
 967.3667  1019.1221 
 592.82275  1020.5813 
 569.28735  1037.3859 
 568.67798  1051.9141 
 551.22351  1084.3174 
 628.74164  1083.6223 
 535.90192  1086.1287 
 1231.7203  1105.1799 
 92.171387  1117.2155 
 1201.8307  1116.9445 
 1075.5636  1120.9104 
 528.44574  1138.7427 
 524.12787  1149.827 
 522.63837  1155.0345 
 527.97577  1188.672 
 1088.0143  1195.7465 
 519.38043  1202.2284 
 209.60443  1208.3729 
 360.60864  1210.7758 
 276.72443  1224.2245 
 492.7952  1239.634 
 507.14755  1256.1836 
 490.19415  1258.7712 
 1133.6581  1259.2606 
 561.73901  1261.6791 
 1125.1093  1263.7382 
 1417.1147  1262.7871 
 493.91788  1265.2621 
 487.9733  1271.9923 
 505.7868  1275.2461 
 482.56799  1284.9662 
 517.54126  1285.5848 
 475.15692  1299.1594 
 478.87512  1312.8595 
 487.80579  1316.5914 
 519.11877  1363.3448 
 1127.5262  1369.8378 
 1172.8361  1403.8594 
 950.43774  45.702541 
 903.14307  48.768951 
 103.76189  49.617275 
 332.83719  49.858765 
 857.50061  51.375793 
 989.81305  50.859482 
 1188.6396  51.99538 
 216.27995  53.283752 
 561.27753  53.861313 
 385.87952  54.960251 
 1348.1846  56.504463 
 330.48233  58.469505 
 860.6778  60.100651 
 410.49503  62.11792 
 558.87891  63.634087 
 1302.0227  64.124924 
 260.3428  65.192116 
 568.0509  66.39682 
 1377.6672  66.539017 
 259.27191  73.838051 
 392.4313  74.453125 
 919.84686  74.763412 
 1077.9038  76.049469 
 713.53381  78.076698 
 213.21855  81.805679 
 618.44885  84.368759 
 692.5509  86.486801 
 499.53152  86.58596 
 1375.619  87.010399 
 619.71295  92.235893 
 695.2088  95.264816 
 927.3064  95.180618 
 626.3714  95.750183 
 789.65076  99.462662 
 1375.3704  101.79053 
 710.54596  103.78253 
 1051.558  114.06052 
 100.38009  116.32124 
 394.90295  116.90709 
 56.930862  120.37855 
 90.290916  122.2049 
 698.11603  122.22586 
 664.41235  124.80758 
 803.49799  128.40959 
 79.905457  132.19531 
 650.14252  133.79085 
 582.82941  138.20946 
 1123.5406  140.36673 
 338.18707  147.98616 
 1321.3789  148.01848 
 200.49855  149.66548 
 792.14551  151.01259 
 1190.0883  150.88658 
 1150.4475  152.78745 
 668.13159  155.45277 
 398.46863  157.04729 
 118.99483  165.28735 
 535.70892  164.64543 
 383.3031  168.18463 
 322.63748  168.74886 
 44.327244  173.06056 
 375.98404  173.15254 
 792.15021  173.34128 
 1108.5037  172.50105 
 770.79144  174.00929 
 364.61942  181.36432 
 537.03064  186.849 
 1071.0305  189.91258 
 1123.1283  193.12825 
 538.42145  195.02504 
 747.46313  194.96713 
 311.22946  196.1265 
 1406.3909  196.05281 
 928.06958  197.80064 
 1176.4938  199.78047 
 954.0368  200.82109 
 119.0441  206.49991 
 1008.4248  205.66113 
 475.41901  207.16373 
 518.95319  207.2664 
 81.042076  207.89188 
 663.38885  210.02188 
 953.57428  215.19215 
 431.81357  221.33232 
 1114.5934  221.7614 
 775.81787  224.01837 
 1239.6584  223.97424 
 580.90778  225.50525 
 1013.2762  235.30949 
 940.31989  236.46048 
 176.05736  237.9537 
 132.26535  240.75009 
 1192.9706  241.10954 
 573.24396  241.45337 
 934.30756  242.26801 
 186.95926  243.2478 
 951.67871  243.5822 
 539.44214  246.342 
 299.52063  247.62852 
 1204.1288  254.52676 
 945.73456  255.82736 
 681.11066  256.51553 
 283.36252  259.94843 
 445.51108  259.58191 
 673.82605  266.59641 
 301.26535  270.68512 
 291.85953  272.13263 
 459.7305  273.06601 
 993.91589  275.49283 
 721.15503  276.32178 
 905.59674  277.93768 
 1025.8269  278.06732 
 143.10486  282.96826 
 245.94081  283.14832 
 578.69299  282.75497 
 304.45752  283.51895 
 439.1514  286.88901 
 677.49451  287.43408 
 257.08994  290.17755 
 1375.1366  292.13986 
 331.48038  296.76291 
 645.67975  297.86185 
 186.0831  306.47537 
 941.04285  305.83328 
 974.67395  305.81012 
 956.099  311.63223 
 517.2041  313.79718 
 137.72722  316.83276 
 256.06735  318.26971 
 1188.6559  318.68048 
 980.02869  319.50821 
 1033.9424  320.7493 
 1126.3428  320.9075 
 1021.6038  324.40549 
 1074.3225  325.81543 
 258.14716  329.14276 
 71.344292  330.29453 
 266.98965  333.94653 
 323.9278  337.22739 
 789.40869  337.09048 
 699.56708  338.07944 
 616.81696  339.12134 
 1014.074  339.69928 
 282.81042  344.08151 
 423.979  351.92877 
 477.9939  352.09363 
 890.10278  352.25375 
 646.9978  353.93011 
 558.33624  360.30481 
 1005.7195  361.04871 
 523.36603  361.62347 
 542.2309  361.8703 
 854.72705  363.02475 
 925.25317  362.5668 
 1057.1306  365.91159 
 647.1745  368.39951 
 906.13464  372.82657 
 930.20032  373.28265 
 1178.8422  374.7417 
 542.25763  376.38071 
 853.37988  378.63864 
 658.83478  382.88782 
 1021.0305  382.69504 
 999.91699  386.38571 
 428.26093  399.57928 
 762.83533  404.34274 
 212.13559  405.41449 
 931.06482  404.9917 
 997.29919  404.94504 
 807.17688  409.7305 
 1400.6809  409.74417 
 269.31378  418.89542 
 834.88281  418.77866 
 213.30792  422.26743 
 260.67151  423.99365 
 949.37585  423.85043 
 367.59125  426.71362 
 221.74306  429.78308 
 1240.8657  430.23569 
 359.05319  430.64056 
 901.09778  433.28436 
 1029.5767  433.7366 
 928.25232  436.55414 
 460.16193  449.69632 
 621.90356  450.88483 
 907.42816  451.9801 
 338.78012  457.16174 
 1037.6821  460.00549 
 1061.9269  462.07126 
 1394.8009  466.34927 
 797.86707  468.49564 
 95.886635  470.29965 
 245.94374  473.24918 
 1226.8824  474.28516 
 941.83673  476.08981 
 467.6571  477.06641 
 1359.3496  476.52173 
 230.52908  478.39935 
 47.413235  478.53546 
 787.14697  481.92624 
 775.93073  484.37573 
 648.94354  488.00943 
 131.95996  493.15314 
 1012.1196  496.88953 
 720.87305  497.96725 
 228.57933  499.81396 
 236.78052  504.37131 
 74.670418  505.18643 
 911.2829  505.90527 
 1406.1598  509.07608 
 823.41559  519.26843 
 277.16531  521.2099 
 268.57068  522.64734 
 224.24144  527.82849 
 551.11548  527.88336 
 406.98807  528.55396 
 1377.4468  529.7627 
 907.49048  532.23669 
 928.81976  534.36005 
 942.47601  535.29767 
 693.52545  538.85272 
 726.42578  539.02954 
 888.22882  543.55847 
 781.53619  545.86218 
 814.21997  551.883 
 463.8096  553.92273 
 1035.3274  555.67517 
 1327.1553  555.6825 
 1309.2117  557.13165 
 1350.1116  559.02405 
 829.48083  559.95538 
 164.24408  567.67163 
 220.43668  567.83783 
 172.53262  571.63074 
 242.26572  572.49585 
 877.66785  571.8374 
 248.00572  577.55652 
 339.30722  577.99426 
 807.84357  581.09503 
 818.16528  585.17767 
 903.97485  586.97015 
 869.17139  589.29004 
 1380.3894  589.03845 
 879.38892  591.86993 
 911.83771  592.72833 
 887.74933  604.45282 
 810.00189  607.94391 
 841.90259  607.80188 
 907.00696  607.9024 
 1308.4146  611.20441 
 1402.3479  621.98041 
 836.46411  622.75568 
 838.0188  635.91089 
 990.81494  647.52753 
 901.49115  650.4035 
 750.5741  657.54034 
 288.95276  659.7431 
 512.78717  669.93054 
 702.77661  673.00348 
 757.50519  672.60876 
 1096.7372  679.88733 
 1174.9963  680.43744 
 781.87653  687.94025 
 226.97565  690.2735 
 174.42201  696.10468 
 838.34448  696.55902 
 985.91693  701.49579 
 1042.5596  700.72498 
 167.28101  701.80847 
 169.77831  711.55676 
 288.28592  711.61078 
 147.37361  718.06458 
 112.06022  719.12018 
 747.46783  726.67047 
 724.30646  730.80957 
 97.421402  732.48322 
 634.35718  733.57391 
 52.236298  739.37982 
 928.90002  739.20691 
 716.80042  740.43549 
 679.96021  743.28741 
 1195.3663  743.88074 
 46.491447  745.9184 
 766.50043  747.74774 
 1207.8352  748.18207 
 732.0896  749.41864 
 719.41345  756.22736 
 208.50014  758.56024 
 292.77841  758.51947 
 736.21649  759.35327 
 788.76855  763.3692 
 778.44464  778.09454 
 757.31403  781.27374 
 1324.9606  782.9574 
 93.168747  786.78021 
 134.77274  789.79932 
 755.04291  790.6076 
 723.75867  791.98529 
 396.23709  796.12915 
 299.76563  797.4209 
 385.76047  796.82928 
 757.17773  800.65125 
 437.92068  802.7865 
 125.33255  804.12549 
 1184.2385  808.10138 
 789.73712  810.19684 
 1368.4263  811.71948 
 774.47003  816.28589 
 750.9151  816.84784 
 910.79291  821.06378 
 310.18341  823.16162 
 991.71466  823.21594 
 538.96149  830.88232 
 351.94464  834.84515 
 1319.8416  834.67889 
 682.97144  838.39355 
 544.26892  838.65216 
 1107.0723  843.58447 
 1190.8055  848.10181 
 1115.3649  849.05811 
 725.82135  850.02942 
 738.22748  850.41199 
 1058.0879  852.54248 
 853.88409  857.59888 
 138.10036  860.34503 
 1172.3087  860.28735 
 357.08197  861.85669 
 1197.3229  866.20032 
 1184.5516  872.18628 
 420.25317  875.19916 
 157.46188  878.95654 
 1176.2521  880.56097 
 332.08533  881.56061 
 699.3866  882.10333 
 614.43225  884.44623 
 728.02545  884.1427 
 626.42957  885.271 
 709.737  889.05048 
 1131.697  893.27789 
 729.33447  895.56171 
 1389.3715  897.01831 
 127.20083  898.99121 
 326.95856  902.88135 
 636.68854  904.05249 
 958.13824  905.28827 
 1262.2167  908.32471 
 713.5979  910.63721 
 640.79736  912.16943 
 1330.7286  917.49457 
 635.80225  918.69073 
 430.98282  919.71375 
 1130.6063  920.32019 
 623.0556  924.52643 
 302.07727  927.07397 
 1191.623  935.12836 
 491.13702  943.40179 
 904.42224  945.75024 
 594.65887  956.22461 
 708.72882  958.05829 
 763.01892  959.72876 
 685.40875  961.71613 
 585.60559  964.66718 
 216.96873  966.00842 
 250.11008  965.70844 
 148.50223  968.22699 
 697.05432  969.83685 
 237.92938  971.36389 
 1324.0032  970.84338 
 668.22815  973.08844 
 1004.6285  976.36353 
 709.71661  985.04382 
 662.54663  985.98932 
 1277.7766  998.69507 
 657.22754  999.70087 
 607.96478  1005.3837 
 508.2056  1006.3517 
 647.95148  1007.9089 
 484.63904  1009.6887 
 358.60611  1011.6078 
 163.51418  1014.3773 
 336.68356  1017.1757 
 435.87939  1016.558 
 603.93665  1017.8051 
 510.42709  1025.8601 
 1003.2058  1025.6152 
 1363.5288  1027.6267 
 649.79449  1033.0613 
 382.04752  1038.5459 
 656.55707  1041.9271 
 573.82849  1043.385 
 990.80408  1045.8508 
 646.37402  1051.8221 
 135.19073  1054.5298 
 589.87469  1059.3456 
 576.65973  1061.4236 
 629.76703  1063.3193 
 1371.7411  1067.8611 
 564.7951  1069.1804 
 577.26044  1070.9657 
 558.49957  1079.2225 
 937.0354  1078.853 
 570.77795  1081.5999 
 1334.8723  1082.0347 
 708.5946  1083.9667 
 563.10675  1085.4398 
 554.06897  1092.3856 
 566.26837  1093.3613 
 537.66144  1093.6492 
 617.49115  1093.4615 
 1053.0175  1093.6226 
 1411.14  1094.6085 
 90.619553  1097.3252 
 249.24033  1102.3486 
 533.13593  1101.8428 
 550.18439  1102.3429 
 560.83173  1101.7046 
 1222.9086  1104.4645 
 603.09619  1108.3989 
 537.68018  1110.3817 
 1210.8315  1111.0155 
 1218.5386  1112.8329 
 590.83746  1115.405 
 1057.3101  1114.8055 
 608.87109  1120.4922 
 1092.9015  1124.0172 
 1374.7716  1125.1498 
 593.034  1128.106 
 259.43204  1130.3779 
 532.62457  1130.3032 
 547.15906  1133.0481 
 1353.4174  1132.5304 
 1162.2997  1135.8586 
 698.3266  1147.0217 
 614.24707  1161.4667 
 580.30432  1162.7256 
 361.42221  1165.6144 
 538.85095  1168.9927 
 783.67816  1174.6152 
 1201.5615  1177.3131 
 596.72662  1190.2676 
 991.27478  1189.8802 
 574.81647  1192.1755 
 527.42633  1199.2936 
 1293.0155  1201.3278 
 407.55264  1202.512 
 1275.8905  1203.5339 
 512.65118  1204.8779 
 846.64893  1207.9585 
 521.20459  1210.6576 
 1098.7109  1211.5427 
 1281.1244  1211.6841 
 578.31891  1215.4796 
 590.59607  1215.4048 
 346.54892  1216.3723 
 1222.8392  1221.9725 
 513.7981  1223.1011 
 646.18365  1223.1152 
 1288.3618  1224.8918 
 496.15036  1226.089 
 1302.2843  1230.1707 
 117.36438  1231.5925 
 567.51294  1232.1724 
 757.01404  1232.1904 
 502.40549  1234.8365 
 428.62717  1237.6726 
 574.92786  1238.9312 
 906.46271  1243.8846 
 566.99774  1246.3535 
 497.37381  1247.084 
 573.85321  1252.347 
 1150.271  1256.3625 
 101.22829  1257.1661 
 530.79889  1259.3002 
 485.92569  1262.8464 
 125.67462  1268.76 
 544.48419  1271.6101 
 1019.5503  1272.9597 
 527.97607  1285.7064 
 1366.3259  1286.9708 
 1162.7239  1287.7098 
 1257.7579  1289.6099 
 552.11853  1294.7159 
 696.44904  1295.9382 
 1037.6405  1298.2761 
 1063.0239  1301.0889 
 487.57187  1302.4891 
 495.6431  1314.0238 
 1158.071  1319.7052 
 830.2915  1320.6544 
 477.08502  1326.3668 
 1259.1179  1333.8068 
 1348.9792  1339.47 
 1359.2174  1340.5544 
 414.57431  1350.7944 
 522.81915  1352.5806 
 533.17834  1355.438 
 1043.0907  1360.6417 
 116.09113  1361.5275 
 1199.6725  1368.4117 
 1382.7603  1377.3723 
 79.208771  1378.5909 
 746.91492  1379.3545 
 809.37836  1378.78 
 907.1463  1379.7861 
 1193.1279  1386.9969 
 685.37067  1403.4172 
 121.55489  1403.6056 
 1311.0482  1406.9623 
 533.12238  1409.4368 
 1367.4917  100.77991 
 916.88983  148.73996 
 751.3775  243.58458 
 916.6889  381.49017 
 568.70959  1038.0559 
 329.90158  58.785988 
 860.66907  60.778221 
 410.56396  62.430855 
 1301.6548  62.954319 
 558.52142  63.581776 
 260.00787  65.250648 
 567.99652  66.221054 
 1378.0585  66.165611 
 118.36102  71.582123 
 713.61591  78.372337 
 213.2252  82.497154 
 618.29639  83.821365 
 692.17944  85.884781 
 1375.621  87.571877 
 180.19167  90.648705 
 925.78247  96.242195 
 789.16339  99.431313 
 1376.5101  102.2653 
 710.68207  103.57758 
 1296.3668  103.86961 
 102.62684  105.33667 
 674.92261  108.63277 
 927.5921  110.51364 
 693.83594  112.9138 
 1051.9579  113.9089 
 698.19135  122.12168 
 89.718513  122.88867 
 320.8873  124.59691 
 664.42401  125.06863 
 80.333626  132.04839 
 346.45328  132.20016 
 649.30682  133.45695 
 673.49487  134.49406 
 919.84454  136.12001 
 582.39325  137.48509 
 656.41791  143.32481 
 666.72198  144.58829 
 338.83832  147.89597 
 647.58765  147.56061 
 1321.4939  148.40573 
 200.85854  149.62126 
 1189.7769  151.06956 
 1150.5934  152.53714 
 398.16269  157.00905 
 952.02728  160.79237 
 535.90063  164.17096 
 322.55606  167.98296 
 383.23453  167.54414 
 731.12604  172.96532 
 1108.5728  172.53607 
 792.20654  173.57463 
 1381.0836  179.52806 
 746.99957  194.48001 
 928.44727  198.91565 
 440.90201  199.51738 
 954.29138  201.17972 
 142.20819  203.38443 
 518.89972  206.25117 
 80.812798  207.07382 
 663.15906  210.0343 
 1016.4111  209.72546 
 952.89441  214.51414 
 1005.8027  215.33809 
 1016.1783  214.60359 
 199.423  218.33028 
 556.92633  220.46269 
 190.07968  220.77188 
 431.86169  221.49379 
 581.27344  226.10945 
 936.41687  225.82732 
 945.79224  226.41614 
 1014.4694  235.3461 
 925.7334  235.88988 
 176.28795  237.3709 
 940.8255  236.73552 
 1020.1414  241.08371 
 1192.3577  240.85403 
 1201.9143  242.19366 
 1054.4816  245.2585 
 1351.0443  246.45764 
 709.4256  249.27295 
 737.80811  252.41168 
 1004.555  253.01524 
 935.64252  253.81198 
 1019.0782  253.61015 
 1203.4327  255.27237 
 945.99884  255.7211 
 618.17352  256.94342 
 681.12341  257.47211 
 1029.5922  257.7467 
 446.00339  259.71201 
 526.24512  260.43332 
 897.3476  261.50681 
 673.53247  266.26117 
 978.12646  267.07352 
 950.7735  267.94843 
 279.47342  272.09213 
 291.89801  272.43411 
 459.40204  273.03275 
 993.65015  275.34799 
 998.08441  276.0896 
 917.46362  276.59802 
 905.104  278.35031 
 1016.0649  278.24594 
 134.21568  279.4584 
 304.17499  283.32886 
 578.77094  282.6098 
 1375.2628  292.5567 
 1053.9807  294.68927 
 331.41785  296.71082 
 646.12122  298.46732 
 940.80304  305.29871 
 975.06311  305.07455 
 1196.7937  310.98068 
 956.30389  311.96872 
 138.21082  316.57846 
 1188.6007  318.21289 
 979.83807  319.95459 
 1033.5072  320.37109 
 344.9808  324.32574 
 1021.5208  324.47543 
 1074.4265  324.81152 
 329.62714  328.24026 
 258.36737  328.98849 
 463.63708  329.25339 
 71.887856  329.9657 
 323.7468  337.91431 
 699.68207  337.66229 
 1013.5289  340.99789 
 965.09332  342.09421 
 423.92584  351.91794 
 949.33398  351.95178 
 905.62347  356.95032 
 542.05603  361.26572 
 1005.5773  360.82959 
 855.56042  362.7197 
 925.78436  362.55789 
 1048.2675  370.5484 
 906.55121  373.38394 
 931.11072  374.1163 
 1179.355  374.43018 
 921.552  375.18146 
 542.6662  376.39777 
 488.20819  378.4823 
 853.70032  379.52545 
 1021.0507  382.43872 
 949.604  385.87775 
 835.97736  389.08148 
 750.32355  391.35114 
 914.31805  392.44571 
 1010.0908  397.29987 
 428.24341  399.2738 
 272.96567  402.19336 
 762.80817  404.51889 
 931.3291  405.18536 
 997.19934  405.53665 
 914.20062  408.13086 
 806.98407  409.99777 
 459.8244  410.92361 
 948.85059  414.09244 
 269.22537  418.83359 
 212.43832  423.05804 
 949.69092  424.05588 
 367.71368  426.52652 
 797.26501  427.47037 
 221.283  429.04825 
 1240.3394  430.45682 
 899.97943  432.63257 
 198.01312  434.06335 
 1029.2286  433.59805 
 928.51654  436.99991 
 1039.6582  438.97467 
 986.21838  447.74289 
 621.52686  451.26785 
 338.4541  457.0051 
 1037.9843  459.77972 
 1061.9318  460.96481 
 921.73322  465.69174 
 1394.7247  466.28336 
 797.78851  468.77222 
 95.891258  470.24921 
 960.7973  469.82538 
 1368.083  471.14246 
 246.3846  473.24234 
 514.46277  474.91772 
 941.31323  475.20068 
 973.39282  475.96384 
 229.84686  478.5867 
 633.54163  478.98129 
 298.95398  481.50836 
 787.17755  481.97656 
 930.87067  482.51819 
 776.15796  484.18842 
 648.75055  488.17755 
 865.76263  496.8092 
 1012.0316  496.59436 
 228.29356  499.57898 
 236.98782  504.53397 
 640.01788  504.67786 
 912.23981  506.49359 
 245.94891  508.94736 
 824.08398  519.43457 
 972.57391  520.14813 
 718.88623  521.22998 
 978.42883  525.62549 
 651.5473  527.27307 
 407.06525  528.23724 
 551.15753  528.21399 
 223.74161  528.69629 
 1377.1964  529.75537 
 896.55353  530.31769 
 907.73138  532.33551 
 886.35352  534.25146 
 928.92065  534.97711 
 942.6076  535.50629 
 692.78009  538.99396 
 887.8866  543.63629 
 781.94879  546.00574 
 277.7782  547.17456 
 373.32745  550.84082 
 814.2843  552.03278 
 462.8877  553.61261 
 498.81842  554.06189 
 1309.2069  557.17322 
 828.22522  559.6109 
 886.36926  566.18359 
 163.45296  567.18793 
 219.83765  567.13818 
 904.70264  568.03778 
 172.54391  571.56549 
 877.74725  572.58594 
 246.31439  576.38647 
 910.91949  578.3219 
 807.09149  580.92108 
 828.7923  584.28522 
 818.23108  585.64233 
 903.07141  586.55316 
 869.32062  588.70215 
 1380.7584  589.41309 
 880.33868  591.68378 
 912.1012  592.42877 
 319.06085  592.58624 
 851.17139  593.61987 
 896.31854  594.3623 
 540.38971  594.48065 
 1202.4722  598.25446 
 474.15024  600.52252 
 887.64972  603.45343 
 809.02972  607.7265 
 842.32788  607.6792 
 907.35327  608.12006 
 1308.3492  611.20239 
 874.13849  615.04486 
 855.01337  616.56995 
 835.24341  621.99622 
 875.24231  626.99432 
 853.62695  627.56116 
 991.06464  647.64136 
 901.83521  650.05182 
 760.72644  656.08185 
 834.88226  657.34607 
 288.44977  659.48248 
 512.88934  670.44568 
 757.03143  672.21179 
 702.86578  673.16003 
 781.73328  688.10248 
 226.99229  690.4256 
 174.84151  695.40125 
 142.24104  695.84576 
 838.09589  695.96564 
 770.21185  699.80847 
 1042.9714  700.27423 
 986.24884  701.23181 
 167.30389  702.00397 
 1098.1855  708.2077 
 169.99805  711.74036 
 288.39111  711.6861 
 741.98517  716.73291 
 112.51743  719.07886 
 341.32352  722.96875 
 517.46094  725.94379 
 747.91608  726.98853 
 724.71826  730.45599 
 97.979645  732.44861 
 634.43878  733.2569 
 929.2724  739.62903 
 679.64691  743.22113 
 1195.5051  743.88245 
 766.30121  747.52515 
 731.85358  749.42963 
 1207.4525  748.53839 
 150.1757  755.10767 
 719.03528  755.5332 
 780.8468  757.03186 
 208.65852  757.96423 
 293.11243  758.60547 
 736.77032  759.14142 
 788.69586  762.99182 
 725.48828  767.09418 
 778.88422  768.85974 
 728.11047  778.2641 
 767.6488  778.0105 
 779.33826  778.65082 
 412.56305  781.66296 
 1324.2244  783.24438 
 92.768181  787.72455 
 754.98938  790.75806 
 723.82513  792.12854 
 1286.4867  794.64655 
 1335.3866  794.45917 
 385.83444  797.29114 
 299.99939  797.72931 
 437.60767  802.58826 
 1291.0482  803.78522 
 702.43262  804.59515 
 1184.8164  808.5116 
 741.84283  809.8078 
 1163.4609  810.34546 
 789.64728  810.5014 
 1368.1389  812.2746 
 732.37671  814.79205 
 774.60175  816.45001 
 910.11865  820.16486 
 310.7478  822.95258 
 870.98724  822.81897 
 991.23267  822.96869 
 734.1239  829.57849 
 1215.4905  829.82739 
 538.33569  830.63251 
 682.86865  838.32465 
 749.82043  842.16858 
 1180.8127  841.9234 
 1106.9373  843.40869 
 639.99683  847.17609 
 1190.9795  847.72992 
 737.5603  848.93011 
 1115.8751  848.96863 
 854.07031  857.82458 
 1172.1749  859.95313 
 1191.4746  860.17316 
 728.1825  860.6098 
 356.91449  862.45502 
 1196.6018  867.65594 
 728.69678  869.60284 
 738.99207  869.22156 
 1184.5084  873.19128 
 419.82312  875.10309 
 157.88493  879.09637 
 716.48865  880.11261 
 1176.0605  881.18927 
 331.56638  882.01367 
 832.12091  882.27802 
 426.53946  882.85938 
 699.82031  883.26788 
 728.58405  883.43658 
 1147.0448  882.5213 
 613.90753  883.93292 
 626.18011  885.18274 
 709.46118  888.50989 
 805.95203  887.91522 
 1167.8296  888.68909 
 438.6123  891.50836 
 1131.5227  893.29834 
 618.22784  894.26404 
 729.73248  895.54865 
 1389.4875  896.96729 
 610.32501  900.46735 
 718.16223  900.72601 
 327.45883  903.1781 
 637.45941  905.29797 
 1321.5681  904.92706 
 714.16364  909.68073 
 638.02692  915.97375 
 1330.4946  916.93195 
 431.8468  919.87421 
 1130.03  920.03687 
 1194.2649  920.86499 
 686.99713  924.08228 
 621.82544  925.92218 
 617.40955  930.60175 
 635.54486  929.81659 
 659.77417  930.51849 
 712.07764  932.80688 
 690.20013  937.0788 
 1320.0511  938.617 
 491.12933  943.30365 
 452.97101  944.11133 
 904.62823  945.14557 
 563.34692  950.14569 
 521.87079  952.28717 
 1332.2833  952.60083 
 1370.1649  953.14795 
 490.50171  953.94006 
 612.40918  954.45551 
 595.29388  956.77191 
 708.70789  957.59564 
 763.33112  959.5152 
 685.88428  961.86981 
 585.3316  963.95685 
 217.95499  965.58447 
 249.74896  965.75726 
 1069.5508  965.83575 
 148.67459  967.94434 
 760.94647  969.89166 
 238.23167  971.46924 
 1323.7073  970.58844 
 592.31311  972.86761 
 668.85901  972.7522 
 596.66931  974.83093 
 1004.3003  976.60657 
 582.78949  983.01733 
 968.82898  983.83936 
 709.81641  984.79962 
 662.60107  985.81952 
 602.13477  987.49438 
 591.69611  990.51019 
 1332.8044  990.67804 
 598.71967  997.97345 
 644.48053  998.77234 
 809.24426  999.07727 
 1276.9882  998.73022 
 657.16406  1000.119 
 608.008  1005.2971 
 508.06552  1006.5412 
 649.48071  1007.9321 
 990.66901  1008.9528 
 484.34091  1010.255 
 358.56845  1011.6767 
 1335.6421  1012.1555 
 163.0049  1015.1012 
 503.46994  1015.3429 
 445.50125  1016.0526 
 336.38165  1017.3052 
 603.6026  1017.3052 
 645.3053  1016.8029 
 571.93152  1019.0935 
 656.53351  1018.8997 
 592.60535  1019.9189 
 967.82251  1019.8236 
 510.815  1026.1459 
 1003.1396  1026.3337 
 1363.2788  1027.9103 
 659.50464  1028.88 
 387.00394  1029.6179 
 575.65875  1033.0212 
 381.70047  1038.7009 
 1004.5685  1039.6113 
 656.58179  1042.3397 
 574.40179  1043.0967 
 990.38635  1045.5643 
 646.961  1050.5243 
 567.85205  1052.6541 
 134.86276  1054.2286 
 321.05978  1054.3429 
 581.42218  1053.0096 
 589.99597  1058.8145 
 577.22028  1060.4579 
 142.71701  1061.2329 
 554.77441  1062.47 
 629.82202  1064.0889 
 1371.3186  1067.4108 
 1117.9673  1068.1333 
 564.89966  1070.3258 
 616.10077  1070.4897 
 577.57452  1071.572 
 559.11273  1078.9388 
 599.70447  1079.5402 
 1335.3328  1081.6409 
 629.08539  1083.1675 
 550.58722  1084.4749 
 708.74713  1083.7953 
 563.10107  1085.3542 
 535.75134  1085.7646 
 1043.4023  1085.7549 
 1011.3929  1087.2255 
 469.27136  1089.4934 
 545.77667  1090.7129 
 555.35687  1093.3864 
 1052.4531  1093.3191 
 1336.4969  1093.0519 
 617.60071  1094.2483 
 565.92358  1095.2012 
 89.861603  1097.1064 
 561.62518  1101.0826 
 249.18829  1101.8972 
 532.43414  1101.9265 
 602.44922  1108.7129 
 537.823  1111.3586 
 883.69006  1110.7562 
 1055.6323  1112.6119 
 589.93054  1114.5836 
 92.661659  1117.3251 
 1201.3501  1116.9015 
 609.00696  1120.4413 
 1075.6698  1121.02 
 776.91699  1122.8043 
 1093.3164  1124.0835 
 593.81372  1127.5646 
 533.41772  1129.8418 
 1319.9036  1129.7571 
 547.38477  1132.2954 
 1162.5392  1135.4423 
 528.44299  1138.5837 
 539.71814  1140.3965 
 698.24274  1147.2834 
 523.20538  1151.3817 
 927.42407  1158.1979 
 591.37976  1160.0282 
 614.14813  1161.5491 
 581.15375  1164.05 
 361.20575  1165.8866 
 526.90625  1169.4722 
 540.69885  1169.6749 
 783.19629  1174.9514 
 538.79211  1182.7573 
 527.1286  1188.1085 
 596.47913  1190.3165 
 991.37366  1190.3969 
 575.1358  1191.8029 
 1087.9805  1196.3049 
 528.02966  1199.3717 
 1292.8138  1201.3861 
 517.39459  1202.9995 
 1276.3942  1203.0062 
 590.19403  1204.0079 
 513.53937  1204.861 
 1098.838  1211.2101 
 523.69885  1212.3799 
 1281.3915  1211.8265 
 578.62433  1215.993 
 590.70844  1215.7869 
 513.82019  1222.7583 
 276.37561  1223.7216 
 495.96036  1226.0801 
 449.07397  1227.197 
 1195.2643  1226.5774 
 1302.3475  1230.551 
 117.49674  1231.7083 
 566.99072  1231.958 
 757.87433  1232.5857 
 502.25476  1235.7219 
 575.83502  1238.6522 
 504.96405  1244.321 
 905.93604  1243.9545 
 567.03583  1245.8932 
 497.3093  1248.6047 
 574.16107  1253.0942 
 507.19888  1256.2277 
 101.6876  1257.2465 
 489.86865  1258.9437 
 530.83466  1259.225 
 1133.7258  1259.5765 
 561.44275  1261.4847 
 1124.1364  1264.2559 
 1335.3674  1263.8813 
 498.85168  1266.6282 
 126.03551  1268.8827 
 763.84064  1269.9524 
 1232.1494  1270.1559 
 543.64954  1271.3989 
 487.29361  1272.1577 
 1019.3005  1273.11 
 506.15085  1274.9976 
 1191.5881  1277.2303 
 1154.8835  1279.1896 
 481.76193  1283.7411 
 517.19629  1285.2185 
 528.75812  1285.8916 
 1163.3729  1287.2753 
 1176.8615  1289.7469 
 483.9397  1294.4231 
 552.01306  1294.2915 
 1038.0156  1298.257 
 474.58356  1300.1796 
 486.61237  1303.8022 
 478.89859  1312.2355 
 1154.0505  1312.0417 
 489.20932  1315.8702 
 830.96985  1320.2797 
 1232.256  1321.4335 
 477.4653  1326.3083 
 1176.4213  1334.712 
 1348.5909  1339.4503 
 1359.931  1340.0514 
 415.01239  1350.5276 
 522.16864  1352.5114 
 533.60553  1355.0326 
 116.3165  1361.8676 
 518.60193  1363.3846 
 799.3382  1363.5471 
 1199.876  1368.1654 
 1128.1147  1369.5646 
 980.06543  1371.4628 
 79.027695  1378.6415 
 809.51233  1378.8638 
 906.7312  1379.6826 
 532.25806  1386.8831 
 1193.442  1386.9098 
 598.59851  1388.0149 
 922.83264  96.889854 
 675.01422  133.85745 
 654.37793  143.07162 
 665.94916  143.2182 
 730.06451  172.57639 
 1015.6011  208.50208 
 951.75128  214.45294 
 1002.8945  216.45322 
 199.48363  218.10815 
 940.55499  235.38036 
 1017.1324  251.32753 
 932.18237  252.89857 
 999.86218  254.35159 
 946.95807  256.58029 
 1029.8677  256.51501 
 975.35382  265.91962 
 278.62463  270.89709 
 291.87576  272.27298 
 993.34717  274.66122 
 133.81462  278.57434 
 1013.985  278.15369 
 1053.4827  295.73016 
 978.14978  319.96069 
 1013.5981  343.92499 
 945.59003  356.271 
 1019.7237  358.06207 
 854.82129  360.91602 
 1006.5205  375.50821 
 923.63092  384.17654 
 908.64551  394.01025 
 1009.9217  393.59927 
 915.12708  407.76599 
 928.85956  419.30017 
 981.73444  427.99747 
 1039.948  438.14893 
 981.8551  445.94092 
 886.60614  464.38416 
 920.4364  463.77066 
 960.21381  466.44952 
 297.66696  479.5181 
 930.82367  481.79675 
 865.05286  498.26434 
 911.02881  507.45227 
 823.91138  520.55231 
 975.9303  522.02191 
 927.33667  535.03583 
 942.37115  536.2981 
 909.61578  538.77673 
 811.99426  551.10333 
 826.56055  559.32819 
 887.09222  565.86639 
 813.19269  571.64685 
 867.80316  587.00061 
 817.55432  587.6272 
 911.76636  590.24445 
 896.93109  592.3139 
 852.09564  594.05841 
 805.41376  605.69885 
 855.1731  613.06042 
 874.2951  613.59772 
 832.26111  619.31818 
 852.96411  628.70959 
 833.58936  655.68799 
 739.66962  713.38794 
 747.62799  727.37952 
 723.99402  729.07623 
 764.27655  745.40082 
 730.48975  747.01544 
 1206.3899  747.19916 
 716.31702  755.22565 
 724.33356  768.63373 
 722.01685  792.29095 
 732.72876  829.84045 
 750.56262  838.25073 
 1177.8271  841.83167 
 736.34015  844.37683 
 1191.7904  849.80298 
 724.89661  863.6012 
 740.03925  868.21161 
 715.03241  878.88989 
 611.37268  880.75751 
 624.90216  885.53394 
 436.88632  889.43182 
 730.40845  892.88214 
 715.04688  903.05713 
 637.13129  910.71094 
 684.93024  920.90222 
 617.67004  928.86908 
 634.87433  930.38623 
 603.17389  931.20905 
 689.87158  935.34961 
 709.22449  935.68707 
 616.80371  937.45593 
 1319.5417  938.3288 
 450.46274  944.01917 
 680.58417  948.08325 
 595.67487  954.95325 
 707.96338  953.13928 
 580.30914  958.60522 
 687.68518  962.62177 
 668.73749  970.90533 
 596.47095  974.67682 
 1002.3451  976.83228 
 579.41803  982.51074 
 708.90765  983.48389 
 601.73553  991.74335 
 581.96991  999.77374 
 657.42688  1009.8478 
 657.53204  1014.2675 
 1335.1694  1014.6351 
 588.30823  1016.5084 
 603.31219  1015.6648 
 570.00372  1017.0948 
 1001.5034  1024.8501 
 574.36908  1034.8779 
 1003.6397  1039.5966 
 988.375  1044.953 
 645.53845  1048.3989 
 563.9259  1052.153 
 578.52899  1056.7974 
 629.04816  1064.6743 
 560.83569  1072.8905 
 578.28284  1073.6152 
 1334.9106  1078.4773 
 628.24719  1081.0485 
 536.86774  1084.3889 
 543.38837  1085.0405 
 562.65741  1083.748 
 564.40955  1098.4678 
 601.32013  1106.9308 
 586.64307  1109.6111 
 1052.6144  1110.5822 
 536.44385  1113.2924 
 610.26855  1118.7512 
 533.04065  1126.2079 
 593.70184  1126.5475 
 539.46686  1138.0208 
 520.58789  1149.5116 
 545.47455  1155.6318 
 590.38922  1156.9069 
 611.08167  1159.262 
 579.32587  1163.5099 
 526.44678  1165.802 
 781.46777  1172.5215 
 538.52087  1180.5859 
 523.11902  1185.3708 
 594.76166  1188.6958 
 575.47742  1190.7396 
 532.00952  1200.526 
 513.05359  1203.2279 
 524.62067  1213.9397 
 577.02826  1215.2344 
 561.9082  1237.2618 
 503.0159  1241.3938 
 509.07794  1255.8339 
 559.64355  1259.25 
 1121.082  1262.9833 
 484.29675  1265.9521 
 499.27737  1265.5134 
 124.87386  1267.7543 
 538.32141  1270.0823 
 496.4487  1280.0056 
 515.3382  1284.3243 
 550.9115  1292.309 
 502.20093  1295.1223 
 469.89285  1299.8314 
 486.0769  1300.9961 
 492.11444  1314.5442 
 116.39925  1359.7015 
 666.32745  143.81221 
 1007.2028  222.3232 
 941.71552  234.45137 
 1017.5222  245.22479 
 928.58173  252.33835 
 1031.8624  256.51593 
 947.68304  257.99966 
 993.94824  274.95596 
 1014.8901  280.86053 
 1050.4565  302.25522 
 978.21082  321.02972 
 1014.1155  346.44128 
 945.19434  357.2016 
 1020.0133  357.10095 
 854.55414  360.85059 
 924.66431  381.62997 
 1011.4193  391.36487 
 906.79523  394.71091 
 914.54535  409.93451 
 921.68286  416.4549 
 978.58459  428.12057 
 979.17065  448.15039 
 920.02155  462.3764 
 884.43994  463.21808 
 930.9364  482.84564 
 866.7323  499.92178 
 824.18585  520.49762 
 926.56506  535.84076 
 943.51135  535.76691 
 908.82153  538.39417 
 827.7478  560.23877 
 887.47162  564.07074 
 811.99768  571.07202 
 893.34875  572.59772 
 869.59888  585.14893 
 818.37714  590.58258 
 856.45331  610.78241 
 878.63159  611.11407 
 833.19836  620.51953 
 852.62122  629.10767 
 795.51941  661.35223 
 728.00293  728.24152 
 747.57214  728.00531 
 729.47827  746.66919 
 708.04962  761.01501 
 727.99493  773.35046 
 722.76373  791.75995 
 731.57092  832.78168 
 737.08844  849.28131 
 1193.6039  849.88062 
 713.53625  878.59503 
 624.49225  884.39777 
 732.10242  891.57159 
 715.90356  901.69257 
 615.54272  909.74286 
 636.41168  910.48834 
 599.98608  930.72662 
 635.54987  933.04761 
 691.06439  934.59399 
 618.01001  936.80249 
 710.16956  939.11517 
 594.97028  955.68408 
 689.30939  964.82892 
 598.01544  974.84857 
 669.51013  973.92523 
 574.30951  982.55182 
 603.05682  994.31976 
 582.27594  1000.1162 
 569.20923  1016.1317 
 588.66711  1017.08 
 574.09888  1035.6643 
 594.71826  1036.085 
 664.12781  1036.3945 
 641.30853  1039.5222 
 646.39294  1047.3115 
 560.08722  1052.1166 
 580.19  1054.0046 
 560.30109  1075.6279 
 579.99902  1077.7434 
 1334.3491  1077.2164 
 629.14209  1081.1741 
 540.60217  1084.1184 
 563.92908  1083.299 
 600.78741  1105.767 
 584.03766  1107.0126 
 534.59827  1118.1323 
 556.29102  1123.2372 
 532.52631  1127.7484 
 592.54565  1127.973 
 540.4646  1137.8127 
 517.88104  1147.4163 
 547.3288  1157.3843 
 526.63483  1165.3936 
 540.00378  1181.7285 
 520.03613  1186.5398 
 594.18134  1188.8882 
 512.51025  1202.4471 
 530.26697  1205.7604 
 527.57581  1213.5149 
 521.48553  1236.4183 
 560.52148  1235.7468 
 498.84998  1241.8032 
 559.26923  1258.5864 
 498.78091  1273.6864 
 478.60141  1271.0922 
 512.75165  1284.6495 
 503.86844  1295.4889 
 484.19785  1298.8527 
 496.28537  1314.6677 
 942.70038  232.30415 
 1008.7145  235.16408 
 1038.3657  246.11775 
 1049.7264  304.32318 
 1014.7641  353.37302 
 942.84863  356.27942 
 1011.0386  386.5657 
 913.52307  414.95148 
 922.90387  415.4165 
 975.12561  443.34686 
 915.22015  456.78177 
 877.06885  460.01804 
 929.9104  487.20752 
 866.43988  502.14517 
 828.39264  514.38293 
 833.29248  559.2265 
 887.81055  561.22882 
 881.12659  609.0921 
 830.40186  612.84607 
 852.39185  637.44983 
 797.04926  665.34351 
 727.59613  746.24823 
 699.98395  761.06903 
 722.7453  782.1662 
 728.70502  830.56689 
 737.36377  882.39307 
 707.10181  887.17902 
 634.79352  908.01733 
 595.74994  914.30487 
 706.83673  938.60803 
 595.09833  959.28699 
 664.65063  972.51862 
 580.96716  1001.2328 
 560.37189  1012.7589 
 589.73352  1013.9483 
 579.84137  1050.4963 
 533.8194  1079.5488 
 535.24036  1112.8776 
 591.33698  1125.6349 
 512.26123  1139.608 
 526.95154  1162.7134 
 540.37878  1177.2383 
 591.00201  1184.7151 
 510.89389  1187.3387 
 541.81329  1191.5034 
 534.09534  1204.7336 
 497.4032  1241.8551 
 558.38757  1247.6 
 944.98352  235.28094 
 1004.0159  235.79501 
 1017.1016  364.78329 
 944.09741  372.22 
 928.41919  374.09186 
 936.02954  397.4823 
 912.63538  408.61044 
 978.66699  441.63724 
 919.68585  452.20853 
 872.60876  457.87067 
 929.14252  492.6525 
 863.74695  502.39804 
 826.18854  515.11182 
 828.30707  559.18207 
 890.5777  558.09662 
 832.69641  605.89886 
 886.87  609.05249 
 728.2854  747.05017 
 721.71539  776.11633 
 728.23859  827.9953 
 637.0343  909.00598 
 707.06885  933.44208 
 594.823  959.11084 
 657.16016  980.24725 
 580.60596  1000.5691 
 574.9494  1041.8997 
 536.24042  1113.6914 
 590.88306  1127.5094 
 528.25891  1165.6202 
 541.85242  1178.8165 
 591.18591  1182.1783 
 503.62595  1188.0425 
 929.90698  375.99283 
 971.82306  423.707 
 919.75403  436.83853 
 868.3277  506.41739 
 928.19562  504.81464 
 887.45642  561.74231 
 826.36981  579.42645 
 725.03503  827.65082 
 926.89301  523.16394 
 891.48962  559.58844 
 823.7735  569.57458 
