 446.61993  96.322052 
 748.45764  114.75592 
 1076.755  146.95798 
 1064.1157  154.75543 
 464.92996  214.29295 
 626.34668  236.53458 
 616.08746  239.57663 
 629.93744  259.75659 
 537.67737  273.75061 
 552.74481  292.53561 
 120.59814  337.80151 
 275.44287  341.16895 
 275.09344  372.83441 
 276.67438  382.86581 
 268.08063  389.401 
 619.72113  396.31244 
 263.54794  397.69174 
 403.90298  405.09082 
 400.22443  420.53952 
 375.67703  436.23077 
 682.12  616.19159 
 289.15668  677.19257 
 144.08498  727.87488 
 371.6955  733.54211 
 702.37463  773.33228 
 796.64539  892.29865 
 187.99286  932.87897 
 1350.1699  937.26367 
 1416.1133  1026.5984 
 766.87  1070.0941 
 751.20477  1079.6936 
 765.67871  1113.4308 
 850.43127  1127.7275 
 784.25275  1140.9291 
 791.94482  1177.0323 
 780.87274  1188.9663 
 809.4104  1233.9362 
 813.11542  1243.6792 
 815.01978  1250.2994 
 841.10437  1272.1132 
 1415.4764  1275.3655 
 1434.7664  1277.3213 
 843.42822  1287.9088 
 868.02612  1337.6772 
 857.13196  1350.4888 
 895.2113  1353.715 
 95.65834  1368.1436 
 891.84344  1396.7428 
 1419.9965  1416.6796 
 913.55267  41.218647 
 480.85345  41.913712 
 984.33936  46.507271 
 680.711  52.150555 
 347.20486  56.299908 
 458.73444  59.0326 
 223.78714  63.698727 
 1310.0862  63.91449 
 1318.7278  67.589813 
 765.94629  76.030327 
 147.46898  84.112152 
 482.64545  88.471756 
 446.60361  96.213463 
 491.57285  96.52121 
 701.70972  98.263908 
 1198.5342  101.21696 
 170.0558  106.02404 
 551.10492  112.64461 
 426.91147  114.44521 
 748.40704  114.58912 
 1008.5781  114.69964 
 741.00348  119.14909 
 244.55499  121.68802 
 404.56363  123.63461 
 415.56027  128.58458 
 400.36731  131.66013 
 1063.5909  134.82872 
 287.02606  146.03882 
 1076.6548  146.95454 
 1055.2859  153.74416 
 1064.6283  155.03568 
 1058.9014  161.84663 
 1377.3253  165.70901 
 195.48589  169.3223 
 443.65555  178.30092 
 1076.3828  187.55687 
 1327.8185  192.53087 
 370.08795  194.26151 
 267.27332  201.29974 
 585.15088  207.35062 
 577.02301  210.65913 
 637.73212  210.9005 
 229.98769  214.03052 
 464.73627  214.28526 
 589.58984  214.51669 
 1142.5016  215.61746 
 581.15912  219.50346 
 1248.2385  221.30299 
 1423.8728  224.72404 
 599.43195  230.31259 
 609.36078  230.48264 
 816.24738  230.50409 
 12.316332  233.4109 
 278.6553  232.67982 
 899.00488  233.57677 
 626.69952  236.92578 
 616.23676  240.00008 
 532.34772  242.0593 
 541.01685  253.0201 
 510.52591  256.31107 
 149.56953  260.43091 
 629.91577  260.61826 
 1065.8445  261.94012 
 541.48773  266.47845 
 340.8757  269.99167 
 536.84186  273.40762 
 544.59265  278.17914 
 544.00592  286.4191 
 1033.3179  286.45251 
 561.3371  289.42987 
 663.36224  293.11707 
 552.54785  293.40433 
 269.03308  302.54199 
 615.73468  308.91132 
 667.37451  309.70181 
 628.00409  315.92139 
 258.14944  322.30121 
 283.25531  323.70557 
 390.41342  324.82297 
 605.13684  325.47482 
 1067.4845  328.49905 
 675.00726  331.38974 
 120.40125  337.95908 
 171.11261  337.81381 
 700.03662  338.42053 
 276.08011  341.45383 
 285.41144  346.08899 
 343.77377  363.7471 
 94.534706  368.3847 
 200.33855  368.40732 
 33.127819  369.64893 
 261.3251  369.82385 
 369.99136  370.06876 
 696.53369  370.46884 
 275.03201  372.23547 
 1230.5504  373.09216 
 206.11485  373.78427 
 410.47147  374.18948 
 1444.7904  382.64877 
 276.41409  383.73727 
 647.66461  385.92526 
 150.14117  387.11517 
 763.0166  386.67676 
 267.58405  389.27884 
 624.76147  389.51804 
 141.26515  390.83505 
 284.08142  390.88745 
 1387.2311  393.5827 
 619.67798  396.38684 
 263.41727  397.7355 
 606.25037  404.46698 
 619.49615  404.48871 
 404.35925  404.91238 
 672.04205  415.63086 
 399.98315  420.47461 
 634.57098  427.47845 
 560.42981  430.02429 
 766.9187  431.54712 
 375.689  436.16321 
 663.88068  439.17621 
 569.48035  443.14682 
 1242.1592  443.92004 
 1190.3362  449.56943 
 358.96216  460.05563 
 699.18909  460.38361 
 359.91983  472.45526 
 695.41541  473.07248 
 188.381  482.88376 
 26.640343  484.91974 
 1445.5663  487.31915 
 1313.1206  495.32263 
 553.92737  496.47598 
 1078.5109  498.20795 
 262.12366  500.62265 
 310.73874  501.34055 
 695.84082  502.85034 
 1066.2281  502.74908 
 738.51978  505.28409 
 299.59802  507.06207 
 425.2341  510.51178 
 240.71507  512.23602 
 358.39847  514.58685 
 727.10254  513.61444 
 516.45197  520.77209 
 709.52917  525.68695 
 49.745926  537.10651 
 297.31223  545.90686 
 702.17566  546.74994 
 847.55939  560.45813 
 714.67462  565.56421 
 921.38318  567.78497 
 751.69843  569.60803 
 637.02069  569.53247 
 712.4624  575.17596 
 22.620071  580.4295 
 740.52228  580.53333 
 73.903625  583.91064 
 757.99182  584.29047 
 1129.443  585.34436 
 1223.1628  585.73224 
 71.563911  592.24969 
 716.96136  593.9549 
 740.71808  593.58612 
 1310.4723  593.93579 
 1137.9513  595.20416 
 1146.1541  595.33685 
 26.480928  596.49146 
 667.38477  597.38831 
 650.84088  600.64661 
 1123.2644  606.88007 
 1377.3684  612.04419 
 180.40593  613.74237 
 199.87724  614.81403 
 682.12238  616.17841 
 781.02625  619.89777 
 63.567539  620.98682 
 27.717327  622.97064 
 675.09564  624.01825 
 320.0918  630.0127 
 713.25879  640.90625 
 1293.0237  644.95984 
 683.52307  646.3717 
 438.50916  647.07867 
 483.04849  658.18475 
 1113.451  658.16364 
 859.05731  670.2868 
 1390.5203  672.2912 
 289.22638  677.42389 
 510.95422  686.43726 
 960.9502  694.34869 
 762.25562  696.02588 
 676.87805  715.07617 
 116.85564  715.49359 
 43.872578  721.21552 
 70.66877  722.01929 
 713.24005  725.68127 
 144.42426  727.94537 
 59.905941  730.13812 
 684.62567  729.5257 
 257.15271  732.24597 
 371.63849  734.14801 
 135.82112  740.75928 
 136.89482  751.50964 
 433.82013  751.50775 
 1326.2765  756.32404 
 1318.9438  761.46222 
 701.88916  773.32892 
 1313.8574  774.36194 
 711.83228  777.5285 
 767.07727  778.79126 
 739.96661  781.59717 
 1310.8959  784.29669 
 91.335655  785.63904 
 81.647125  787.5271 
 1434.8073  790.51086 
 763.1051  790.56018 
 227.76497  791.86359 
 768.78516  797.02643 
 224.06332  800.17566 
 1069.4165  803.48993 
 714.69226  804.66547 
 1432.502  806.16711 
 697.26678  807.64307 
 877.83807  809.35767 
 724.32666  809.98846 
 798.12347  814.21008 
 277.98203  816.82501 
 709.36066  818.29596 
 758.84241  821.44934 
 1292.8354  824.33588 
 383.44769  827.51001 
 790.19653  828.81403 
 140.285  834.19775 
 670.64343  833.7124 
 1100.0289  842.12415 
 735.77777  842.50031 
 973.01929  844.46344 
 323.44153  844.43866 
 147.69394  849.05627 
 629.57031  855.44873 
 421.22009  856.23462 
 1068.4794  860.18842 
 1232.0012  859.71704 
 1181.71  862.10889 
 1103.5303  865.50128 
 1216.5236  868.59302 
 1198.5836  875.74994 
 211.56396  878.40564 
 784.54822  878.1485 
 107.15229  887.94678 
 117.61987  887.62933 
 796.71436  892.55969 
 734.2229  904.59259 
 164.98111  905.76611 
 103.13459  906.62433 
 798.30859  910.89374 
 1274.3782  918.11194 
 806.51208  918.51648 
 156.37953  919.573 
 1292.5916  923.18475 
 787.32928  926.01917 
 187.70589  933.19574 
 177.82919  935.47314 
 1350.1832  937.45581 
 804.39514  940.05518 
 1390.3658  939.91742 
 873.72375  945.94977 
 1346.4685  946.26465 
 183.6897  961.53168 
 1196.4528  975.80103 
 721.01251  976.58881 
 831.08966  979.56866 
 711.37531  983.81177 
 741.15692  984.52527 
 720.49231  989.51123 
 775.86688  990.08643 
 619.24811  991.39606 
 206.35826  994.57257 
 749.87134  996.26788 
 815.33783  997.22675 
 718.43085  998.56207 
 48.111538  999.94324 
 849.09698  999.65314 
 743.72687  1009.4838 
 809.22235  1017.4045 
 317.48615  1020.8129 
 1416.5421  1025.7452 
 171.81255  1028.3405 
 1301.667  1028.9152 
 813.48285  1030.917 
 7.6336393  1041.2969 
 818.20459  1044.4927 
 20.224997  1050.0673 
 816.42297  1057.0836 
 125.95423  1059.7772 
 350.42957  1061.5388 
 479.99182  1063.6489 
 741.04889  1063.515 
 820.51404  1064.8729 
 767.34192  1070.3542 
 1166.11  1071.601 
 911.64404  1076.2952 
 844.71381  1077.691 
 750.99591  1079.7863 
 784.29834  1080.6718 
 289.8158  1084.1638 
 843.75391  1091.6135 
 789.51794  1093.0219 
 1027.5339  1097.9602 
 19.446144  1100.3923 
 782.33667  1101.9178 
 838.04187  1110.8097 
 765.44299  1113.899 
 661.25409  1116.7751 
 6.9631395  1118.2703 
 414.50134  1119.3983 
 253.44872  1122.4781 
 776.91901  1122.3682 
 850.54327  1127.2231 
 251.63512  1131.3722 
 944.45862  1131.1274 
 499.96149  1132.1432 
 782.61475  1131.8164 
 72.9832  1133.2229 
 259.52661  1137.3053 
 783.97943  1141.5438 
 848.13129  1141.9951 
 228.22136  1142.9318 
 795.97748  1143.6577 
 319.42899  1148.1355 
 802.50226  1150.6348 
 792.31488  1157.3848 
 1366.401  1156.5854 
 722.71667  1158.9486 
 692.68744  1163.3878 
 846.44495  1163.2822 
 858.47583  1168.4631 
 793.86359  1168.8971 
 801.39886  1171.1608 
 8.1347208  1174.4189 
 1253.9526  1175.2866 
 841.83954  1175.7719 
 791.46442  1177.4427 
 220.35666  1180.2672 
 86.901466  1181.2076 
 851.44763  1183.9386 
 810.14801  1184.4611 
 780.83093  1189.0009 
 1416.2582  1192.1354 
 787.05035  1193.4504 
 109.53919  1193.4768 
 666.18896  1193.7179 
 1315.5819  1194.2584 
 889.38495  1196.4673 
 789.12286  1202.6134 
 86.930809  1206.5553 
 797.77771  1206.3739 
 76.045486  1213.3466 
 1385.4863  1214.5234 
 819.63281  1217.6725 
 283.14633  1219.894 
 1347.4126  1220.0162 
 1379.5651  1222.1093 
 1316.4746  1223.9736 
 806.7738  1224.6112 
 894.59491  1229.5311 
 808.87091  1233.7738 
 1178.5023  1237.3333 
 187.17398  1242.9016 
 812.88141  1245.2604 
 878.89056  1244.7692 
 597.28906  1245.8124 
 178.57558  1248.8329 
 836.62006  1250.3179 
 632.33661  1251.2001 
 905.47186  1252.5317 
 6.408885  1255.1409 
 14.556215  1258.3772 
 846.1001  1261.2482 
 896.26141  1260.9045 
 583.72876  1264.1722 
 20.555172  1264.9957 
 1424.8292  1271.6798 
 357.88242  1273.2964 
 840.61328  1272.4137 
 11.245196  1275.2762 
 1415.6519  1275.4856 
 1434.7494  1277.5807 
 222.06717  1279.7745 
 898.7229  1280.4438 
 484.49612  1280.6447 
 847.26593  1280.8621 
 908.99017  1280.9757 
 842.69568  1288.6691 
 907.83679  1291.5117 
 916.70422  1291.9868 
 839.70471  1294.6289 
 207.15002  1300.0095 
 459.53571  1301.8483 
 913.53174  1306.8063 
 851.93488  1307.8353 
 840.74481  1321.7017 
 1138.9398  1323.1643 
 850.74847  1324.5663 
 846.52667  1334.0839 
 868.02069  1337.8212 
 903.07629  1346.6509 
 408.35193  1347.5852 
 856.91986  1350.7458 
 863.96375  1352.8273 
 879.31909  1353.0763 
 895.05603  1353.376 
 195.10815  1354.1083 
 757.48517  1360.3899 
 96.127357  1367.7521 
 56.076309  1371.2972 
 102.1328  1373.1193 
 449.77228  1373.2787 
 867.69904  1375.5442 
 882.88385  1385.9363 
 871.24658  1391.1262 
 129.02321  1392.936 
 892.15759  1395.9207 
 726.79626  1396.9648 
 951.75861  1396.9332 
 883.02728  1399.2369 
 1196.5433  1400.3276 
 142.005  1408.0168 
 890.26501  1410.7781 
 946.28571  1412.0491 
 1420.1981  1416.1801 
 1408.0079  1421.1636 
 453.69449  1422.2689 
 1127.9337  1437.1165 
 986.89941  1438.1731 
 105.47839  1445.5604 
 72.565239  1447.8766 
 914.00702  41.281288 
 983.78168  46.475327 
 505.14313  49.218029 
 459.00385  59.112778 
 1309.1316  63.264851 
 997.76239  93.93792 
 1198.0245  101.39228 
 551.13831  112.5883 
 426.9736  113.91403 
 1008.7308  114.94471 
 404.72885  123.45074 
 430.00101  124.84032 
 415.64688  128.47333 
 400.6088  132.50632 
 1075.9406  147.53589 
 196.08188  169.12181 
 1022.5388  182.99043 
 1076.0959  187.56264 
 1328.1492  193.02863 
 370.34113  194.45187 
 637.70947  210.8833 
 229.86185  214.08078 
 1142.4086  215.30383 
 580.83014  219.77501 
 1247.9158  221.15851 
 816.49847  230.21089 
 898.94312  233.49693 
 626.60864  236.89307 
 532.73688  242.28911 
 1338.9875  256.14185 
 1350.2456  256.33609 
 175.64165  258.21481 
 264.8707  258.99985 
 150.26015  260.05524 
 541.99707  266.66205 
 340.75583  270.11282 
 669.90979  282.43094 
 1033.249  286.51117 
 663.48792  293.31378 
 552.02051  294.65402 
 572.76428  295.40088 
 713.41455  311.88962 
 283.32947  323.55563 
 605.54126  325.48761 
 674.58972  331.22891 
 543.94  332.91052 
 171.37856  337.50513 
 699.92145  338.37958 
 343.59286  363.85202 
 261.35971  369.85333 
 275.89291  383.5827 
 267.09222  389.07346 
 625.72589  389.46069 
 263.15753  397.99323 
 606.73267  404.56406 
 766.75488  431.31476 
 375.87073  436.42157 
 1242.4066  444.14859 
 698.70959  460.16333 
 359.48889  460.64227 
 359.62875  472.47891 
 26.78154  485.11783 
 1445.5834  487.20996 
 1313.1101  495.3345 
 553.88013  496.57214 
 1078.2938  498.55505 
 1066.054  502.85242 
 425.0683  510.28848 
 358.74719  514.4765 
 498.28787  518.97968 
 516.58826  520.88849 
 699.74988  531.12939 
 694.53326  540.84827 
 847.78918  560.44427 
 584.87964  564.72778 
 751.94586  568.83167 
 741.18262  570.07678 
 712.94049  575.75348 
 740.95184  580.44489 
 73.258301  583.13428 
 740.1557  592.90295 
 1310.1859  594.1781 
 26.771025  596.42566 
 1146.8462  596.85559 
 651.31488  600.67053 
 1123.0204  606.7851 
 1141.6487  608.94214 
 27.083097  622.56207 
 664.04248  627.67548 
 1292.248  645.6662 
 438.45456  647.73041 
 483.20749  658.20032 
 1113.3829  658.30243 
 859.71033  670.46643 
 1390.5886  671.41095 
 1398.9493  679.51135 
 1129.0973  680.37762 
 960.29169  694.65814 
 761.7984  695.86407 
 71.018692  722.36829 
 713.3111  725.88373 
 61.641533  730.04382 
 683.74646  729.88513 
 136.07341  740.84534 
 896.10236  744.495 
 137.30759  752.29498 
 868.49701  771.66504 
 701.22052  773.32166 
 756.63647  779.74097 
 739.54468  781.42273 
 763.16113  789.72382 
 769.71149  796.82568 
 1423.2002  802.56085 
 1069.1033  804.10785 
 1432.8042  805.99536 
 724.65417  809.47095 
 877.8736  809.51239 
 798.42877  814.67651 
 758.46588  821.77124 
 1292.6439  824.07227 
 670.46741  833.6936 
 972.97961  843.89178 
 761.05695  845.05811 
 629.53168  855.25665 
 757.34302  854.97333 
 1232.2535  859.53613 
 727.79199  866.14044 
 210.22606  878.16003 
 312.24832  883.14874 
 495.86661  885.3233 
 117.17835  887.68408 
 796.97992  892.26727 
 798.57684  910.18298 
 1405.8204  913.77704 
 1292.8016  922.97119 
 786.97595  926.04968 
 178.04683  935.4873 
 1390.8809  939.4552 
 1345.6265  947.43835 
 183.67194  962.78821 
 1196.6038  976.19727 
 830.81281  978.65668 
 775.74963  990.12067 
 205.33876  994.52045 
 718.43835  998.6745 
 848.83545  999.67633 
 316.98987  1020.7819 
 171.93396  1028.3956 
 158.82233  1031.3339 
 813.05798  1031.1755 
 398.27475  1035.6688 
 755.10748  1039.0239 
 818.38983  1044.429 
 20.361689  1049.8361 
 740.24408  1063.4525 
 480.18311  1063.9958 
 820.14752  1065.2863 
 838.63263  1065.7355 
 1165.7449  1071.7993 
 844.99017  1077.6545 
 750.75348  1079.9087 
 761.86499  1079.6129 
 784.38873  1080.5898 
 788.41174  1092.5773 
 414.66959  1119.2881 
 253.2719  1121.5787 
 850.58075  1126.6426 
 783.07434  1131.0594 
 944.53784  1131.243 
 251.79926  1131.5632 
 439.24457  1131.74 
 825.84839  1143.4192 
 848.8399  1142.8057 
 319.43073  1147.8594 
 803.35638  1151.1116 
 711.13849  1155.6737 
 1366.2032  1156.7957 
 1045.248  1158.4128 
 723.04584  1158.9175 
 493.19391  1164.0671 
 692.81061  1164.0416 
 8.1683311  1173.8445 
 1253.5891  1175.4073 
 791.28485  1177.6041 
 889.10065  1196.6469 
 788.57495  1203.254 
 86.019394  1206.8629 
 1386.3434  1213.8849 
 1347.319  1219.8243 
 1316.5452  1223.2919 
 186.96187  1243.0558 
 1417.4097  1243.4296 
 878.96375  1244.4496 
 597.08228  1245.8702 
 838.44769  1249.126 
 905.92896  1252.72 
 896.98267  1261.3342 
 1415.7559  1275.4988 
 175.81516  1279.5054 
 909.50745  1280.447 
 483.97226  1280.4491 
 847.50903  1280.6406 
 898.19427  1280.7153 
 907.57648  1291.0703 
 917.4281  1292.7546 
 1210.8774  1307.3309 
 62.872162  1309.0874 
 840.35596  1321.7534 
 1139.2411  1324.1952 
 868.12823  1337.7339 
 894.68842  1353.3829 
 862.88397  1362.2098 
 56.038738  1371.8557 
 449.73611  1373.8889 
 866.7901  1375.4899 
 871.41486  1392.4006 
 892.82941  1394.4877 
 951.89661  1396.3602 
 882.62823  1398.4325 
 946.04517  1412.2595 
 141.44774  1419.3693 
 453.27652  1422.2408 
 986.75726  1438.3699 
 1054.6786  157.49623 
 1377.6541  165.85629 
 442.92081  182.10594 
 580.8269  207.75726 
 586.06299  208.94298 
 505.07742  213.37065 
 615.52692  240.68004 
 670.81  248.96204 
 604.12897  251.91786 
 539.92609  252.91876 
 628.78601  261.84033 
 530.88855  270.38196 
 609.16803  274.26263 
 545.41406  277.07901 
 592.35956  277.22559 
 562.09515  289.22171 
 1267.5262  297.90237 
 614.14331  305.87216 
 668.95026  311.95197 
 18.428347  316.21518 
 628.69562  318.00244 
 684.80664  319.97028 
 528.05402  325.09637 
 686.98804  342.40244 
 700.29572  354.6196 
 627.5069  363.68747 
 751.03339  368.7421 
 275.21143  370.40866 
 628.0722  369.14975 
 1446.8356  379.02859 
 702.0542  396.40045 
 628.18115  402.02359 
 714.05127  411.27707 
 622.92871  416.229 
 635.39282  424.58432 
 561.32208  428.55194 
 723.06964  439.39905 
 710.2807  442.91043 
 639.58099  455.36963 
 716.0921  457.69434 
 678.13757  465.49255 
 695.6413  471.73166 
 755.99017  474.08643 
 652.47784  486.59863 
 697.30255  503.34464 
 739.59723  505.88687 
 727.58624  514.41296 
 710.13562  526.276 
 655.19147  526.65021 
 718.82635  530.86505 
 1266.3833  544.70135 
 756.82666  554.18854 
 742.4704  558.39325 
 242.96107  562.70581 
 715.92017  564.89587 
 638.68628  569.93829 
 1287.4729  572.14825 
 1305.1505  575.57922 
 1131.8317  585.26929 
 1117.5488  588.00446 
 716.05737  593.04999 
 665.63715  598.51031 
 708.60852  607.98431 
 737.7085  610.60706 
 665.01782  614.25739 
 1348.9119  620.26227 
 723.14697  622.44415 
 676.00519  625.17542 
 731.72498  633.93219 
 710.04279  640.56897 
 681.61755  646.57172 
 238.79173  656.052 
 706.60175  663.40881 
 733.73547  668.20972 
 1111.6667  753.80536 
 713.40942  777.65002 
 696.79163  794.99841 
 713.41461  805.47363 
 708.55988  818.12457 
 721.84741  823.13458 
 730.22424  828.672 
 1100.3987  842.96674 
 736.29785  844.39221 
 1110.4136  851.99182 
 860.47742  863.12549 
 788.00012  864.25946 
 767.56458  864.89722 
 1102.642  865.87616 
 781.1073  874.7821 
 1194.6272  875.67242 
 783.50891  895.6778 
 786.63434  914.4704 
 806.7251  917.88318 
 817.97174  959.02563 
 803.0838  974.80164 
 721.2843  976.97223 
 709.1283  983.46863 
 229.97372  984.57996 
 804.67889  989.59985 
 748.13013  990.94299 
 818.22449  996.6416 
 757.26093  1005.3778 
 742.69519  1014.4573 
 808.44971  1016.4422 
 749.48889  1024.8105 
 743.95355  1050.6671 
 818.74072  1052.7301 
 830.37976  1058.7823 
 755.09784  1065.8292 
 714.93195  1066.9482 
 772.14429  1074.8523 
 842.73096  1090.0787 
 1026.3672  1098.1746 
 580.15137  1102.6851 
 778.13501  1102.761 
 839.94641  1112.3956 
 764.97192  1113.886 
 777.35016  1123.3833 
 625.86047  1134.3838 
 796.29962  1140.2346 
 783.5849  1144.1647 
 778.47095  1156.7648 
 792.57166  1160.5344 
 845.47534  1163.9672 
 859.25824  1168.0848 
 801.69299  1170.9623 
 838.6225  1175.2404 
 811.80945  1180.2761 
 851.21405  1182.2712 
 799.78735  1209.6302 
 870.30017  1209.1603 
 817.7229  1214.0367 
 866.3717  1219.765 
 808.19073  1222.1925 
 819.15613  1228.1995 
 893.73743  1230.0992 
 830.46954  1235.4225 
 898.57635  1243.2048 
 812.93652  1248.0309 
 826.62317  1247.1375 
 826.3222  1256.7668 
 843.76599  1260.1509 
 852.8783  1276.7927 
 840.52112  1293.0428 
 855.15979  1292.8723 
 912.80597  1306.5778 
 851.82025  1325.8157 
 858.14911  1330.6295 
 855.77344  1337.524 
 926.73639  1338.0641 
 867.84222  1350.3783 
 856.51263  1356.5948 
 876.31189  1364.3416 
 888.30829  1371.9734 
 875.34998  1382.3599 
 883.19287  1386.6855 
 940.65881  1400.8621 
 857.05054  1360.047 
 403.2674  145.96761 
 584.5036  207.48991 
 604.29297  252.99719 
 671.8877  312.08151 
 689.17432  323.03244 
 686.33398  341.45953 
 699.86804  353.26999 
 622.31958  417.6098 
 756.19727  473.73648 
 655.44531  526.89136 
 665.25897  598.66779 
 663.31738  616.53796 
 1349.1379  620.36554 
 728.75403  826.35388 
 759.06702  841.05945 
 786.80298  863.07233 
 782.01392  875.26361 
 783.20728  896.65942 
 802.70514  933.54254 
 803.16943  974.36823 
 746.60919  990.23639 
 819.49603  996.8382 
 743.83386  1050.2762 
 822.79907  1049.9993 
 830.21582  1056.5205 
 777.60352  1103.2498 
 763.46857  1113.8087 
 796.74292  1139.4064 
 812.10284  1154.7794 
 837.08276  1174.9377 
 855.80365  1182.0299 
 782.97351  1187.7755 
 885.74005  1198.233 
 837.51459  1240.1772 
 903.30389  1329.0048 
 874.83624  1357.3115 
 891.01447  1371.2104 
 882.98669  1385.5599 
 1001.7227  44.750362 
 583.09845  222.28992 
 544.99133  256.86823 
 611.56567  272.67969 
 628.26105  366.44543 
 627.83893  400.64297 
 698.36713  400.91467 
 649.47125  488.14197 
 716.86786  529.84827 
 641.70758  569.24396 
 715.40009  584.51807 
 1134.9244  586.14838 
 680.30853  628.70239 
 728.90527  636.60046 
 712.5625  804.388 
 1370.7494  867.6142 
 768.55505  869.21429 
 803.27771  893.40198 
 790.77393  900.06836 
 807.65588  911.75824 
 708.88953  920.00195 
 820.65918  966.17096 
 719.28284  979.31927 
 703.45673  983.11194 
 729.75391  1003.2238 
 750.99377  1022.1635 
 849.65936  1068.5135 
 777.49988  1079.1259 
 831.16998  1082.6593 
 744.51855  1086.1036 
 761.18011  1093.333 
 778.34503  1125.1154 
 780.01947  1147.6268 
 792.63702  1165.7048 
 800.85779  1168.2931 
 825.97577  1200.1387 
 829.64569  1254.2439 
 897.81268  1287.363 
 867.92877  1312.3016 
 835.76129  1327.5607 
 852.98688  1332.2484 
 862.14069  1366.9275 
 628.95282  222.35477 
 567.84259  288.84317 
 677.8786  315.3598 
 704.26624  828.68225 
 785.66656  880.35052 
 808.79047  1025.5225 
 727.79114  1028.4828 
 769.72015  1097.5255 
 892.5943  1226.6061 
 857.35394  1293.3314 
 865.89893  1356.0114 
 890.87225  1364.3497 
 880.20624  1384.3474 
 597.255  228.71718 
 677.38818  258.19098 
 543.43481  269.15741 
 563.55066  285.80814 
 542.45026  301.29913 
 698.47809  347.42688 
 275.05893  383.16699 
 617.29285  426.37344 
 648.9975  427.19211 
 668.3476  463.90228 
 721.81598  535.51471 
 738.43103  560.52509 
 639.46564  566.21185 
 739.8454  601.45093 
 738.07477  635.97504 
 718.56396  696.81042 
 717.31299  820.83234 
 731.99658  829.14758 
 789.14703  892.8468 
 809.53271  903.3338 
 783.04224  915.92615 
 785.97156  929.0459 
 825.03864  965.88116 
 816.67108  1056.4985 
 831.58252  1057.2068 
 752.07758  1053.4844 
 781.62286  1077.7146 
 842.06927  1123.7795 
 780.02466  1128.5283 
 793.93378  1133.3666 
 850.91638  1184.6909 
 807.32782  1206.2714 
 802.95557  1219.7944 
 884.1264  1228.0559 
 911.96521  1308.4299 
 851.45038  1371.2982 
 556.17059  267.67184 
 675.43097  320.314 
 621.95831  369.39288 
 638.17084  385.75919 
 696.19025  404.47379 
 702.43005  481.646 
 666.38037  529.31793 
 726.89905  598.77832 
 685.4823  608.86926 
 703.88129  631.82159 
 690.66705  629.90155 
 730.13135  648.76593 
 742.60358  647.54852 
 782.94916  873.58295 
 740.44312  989.4809 
 811.17725  1022.4346 
 744.12067  1043.1064 
 773.03259  1114.1561 
 866.9931  1191.9714 
 859.93292  1280.1395 
 868.62677  1347.4025 
 871.90704  1364.3513 
 642.08124  431.47925 
 717.7381  482.52106 
 731.59222  555.37616 
 644.29034  566.06311 
 679.91034  587.7547 
 740.92444  590.64056 
 709.88733  781.664 
 724.01819  824.91467 
 765.98535  868.20886 
 720.60889  1018.1435 
 816.26453  1053.72 
 758.87  1091.8396 
 845.50391  1261.0647 
 860.64832  1333.9412 
 589.62604  238.11688 
 682.03619  333.74646 
 626.14862  381.30408 
 635.33447  413.41528 
 656.85187  523.06079 
 714.40649  550.65839 
 728.63507  606.31104 
 694.07349  626.5498 
 804.86096  957.45068 
 818.47437  1030.6899 
 783.63654  1103.1144 
 820.86047  1233.733 
 852.16571  1284.7111 
 897.19385  1301.451 
 850.7572  1304.8636 
 871.75488  1354.0555 
