 516.47394; 32.358055;
 516.86151; 44.000996;
 587.27228; 55.779083;
 79.318909; 58.435211;
 96.310173; 70.243355;
 51.029972; 71.8321;
 135.84372; 99.131371;
 207.40561; 110.70835;
 59.093811; 157.2383;
 342.98108; 158.44849;
 664.6767; 160.06406;
 680.77026; 159.33098;
 811.0271; 161.45316;
 285.34967; 169.7366;
 109.97863; 183.40334;
 108.99261; 191.33141;
 798.58142; 202.34383;
 374.60916; 209.9958;
 954.43597; 245.89511;
 785.86499; 250.93854;
 777.64154; 257.24854;
 111.27026; 284.59326;
 109.72162; 292.23981;
 194.86258; 290.741;
 168.55107; 300.81589;
 350.49991; 312.30652;
 375.50967; 324.34042;
 548.67041; 324.5405;
 622.81995; 342.32281;
 373.45502; 360.04453;
 523.1283; 361.61188;
 560.97766; 364.75806;
 128.5047; 363.12228;
 178.70021; 369.07443;
 120.15717; 377.85037;
 598.40344; 418.3602;
 885.21118; 427.66333;
 77.820572; 430.75006;
 51.538486; 447.91141;
 318.89914; 448.40277;
 496.56943; 459.5975;
 37.007233; 479.19101;
 319.25287; 479.8273;
 74.123177; 480.65289;
 575.30304; 488.65573;
 31.786707; 507.69571;
 811.19696; 516.31549;
 464.01627; 539.94397;
 237.3532; 540.96069;
 734.16541; 559.52191;
 305.52509; 572.71686;
 289.77267; 580.98627;
 96.082092; 582.72113;
 290.40884; 584.03668;
 398.71466; 616.38605;
 232.63011; 627.41357;
 253.33344; 632.2041;
 854.88763; 637.38824;
 177.61319; 641.49023;
 513.58075; 641.45099;
 280.16315; 662.40613;
 83.375916; 687.23682;
 256.36526; 698.30487;
 302.1803; 702.48962;
 74.960426; 710.23315;
 539.32782; 731.68939;
 273.46039; 753.34741;
 317.14005; 755.09351;
 508.67645; 759.25397;
 396.81442; 768.14606;
 284.13129; 799.7088;
 583.43817; 803.862;
 275.05585; 820.43445;
 363.47797; 820.68439;
 80.579872; 827.32813;
 332.48276; 828.07684;
 220.57274; 833.89929;
 358.30972; 848.95892;
 223.649; 849.58057;
 513.41895; 849.84674;
 387.06866; 857.09399;
 386.83551; 876.9436;
 34.089653; 879.34357;
 434.56738; 881.36243;
 801.51794; 890.15771;
 251.21458; 895.58264;
 142.55046; 899.78088;
 55.669842; 904.27521;
 417.23773; 912.62329;
 430.43921; 924.1571;
 382.69797; 934.80688;
 533.81903; 937.6001;
 288.94659; 951.84332;
 46.939106; 955.95398;
 108.53639; 956.35016;
 97.639465; 961.66559;
 49.577827; 969.19141;
 299.83789; 970.10736;
 446.62988; 976.90057;
 491.58853; 986.98102;
 287.76761; 50.91098;
 111.11604; 67.476334;
 876.96777; 73.676086;
 147.36998; 76.606728;
 98.183746; 79.206665;
 914.99908; 78.828308;
 935.21973; 79.642532;
 49.95034; 81.070183;
 226.02737; 83.742409;
 407.24936; 87.788101;
 430.96008; 92.268814;
 537.76825; 93.589622;
 122.09222; 95.906227;
 620.92682; 99.958412;
 677.11462; 100.09167;
 439.44946; 113.3353;
 136.77441; 114.21903;
 736.99487; 118.43495;
 953.20166; 117.91161;
 635.10065; 124.2653;
 976.99615; 127.86235;
 774.68311; 134.03496;
 300.18137; 134.77231;
 465.68594; 144.53035;
 660.42017; 152.62134;
 277.54092; 160.42381;
 256.48892; 165.24973;
 539.75812; 166.07646;
 678.21808; 168.10954;
 310.13312; 168.95454;
 763.32117; 169.26149;
 342.89865; 170.21867;
 482.8508; 175.17046;
 539.84106; 175.31262;
 84.657982; 175.70058;
 310.63623; 179.92128;
 716.82043; 183.60052;
 163.17273; 192.76047;
 828.53381; 195.51224;
 719.61658; 198.28267;
 158.2261; 202.27115;
 259.5585; 202.05217;
 471.86902; 206.368;
 338.76288; 209.96452;
 708.98865; 210.48483;
 261.10373; 210.92671;
 116.31076; 215.29144;
 375.80023; 223.16901;
 183.26732; 228.17899;
 220.65137; 228.00284;
 105.73441; 232.5009;
 786.26013; 232.95747;
 239.45688; 234.31557;
 214.8185; 236.05872;
 227.94583; 239.30383;
 261.39212; 240.08479;
 825.59137; 244.64481;
 520.32098; 246.20627;
 750.59509; 247.61615;
 965.61578; 252.08928;
 253.62411; 257.13153;
 948.09338; 256.95593;
 765.00476; 259.1665;
 352.78778; 260.77338;
 823.24701; 261.67557;
 231.75865; 262.68448;
 593.33875; 267.68027;
 538.68042; 271.3479;
 842.16846; 273.8262;
 451.67056; 274.85944;
 936.87292; 274.79691;
 824.45612; 277.37598;
 891.10986; 276.73984;
 925.77136; 278.91922;
 800.51337; 280.83606;
 510.92923; 284.41278;
 789.09857; 285.30429;
 399.17203; 286.61292;
 552.05243; 289.72601;
 238.44708; 293.75797;
 83.014671; 295.1915;
 193.52408; 299.46021;
 543.53595; 302.63898;
 362.1123; 305.65607;
 552.8833; 308.21698;
 862.69897; 309.31354;
 216.07018; 310.12549;
 408.93564; 311.04538;
 168.68945; 313.32324;
 821.90131; 313.67709;
 490.31476; 317.20847;
 871.02081; 316.9808;
 810.10315; 318.47266;
 85.866623; 319.67523;
 356.10593; 319.80301;
 438.89603; 321.68848;
 914.63885; 322.3208;
 467.00583; 325.65176;
 162.45135; 328.31039;
 810.68341; 328.67932;
 494.02078; 329.69632;
 198.19627; 331.16269;
 552.49353; 333.25555;
 392.79514; 335.75824;
 124.40092; 337.87366;
 414.86008; 342.30917;
 144.46132; 344.87314;
 493.401; 344.8884;
 649.95227; 345.2117;
 844.91711; 350.39804;
 255.94901; 350.80774;
 362.48535; 350.7738;
 622.83496; 352.26862;
 803.98236; 352.9039;
 566.96075; 353.64139;
 94.17852; 354.75171;
 446.55188; 355.75983;
 932.92499; 357.0574;
 194.93924; 357.72156;
 237.32011; 358.69305;
 876.6405; 359.46259;
 388.49612; 360.90228;
 415.9137; 361.10843;
 116.97353; 365.89514;
 781.71674; 365.71042;
 57.466198; 366.75165;
 757.68256; 369.32877;
 827.38379; 368.87424;
 334.54156; 372.85971;
 787.40149; 373.2829;
 279.45352; 376.6893;
 747.84607; 379.32574;
 826.54755; 378.82425;
 180.7392; 380.40594;
 619.32776; 382.06723;
 297.99561; 391.77792;
 673.87396; 393.70135;
 157.09155; 395.03281;
 801.14996; 395.75958;
 396.99664; 398.173;
 656.77661; 399.55042;
 767.42358; 399.79166;
 948.24695; 399.90875;
 209.19215; 403.38376;
 647.3125; 406.95676;
 257.97787; 408.54977;
 455.89545; 409.98648;
 140.85706; 411.25089;
 537.48254; 413.95694;
 888.61725; 417.71774;
 308.97464; 421.13675;
 485.98239; 421.00153;
 82.475578; 422.12128;
 384.81607; 423.17834;
 859.56055; 424.40103;
 419.78552; 426.85263;
 129.46349; 428.03922;
 973.4599; 428.99207;
 770.44; 433.40585;
 166.09305; 434.51752;
 255.62267; 436.01724;
 725.63672; 436.63806;
 300.67816; 437.9079;
 605.86548; 442.72244;
 773.84875; 442.87625;
 942.98444; 443.04944;
 134.4668; 446.28833;
 188.74203; 446.51575;
 403.38293; 458.31091;
 482.12646; 458.3472;
 747.51599; 458.59238;
 553.88922; 461.23969;
 96.984489; 462.99039;
 269.32578; 464.74164;
 955.48627; 469.18164;
 541.08667; 471.51062;
 515.23102; 479.28952;
 216.89658; 480.7334;
 542.18707; 482.06808;
 43.028446; 485.61142;
 227.00534; 486.01691;
 71.005928; 490.26038;
 457.86859; 489.86566;
 181.62384; 491.85928;
 85.537956; 498.50049;
 965.97473; 497.86063;
 688.39386; 499.41205;
 903.31561; 499.62411;
 548.10217; 501.41687;
 184.02719; 502.95682;
 428.43692; 507.95261;
 978.8764; 508.10455;
 752.16528; 509.92038;
 973.69891; 514.65417;
 107.49462; 516.09753;
 830.77979; 517.84454;
 838.26312; 520.39423;
 465.60538; 521.16162;
 975.25751; 521.81073;
 203.23013; 527.10999;
 352.95514; 527.70483;
 506.52164; 528.36713;
 395.99741; 531.487;
 249.90205; 533.84943;
 773.76794; 534.11536;
 882.64258; 540.22388;
 414.82324; 544.91254;
 521.49225; 547.99579;
 819.59766; 549.04547;
 189.01497; 550.73004;
 147.87151; 554.55157;
 805.83893; 556.57831;
 313.98221; 560.13263;
 424.19995; 560.19147;
 354.03568; 563.02472;
 414.11847; 566.92676;
 198.18021; 567.63055;
 223.01215; 568.05292;
 856.01831; 568.21753;
 51.656681; 568.53827;
 694.86584; 572.83545;
 90.1147; 573.74518;
 249.51703; 575.14551;
 502.78146; 575.26624;
 327.76755; 577.25995;
 352.94479; 578.85712;
 564.9223; 578.73859;
 111.69906; 580.79321;
 249.73018; 580.81335;
 266.54709; 582.21942;
 424.5816; 581.71118;
 161.15652; 586.29694;
 667.17761; 589.36157;
 370.38223; 590.37982;
 517.71295; 591.25061;
 908.82355; 592.79706;
 446.1055; 594.24414;
 724.3642; 595.69861;
 304.43723; 599.17084;
 187.04483; 599.54456;
 259.08121; 600.49646;
 745.6275; 601.591;
 445.08905; 602.97974;
 923.31317; 604.38141;
 165.95894; 606.01855;
 283.67047; 607.01605;
 500.66534; 608.07135;
 878.23749; 609.68787;
 57.376019; 611.45575;
 926.37317; 614.409;
 175.54556; 614.88794;
 264.7558; 616.08087;
 349.9556; 618.37;
 879.48981; 618.83765;
 514.25989; 625.59253;
 353.9725; 628.72919;
 724.89697; 631.70532;
 325.27362; 635.83746;
 118.59252; 637.16901;
 640.18372; 638.85651;
 760.49274; 640.14301;
 736.28723; 640.56696;
 229.38817; 642.19312;
 850.33502; 645.71667;
 254.30983; 648.26813;
 262.9931; 649.29657;
 355.80038; 651.46417;
 377.13034; 653.56445;
 140.45415; 656.92834;
 183.83591; 658.14386;
 399.57681; 662.61444;
 768.09833; 662.70966;
 220.75548; 665.979;
 944.43707; 666.78961;
 196.79892; 668.10144;
 358.55652; 668.58014;
 281.74313; 672.38367;
 245.22406; 677.74896;
 299.97574; 682.47119;
 652.88263; 683.9342;
 772.67377; 688.42474;
 317.62878; 692.10828;
 452.99969; 697.50183;
 553.80359; 698.90942;
 118.37453; 702.00153;
 961.40155; 701.84692;
 374.34421; 703.14227;
 641.92639; 702.57123;
 676.09436; 703.12286;
 166.49478; 708.21808;
 500.93216; 708.94543;
 344.89737; 711.99744;
 658.4812; 712.74866;
 665.08722; 718.97021;
 320.1882; 719.56128;
 531.97607; 720.81506;
 235.11731; 726.41541;
 299.66467; 726.67261;
 50.285912; 728.08868;
 282.16623; 729.90668;
 314.129; 730.14496;
 478.42761; 732.86682;
 201.9386; 741.73724;
 369.57806; 741.55585;
 223.24844; 744.92993;
 752.56097; 748.84985;
 100.70227; 756.83722;
 355.56403; 758.15277;
 755.46484; 762.37421;
 929.16241; 763.02209;
 349.72977; 768.90265;
 722.74988; 768.75653;
 357.00867; 769.99249;
 837.80951; 773.48083;
 253.73109; 774.85382;
 186.15643; 777.5119;
 127.80677; 778.73206;
 176.04482; 786.10785;
 433.68484; 786.17505;
 653.32465; 785.94287;
 684.07092; 787.97156;
 299.07666; 788.70459;
 969.22003; 788.82867;
 289.97372; 791.55438;
 190.17422; 793.24939;
 50.454491; 795.21973;
 271.93134; 795.81763;
 385.69904; 795.91895;
 244.50574; 797.26202;
 782.18457; 796.81946;
 229.78468; 798.80914;
 950.27771; 799.35651;
 756.70856; 802.31525;
 563.95105; 802.84967;
 117.17843; 805.89709;
 597.8692; 805.9375;
 213.08533; 809.42657;
 946.66644; 809.64551;
 401.09824; 812.19513;
 778.30566; 811.68042;
 503.83054; 814.10638;
 197.13144; 814.84509;
 885.18091; 815.47394;
 380.71426; 817.03278;
 127.97797; 817.58899;
 212.04543; 817.97894;
 685.35089; 819.48682;
 776.08191; 823.03088;
 503.8913; 825.49048;
 749.3985; 826.80127;
 485.16293; 828.65607;
 563.33856; 829.34698;
 247.38322; 829.48529;
 352.04556; 831.17334;
 173.55681; 835.39258;
 50.63047; 835.7182;
 130.43404; 835.56952;
 529.43219; 836.97089;
 119.0062; 839.23175;
 970.95166; 839.53027;
 382.45398; 840.78607;
 599.22107; 843.56622;
 808.60138; 845.68317;
 975.64001; 847.45123;
 534.64905; 848.44781;
 415.40106; 852.48682;
 805.92792; 855.42719;
 58.078537; 855.68195;
 594.2406; 856.79572;
 975.81104; 857.93524;
 213.96777; 858.52759;
 93.590172; 861.86334;
 257.35373; 862.36096;
 175.683; 863.95306;
 840.71411; 863.70001;
 531.15906; 865.68463;
 554.75421; 865.75806;
 890.80798; 869.86932;
 144.48686; 870.82184;
 277.22391; 871.47229;
 77.216873; 876.11682;
 531.00818; 875.54578;
 123.35955; 878.11481;
 478.16757; 880.35211;
 886.77655; 880.64124;
 508.70276; 884.09705;
 484.80667; 886.16333;
 457.72943; 887.44861;
 231.88142; 891.25861;
 182.09059; 896.20117;
 210.46309; 898.63257;
 474.10944; 904.37335;
 413.6579; 904.78613;
 738.40076; 904.98199;
 278.99612; 906.07281;
 875.185; 916.33105;
 432.15027; 916.91479;
 545.55835; 919.76666;
 568.97607; 921.42084;
 919.46509; 921.30396;
 752.4765; 921.50311;
 445.3432; 923.81903;
 136.36674; 928.22314;
 790.409; 930.35437;
 327.55661; 934.0705;
 448.4512; 934.86365;
 359.16043; 942.36609;
 130.8925; 943.38385;
 233.65149; 943.55438;
 799.32275; 945.46344;
 914.43744; 949.17468;
 752.09137; 950.82886;
 835.56586; 953.26147;
 74.253235; 954.13043;
 393.70142; 958.64655;
 710.85974; 960.22589;
 760.39032; 959.95746;
 538.38342; 962.41394;
 516.59644; 962.69092;
 610.17169; 966.03162;
 468.39978; 972.94604;
 229.97769; 977.15601;
 186.04535; 597.29657;
 78.887848; 58.127296;
 231.9118; 57.577553;
 742.82245; 58.30117;
 547.77161; 65.997292;
 111.34481; 67.411903;
 81.6343; 68.093552;
 523.45477; 68.135803;
 96.105339; 69.757065;
 877.34528; 74.21212;
 147.58844; 77.948692;
 914.77173; 77.736366;
 935.56586; 79.004555;
 98.216408; 79.994865;
 707.50336; 79.548897;
 203.05115; 81.723969;
 227.01038; 84.48925;
 170.28781; 85.231514;
 406.72464; 87.619843;
 778.29364; 91.493103;
 430.62473; 91.761932;
 537.61975; 93.781021;
 120.74532; 95.719231;
 620.41034; 99.125923;
 677.14886; 99.078255;
 135.89253; 100.00404;
 370.12396; 103.80484;
 955.11035; 109.31968;
 207.64059; 110.23993;
 440.15109; 113.06406;
 119.72436; 113.72574;
 136.08844; 113.58398;
 555.73572; 116.72011;
 737.75836; 117.18893;
 923.45758; 118.05883;
 952.93201; 117.82021;
 207.24644; 121.30499;
 635.17059; 124.14784;
 80.839294; 125.68354;
 839.00226; 130.28285;
 773.73999; 133.50699;
 300.10092; 136.35608;
 780.33502; 141.96983;
 466.18753; 144.48398;
 946.76849; 147.18774;
 812.7948; 149.94611;
 660.11542; 151.16051;
 215.88441; 153.43527;
 821.20551; 153.85544;
 770.93439; 154.99104;
 59.073681; 157.12549;
 278.89938; 157.76218;
 342.74606; 158.22658;
 681.41736; 157.96892;
 178.87184; 159.69057;
 665.44019; 160.28571;
 811.17407; 162.8338;
 256.94763; 165.25258;
 539.72437; 165.50978;
 842.25354; 166.74872;
 286.07745; 169.20952;
 677.44098; 168.58168;
 764.72144; 169.21922;
 343.60379; 170.2;
 858.09851; 170.7018;
 84.672501; 175.31801;
 483.2294; 175.74863;
 539.64905; 176.27359;
 310.59995; 179.66281;
 110.65475; 182.67026;
 717.14594; 183.91972;
 740.72906; 185.77533;
 65.087395; 188.92455;
 110.45197; 193.12413;
 163.69054; 192.5815;
 660.92157; 193.09953;
 150.74399; 194.18434;
 771.87274; 195.2773;
 829.60425; 197.07724;
 719.86389; 197.58296;
 259.18741; 201.37149;
 158.18471; 203.37503;
 799.1488; 202.5968;
 389.69492; 206.42697;
 472.28159; 205.70447;
 339.80643; 209.56134;
 374.25229; 210.61552;
 709.37781; 210.61217;
 244.21405; 211.87053;
 261.2467; 212.2377;
 547.03448; 212.05824;
 497.48883; 212.7007;
 116.35332; 214.644;
 176.55455; 217.51382;
 375.73904; 222.33879;
 419.75629; 224.34291;
 141.07945; 225.8194;
 183.35414; 229.16217;
 220.13617; 229.11061;
 914.04907; 229.66737;
 106.12784; 231.52383;
 517.8811; 232.58855;
 785.64844; 234.3075;
 239.69951; 234.93839;
 964.18591; 235.54811;
 214.81758; 235.64792;
 261.01709; 239.29749;
 337.73685; 239.45097;
 227.56013; 240.16563;
 324.11575; 243.82101;
 825.96094; 244.78564;
 953.03778; 245.94365;
 520.46436; 246.79741;
 750.87201; 247.85457;
 916.73572; 247.66319;
 186.62181; 250.35814;
 785.34912; 249.72504;
 285.51123; 252.65845;
 874.74719; 253.88972;
 75.248169; 255.10417;
 253.94832; 255.74492;
 416.59171; 257.51169;
 948.44196; 257.27979;
 764.58765; 258.34662;
 778.15808; 258.50583;
 179.07545; 259.21664;
 299.51855; 259.26996;
 860.04657; 259.45541;
 353.37842; 260.44345;
 823.85498; 260.97647;
 231.64001; 261.79861;
 317.82181; 261.9834;
 272.90814; 265.69421;
 963.37946; 266.03445;
 592.78284; 268.42459;
 539.05908; 271.26038;
 486.97601; 271.66922;
 451.9707; 274.21301;
 842.38745; 273.90649;
 937.341; 274.2374;
 891.47528; 275.75345;
 555.94037; 277.09998;
 824.82562; 278.00787;
 925.44946; 278.96121;
 800.29321; 280.41608;
 511.4198; 283.42807;
 112.72681; 283.7659;
 789.07507; 285.28629;
 939.44543; 285.36853;
 398.32779; 286.23196;
 860.55585; 286.60037;
 420.49289; 289.08417;
 490.77231; 288.78867;
 64.755417; 294.33853;
 194.82367; 289.72665;
 552.77777; 289.86136;
 455.38513; 291.50101;
 852.54443; 291.95035;
 109.06591; 293.3028;
 238.15895; 293.30475;
 801.54462; 292.5896;
 81.907227; 294.2442;
 65.213654; 296.27872;
 138.48622; 296.17358;
 481.96176; 299.42407;
 192.6869; 300.36005;
 168.74255; 301.03326;
 942.01636; 300.95215;
 543.08795; 301.72955;
 911.6524; 302.92303;
 361.194; 305.40631;
 553.68817; 307.87811;
 862.64972; 308.64313;
 216.69969; 309.59689;
 350.52493; 311.69666;
 408.32874; 311.62769;
 168.97113; 313.41269;
 430.56403; 313.2886;
 821.95258; 313.27426;
 139.46716; 316.03305;
 491.61899; 316.92715;
 809.94714; 318.47192;
 870.75275; 317.66107;
 85.464645; 320.07953;
 356.92319; 320.3259;
 838.90442; 319.83167;
 438.49243; 322.87939;
 915.0993; 323.09958;
 548.26245; 323.64212;
 375.13364; 325.2532;
 466.40747; 326.06009;
 825.50067; 326.56821;
 161.83485; 328.38284;
 493.40646; 329.42004;
 810.70331; 328.65591;
 327.66806; 330.23376;
 179.37398; 331.91263;
 198.94064; 332.2576;
 408.08636; 331.57681;
 552.94092; 333.80685;
 393.37122; 335.57797;
 942.65253; 335.59924;
 125.36316; 336.54947;
 638.61212; 337.25113;
 201.04601; 337.68787;
 508.69995; 339.07108;
 845.41876; 340.10638;
 950.19342; 340.11298;
 415.63785; 342.14493;
 622.78198; 342.35434;
 915.7851; 343.61414;
 493.04288; 344.98322;
 649.64069; 344.70132;
 691.50256; 345.43115;
 143.96463; 345.91321;
 128.16803; 347.1015;
 255.71597; 350.19122;
 362.30679; 350.40628;
 382.42319; 350.36624;
 845.42523; 350.96939;
 567.45398; 352.3595;
 622.67883; 352.3186;
 804.45892; 351.79123;
 94.732002; 355.09665;
 916.6344; 356.05161;
 932.9425; 355.94647;
 237.16594; 358.04312;
 194.85107; 358.73935;
 876.69836; 358.95935;
 389.09561; 360.34097;
 373.3667; 361.05786;
 416.23822; 361.09213;
 523.16589; 361.38223;
 721.10272; 361.26379;
 834.92621; 360.58023;
 128.88805; 362.31348;
 805.17212; 362.38614;
 498.29251; 363.48514;
 781.50891; 365.15057;
 59.877579; 365.88376;
 117.56866; 365.61285;
 248.41835; 365.69702;
 561.06653; 366.02377;
 304.43872; 366.51428;
 747.06268; 367.37033;
 931.56653; 366.7919;
 827.88721; 368.10178;
 178.41182; 369.03235;
 756.49249; 369.61093;
 334.23538; 372.00757;
 73.357506; 375.31104;
 787.2887; 374.80966;
 279.5401; 376.33035;
 120.172; 377.34589;
 447.95651; 377.33484;
 501.94644; 377.6272;
 748.23975; 379.20505;
 827.26166; 379.3938;
 181.76625; 381.26825;
 619.24115; 381.42618;
 361.22482; 385.8714;
 418.85858; 385.95004;
 209.11963; 387.26346;
 501.07385; 390.03293;
 298.18549; 392.55658;
 156.94717; 393.75937;
 673.09747; 394.33545;
 713.59027; 393.97046;
 802.24237; 395.43973;
 180.02969; 396.38547;
 396.69992; 398.24548;
 191.84293; 398.59531;
 708.53662; 399.02475;
 93.999641; 399.83047;
 656.17236; 400.35788;
 767.44641; 399.77176;
 948.08917; 399.8631;
 208.57721; 403.2399;
 853.65088; 402.87833;
 648.11212; 405.69937;
 808.06073; 406.25269;
 256.06125; 407.05688;
 318.9343; 408.09485;
 356.83578; 410.01169;
 456.42261; 410.08875;
 845.21747; 410.23685;
 142.47699; 411.18329;
 705.10895; 411.88177;
 104.40532; 413.68756;
 537.31201; 413.62198;
 647.58716; 416.75528;
 888.50769; 417.22003;
 598.22644; 418.55545;
 486.23138; 419.961;
 81.842476; 421.27908;
 309.94077; 420.80786;
 814.28259; 421.68802;
 386.53333; 422.88348;
 659.22693; 423.00681;
 859.27002; 423.08783;
 951.87622; 423.12439;
 292.02399; 424.70923;
 578.22272; 424.552;
 688.00977; 425.02362;
 419.91229; 426.89258;
 210.74663; 428.28934;
 744.94275; 427.51456;
 885.409; 428.33252;
 129.7827; 428.49875;
 77.539635; 430.96869;
 604.39307; 431.59204;
 203.46739; 432.65076;
 770.69177; 432.58218;
 165.98938; 434.3938;
 865.02386; 434.86798;
 255.51151; 437.177;
 451.31238; 436.3844;
 724.32446; 436.54913;
 301.52866; 437.61749;
 687.79791; 439.70251;
 814.98145; 441.25412;
 943.21924; 442.27148;
 605.69318; 443.90421;
 773.61316; 443.56891;
 134.64296; 444.80124;
 188.48058; 445.74875;
 486.30991; 445.73132;
 320.21628; 448.80258;
 747.39111; 448.56738;
 293.52231; 450.82162;
 558.10468; 451.69382;
 830.56647; 452.41785;
 404.55991; 457.74319;
 482.46948; 458.09183;
 748.03864; 458.64966;
 496.07315; 460.21716;
 554.6626; 460.45093;
 688.29083; 460.94727;
 315.14645; 462.07507;
 96.936279; 462.54797;
 269.15433; 464.24234;
 845.10345; 467.99759;
 955.88898; 468.12985;
 733.70532; 469.86856;
 541.08893; 471.1496;
 234.91798; 473.21991;
 446.83707; 474.44226;
 781.32581; 474.58636;
 515.55383; 478.39517;
 319.63107; 479.47256;
 842.99878; 479.22089;
 73.934593; 479.92889;
 123.83916; 480.10153;
 148.95174; 480.10303;
 216.46979; 480.15222;
 542.10339; 482.55954;
 386.88916; 483.68314;
 227.89091; 486.25604;
 704.64801; 485.57452;
 786.08997; 486.29306;
 575.50623; 488.32535;
 459.52313; 489.66458;
 72.336258; 491.36145;
 181.27553; 491.85812;
 216.8914; 492.73846;
 269.97308; 496.20419;
 85.844833; 497.92014;
 903.72845; 498.70984;
 688.23511; 499.5827;
 548.52075; 500.56418;
 652.47784; 500.74496;
 184.93178; 503.86938;
 299.99979; 504.55835;
 428.63129; 507.63522;
 508.67468; 508.47681;
 580.19818; 507.89514;
 752.87909; 508.71518;
 624.34326; 510.03302;
 107.32261; 515.25507;
 374.46939; 516.65302;
 811.21082; 516.6485;
 145.05151; 518.19647;
 94.56485; 519.50372;
 837.00018; 519.27057;
 465.90408; 520.10736;
 702.05731; 520.82562;
 623.12372; 522.24646;
 286.37833; 524.63696;
 202.96577; 526.51965;
 352.51736; 526.79358;
 506.42508; 528.40363;
 912.84497; 529.27643;
 396.13049; 531.05493;
 249.88882; 533.09241;
 925.51074; 533.21075;
 774.06488; 534.55103;
 225.8651; 536.25336;
 342.38403; 538.1402;
 882.7334; 539.23822;
 237.39603; 540.28864;
 570.82007; 540.03156;
 95.171005; 541.05804;
 463.96381; 540.60699;
 906.87396; 540.70844;
 413.30945; 545.27313;
 521.22571; 548.23859;
 675.69739; 547.52472;
 819.12219; 549.05304;
 351.57047; 549.89832;
 189.1409; 550.63971;
 883.43909; 551.20551;
 148.22617; 556.04797;
 664.30658; 555.9126;
 802.57367; 556.01556;
 847.94714; 556.23553;
 856.64893; 557.81964;
 279.98456; 559.33447;
 733.72388; 559.17188;
 246.66963; 560.33124;
 313.72232; 559.81097;
 423.46408; 560.37286;
 354.61072; 562.34955;
 484.76697; 563.98431;
 814.55865; 564.89594;
 414.05685; 566.52148;
 198.36327; 568.0434;
 223.32358; 568.30499;
 540.07263; 568.22662;
 856.60272; 568.36938;
 958.8288; 568.70447;
 471.6597; 570.13837;
 752.56012; 571.48969;
 305.65891; 572.22156;
 694.71155; 571.79663;
 89.49707; 572.58368;
 501.77475; 575.57001;
 328.10303; 577.40533;
 763.96881; 577.45831;
 563.73938; 577.72803;
 249.88347; 579.07269;
 353.1944; 579.18066;
 112.55024; 580.26202;
 289.63843; 580.8714;
 424.50916; 580.97119;
 265.49948; 581.75085;
 303.68823; 582.18451;
 96.2966; 583.58661;
 333.93497; 584.55884;
 161.04182; 585.60754;
 667.43146; 588.48352;
 370.37665; 590.0528;
 280.95099; 591.77533;
 516.78821; 592.42627;
 908.80542; 592.46692;
 446.34952; 593.49139;
 724.23987; 595.59521;
 783.85803; 595.81921;
 59.360653; 598.67157;
 431.85168; 599.33447;
 830.75079; 599.28943;
 259.18915; 599.85883;
 304.80896; 600.16144;
 367.75073; 601.89008;
 746.26892; 601.89771;
 444.9722; 603.41559;
 957.28851; 603.17535;
 924.50897; 604.0885;
 165.97647; 606.30841;
 284.40167; 606.48657;
 500.8345; 607.75574;
 878.53259; 609.25385;
 188.33076; 609.68945;
 303.82602; 613.24561;
 175.3526; 614.73889;
 398.39642; 615.49329;
 927.23969; 614.4848;
 265.1496; 616.96906;
 279.522; 616.45551;
 349.48123; 617.6098;
 879.19128; 619.45197;
 630.83203; 619.73468;
 512.60181; 625.0741;
 832.72754; 625.84149;
 399.7377; 627.0368;
 100.78975; 627.9328;
 232.90819; 627.63019;
 725.57233; 631.25714;
 253.25806; 631.61096;
 612.32031; 631.96936;
 325.56757; 635.61792;
 117.31165; 636.82251;
 854.79669; 637.33331;
 931.03687; 637.77228;
 639.99933; 639.12885;
 760.2312; 639.68787;
 736.70856; 640.58655;
 796.37347; 640.88806;
 229.09808; 642.13068;
 514.00879; 641.6759;
 178.13478; 642.64514;
 850.2309; 646.68402;
 255.23058; 648.39618;
 354.92477; 653.1228;
 376.89508; 654.22217;
 558.86682; 655.00232;
 140.57666; 656.27399;
 183.67212; 656.98846;
 544.47888; 659.77539;
 400.04568; 661.20416;
 320.59189; 662.19806;
 768.05719; 662.21332;
 919.97656; 662.33746;
 280.05536; 662.90729;
 944.01331; 667.41315;
 220.27986; 667.81598;
 197.62785; 669.60284;
 357.87305; 669.98724;
 919.59314; 673.27106;
 131.89801; 674.03577;
 281.7702; 673.5614;
 244.78755; 678.74255;
 697.72675; 680.44196;
 300.04788; 681.90356;
 652.70129; 683.15289;
 83.583504; 686.30353;
 494.56091; 686.83191;
 918.17944; 686.97162;
 773.3382; 687.61346;
 320.16135; 692.90778;
 866.21021; 696.26129;
 453.79214; 696.92474;
 256.07025; 698.164;
 553.84583; 698.23291;
 117.53703; 702.33826;
 301.95621; 702.39996;
 374.00012; 701.97589;
 641.78595; 702.13116;
 676.18231; 702.83905;
 961.68829; 702.45911;
 165.95883; 708.1297;
 500.14212; 709.5072;
 559.68744; 710.17218;
 75.288345; 711.37067;
 344.60831; 712.91376;
 871.51331; 715.09583;
 597.2489; 718.05072;
 664.35797; 717.82257;
 320.71323; 720.36713;
 533.29712; 721.23108;
 255.35162; 723.00763;
 70.716492; 725.70782;
 841.56805; 725.61401;
 235.46582; 726.52588;
 298.50363; 728.32916;
 282.7399; 729.92041;
 314.22842; 730.04657;
 84.223808; 732.00494;
 539.35693; 732.32574;
 478.23575; 732.68591;
 717.24274; 735.48059;
 401.72977; 738.42358;
 201.31529; 740.43103;
 369.32465; 741.02374;
 606.80219; 744.03772;
 223.76245; 746.58093;
 732.3382; 747.40314;
 752.74921; 748.17511;
 273.3194; 753.48438;
 317.37619; 755.81775;
 101.09437; 756.54718;
 355.49536; 758.34332;
 508.53473; 759.68188;
 755.64453; 763.1106;
 928.76929; 762.66193;
 351.16718; 768.39233;
 396.58096; 767.94397;
 722.46454; 768.72308;
 837.66351; 772.73438;
 253.7697; 774.79321;
 186.11281; 777.81952;
 127.94745; 778.62616;
 432.63818; 784.65948;
 543.7594; 785.40521;
 176.41965; 786.48029;
 652.62518; 786.31354;
 684.26691; 788.20166;
 290.98993; 789.854;
 551.59985; 791.35504;
 189.95055; 793.25549;
 93.5597; 793.54834;
 581.37323; 794.1087;
 272.55322; 794.91132;
 385.50021; 795.23572;
 782.58557; 795.84735;
 245.28482; 796.65875;
 706.22968; 797.70447;
 230.14001; 799.04761;
 949.69928; 799.54749;
 284.42923; 800.55188;
 756.74896; 802.11334;
 563.3045; 803.17438;
 858.29559; 803.70587;
 893.16156; 803.81995;
 61.670048; 804.87616;
 583.80823; 804.88959;
 598.61481; 805.40564;
 116.91319; 805.67267;
 494.858; 807.14423;
 689.30487; 808.02313;
 946.69128; 808.4436;
 213.67133; 809.79016;
 401.4194; 812.40393;
 96.004433; 813.00427;
 504.12302; 814.16138;
 197.37817; 814.66711;
 885.07605; 815.42645;
 380.44855; 816.46887;
 154.02422; 817.86884;
 211.78001; 818.47113;
 275.1431; 819.7536;
 363.42365; 820.1745;
 685.41064; 819.63129;
 502.82938; 825.97253;
 80.449509; 827.41217;
 449.72314; 826.65845;
 748.9314; 827.3985;
 332.22818; 828.37518;
 484.87552; 827.68201;
 562.93365; 828.75848;
 247.10806; 829.83276;
 739.04944; 832.38623;
 220.21996; 833.45966;
 173.43622; 834.96021;
 860.54175; 835.43054;
 129.29913; 836.21863;
 529.68054; 837.49988;
 120.32322; 838.62238;
 431.59622; 839.91223;
 382.5267; 840.58832;
 599.09723; 842.4776;
 807.79645; 844.18152;
 534.3692; 847.66254;
 223.55766; 849.51184;
 358.02322; 849.72778;
 513.76392; 850.13788;
 674.07355; 852.13757;
 415.82285; 852.49506;
 594.37103; 856.31049;
 805.37903; 856.29309;
 387.17685; 857.03009;
 211.39793; 859.14838;
 652.44006; 859.34985;
 93.580528; 861.74219;
 257.39468; 862.60736;
 555.75836; 864.51825;
 840.24109; 864.21503;
 175.70708; 865.13489;
 530.76642; 865.35431;
 222.09341; 867.03247;
 893.21143; 867.8324;
 694.22662; 868.5271;
 145.43582; 871.84875;
 277.23166; 872.11951;
 639.45135; 872.7478;
 732.93274; 873.56445;
 77.169189; 875.88818;
 387.13474; 876.48218;
 531.62329; 875.83197;
 560.34564; 876.11926;
 123.8431; 879.16547;
 170.66722; 880.72485;
 479.33951; 881.02277;
 886.96228; 880.9184;
 434.28183; 881.51709;
 157.16086; 884.08643;
 508.92447; 884.62866;
 457.52371; 887.25006;
 153.01259; 887.93896;
 232.01326; 890.36401;
 471.0994; 890.19958;
 801.98145; 890.1817;
 965.12494; 890.00861;
 90.232361; 890.81213;
 640.06689; 892.112;
 925.34656; 895.09613;
 181.72562; 896.2998;
 251.53192; 895.4884;
 210.40659; 898.11469;
 143.48085; 899.78973;
 84.73494; 902.92908;
 413.94272; 903.42346;
 474.56332; 905.03882;
 618.53766; 905.38184;
 738.68573; 904.93896;
 896.27087; 904.62848;
 278.74893; 906.2431;
 614.40723; 905.9151;
 698.90594; 908.69177;
 266.465; 913.20538;
 417.07581; 912.54785;
 431.77344; 915.32019;
 404.93793; 917.33173;
 875.2738; 916.53473;
 545.97168; 919.16711;
 918.97656; 920.4057;
 752.7558; 921.20563;
 569.02112; 921.83295;
 445.25256; 923.39178;
 505.58655; 922.91071;
 840.96167; 924.09271;
 429.54453; 926.04663;
 136.60277; 927.61835;
 790.20355; 930.06219;
 327.72607; 933.89105;
 381.63596; 935.1853;
 447.71594; 935.4328;
 111.3754; 935.57013;
 688.09241; 935.89276;
 534.0224; 937.39197;
 233.92761; 942.63599;
 360.08981; 942.84033;
 131.35315; 945.58948;
 799.4859; 946.01123;
 914.25476; 948.995;
 750.95398; 949.93817;
 288.67331; 951.29547;
 609.48047; 953.27686;
 835.54486; 953.08179;
 522.0141; 954.23889;
 73.882004; 954.85413;
 107.73583; 956.3465;
 665.79834; 956.15497;
 394.04813; 958.97723;
 711.03699; 959.34393;
 760.11969; 959.71198;
 98.850525; 961.09045;
 516.49213; 962.4093;
 538.10187; 962.01501;
 333.84497; 964.72198;
 964.88013; 251.98604;
 429.83307; 90.704575;
 537.89502; 90.278008;
 832.52161; 93.947823;
 936.15912; 93.642441;
 118.81908; 96.316475;
 136.27289; 99.436142;
 676.36633; 99.018776;
 207.10007; 109.43217;
 439.9111; 112.43168;
 135.76669; 113.54433;
 737.19379; 115.20045;
 924.99646; 118.04254;
 635.39288; 122.87938;
 467.36523; 127.08142;
 774.10687; 129.88194;
 839.27985; 130.41701;
 299.40521; 135.55275;
 781.48236; 141.1212;
 888.59326; 142.37975;
 466.07672; 144.53018;
 559.38379; 143.36589;
 658.10193; 148.1414;
 735.80103; 148.28728;
 811.99603; 148.20892;
 495.50662; 149.84546;
 681.21783; 154.54306;
 773.01129; 153.34428;
 215.24104; 155.66838;
 278.39355; 155.85359;
 341.45038; 158.14247;
 178.61382; 160.65184;
 256.93225; 159.14194;
 539.67639; 164.64638;
 808.69598; 164.80132;
 850.56689; 165.41425;
 673.24097; 167.66304;
 766.14258; 168.6355;
 343.59137; 172.41388;
 273.29865; 173.87262;
 926.96527; 174.09413;
 482.60724; 175.26668;
 538.52069; 179.89844;
 111.47469; 181.6526;
 309.30011; 181.67679;
 371.16653; 182.44385;
 715.92145; 183.39777;
 360.04797; 185.65985;
 740.85522; 186.57965;
 161.76976; 191.03987;
 660.914; 192.74829;
 106.41725; 196.06499;
 721.48743; 196.48131;
 770.96332; 195.12759;
 829.98077; 195.83075;
 259.39932; 199.66422;
 471.21762; 202.82298;
 799.13049; 201.53627;
 157.96237; 206.28244;
 389.65204; 205.45961;
 340.96246; 208.36383;
 819.73315; 207.47247;
 245.01991; 209.13805;
 373.09088; 209.40366;
 709.91492; 210.20078;
 115.57925; 211.32547;
 545.97577; 213.91243;
 177.14799; 215.545;
 261.68661; 215.73157;
 927.05389; 217.49577;
 375.20511; 222.67262;
 140.93542; 224.13921;
 250.19415; 224.33661;
 418.30774; 225.31319;
 870.7132; 225.5527;
 183.18979; 230.47597;
 217.97949; 230.01752;
 518.63141; 230.53226;
 103.92515; 231.71117;
 238.85918; 233.00735;
 320.7923; 231.47562;
 709.03931; 232.20244;
 912.60486; 231.05829;
 786.09863; 233.59813;
 820.22748; 234.14468;
 287.03198; 236.75046;
 449.99353; 235.61221;
 138.71284; 240.24139;
 338.1163; 239.22786;
 423.41238; 242.93407;
 825.71857; 242.4624;
 227.15277; 244.03966;
 859.1413; 243.28151;
 185.35428; 247.66486;
 751.3446; 248.55202;
 784.75427; 247.3029;
 917.6366; 247.11855;
 519.91113; 249.1907;
 95.874947; 252.3121;
 283.80692; 253.55931;
 335.1586; 253.99109;
 874.97723; 254.27516;
 304.7438; 260.04016;
 778.52289; 259.63251;
 825.6474; 259.59833;
 858.14142; 260.37393;
 230.75893; 261.83044;
 354.49112; 261.11893;
 415.20337; 261.59787;
 563.69287; 262.16196;
 272.45078; 266.91287;
 591.21198; 268.54816;
 539.35352; 269.2424;
 935.97668; 269.27081;
 485.74179; 272.39883;
 844.39087; 272.65631;
 452.3757; 274.31506;
 889.60199; 274.0777;
 799.30396; 278.2468;
 924.33008; 280.84091;
 113.99222; 282.73898;
 511.82251; 283.34079;
 788.40216; 283.41922;
 396.95993; 286.43027;
 936.94427; 286.77899;
 193.65233; 287.18436;
 492.15765; 287.01834;
 625.6073; 288.33286;
 421.08078; 289.24225;
 457.79962; 290.44049;
 852.94684; 290.24615;
 888.04388; 289.89468;
 554.17352; 291.96771;
 290.18918; 294.97778;
 800.69385; 294.50452;
 100.96774; 295.21921;
 478.58853; 297.7482;
 168.15451; 300.03284;
 188.77057; 300.48001;
 911.8183; 302.92984;
 357.51422; 304.17575;
 439.81808; 303.53632;
 254.81834; 306.00244;
 599.30072; 305.72601;
 862.1792; 306.24371;
 553.88495; 307.3382;
 822.11633; 309.90921;
 168.88898; 313.98492;
 407.52139; 314.47906;
 492.16544; 315.63385;
 356.57584; 320.69153;
 838.08264; 319.1987;
 869.39551; 319.29324;
 548.88953; 322.26398;
 914.55316; 321.8233;
 374.80838; 323.92651;
 436.33362; 325.44022;
 826.56635; 326.694;
 327.81317; 327.36438;
 464.83902; 327.05115;
 140.87271; 329.54095;
 161.30417; 329.29163;
 491.02213; 329.29227;
 406.66733; 331.15854;
 124.43701; 334.84723;
 201.11879; 333.57773;
 552.80084; 334.9855;
 846.96954; 336.72391;
 505.28601; 339.75372;
 417.0047; 342.78491;
 621.70679; 341.40244;
 646.09094; 341.35577;
 913.74017; 342.23804;
 492.74759; 344.1795;
 143.81822; 345.72629;
 188.41852; 346.5921;
 694.50598; 345.63318;
 126.30618; 348.53372;
 254.59779; 348.67792;
 362.83847; 348.99249;
 382.12457; 348.94553;
 805.64215; 347.93521;
 566.07007; 349.65799;
 846.21808; 351.55112;
 97.935112; 353.5643;
 163.73532; 356.59286;
 237.3662; 356.57568;
 387.67493; 355.51718;
 933.18701; 355.24747;
 645.633; 358.43918;
 876.80127; 358.76642;
 915.30627; 357.29312;
 418.36578; 359.54205;
 499.1629; 360.84479;
 522.55981; 360.03195;
 372.47028; 362.31186;
 722.45642; 361.14984;
 781.21338; 363.00452;
 829.81757; 363.04788;
 805.92395; 364.05826;
 249.42799; 366.95093;
 304.95227; 365.56241;
 560.86493; 366.66696;
 748.63348; 365.9227;
 178.15862; 368.01242;
 333.50345; 370.85739;
 279.59723; 375.17117;
 120.05667; 377.24805;
 499.43179; 377.59265;
 673.31317; 376.95953;
 785.06586; 378.06799;
 447.26285; 379.30731;
 618.1347; 379.56369;
 827.52515; 379.6651;
 187.02478; 382.20773;
 417.57236; 382.72876;
 358.53915; 384.38754;
 211.65047; 387.15216;
 803.31738; 390.84628;
 851.19995; 389.2052;
 394.10135; 391.80814;
 295.75854; 394.53232;
 672.14728; 394.4209;
 499.66006; 396.27109;
 521.32611; 395.7428;
 710.35779; 395.68799;
 185.95897; 397.59009;
 767.64886; 397.80777;
 651.72589; 401.45218;
 209.21988; 403.94946;
 807.45984; 406.5347;
 256.09277; 407.57877;
 316.83362; 407.27905;
 357.06113; 408.05893;
 847.46667; 408.00021;
 404.71484; 409.66803;
 457.30029; 409.84177;
 144.32501; 411.24338;
 535.59155; 414.41321;
 705.13708; 413.80783;
 887.75122; 415.31708;
 486.66397; 417.71536;
 597.65283; 417.32294;
 646.30334; 417.88196;
 862.95416; 418.52921;
 578.45032; 422.61472;
 811.88391; 421.47195;
 292.21442; 423.67224;
 388.91022; 424.71179;
 419.35333; 426.54004;
 130.45862; 428.54449;
 208.05569; 430.56845;
 605.40295; 429.12827;
 771.14996; 430.38162;
 884.19244; 430.34024;
 689.07361; 432.35675;
 254.93546; 435.59866;
 718.73822; 434.99847;
 866.94653; 435.91617;
 301.27863; 437.80273;
 448.48157; 437.78516;
 631.5401; 437.03915;
 624.45007; 440.12265;
 813.76385; 439.64661;
 134.33928; 444.48187;
 188.12854; 445.63614;
 488.5181; 446.2486;
 603.78217; 445.10736;
 772.54462; 445.53516;
 322.44336; 447.51535;
 748.94366; 447.70441;
 830.62408; 451.0784;
 555.92322; 454.99042;
 894.59033; 454.71243;
 405.10034; 456.90634;
 308.3877; 459.17596;
 372.67401; 459.86978;
 687.91541; 460.77826;
 96.829865; 462.23193;
 495.0509; 463.75806;
 347.79376; 467.9198;
 732.38159; 468.74155;
 235.66551; 469.61035;
 540.40118; 469.85538;
 780.74261; 472.82504;
 373.03152; 473.73907;
 446.09924; 473.61703;
 90.977478; 477.55264;
 147.4969; 478.59134;
 216.22639; 478.1528;
 320.87787; 478.16949;
 838.78717; 478.37732;
 125.54357; 479.86935;
 515.31909; 479.19742;
 801.58508; 479.9061;
 388.38754; 482.99844;
 540.25244; 483.15671;
 704.67273; 484.17728;
 233.07205; 487.17221;
 575.8009; 488.63803;
 181.01425; 490.70065;
 460.35544; 489.27966;
 734.57233; 490.77341;
 785.2666; 489.60815;
 218.95818; 493.32196;
 272.10645; 495.7186;
 651.32648; 495.24945;
 904.4079; 498.4296;
 133.04323; 499.51926;
 547.94415; 500.98642;
 204.99352; 505.32047;
 427.77582; 506.62701;
 574.13971; 505.68054;
 185.44292; 507.27286;
 508.047; 507.40277;
 753.15314; 507.2684;
 106.13987; 514.2403;
 324.90259; 515.17175;
 371.16141; 517.01917;
 464.97159; 516.29236;
 624.02185; 515.48792;
 808.75665; 516.5769;
 836.64722; 516.50269;
 146.82898; 518.23462;
 354.1911; 522.24341;
 700.09247; 522.69293;
 910.9491; 525.1004;
 286.02747; 525.51941;
 505.72574; 525.62335;
 395.50693; 529.79456;
 737.61005; 530.17932;
 775.34863; 534.19244;
 236.00174; 538.04358;
 342.33362; 537.54028;
 569.77155; 537.54095;
 883.80609; 537.5553;
 94.721542; 542.53241;
 274.16696; 543.22565;
 411.56601; 545.3642;
 521.68866; 547.52002;
 815.8811; 547.94611;
 485.49661; 550.26855;
 667.73035; 549.37469;
 190.38506; 552.35596;
 883.88519; 552.87885;
 853.39569; 554.2619;
 801.08093; 555.28418;
 148.28214; 558.89771;
 244.6936; 558.65588;
 332.5545; 559.5755;
 353.90805; 561.6062;
 419.19247; 562.00128;
 485.25977; 566.07129;
 601.94141; 567.03131;
 635.23334; 567.31622;
 811.70062; 567.56146;
 90.451782; 569.4856;
 695.55756; 569.65973;
 858.87695; 571.05072;
 891.20209; 570.74146;
 500.66934; 574.89819;
 756.64484; 574.6676;
 113.15234; 578.14447;
 250.97299; 577.3075;
 159.6875; 580.72986;
 289.16592; 579.77496;
 330.9581; 579.28918;
 352.34143; 580.5437;
 563.04266; 579.08496;
 94.114822; 585.60272;
 667.36902; 586.77167;
 369.168; 589.55579;
 280.34988; 591.40656;
 445.12283; 591.08313;
 515.7796; 592.61169;
 185.46609; 595.48584;
 831.72168; 595.36621;
 303.79886; 599.34717;
 926.67236; 601.46777;
 365.90063; 604.56195;
 746.63696; 603.04944;
 286.83145; 606.26733;
 500.03604; 606.01666;
 167.20897; 607.87421;
 674.12494; 610.67834;
 396.82773; 613.54504;
 629.91199; 616.46027;
 926.98914; 615.69293;
 265.33908; 617.40186;
 280.72186; 619.70917;
 349.56464; 619.28925;
 906.59613; 620.88434;
 512.45465; 624.32367;
 831.7218; 624.5885;
 98.879128; 626.97369;
 233.02432; 627.12421;
 400.62576; 629.55011;
 611.617; 630.32648;
 115.47275; 634.71356;
 324.41599; 634.56281;
 483.24579; 635.77258;
 934.19214; 636.10431;
 406.30173; 637.63446;
 735.02081; 638.62878;
 637.08099; 639.20044;
 790.62549; 640.3429;
 177.88892; 642.67474;
 513.31958; 641.78107;
 845.97882; 646.56323;
 256.91055; 647.9433;
 350.6615; 651.44501;
 138.76868; 655.83856;
 182.75121; 656.30682;
 549.54797; 656.36749;
 401.72534; 659.68622;
 767.01129; 661.43884;
 217.11856; 668.41626;
 279.96811; 667.24988;
 378.36087; 667.93597;
 890.78534; 671.03699;
 201.10123; 671.3327;
 553.14948; 672.2489;
 128.19344; 676.48236;
 697.77356; 676.60834;
 243.7756; 677.95142;
 258.40045; 682.59296;
 652.54108; 682.47021;
 773.18146; 685.86633;
 918.1358; 685.85522;
 320.6445; 692.45453;
 495.2059; 691.06183;
 453.7981; 695.2171;
 255.58025; 697.41132;
 553.05908; 697.1413;
 864.78931; 697.71729;
 89.147057; 699.68048;
 374.72437; 699.87195;
 115.32924; 702.06317;
 301.71136; 702.01086;
 640.6615; 701.20142;
 239.67012; 704.75708;
 164.49031; 705.74512;
 231.56326; 708.98895;
 498.06659; 709.59473;
 343.68314; 713.74023;
 385.42999; 713.85522;
 662.1203; 715.57068;
 869.44775; 716.86627;
 533.78473; 720.46381;
 253.51933; 722.8656;
 237.77425; 726.01434;
 295.40775; 727.0368;
 314.71503; 730.2027;
 348.48807; 730.29608;
 478.42743; 731.86047;
 434.48846; 734.95697;
 539.07233; 734.26331;
 719.97797; 735.34509;
 200.45497; 738.5351;
 368.64697; 738.40332;
 403.21664; 737.27295;
 250.1223; 740.0415;
 606.53192; 744.2334;
 752.27197; 745.65399;
 733.21252; 749.61664;
 272.90714; 753.02612;
 102.09026; 756.97333;
 317.49545; 758.1532;
 926.30072; 758.36823;
 507.74039; 759.9632;
 352.89371; 764.92303;
 754.76239; 763.48376;
 396.72528; 767.0553;
 721.15662; 767.61694;
 835.95282; 771.97137;
 186.24313; 776.62091;
 252.3239; 776.21063;
 128.01884; 778.599;
 431.81546; 783.78101;
 740.53961; 783.92932;
 651.67358; 785.64734;
 174.64656; 787.53949;
 292.25183; 788.45398;
 548.27808; 788.53339;
 582.67072; 790.0993;
 684.33905; 789.84149;
 189.87901; 792.19275;
 273.46411; 792.76849;
 384.30948; 794.44781;
 782.92969; 794.16718;
 247.49646; 796.87927;
 402.9364; 795.8797;
 704.56818; 796.32056;
 228.77206; 799.55127;
 755.95862; 800.39685;
 285.13492; 802.46741;
 891.82739; 801.82086;
 562.0719; 804.34717;
 599.73737; 803.77887;
 859.59399; 803.16986;
 582.46393; 806.6756;
 690.28717; 807.20618;
 402.84924; 811.83185;
 499.56119; 811.10254;
 197.39232; 813.31897;
 883.74139; 816.47949;
 153.88815; 817.62183;
 275.62274; 818.57428;
 212.84105; 819.3363;
 363.19351; 819.50977;
 483.50858; 824.82959;
 448.65799; 825.18823;
 561.72314; 826.93811;
 501.33615; 827.54004;
 246.28268; 830.31842;
 331.58701; 829.01929;
 743.27301; 829.21558;
 219.48264; 831.99988;
 172.69461; 833.95032;
 859.70636; 835.65363;
 124.60326; 837.94775;
 530.53827; 839.21973;
 431.49582; 841.79364;
 599.02222; 841.29523;
 802.87585; 841.83948;
 357.25424; 850.03552;
 512.6441; 849.74957;
 675.75458; 850.29883;
 221.03787; 851.97607;
 210.68761; 858.25098;
 593.21808; 857.16785;
 803.16467; 858.87958;
 650.30249; 859.12091;
 256.06589; 862.06171;
 556.75787; 862.11145;
 839.40289; 863.88379;
 175.35207; 866.05396;
 694.9364; 866.69336;
 893.83771; 865.38708;
 874.79376; 867.87183;
 278.29074; 870.84924;
 146.70291; 871.25067;
 639.19916; 872.82697;
 733.55548; 872.17432;
 386.45947; 876.01807;
 530.54102; 876.78571;
 433.38184; 880.68292;
 481.17642; 881.40942;
 886.2843; 882.73901;
 159.81471; 884.71576;
 457.08871; 885.19342;
 510.74634; 886.77893;
 470.5947; 890.83575;
 802.53375; 889.05853;
 442.45688; 891.8985;
 251.16797; 894.41882;
 182.06726; 896.79541;
 209.36198; 897.90033;
 144.13739; 900.80804;
 413.37341; 902.39465;
 86.504906; 903.85437;
 738.88733; 904.62598;
 474.82776; 905.35938;
 616.90204; 905.67053;
 278.84955; 907.60846;
 658.83026; 910.84729;
 694.90179; 910.63324;
 434.49472; 912.69977;
 874.58252; 915.68561;
 504.60373; 921.72467;
 571.83862; 924.99689;
 841.84698; 924.72772;
 211.05644; 927.19684;
 790.31818; 929.16632;
 687.55402; 934.1864;
 379.88821; 936.09491;
 446.30933; 936.37231;
 534.19824; 936.33319;
 636.31946; 122.52597;
 461.47989; 128.36246;
 839.61859; 129.6857;
 891.44543; 138.97101;
 808.75348; 146.8002;
 466.14917; 147.07939;
 776.96014; 149.61934;
 680.87756; 151.52122;
 213.89627; 156.99525;
 259.98288; 158.08917;
 277.95227; 157.26418;
 341.03345; 157.18839;
 178.95483; 159.87456;
 539.96124; 165.27382;
 850.31348; 165.53584;
 669.51385; 168.11792;
 807.79388; 167.5226;
 767.36981; 169.59683;
 341.12656; 175.99484;
 413.32272; 182.72127;
 365.88516; 183.45078;
 310.41965; 185.62341;
 854.17175; 187.90982;
 157.85587; 190.95749;
 741.84027; 189.88779;
 769.01392; 192.62877;
 664.60675; 193.23991;
 829.87427; 194.53029;
 260.2142; 198.63538;
 470.6221; 202.34698;
 799.11365; 201.27138;
 371.62885; 208.55974;
 157.23184; 209.46352;
 709.43823; 211.92871;
 182.4155; 213.24081;
 547.16809; 214.71858;
 257.46713; 221.33066;
 141.39909; 223.93279;
 414.89124; 224.84782;
 869.75665; 227.27512;
 218.41826; 229.14087;
 519.25244; 229.50679;
 184.0923; 231.87408;
 195.6407; 231.87721;
 710.56323; 232.85542;
 285.89221; 233.64113;
 823.71887; 237.05925;
 450.76141; 239.07181;
 783.94458; 244.16516;
 855.93933; 242.52191;
 227.18648; 245.84833;
 184.16064; 248.0428;
 753.97833; 250.71571;
 520.22589; 251.94475;
 283.4841; 253.52727;
 334.01675; 253.74123;
 563.63739; 260.30493;
 306.97778; 262.25174;
 355.35834; 262.78296;
 414.89218; 262.87357;
 778.69354; 261.85751;
 826.48328; 261.0097;
 540.42041; 266.63828;
 853.54071; 265.14005;
 590.68713; 268.07977;
 485.58966; 271.96344;
 452.177; 274.42596;
 797.68439; 276.6954;
 191.5365; 284.58774;
 396.33615; 285.76492;
 420.2905; 288.26743;
 458.76465; 289.77292;
 625.79767; 290.39368;
 852.85266; 289.62836;
 555.6153; 292.2764;
 287.33432; 296.66739;
 167.51207; 298.46442;
 800.73608; 297.51202;
 188.98903; 302.34595;
 258.27417; 304.79926;
 354.98999; 303.21149;
 864.69946; 304.04172;
 438.21753; 305.12997;
 554.15564; 306.60281;
 824.88977; 305.71329;
 407.95273; 313.10394;
 618.47656; 314.82736;
 839.60809; 317.95108;
 355.89297; 321.60303;
 376.54187; 322.84262;
 867.34113; 322.66779;
 550.64185; 323.27225;
 327.48996; 327.93942;
 437.02179; 327.34607;
 464.57831; 327.73239;
 487.8739; 327.42596;
 828.50812; 327.00558;
 161.47934; 331.80554;
 203.56653; 333.35205;
 847.77979; 335.06165;
 644.8125; 338.86801;
 809.8783; 339.50977;
 419.70444; 342.57364;
 495.71292; 343.57367;
 369.35123; 345.61255;
 697.71808; 346.36591;
 251.64525; 348.15665;
 383.08603; 348.70529;
 564.16614; 348.48563;
 847.80634; 353.70819;
 160.50571; 356.89917;
 418.4216; 360.24576;
 501.00247; 360.19989;
 523.59003; 359.82709;
 647.00232; 360.43668;
 216.48061; 361.26923;
 781.22449; 361.68039;
 829.01929; 362.51086;
 371.96561; 364.48032;
 723.61639; 364.87271;
 179.85204; 366.66571;
 749.20282; 365.15634;
 805.96613; 365.69617;
 561.63257; 368.46579;
 252.14398; 369.72275;
 279.67487; 375.07584;
 671.24988; 375.40909;
 121.33882; 377.43103;
 497.40198; 379.345;
 615.67706; 380.83932;
 827.64972; 380.16089;
 189.91496; 382.13739;
 415.5202; 381.3298;
 781.98944; 381.08267;
 211.99606; 385.96536;
 358.93964; 385.07996;
 554.05212; 385.94644;
 804.12653; 388.3811;
 850.11017; 387.72186;
 394.80475; 390.08047;
 672.65442; 396.42117;
 710.61041; 396.02817;
 767.84912; 397.25107;
 188.03839; 399.09918;
 296.03275; 400.58118;
 499.55136; 399.20331;
 650.83832; 400.88052;
 312.27341; 404.77347;
 256.10745; 407.03903;
 847.66736; 407.65329;
 405.16241; 410.32474;
 458.04736; 409.34485;
 143.83806; 411.87787;
 510.74246; 411.39536;
 600.43091; 411.84921;
 884.08801; 412.87799;
 487.08701; 416.89606;
 533.71039; 416.02148;
 866.328; 415.9299;
 439.89456; 421.10184;
 579.70105; 422.86536;
 811.82312; 421.34378;
 388.84082; 425.49442;
 419.28516; 426.09421;
 131.22237; 427.67123;
 609.16724; 427.46008;
 772.93335; 428.89709;
 211.38435; 430.08957;
 688.8479; 431.41415;
 255.47754; 435.41614;
 718.37384; 435.50702;
 447.47412; 438.93646;
 869.37701; 437.88974;
 301.6011; 439.42978;
 812.35211; 440.54559;
 628.04376; 441.0311;
 489.36066; 446.45718;
 135.09422; 447.11923;
 602.50043; 447.10602;
 772.67505; 447.59351;
 832.45917; 451.50943;
 894.26764; 452.9425;
 556.13611; 454.99582;
 406.48639; 457.79303;
 308.89142; 459.92749;
 495.61102; 466.52271;
 235.42981; 468.47183;
 731.98053; 468.48999;
 374.13501; 472.60962;
 782.09955; 471.55139;
 217.84654; 474.40701;
 144.52164; 477.6622;
 321.7178; 478.72971;
 804.08704; 477.8674;
 835.20581; 477.29889;
 128.16376; 479.35428;
 514.80011; 481.63995;
 539.62476; 482.90851;
 385.69873; 483.13992;
 576.41565; 488.48248;
 181.81038; 490.50787;
 231.28664; 490.59549;
 734.51233; 490.13367;
 273.38809; 493.76694;
 652.59711; 493.16479;
 158.88762; 495.91519;
 906.40356; 499.11371;
 132.82011; 501.05054;
 547.65851; 502.07272;
 572.28082; 506.67987;
 753.99982; 506.92813;
 186.01753; 510.90137;
 835.25409; 514.18207;
 806.89099; 516.46295;
 324.46219; 518.81488;
 358.43024; 518.72827;
 463.19211; 518.25208;
 623.89728; 517.14386;
 150.23819; 521.54791;
 700.98132; 524.51318;
 287.21906; 527.15625;
 240.84706; 535.8783;
 343.0759; 536.58661;
 836.52856; 536.59406;
 885.20618; 535.83057;
 568.73517; 536.99396;
 273.84814; 543.47113;
 485.1817; 548.75171;
 522.83667; 547.03723;
 668.30096; 548.37518;
 695.48901; 547.74689;
 808.71649; 549.32574;
 191.4059; 552.88879;
 853.42224; 553.56146;
 882.91467; 553.84088;
 242.41682; 557.45117;
 149.67706; 560.15881;
 330.715; 558.9812;
 353.86911; 560.91589;
 604.59283; 567.13074;
 634.17096; 567.67535;
 696.49866; 569.70441;
 812.52893; 570.34631;
 757.18384; 574.75043;
 499.92511; 575.27185;
 255.19966; 577.30737;
 290.13522; 578.11914;
 332.08844; 578.57227;
 563.56238; 578.91467;
 158.51183; 579.86157;
 350.87994; 582.13281;
 280.08289; 590.61652;
 368.51413; 590.49286;
 443.12225; 590.89136;
 832.05695; 592.63782;
 515.41528; 593.17322;
 186.02943; 595.26129;
 324.35757; 598.52271;
 301.31647; 599.52362;
 747.29138; 604.74255;
 168.18469; 609.29822;
 395.68176; 612.59857;
 349.25; 618.32111;
 631.1062; 617.4101;
 512.62463; 626.60083;
 833.28619; 625.95941;
 403.35519; 635.87317;
 732.75781; 637.08704;
 634.28186; 638.88611;
 790.83624; 639.44958;
 177.25552; 641.82965;
 843.94598; 646.14636;
 257.41302; 647.90527;
 349.53937; 652.76617;
 137.30658; 656.8797;
 551.58551; 655.04102;
 403.38684; 660.70306;
 213.2657; 669.64142;
 279.72; 670.284;
 377.30307; 670.94855;
 892.82477; 670.58569;
 554.45624; 674.45215;
 697.48407; 675.84863;
 127.47497; 678.19397;
 652.57422; 681.49921;
 319.6806; 692.04315;
 497.84189; 691.48199;
 255.88089; 696.65869;
 452.55875; 695.30017;
 553.34534; 696.64703;
 376.59442; 697.58466;
 864.5918; 698.91791;
 640.47852; 701.65564;
 164.74983; 705.04614;
 236.75461; 706.88123;
 343.12729; 712.67682;
 388.55145; 713.8501;
 534.6181; 720.67786;
 600.35724; 720.05121;
 868.47113; 719.40259;
 242.81836; 725.42529;
 292.22137; 727.07275;
 346.62262; 732.04694;
 721.35974; 734.98315;
 369.00317; 735.26947;
 430.9317; 735.60767;
 317.7998; 757.43427;
 507.6333; 759.15338;
 355.4292; 764.61597;
 721.14142; 765.71973;
 834.73016; 771.88385;
 271.66489; 773.45154;
 251.19177; 777.51416;
 188.41719; 779.61133;
 432.05655; 784.97955;
 744.06781; 784.0473;
 651.21472; 785.27551;
 173.16022; 788.70496;
 291.75262; 787.15906;
 548.5188; 788.20538;
 582.19647; 787.69373;
 685.29993; 790.77148;
 404.07248; 793.88849;
 703.69879; 793.13123;
 783.16486; 794.2254;
 835.61591; 793.39276;
 252.49127; 798.42047;
 227.04051; 799.64459;
 861.65454; 803.91479;
 287.13422; 805.40485;
 564.04498; 805.77246;
 578.09119; 808.04395;
 200.23042; 812.02112;
 403.43085; 812.82678;
 497.58627; 811.03711;
 151.8493; 818.85498;
 882.91986; 817.58679;
 276.40213; 819.05865;
 363.77686; 819.68115;
 226.4409; 821.52448;
 447.88016; 824.55682;
 484.02731; 824.13055;
 331.51062; 828.6571;
 502.42575; 831.08057;
 742.71967; 829.3728;
 246.44868; 831.43994;
 859.11127; 835.45233;
 124.59346; 837.08356;
 530.44409; 839.03961;
 598.97638; 840.27448;
 802.43256; 840.82971;
 433.26569; 843.17853;
 357.41602; 849.97589;
 676.40045; 849.6687;
 213.43253; 857.15656;
 593.05566; 859.66736;
 557.91351; 861.52618;
 893.1756; 863.61847;
 174.57732; 865.46051;
 694.66473; 865.26758;
 875.3468; 866.15009;
 147.31883; 869.41028;
 279.03799; 870.74683;
 640.87476; 871.11273;
 735.49042; 871.72937;
 195.56013; 874.01495;
 433.12979; 880.33307;
 481.66669; 880.39185;
 886.70288; 884.79254;
 511.30234; 886.59723;
 161.09084; 887.05267;
 802.38977; 888.05035;
 183.6991; 897.71918;
 144.27794; 901.44354;
 208.97083; 901.16193;
 412.55069; 904.54968;
 739.45007; 905.61609;
 616.13965; 905.25995;
 768.20258; 196.22052;
 256.70602; 199.49226;
 182.88933; 212.35197;
 705.5556; 210.06464;
 520.45782; 225.82664;
 223.06746; 226.92455;
 823.36121; 233.6346;
 765.77026; 239.71494;
 224.05733; 251.77553;
 518.24054; 253.99916;
 304.24298; 260.55365;
 355.20825; 261.09;
 824.52924; 260.15729;
 795.64221; 276.26572;
 314.63641; 287.51184;
 621.7287; 287.51602;
 267.70517; 302.22479;
 355.32739; 323.23883;
 434.46146; 326.37311;
 203.31519; 331.13406;
 644.89697; 337.08624;
 497.8107; 339.01245;
 376.3017; 344.46423;
 562.61359; 345.03833;
 704.73334; 343.53571;
 247.11336; 349.78635;
 750.57733; 364.797;
 560.92841; 369.78247;
 612.75232; 376.97937;
 241.89931; 378.31744;
 207.4776; 387.03485;
 300.3439; 398.0274;
 710.552; 394.92062;
 841.7796; 408.81488;
 581.89294; 425.14856;
 209.43063; 430.70959;
 306.24347; 439.87967;
 444.92249; 438.53384;
 628.21735; 438.95322;
 806.22308; 442.73975;
 600.72485; 450.50937;
 836.42657; 450.8754;
 231.20911; 469.44724;
 301.44995; 466.79123;
 377.73862; 472.03653;
 790.29681; 472.37787;
 834.75714; 478.10422;
 509.44675; 483.90109;
 184.23187; 490.40839;
 729.61957; 490.9472;
 230.48524; 497.10599;
 753.52594; 507.14957;
 834.86426; 508.28064;
 361.3396; 517.10931;
 622.80389; 515.6911;
 802.68835; 517.1698;
 460.71445; 519.19995;
 286.99173; 525.69855;
 701.06085; 522.1004;
 239.46364; 533.8656;
 805.06482; 548.85791;
 190.43919; 551.43085;
 226.44284; 560.80273;
 351.02438; 561.47882;
 617.20734; 569.64935;
 255.18468; 577.83813;
 562.513; 578.58618;
 441.5773; 590.65985;
 180.49045; 597.76221;
 295.65933; 600.21313;
 395.07544; 611.40802;
 629.68195; 615.79034;
 835.55804; 623.55347;
 731.8916; 634.47699;
 790.00336; 639.76758;
 633.22473; 642.9129;
 348.6622; 652.42059;
 842.21185; 650.74744;
 404.68188; 664.15308;
 207.47218; 668.00146;
 279.23975; 670.11755;
 696.41144; 673.72791;
 448.29883; 692.539;
 394.10706; 715.06171;
 534.14716; 719.62183;
 243.54391; 723.82825;
 291.55719; 726.36383;
 725.50305; 733.0387;
 355.96243; 762.92413;
 741.41901; 781.677;
 431.5528; 784.60516;
 550.42053; 785.25061;
 287.60547; 788.06116;
 691.69446; 789.87;
 250.23431; 804.25684;
 205.64586; 806.54828;
 569.79016; 809.76276;
 491.62646; 813.88599;
 741.44489; 827.64752;
 596.08325; 839.54395;
 801.76593; 840.30347;
 675.38135; 849.25391;
 269.80298; 299.95477;
 305.53104; 440.4678;
 230.40349; 470.55533;
 240.02379; 534.07574;
 349.14011; 563.38287;
 395.02631; 610.29523;
 406.52094; 670.63635;
 442.51981; 691.27502;
 731.14423; 734.26727;
 355.23935; 762.53528;
 430.70987; 785.56519;
 558.81329; 782.68799;
 285.58917; 788.36322 
