 391.11594; 30.35754;
 516.60168; 32.13657;
 128.09546; 36.735176;
 516.69165; 44.111008;
 587.30737; 55.789539;
 78.80471; 58.624451;
 96.112488; 70.083504;
 50.168839; 71.56147;
 122.64262; 96.04657;
 135.37753; 99.036316;
 677.68542; 100.08981;
 676.85248; 107.01224;
 207.02615; 110.62392;
 207.36795; 118.59011;
 774.31604; 134.034;
 59.344181; 157.05537;
 343.52478; 158.28741;
 664.49133; 159.94492;
 681.3952; 159.55708;
 810.80524; 161.25317;
 277.00244; 160.52167;
 678.64148; 167.9528;
 285.40271; 169.85779;
 84.47757; 175.85184;
 110.67706; 183.29831;
 827.55414; 195.27901;
 157.91974; 202.11682;
 799.0047; 202.40848;
 374.71872; 209.87018;
 259.97726; 210.70197;
 116.56581; 215.34134;
 578.53503; 222.96774;
 787.03021; 232.61392;
 825.88196; 244.91328;
 954.11981; 245.94289;
 786.49207; 251.50317;
 776.86945; 256.81274;
 765.77094; 259.12338;
 937.39642; 275.12952;
 800.83948; 280.70737;
 111.05443; 284.86197;
 398.32043; 286.41107;
 513.65973; 290.88159;
 110.2989; 292.49603;
 194.78262; 290.82516;
 238.54182; 293.75711;
 169.01775; 301.01456;
 216.38631; 310.1879;
 350.40753; 312.36694;
 915.73151; 315.17926;
 439.72665; 321.39279;
 374.95493; 324.29935;
 548.88019; 324.68292;
 622.69983; 342.20059;
 845.30469; 350.41919;
 804.32843; 353.03018;
 445.41364; 355.66525;
 373.72922; 360.04022;
 237.3071; 358.80286;
 416.18011; 361.04401;
 523.32843; 361.4101;
 561.87909; 364.6254;
 128.47974; 363.19669;
 178.31552; 369.15591;
 786.72284; 373.08328;
 826.7984; 378.68427;
 119.12189; 377.77936;
 747.76831; 379.12006;
 400.01242; 392.09778;
 157.6172; 395.12985;
 397.19373; 398.22412;
 258.08319; 408.7821;
 598.86963; 418.22983;
 419.82709; 426.76471;
 886.31879; 427.22119;
 78.389801; 430.81528;
 770.63507; 433.19983;
 606.60529; 442.79926;
 943.25861; 443.00412;
 189.15468; 446.42981;
 51.41066; 447.87906;
 318.65738; 448.40775;
 496.26816; 459.59039;
 97.289925; 462.86102;
 955.59314; 469.28702;
 36.099567; 479.31424;
 317.7464; 479.62183;
 323.57468; 480.80539;
 74.063248; 480.51013;
 216.26715; 480.98297;
 575.77985; 488.42896;
 181.58571; 491.88705;
 966.1239; 497.91208;
 903.11218; 499.70331;
 31.326355; 507.96393;
 974.23853; 514.66315;
 812.0495; 516.36804;
 830.34766; 517.66003;
 975.88812; 521.99023;
 461.19675; 528.05566;
 352.36951; 527.9834;
 396.78415; 531.3009;
 396.04504; 532.36536;
 464.60663; 539.89606;
 237.38739; 541.00983;
 147.99963; 554.5271;
 313.68542; 560.13721;
 425.09763; 560.2074;
 733.93152; 559.69006;
 222.69363; 568.01379;
 856.62799; 568.17139;
 305.68323; 572.97034;
 289.28571; 580.34308;
 95.166969; 582.41901;
 424.26776; 581.80078;
 99.745445; 582.66992;
 265.03516; 582.18964;
 161.48004; 586.29218;
 667.38257; 589.27509;
 183.84964; 594.51227;
 908.98523; 592.7713;
 446.35419; 594.31842;
 304.62326; 598.86108;
 187.70303; 600.01337;
 444.181; 602.86462;
 283.72714; 607.17841;
 264.75552; 615.85974;
 399.3898; 616.53656;
 232.56094; 627.35901;
 353.49231; 628.81714;
 507.55746; 627.71948;
 253.09003; 632.26691;
 325.2536; 635.96051;
 854.18341; 637.3255;
 178.17166; 641.35089;
 760.75818; 640.13623;
 514.45886; 641.31683;
 229.12607; 642.12335;
 253.4043; 647.9826;
 264.45425; 649.16223;
 356.16055; 651.73816;
 280.47498; 662.19147;
 358.59592; 668.35571;
 281.71475; 672.3371;
 299.73505; 682.5459;
 83.955772; 687.20856;
 316.87927; 691.93567;
 256.23914; 698.39752;
 257.8136; 700.14343;
 301.55902; 702.47009;
 675.664; 703.09296;
 375.2789; 703.53693;
 642.57959; 702.79834;
 75.54776; 710.37744;
 320.68002; 719.65692;
 531.38953; 720.38007;
 235.36371; 726.4021;
 249.38562; 727.1958;
 539.22919; 731.67603;
 478.13089; 732.90076;
 369.02475; 742.01691;
 37.26355; 743.31738;
 201.82292; 741.966;
 273.21512; 753.29132;
 317.00812; 754.99744;
 508.9975; 759.16455;
 755.18561; 762.26001;
 396.32211; 768.21161;
 188.798; 793.41638;
 50.554253; 795.20343;
 385.87006; 795.79749;
 271.67029; 796.25098;
 284.06705; 799.59064;
 756.63312; 802.32977;
 583.95764; 803.91162;
 597.87695; 806.08167;
 213.06049; 809.66937;
 95.779633; 813.3443;
 380.36081; 817.15063;
 127.72366; 817.62579;
 278.19739; 820.50092;
 685.7395; 819.46106;
 363.72263; 820.61804;
 775.97241; 823.15442;
 81.840706; 827.2475;
 332.50821; 827.91876;
 246.94073; 829.51587;
 351.62042; 831.15149;
 220.20718; 833.86542;
 50.483097; 835.85278;
 173.58943; 835.48914;
 529.45227; 836.94513;
 382.41119; 840.75891;
 975.34161; 847.34656;
 359.26294; 848.73901;
 223.80608; 849.36517;
 513.24158; 849.5224;
 416.05536; 852.51343;
 593.87347; 856.58252;
 387.24387; 857.33527;
 93.628265; 861.98181;
 257.70047; 862.39685;
 175.51218; 863.7381;
 143.57803; 871.12122;
 387.85278; 876.84857;
 122.71843; 878.16156;
 34.077732; 879.50348;
 435.22186; 880.7973;
 108.34483; 884.22418;
 457.78; 887.25647;
 801.59607; 890.17651;
 232.32864; 891.3866;
 250.8273; 895.61121;
 141.77594; 899.65973;
 545.46332; 899.44629;
 55.517075; 904.35443;
 416.88791; 912.63513;
 875.22546; 916.26764;
 430.25464; 924.10626;
 136.44356; 928.32495;
 381.9483; 934.61139;
 533.44739; 937.8493;
 375.85831; 938.39893;
 130.45605; 942.28278;
 288.771; 951.95874;
 46.599804; 955.62927;
 107.96162; 956.23267;
 393.79248; 958.48871;
 711.29773; 960.19012;
 97.036026; 961.979;
 516.09772; 962.65204;
 49.567406; 969.23376;
 300.26208; 970.31305;
 230.47186; 977.31281;
 447.02188; 976.65973;
 491.89627; 986.70496;
 122.76718; 989.01526;
 397.61639; 989.81573;
 528.64093; 991.02844;
 50.006367; 42.903351;
 338.25281; 49.447735;
 288.43307; 50.953224;
 578.16162; 51.041004;
 923.17871; 52.417934;
 743.2583; 58.536507;
 547.07727; 66.39933;
 82.798492; 67.430031;
 110.424; 67.668381;
 747.33282; 71.353951;
 642.83398; 73.448029;
 876.98328; 73.34713;
 147.73183; 76.712601;
 914.45801; 78.434097;
 98.157608; 79.186371;
 935.34601; 79.857498;
 50.222103; 80.821953;
 203.92642; 82.27861;
 169.49629; 84.067665;
 226.11256; 84.303009;
 407.08002; 87.852211;
 353.24698; 91.154922;
 430.76968; 92.412628;
 537.49933; 93.492844;
 620.69482; 100.03793;
 913.31329; 101.14281;
 370.36856; 103.44991;
 953.99768; 110.61397;
 119.2107; 112.63855;
 439.43066; 113.18605;
 136.1489; 114.38268;
 923.53955; 118.04435;
 950.99359; 117.74464;
 735.21625; 119.68447;
 634.86829; 124.24003;
 80.928261; 126.39822;
 976.3598; 128.07388;
 78.957458; 135.35663;
 299.92981; 134.5103;
 421.72971; 142.41275;
 778.90112; 141.72571;
 465.59012; 144.37923;
 659.79315; 152.6994;
 770.63263; 154.27348;
 821.36267; 154.59538;
 255.45554; 165.03415;
 540.16882; 166.22649;
 310.50467; 168.85379;
 761.45221; 169.10428;
 343.27203; 169.92789;
 767.92242; 169.80878;
 859.4339; 171.29214;
 973.43384; 171.58664;
 484.49661; 174.82474;
 539.85748; 175.42226;
 311.24203; 179.81799;
 44.474014; 183.23309;
 717.23352; 183.57159;
 739.85016; 186.63454;
 65.816933; 188.19183;
 112.39514; 191.4991;
 163.66931; 192.63702;
 150.49771; 194.64235;
 718.4682; 198.05605;
 532.63464; 200.72502;
 259.33835; 201.94875;
 834.26147; 201.90921;
 389.27454; 206.28279;
 472.4718; 206.33958;
 338.13815; 210.09;
 709.41797; 210.4238;
 547.34198; 210.95528;
 240.47878; 212.95271;
 51.763477; 221.43643;
 500.32562; 221.32742;
 375.65384; 223.37236;
 142.14157; 226.83701;
 183.37469; 228.28902;
 220.1331; 227.73537;
 578.35291; 230.24812;
 107.13486; 231.7021;
 138.0544; 234.84561;
 239.56807; 234.44746;
 214.23288; 236.13805;
 964.50537; 235.80347;
 227.76643; 239.00407;
 109.11806; 239.96169;
 261.04776; 240.12485;
 324.25165; 243.27611;
 520.49908; 245.88705;
 750.94098; 247.62885;
 780.02142; 248.66032;
 184.59309; 251.44217;
 965.17389; 251.93449;
 253.42738; 257.45505;
 947.71936; 257.12198;
 416.97531; 257.89557;
 296.89291; 258.72293;
 354.07285; 260.93585;
 823.88721; 261.28619;
 232.31056; 262.95322;
 272.72098; 262.82272;
 593.25964; 267.50562;
 487.26099; 270.20831;
 822.93274; 269.84592;
 537.18994; 271.50812;
 841.62616; 273.93457;
 451.79752; 275.33621;
 892.41516; 276.7872;
 823.68152; 277.664;
 925.11078; 278.75885;
 970.92249; 281.29288;
 511.76547; 284.13736;
 895.77887; 283.61295;
 788.58466; 285.08023;
 860.62384; 284.77573;
 940.32019; 284.81198;
 614.22351; 289.37775;
 489.09717; 290.11136;
 551.68829; 289.7951;
 454.67123; 291.26559;
 801.31396; 291.31909;
 84.071587; 295.30301;
 565.59857; 294.72696;
 137.73859; 296.85147;
 926.68567; 297.33923;
 194.64923; 299.35181;
 543.15363; 302.79153;
 361.39349; 305.69681;
 553.28595; 307.93472;
 862.32837; 309.86838;
 408.7991; 311.07651;
 53.832024; 312.21597;
 169.08313; 313.32108;
 820.99524; 313.3562;
 138.82251; 315.61075;
 870.75513; 316.62219;
 489.33383; 317.63651;
 810.00055; 318.33249;
 449.87393; 319.2132;
 86.091339; 319.52869;
 355.27878; 320.00244;
 407.0235; 319.88434;
 914.97241; 322.41736;
 466.86395; 325.5278;
 163.03712; 328.50269;
 406.81424; 329.40649;
 431.38327; 328.94543;
 493.52618; 329.32053;
 810.67035; 328.80154;
 197.31311; 331.28143;
 552.81165; 333.32437;
 942.08685; 334.47629;
 392.50256; 335.83286;
 124.7065; 338.07846;
 510.27679; 339.2002;
 200.46158; 340.63507;
 53.366947; 341.81787;
 414.40732; 342.28036;
 841.09222; 341.91895;
 143.91454; 344.84393;
 495.47736; 344.98541;
 650.52252; 345.40024;
 689.52594; 345.32251;
 909.77106; 347.5853;
 361.21335; 349.93533;
 255.54538; 350.71848;
 381.88434; 351.64926;
 622.92432; 352.34335;
 567.88806; 353.00638;
 95.318764; 354.85437;
 887.37933; 355.01855;
 917.06689; 354.76086;
 194.59218; 357.4906;
 932.62079; 356.89526;
 877.35144; 359.50769;
 389.39963; 360.96378;
 455.97495; 360.88287;
 805.53217; 361.25085;
 975.19824; 362.63995;
 116.7172; 365.49158;
 932.44482; 365.30768;
 61.017063; 365.8212;
 780.65424; 365.86865;
 302.81393; 366.64059;
 745.82251; 366.8714;
 828.6438; 368.0809;
 758.23938; 369.62399;
 334.58212; 373.33768;
 450.00742; 375.24677;
 278.8855; 376.65784;
 584.34668; 377.87354;
 180.83688; 380.24442;
 619.5376; 381.87503;
 210.54778; 386.59763;
 501.4776; 389.53403;
 298.05798; 391.75793;
 674.57581; 393.75519;
 713.93823; 394.08182;
 802.58124; 395.47531;
 470.80435; 398.70425;
 94.883636; 400.24597;
 656.45227; 399.74854;
 707.54626; 399.98114;
 766.64349; 399.96094;
 947.72076; 400.27301;
 207.19804; 403.41684;
 288.65784; 402.93402;
 647.81696; 407.26901;
 974.95032; 407.65613;
 455.69415; 409.90216;
 139.38638; 411.27591;
 370.06824; 411.26248;
 150.57074; 412.77966;
 104.12555; 413.71414;
 536.68097; 414.04465;
 783.99445; 415.44592;
 647.86871; 416.06305;
 889.20123; 417.44492;
 245.72734; 418.07626;
 74.420349; 418.67804;
 485.2034; 419.01163;
 309.25848; 421.26862;
 82.660599; 422.38263;
 952.48315; 422.26163;
 384.80161; 423.11874;
 659.30444; 422.76855;
 878.35077; 422.66302;
 860.4162; 424.24765;
 278.53717; 427.26276;
 127.82365; 428.02499;
 972.75775; 428.37277;
 553.58173; 431.58383;
 165.99435; 434.56042;
 255.73206; 436.69635;
 724.12134; 436.89859;
 299.56555; 437.57092;
 974.00476; 437.66675;
 309.32153; 438.88235;
 134.57962; 444.51843;
 446.12262; 442.42215;
 774.78864; 442.88434;
 815.05469; 442.8107;
 136.13824; 446.27039;
 149.52449; 445.90451;
 257.37277; 447.92767;
 745.61023; 449.99786;
 558.65466; 451.98807;
 630.99103; 452.7666;
 831.22333; 453.03571;
 403.73694; 457.95944;
 482.99667; 458.3222;
 407.22339; 458.61426;
 747.58368; 458.6329;
 163.92522; 459.99402;
 553.78687; 461.24066;
 687.79395; 460.88019;
 902.54797; 463.71478;
 269.31189; 464.94809;
 204.9789; 467.08371;
 734.26056; 471.1366;
 541.78308; 472.04309;
 234.82852; 475.30469;
 450.38266; 476.05878;
 150.08725; 479.32196;
 515.55511; 478.89331;
 843.5506; 478.81024;
 542.37164; 482.13058;
 621.97931; 481.56876;
 786.25739; 485.36169;
 225.82953; 486.18384;
 704.7475; 488.39624;
 70.479813; 489.96204;
 457.46115; 489.90717;
 608.98029; 496.21667;
 269.11783; 497.14719;
 85.411285; 498.22836;
 687.6532; 498.89459;
 548.3067; 501.36438;
 184.33534; 502.60699;
 967.1073; 505.3187;
 300.34003; 506.74179;
 429.85257; 508.16092;
 979.32434; 508.35312;
 623.72577; 508.51578;
 755.81653; 509.88904;
 108.03977; 516.06915;
 396.93628; 516.34558;
 922.10687; 516.14343;
 56.359768; 519.86542;
 837.96582; 520.58136;
 465.5795; 521.5307;
 701.24994; 521.77301;
 624.15765; 523.53491;
 691.01422; 524.85077;
 288.8833; 526.16083;
 202.86058; 527.10028;
 506.90186; 528.30731;
 925.06287; 531.81152;
 250.27367; 533.7984;
 773.97284; 534.24969;
 881.15454; 540.24084;
 413.8309; 544.7254;
 520.94714; 548.31604;
 676.57898; 547.93982;
 819.10468; 549.28809;
 979.50781; 549.38245;
 189.30655; 550.45215;
 350.94022; 549.7226;
 571.39655; 550.48889;
 806.38947; 556.42004;
 845.86151; 555.92999;
 663.30853; 556.87036;
 278.8555; 560.54071;
 354.28922; 563.15613;
 485.38358; 562.73199;
 815.55609; 563.19415;
 414.21173; 567.02759;
 51.509632; 568.49005;
 197.53413; 567.74023;
 540.29883; 568.70844;
 694.8432; 573.15881;
 90.323524; 573.81921;
 249.44298; 575.00696;
 502.26266; 575.29126;
 327.68314; 577.13165;
 565.34015; 578.46344;
 352.8042; 578.81073;
 111.29156; 581.17474;
 250.71442; 580.59387;
 711.44794; 583.12982;
 332.54553; 587.02454;
 369.31467; 590.06567;
 410.09448; 589.93134;
 517.48651; 590.82983;
 109.92801; 594.82556;
 783.37805; 595.24963;
 724.19739; 595.72449;
 42.827183; 598.12024;
 431.90878; 599.5556;
 259.01779; 600.66138;
 746.02051; 601.54187;
 830.74335; 601.6377;
 956.14459; 603.01886;
 925.55969; 604.22021;
 165.99492; 605.96729;
 500.57828; 608.08832;
 878.17371; 609.7254;
 57.659878; 611.5174;
 303.94687; 611.93768;
 199.09929; 612.95654;
 926.67334; 614.39545;
 177.24933; 615.07922;
 349.9953; 618.5415;
 879.3269; 618.77783;
 513.51044; 625.07544;
 399.97537; 625.86975;
 514.73608; 632.3902;
 611.42645; 631.92365;
 723.69995; 632.2251;
 119.31953; 637.19989;
 278.95544; 638.88696;
 309.93054; 639.19128;
 641.27155; 638.81213;
 930.21149; 638.90802;
 736.9046; 640.37262;
 319.60727; 642.89636;
 851.34943; 645.79474;
 301.40128; 651.5415;
 528.04156; 653.18463;
 377.20889; 653.56201;
 141.0191; 656.73792;
 184.8958; 658.21265;
 320.51401; 662.18506;
 767.74835; 662.35577;
 397.52325; 662.59784;
 221.29648; 665.98035;
 256.86191; 666.26172;
 945.203; 666.67102;
 196.5806; 668.03296;
 133.26535; 673.34583;
 245.10458; 677.85516;
 651.45557; 682.99207;
 493.81415; 686.34174;
 771.97357; 688.375;
 918.55682; 687.65918;
 437.33463; 689.02502;
 323.87579; 695.01953;
 866.81757; 695.49756;
 452.55115; 697.54303;
 553.84119; 698.80865;
 926.81409; 698.97845;
 119.53305; 701.81854;
 961.57941; 701.91626;
 166.31024; 708.23602;
 502.11942; 708.80249;
 344.61536; 711.59839;
 658.56982; 712.68597;
 666.05627; 719.18469;
 71.485115; 724.05902;
 368.82809; 724.94373;
 841.04236; 725.08411;
 300.53885; 726.71515;
 50.947086; 728.04358;
 314.03616; 729.89197;
 281.39053; 730.61615;
 84.691856; 732.19611;
 299.25073; 728.52777;
 289.52817; 737.21558;
 400.46982; 738.78241;
 449.7655; 739.21783;
 222.19614; 744.58826;
 752.29987; 748.96613;
 100.90216; 756.75793;
 355.85938; 758.01813;
 81.134712; 759.28821;
 929.12024; 763.15186;
 318.8515; 763.60223;
 346.08313; 765.07111;
 355.6593; 768.94373;
 723.19403; 768.8316;
 349.85718; 769.52509;
 319.05499; 771.94263;
 360.97467; 771.56732;
 837.91119; 773.13269;
 253.38541; 774.27057;
 222.36378; 775.18311;
 185.58032; 777.62201;
 128.03801; 778.83179;
 175.95465; 785.48682;
 433.61118; 786.40656;
 652.94806; 786.17157;
 683.98187; 787.85474;
 301.55069; 788.72162;
 969.23578; 788.77612;
 289.78729; 791.32434;
 93.679977; 794.31354;
 578.36243; 795.88562;
 243.91577; 797.15033;
 782.34296; 796.99011;
 230.50317; 798.75116;
 950.86481; 799.08795;
 563.20239; 803.22552;
 856.89734; 802.91925;
 62.720085; 804.43207;
 117.02985; 806.04218;
 494.33441; 806.40503;
 947.57471; 809.48743;
 400.66327; 812.09998;
 778.45557; 811.60779;
 503.99808; 814.00452;
 197.10527; 814.86108;
 886.0965; 815.13324;
 211.04117; 817.88562;
 944.99109; 817.96942;
 271.48215; 820.02637;
 503.2984; 824.87726;
 453.26779; 825.89099;
 749.84564; 826.84277;
 447.89798; 827.80194;
 486.73795; 828.61139;
 563.39594; 829.67523;
 861.06439; 834.32465;
 131.88353; 834.93292;
 738.88879; 834.88763;
 838.89771; 837.77069;
 116.11611; 839.21259;
 123.97187; 838.71771;
 431.67511; 839.40839;
 97.608536; 839.86945;
 971.00116; 839.54608;
 599.48834; 843.28894;
 710.05927; 843.02515;
 68.979736; 844.05219;
 807.50195; 845.19006;
 450.02606; 846.05621;
 534.64801; 848.59644;
 58.370445; 855.36584;
 806.58319; 855.31378;
 215.50522; 858.28949;
 975.94037; 858.06128;
 479.45264; 859.15936;
 815.65503; 861.39807;
 840.802; 863.77515;
 531.7915; 865.59021;
 554.48596; 866.00183;
 150.99783; 867.38025;
 890.79816; 869.90564;
 731.9668; 871.05499;
 277.22598; 871.50415;
 236.004; 873.95837;
 641.58789; 873.68359;
 799.32556; 874.138;
 530.84705; 875.50867;
 76.724129; 875.93518;
 270.79648; 878.72235;
 477.67038; 880.27856;
 887.63098; 880.25201;
 508.44174; 883.95703;
 484.99933; 886.34802;
 964.28033; 890.63208;
 761.61926; 893.17816;
 180.18803; 896.09052;
 925.21619; 896.47205;
 210.9232; 898.44824;
 382.8093; 901.05499;
 112.59653; 901.63983;
 473.85464; 904.27332;
 412.77979; 904.81696;
 737.41583; 904.8222;
 896.30914; 905.02399;
 278.358; 905.95728;
 265.76917; 912.98822;
 937.61859; 913.95782;
 404.82974; 916.71625;
 431.47079; 916.89557;
 732.43164; 919.21271;
 545.72797; 919.90863;
 897.87207; 920.61621;
 919.5022; 921.38123;
 504.17871; 922.27594;
 568.77441; 921.55847;
 752.02997; 921.61902;
 841.02539; 922.00848;
 444.6369; 923.99573;
 791.83069; 930.2702;
 328.19745; 933.75665;
 447.50269; 934.73645;
 108.86152; 937.24091;
 806.57532; 938.35828;
 360.77036; 942.48444;
 931.49878; 942.06415;
 233.56636; 943.5517;
 383.60376; 943.10596;
 799.98401; 945.56732;
 130.40964; 948.93048;
 915.23505; 949.28113;
 751.50238; 950.68304;
 521.80524; 952.85919;
 608.12451; 953.19403;
 835.30505; 953.09119;
 74.089729; 953.92688;
 760.35876; 959.54559;
 538.94647; 962.3064;
 333.91272; 964.67096;
 609.99017; 966.02844;
 395.39432; 968.82935;
 363.51495; 972.66138;
 468.51178; 972.81549;
 973.24957; 974.27039;
 847.104; 975.07422;
 873.49402; 974.87115;
 560.23157; 976.64264;
 677.14313; 107.36344;
 915.24762; 315.18591;
 751.63605; 508.77399;
 511.30551; 625.12262;
 78.589111; 58.282352;
 231.68408; 57.597897;
 742.98535; 58.207195;
 965.38715; 62.38176;
 547.47791; 66.11657;
 283.36423; 67.42865;
 82.53801; 67.964218;
 110.91855; 67.590355;
 523.40302; 68.262138;
 96.104416; 69.649475;
 746.44818; 71.350471;
 254.02155; 72.49913;
 643.04919; 72.874664;
 300.44403; 74.308121;
 877.25256; 73.876953;
 147.59921; 78.126846;
 914.43335; 77.528023;
 709.60968; 79.029068;
 935.56116; 79.187561;
 98.178284; 79.969772;
 203.55737; 81.730438;
 170.01848; 85.170921;
 227.15701; 84.721268;
 406.76147; 87.686455;
 778.54193; 91.375389;
 940.70526; 90.545425;
 430.50922; 91.840729;
 537.4856; 93.806557;
 121.44998; 95.834343;
 829.20782; 95.812088;
 620.40851; 99.188889;
 677.62158; 99.064438;
 718.2547; 99.140099;
 135.59999; 99.897652;
 913.32104; 100.4442;
 370.27969; 103.79335;
 207.42818; 110.09429;
 620.52429; 109.74808;
 954.92975; 109.55719;
 119.73324; 113.29185;
 439.85822; 113.09371;
 135.75035; 113.81223;
 555.73621; 116.8046;
 737.76459; 117.15511;
 923.44446; 118.03497;
 952.3382; 117.96226;
 207.31842; 120.91158;
 634.61578; 123.99183;
 81.244095; 125.62415;
 470.20099; 126.54056;
 839.15253; 131.00862;
 773.67688; 133.55617;
 79.05368; 135.60637;
 300.00195; 136.1427;
 779.34137; 142.21628;
 531.21173; 142.72688;
 466.11203; 144.31721;
 561.75452; 143.55293;
 946.98651; 147.12006;
 812.28406; 149.6024;
 659.65631; 151.32602;
 733.25092; 151.94638;
 796.70508; 152.25046;
 215.96397; 153.2372;
 821.21143; 154.14609;
 770.86884; 154.87248;
 59.319439; 157.01729;
 278.944; 157.83855;
 343.03668; 158.02332;
 681.76801; 158.25345;
 178.92033; 159.81807;
 665.16284; 160.1588;
 811.17419; 162.61272;
 255.77257; 164.82419;
 539.91724; 165.49384;
 841.49438; 166.93077;
 286.04791; 169.23386;
 310.78177; 169.13483;
 677.78619; 168.51295;
 763.56116; 169.19298;
 803.10541; 168.80898;
 343.5188; 169.89185;
 858.84625; 170.46515;
 84.656082; 175.61115;
 484.10736; 175.55414;
 539.58655; 176.14674;
 310.98438; 179.52426;
 857.82001; 181.15945;
 111.28404; 182.51694;
 717.19867; 183.92659;
 740.46771; 185.99704;
 894.28802; 185.61153;
 65.380005; 188.79088;
 922.74841; 188.68849;
 422.75394; 189.65692;
 112.20109; 192.96492;
 164.11339; 192.5546;
 660.53259; 193.1992;
 149.98657; 194.94786;
 773.0929; 195.72131;
 827.95667; 195.5043;
 719.0929; 197.6698;
 833.72729; 199.94037;
 259.12589; 201.27521;
 533.24347; 201.82849;
 157.81618; 203.18744;
 799.25073; 202.55765;
 389.28458; 206.46156;
 472.51456; 205.71738;
 339.23801; 209.63283;
 374.30655; 210.59346;
 709.51135; 210.5056;
 243.1057; 212.02214;
 260.5459; 211.98059;
 547.45135; 211.75839;
 497.19135; 212.62289;
 116.521; 214.73956;
 176.99461; 216.98776;
 473.65732; 217.21344;
 929.25714; 218.91055;
 521.86603; 221.28474;
 197.17935; 222.20718;
 375.64386; 222.50665;
 501.04782; 222.40977;
 578.48639; 222.32689;
 419.70831; 224.15982;
 141.9933; 225.95393;
 183.29974; 229.15237;
 219.83621; 229.0282;
 822.86157; 229.18927;
 913.68823; 229.83354;
 106.75397; 231.13382;
 578.3288; 231.0078;
 517.58582; 232.55553;
 705.85815; 233.20789;
 318.43134; 234.48022;
 786.06042; 234.03207;
 815.47382; 233.62587;
 239.78603; 235.03384;
 138.00987; 236.39034;
 214.6331; 235.80498;
 910.9364; 235.92271;
 964.69287; 235.72156;
 448.19247; 237.2377;
 260.80862; 239.27115;
 337.58542; 239.50807;
 227.52029; 239.73845;
 109.54678; 241.36137;
 285.43085; 241.89888;
 324.32922; 243.72162;
 859.98413; 244.01779;
 826.00311; 245.00151;
 520.53931; 246.42535;
 953.39648; 245.94965;
 751.01324; 247.83485;
 917.50641; 247.73727;
 185.48907; 250.29214;
 785.79266; 250.26682;
 965.28381; 252.20567;
 285.64923; 252.72208;
 874.83478; 253.66277;
 75.26297; 254.66383;
 336.20123; 254.85202;
 253.68886; 256.09372;
 416.83411; 257.31909;
 948.11267; 257.41769;
 308.94922; 257.64645;
 765.26843; 258.43433;
 777.38708; 258.12045;
 178.1757; 259.19495;
 298.98654; 259.11618;
 860.24786; 259.39682;
 354.72684; 260.29495;
 64.904366; 261.20258;
 824.02057; 260.75201;
 231.91956; 261.96103;
 318.70114; 262.51367;
 561.92584; 263.0531;
 272.98596; 264.98477;
 961.21527; 265.22067;
 592.7229; 268.2135;
 487.05618; 271.25479;
 538.25287; 271.3252;
 841.862; 273.80219;
 451.83209; 274.56735;
 937.39325; 274.54587;
 891.72375; 275.85452;
 556.82141; 276.88495;
 824.44965; 278.19156;
 925.1001; 278.83401;
 800.55176; 280.28369;
 511.62405; 283.27365;
 111.72682; 283.9791;
 587.72852; 283.86029;
 789.87256; 285.56989;
 398.69324; 286.27441;
 626.15851; 286.35214;
 860.67761; 286.01233;
 939.52441; 285.56216;
 490.10742; 288.92413;
 64.179283; 290.15063;
 194.72252; 289.82999;
 421.82925; 289.46933;
 552.25549; 289.86584;
 613.80951; 289.58359;
 455.05859; 291.01553;
 801.48499; 292.16248;
 852.46484; 292.40823;
 109.73771; 293.49277;
 238.29515; 293.43411;
 82.836731; 294.33936;
 565.64056; 294.24582;
 66.443718; 296.30219;
 138.19073; 296.17169;
 291.02142; 295.72174;
 926.85651; 296.87613;
 184.24001; 298.85367;
 193.61394; 300.39444;
 482.69067; 299.59195;
 168.92822; 301.01614;
 942.25781; 301.06812;
 542.78131; 301.97174;
 77.074608; 305.68967;
 911.07239; 303.05679;
 360.82285; 305.38916;
 553.94489; 307.75616;
 250.12108; 309.26926;
 862.51245; 308.89478;
 216.64326; 309.74902;
 350.36383; 311.85437;
 408.4726; 311.58469;
 169.15776; 313.26868;
 429.95313; 313.42093;
 821.45532; 313.0798;
 902.47772; 314.39423;
 139.55116; 316.21332;
 490.83109; 316.9881;
 810.03168; 318.38159;
 870.45557; 317.47141;
 85.575386; 319.86856;
 356.58997; 320.39316;
 838.77228; 319.6525;
 439.21362; 322.4053;
 915.18854; 323.22687;
 548.27045; 323.8241;
 375.10034; 325.17215;
 466.47806; 325.80981;
 277.31998; 327.1683;
 824.99762; 326.85214;
 162.30115; 328.4144;
 432.33282; 328.79111;
 449.16745; 328.90939;
 493.19022; 329.26587;
 810.71204; 328.70056;
 328.05405; 330.41531;
 408.11057; 331.30338;
 179.62411; 332.01505;
 198.11115; 332.27856;
 553.27991; 333.67752;
 942.10303; 335.16119;
 393.07837; 335.56433;
 125.50136; 336.61777;
 638.56122; 336.91275;
 200.77005; 338.62317;
 509.82431; 339.00836;
 845.41577; 339.99454;
 950.68079; 340.68945;
 415.10263; 342.10745;
 622.78992; 342.28772;
 879.73193; 343.24945;
 917.11456; 342.9682;
 176.2108; 343.55344;
 493.25992; 345.41287;
 650.12939; 344.78442;
 690.57147; 345.39722;
 143.71335; 345.98053;
 129.4243; 346.77762;
 910.34424; 346.53726;
 255.54056; 350.1601;
 361.63644; 350.3718;
 213.46021; 351.01129;
 382.60464; 350.61493;
 845.64264; 350.94467;
 567.80847; 352.08295;
 622.76086; 352.31586;
 804.57013; 351.98111;
 95.013626; 355.30927;
 917.06451; 355.85641;
 932.74268; 355.89539;
 167.25172; 358.19321;
 237.1803; 358.07681;
 194.7742; 358.53833;
 877.20612; 358.83142;
 456.36249; 359.64038;
 835.13031; 360.16129;
 373.56744; 361.03412;
 389.45737; 360.52078;
 416.43475; 361.03586;
 523.23743; 361.22598;
 720.57153; 361.41391;
 128.7155; 362.36624;
 805.27673; 362.46606;
 498.71616; 363.34155;
 60.82613; 365.41833;
 117.37679; 365.24866;
 780.4231; 365.38138;
 248.04114; 365.77689;
 303.9877; 366.40671;
 561.67169; 365.91977;
 746.2334; 367.29272;
 931.77942; 366.63083;
 828.34143; 367.93158;
 178.21278; 368.983;
 757.55829; 369.76633;
 334.31042; 372.44467;
 786.73712; 374.43069;
 73.675812; 375.61166;
 279.06323; 376.3559;
 675.60791; 375.9906;
 119.43376; 377.23203;
 448.32458; 377.1044;
 584.38239; 377.32315;
 145.09694; 378.14874;
 502.23062; 377.59741;
 748.29102; 379.07269;
 827.35913; 379.35547;
 181.38039; 381.10892;
 619.37695; 381.29767;
 219.30542; 383.25247;
 247.71631; 385.75668;
 363.01459; 385.79446;
 418.25873; 386.02451;
 209.04013; 387.155;
 390.82867; 387.82742;
 501.01178; 390.00037;
 298.21326; 392.57498;
 860.48901; 393.01895;
 157.33504; 393.80185;
 673.32117; 394.19406;
 713.47949; 393.77328;
 802.88043; 395.26819;
 178.60582; 396.306;
 396.51251; 398.28647;
 470.76978; 398.29446;
 192.55428; 398.59219;
 523.22632; 399.03516;
 709.26447; 398.71536;
 94.337761; 399.77222;
 656.15582; 400.32452;
 767.0611; 399.83307;
 947.76843; 400.15787;
 207.99118; 403.22906;
 853.91302; 402.67096;
 647.91425; 406.03674;
 813.01703; 405.53317;
 255.99243; 407.03104;
 804.67004; 406.83917;
 319.30646; 407.78262;
 357.18973; 409.87259;
 456.1763; 410.04526;
 844.76685; 410.25381;
 140.57619; 411.20621;
 149.18251; 411.92935;
 706.03845; 412.05435;
 537.52435; 413.40961;
 104.28024; 413.77188;
 784.71423; 414.45535;
 963.85077; 414.98422;
 647.8288; 416.77301;
 889.19861; 416.95914;
 245.77975; 418.42554;
 598.40784; 418.44919;
 485.93542; 419.77713;
 310.30817; 420.87488;
 82.518051; 421.55765;
 814.22845; 421.36945;
 385.82605; 422.75073;
 659.26044; 422.89227;
 859.56665; 423.02072;
 877.93616; 422.76535;
 952.26471; 423.0379;
 181.21504; 425.4187;
 291.6196; 424.67636;
 578.35583; 424.66544;
 687.83606; 424.97055;
 278.73337; 426.21719;
 419.88242; 426.79874;
 128.74593; 428.36938;
 211.01083; 428.22546;
 744.92139; 427.85748;
 886.22803; 427.99448;
 77.799866; 430.8999;
 226.51427; 431.96524;
 605.04437; 431.74002;
 202.03577; 432.79385;
 770.57166; 432.53549;
 166.0336; 434.42188;
 804.61206; 435.21768;
 865.07013; 434.98276;
 451.37503; 435.77731;
 255.16605; 437.40335;
 723.97162; 436.57602;
 299.99854; 437.51804;
 631.62598; 438.32599;
 687.45782; 439.78836;
 446.08801; 441.07742;
 814.88025; 441.52417;
 943.40314; 442.2373;
 774.20239; 443.47629;
 606.21405; 443.87692;
 437.38071; 445.04697;
 188.67464; 445.74313;
 485.62875; 445.7699;
 257.4259; 448.09766;
 319.29953; 448.84467;
 746.19733; 448.90231;
 306.31708; 449.94287;
 294.11267; 450.60217;
 558.48157; 451.7366;
 830.80713; 452.38782;
 891.508; 454.50439;
 403.98865; 457.53696;
 483.11194; 458.0993;
 748.1651; 458.6557;
 163.81793; 460.39014;
 495.98569; 460.22983;
 554.60968; 460.54947;
 688.08209; 460.95251;
 97.007042; 462.44434;
 316.17426; 461.91934;
 902.27563; 462.8851;
 269.27609; 464.37946;
 205.18901; 466.34894;
 348.66605; 465.60864;
 844.6311; 468.12817;
 955.92352; 468.3511;
 832.44879; 470.37213;
 348.59375; 471.32492;
 541.28821; 471.21835;
 734.26923; 470.6131;
 234.78497; 473.51883;
 446.6051; 474.36829;
 781.46405; 474.42627;
 515.66449; 478.20602;
 318.8588; 479.39108;
 843.09052; 479.16626;
 73.996231; 479.89764;
 123.40284; 480.63;
 149.7018; 479.85321;
 216.11435; 480.27176;
 384.55249; 482.81668;
 542.25293; 482.62845;
 393.28717; 484.79996;
 226.76408; 486.284;
 704.59839; 485.66617;
 786.31464; 486.10068;
 575.66217; 488.12125;
 458.5188; 489.59015;
 72.189934; 491.30746;
 181.2132; 491.77722;
 216.70818; 492.92969;
 133.19055; 495.66913;
 269.86023; 496.17682;
 608.96198; 495.55493;
 85.822197; 497.89734;
 687.78424; 499.366;
 903.38232; 498.78259;
 548.64886; 500.49039;
 651.17609; 500.71591;
 184.90573; 503.68652;
 299.80411; 504.53049;
 820.25543; 507.27109;
 200.67793; 507.97632;
 429.21548; 507.66364;
 508.93753; 508.09219;
 579.61737; 507.82996;
 213.64407; 508.85867;
 624.22327; 509.67682;
 107.68401; 515.29724;
 922.04279; 515.2981;
 375.32938; 516.53387;
 811.65643; 516.56641;
 144.5262; 518.16449;
 798.25482; 517.53076;
 94.134232; 519.77002;
 465.93481; 520.33081;
 836.91193; 519.51025;
 702.02905; 520.89697;
 623.35602; 522.32642;
 590.07239; 522.95728;
 286.88214; 524.52942;
 692.46124; 524.76337;
 202.88222; 526.52533;
 352.23495; 526.99225;
 506.52774; 528.43817;
 737.10706; 528.72675;
 913.3385; 529.57245;
 396.62448; 530.96204;
 250.31415; 532.94708;
 925.29462; 533.19214;
 774.16498; 534.51044;
 223.84322; 536.51025;
 341.93176; 538.24139;
 882.0517; 539.28119;
 237.54099; 540.36011;
 464.31644; 540.51312;
 571.2381; 539.69568;
 95.562141; 540.96423;
 906.95636; 540.55109;
 413.07333; 545.17212;
 676.03241; 547.5553;
 521.05096; 548.54761;
 819.03809; 549.29388;
 189.03841; 550.45398;
 351.2132; 549.81451;
 571.58258; 550.75189;
 883.49817; 551.19165;
 148.09265; 555.89844;
 663.88647; 556.00934;
 803.34406; 555.85107;
 846.41034; 556.21185;
 339.80252; 556.59314;
 857.77362; 558.07556;
 279.34521; 559.44141;
 733.70728; 559.28046;
 246.58679; 560.32654;
 313.67737; 559.83899;
 424.28793; 560.19464;
 354.58508; 562.36163;
 485.26761; 563.86896;
 815.59766; 564.35797;
 414.01361; 566.66077;
 197.75163; 568.06799;
 223.05391; 568.27063;
 540.20453; 568.31549;
 856.50507; 568.28705;
 958.8158; 568.57355;
 471.72421; 570.3103;
 752.27875; 571.2984;
 894.28589; 571.29999;
 305.6636; 572.36469;
 694.53357; 572.15356;
 89.829636; 572.65863;
 501.54312; 575.65204;
 327.81332; 577.42352;
 563.77838; 577.34253;
 764.71722; 577.59479;
 249.99356; 578.81714;
 353.06125; 578.95544;
 112.19346; 580.3999;
 289.47443; 580.71332;
 424.42108; 581.11932;
 265.30374; 581.70264;
 303.23691; 582.3656;
 96.661278; 583.42133;
 711.6275; 583.30786;
 333.70206; 584.95667;
 161.15663; 585.65771;
 667.58246; 588.39447;
 256.17413; 589.56641;
 370.49487; 589.86652;
 409.91394; 589.53741;
 280.28384; 591.62012;
 516.78735; 592.10669;
 908.85919; 592.47449;
 170.35109; 594.18219;
 446.51181; 593.53754;
 724.26569; 595.62054;
 783.75629; 595.96545;
 186.05844; 597.4032;
 58.465206; 598.58728;
 432.00775; 599.38647;
 830.75854; 599.26495;
 259.03732; 600.11188;
 304.94714; 600.01434;
 367.56427; 601.63464;
 745.97931; 601.9433;
 444.30182; 603.37451;
 908.32141; 602.99152;
 956.80762; 603.19867;
 925.3208; 603.99078;
 166.02849; 606.28143;
 284.15598; 606.61761;
 500.83798; 607.80017;
 227.74997; 608.88379;
 662.48956; 609.49719;
 878.45911; 609.21783;
 188.57681; 609.94031;
 378.65228; 610.40375;
 940.73163; 610.13159;
 678.00763; 611.64215;
 199.10938; 612.86725;
 303.56168; 612.97156;
 927.29865; 614.44843;
 176.83282; 614.79242;
 398.80127; 615.57922;
 265.0947; 616.81622;
 279.46347; 616.61768;
 349.21701; 617.58075;
 630.00348; 619.42706;
 879.07953; 619.39417;
 905.45404; 619.08972;
 850.2641; 623.2265;
 834.72845; 626.08746;
 101.14216; 627.45374;
 400.16122; 626.90656;
 232.96797; 627.59515;
 352.89755; 627.84161;
 724.70703; 631.45599;
 253.07796; 631.64014;
 612.03149; 631.91858;
 325.60056; 635.75555;
 117.83541; 636.81531;
 410.68918; 637.38104;
 854.47034; 637.23975;
 279.03317; 638.25922;
 930.29547; 638.00043;
 641.0484; 639.12805;
 736.95715; 640.45282;
 760.40692; 639.67212;
 101.14314; 641.33429;
 796.95465; 640.80603;
 228.992; 642.15289;
 514.29608; 641.64655;
 178.35767; 642.53162;
 319.1261; 643.89734;
 850.98883; 646.8042;
 254.39772; 648.31702;
 355.59366; 653.07611;
 376.90771; 654.29791;
 345.35522; 655.37042;
 559.30713; 655.01074;
 140.85184; 656.10358;
 184.38593; 657.00262;
 544.13428; 659.70288;
 130.73676; 660.57104;
 398.90216; 661.09131;
 117.61761; 662.08112;
 320.61755; 662.29138;
 767.97412; 662.04974;
 957.80688; 662.37463;
 280.18103; 662.79211;
 919.83856; 662.48895;
 256.89175; 665.93762;
 220.93327; 667.42773;
 944.63715; 667.32324;
 197.09871; 669.24182;
 358.41852; 669.64429;
 281.77029; 673.37384;
 918.71509; 673.45935;
 132.52708; 673.64551;
 244.87601; 678.7699;
 424.20084; 681.38843;
 698.0036; 680.65625;
 299.82178; 682.08087;
 652.20361; 682.85699;
 83.777245; 686.3009;
 494.03497; 686.61438;
 752.53857; 686.54291;
 918.29962; 687.10803;
 772.9873; 687.65436;
 319.86734; 692.78705;
 228.80344; 693.89014;
 866.38257; 695.94885;
 453.73679; 697.06897;
 256.10904; 698.21277;
 553.87958; 698.1524;
 926.85645; 699.86755;
 118.56882; 702.26019;
 301.67014; 702.32849;
 374.25235; 702.2818;
 642.0014; 702.21765;
 675.97876; 702.86438;
 961.6593; 702.47913;
 230.55864; 707.33685;
 166.05075; 708.28473;
 712.84198; 708.42487;
 501.0177; 709.56378;
 559.84296; 710.2514;
 608.69; 709.74213;
 75.600601; 711.41357;
 344.70044; 712.51221;
 384.37637; 713.91113;
 659.58392; 713.83636;
 871.85535; 714.96637;
 597.32532; 718.0304;
 665.29871; 718.42822;
 320.73254; 720.31549;
 532.49445; 720.82214;
 256.02753; 722.42255;
 71.188332; 725.23456;
 369.02277; 725.03412;
 235.27332; 726.40118;
 841.49542; 725.65131;
 281.9577; 730.38263;
 314.0155; 729.95581;
 342.21216; 729.83417;
 84.099174; 731.92102;
 142.5583; 731.72144;
 539.15918; 732.27264;
 478.21704; 732.7525;
 716.60754; 734.86298;
 250.45149; 736.92761;
 289.57458; 737.58282;
 401.06714; 738.35913;
 450.09567; 737.92969;
 201.39259; 740.52979;
 369.11038; 741.27075;
 606.68042; 744.04596;
 223.42534; 746.50574;
 731.66949; 747.20477;
 752.59589; 748.24066;
 273.23792; 753.47638;
 248.92081; 755.11481;
 101.01685; 756.40741;
 317.30997; 755.71802;
 355.80124; 758.1355;
 81.093781; 759.5567;
 508.73584; 759.59644;
 106.26866; 762.63251;
 755.534; 763.03357;
 928.789; 762.82965;
 349.72568; 768.18823;
 396.22665; 767.99109;
 722.71893; 768.87366;
 61.48637; 771.42175;
 837.90613; 772.4931;
 253.68996; 774.47058;
 222.48331; 774.76971;
 185.84036; 777.83942;
 127.88973; 778.69879;
 433.02374; 784.97015;
 543.0141; 785.10419;
 176.39787; 786.25507;
 652.54083; 786.38562;
 684.22015; 788.12952;
 290.2854; 789.97711;
 551.77191; 791.54413;
 189.43739; 793.34845;
 93.537407; 793.63269;
 272.16916; 795.2912;
 385.77148; 795.14709;
 579.62463; 794.59601;
 244.86772; 796.49829;
 782.74677; 795.97577;
 706.77502; 797.63635;
 230.39383; 799.05902;
 950.20288; 799.2821;
 284.10938; 800.43707;
 963.12878; 801.0296;
 678.94434; 802.43286;
 756.74597; 802.17828;
 562.76044; 803.60193;
 857.70441; 803.659;
 893.96893; 804.05212;
 62.044388; 804.63599;
 584.13342; 804.84607;
 598.27026; 805.37268;
 116.95559; 805.75262;
 494.73114; 806.73016;
 689.21014; 807.85815;
 947.2085; 808.29211;
 213.6264; 809.55798;
 778.91644; 811.68146;
 95.900993; 813.06085;
 400.97672; 812.5069;
 504.22195; 814.03119;
 197.40727; 814.66846;
 885.82678; 815.25006;
 380.36993; 816.68091;
 127.98914; 817.6225;
 154.62083; 817.89935;
 211.06163; 818.49854;
 276.92624; 820.20514;
 363.62436; 820.19531;
 685.65924; 819.58826;
 389.76022; 821.55853;
 775.79541; 824.02502;
 502.75113; 825.60443;
 81.151627; 827.28528;
 450.01978; 826.87115;
 749.49756; 827.32343;
 332.29855; 828.27411;
 485.87033; 827.71674;
 562.85583; 828.89807;
 246.92412; 829.75555;
 351.47186; 831.25378;
 738.34192; 832.80988;
 220.18466; 833.49817;
 130.59862; 835.49036;
 173.44604; 835.01276;
 860.8222; 835.41919;
 529.54303; 837.5141;
 838.84155; 837.42548;
 117.35223; 838.21667;
 125.19096; 838.32648;
 97.317474; 840.09271;
 431.53586; 839.91028;
 517.51373; 840.01666;
 382.44244; 840.62903;
 599.2049; 842.34363;
 796.35858; 842.55206;
 68.907463; 843.90179;
 807.8454; 843.97467;
 449.66043; 846.39484;
 534.43427; 847.86365;
 223.67378; 849.37482;
 358.61957; 849.33386;
 513.95789; 850.09601;
 415.99457; 852.44495;
 673.33527; 851.93433;
 527.61865; 854.9339;
 594.20117; 856.22552;
 805.79803; 856.17285;
 387.18326; 857.17444;
 479.44754; 858.97656;
 652.58575; 859.34814;
 210.51649; 859.64789;
 93.620758; 861.85248;
 257.68756; 862.66235;
 868.44373; 862.93689;
 840.19885; 864.24591;
 175.65675; 864.87085;
 531.23029; 865.28516;
 555.46924; 864.6817;
 221.72035; 867.05475;
 894.05243; 867.40039;
 693.8175; 868.61127;
 144.70189; 872.20459;
 276.99396; 872.04834;
 640.09033; 872.88916;
 732.06305; 873.24121;
 236.00963; 873.65546;
 799.23071; 873.55865;
 76.848076; 875.79938;
 387.58011; 876.44629;
 531.34454; 875.86011;
 560.46454; 876.03284;
 743.97546; 876.62555;
 123.52356; 879.03485;
 171.54102; 880.53601;
 434.59766; 881.3205;
 478.58383; 880.61096;
 887.54266; 880.64752;
 108.03371; 883.13617;
 156.96001; 883.89099;
 508.55618; 884.47559;
 457.57608; 887.16656;
 151.92049; 888.33136;
 470.76965; 889.89795;
 801.75; 890.2641;
 964.55835; 890.13385;
 91.307671; 890.50177;
 232.2905; 890.56128;
 513.33795; 890.94873;
 640.12958; 892.07874;
 761.70062; 892.93054;
 925.52637; 895.0816;
 180.75987; 896.25433;
 251.18411; 895.50299;
 210.73236; 898.01794;
 545.58893; 899.02161;
 142.77905; 899.61682;
 382.85599; 900.73364;
 112.15308; 902.20789;
 84.324951; 903.11829;
 413.22498; 903.54205;
 474.36154; 904.93835;
 620.69745; 904.75775;
 738.02454; 904.87219;
 896.26691; 904.64246;
 278.37573; 906.10059;
 611.86688; 906.04987;
 698.388; 908.7453;
 266.04977; 913.25616;
 416.90079; 912.6153;
 937.77484; 913.46405;
 60.120247; 913.48553;
 431.23471; 915.21259;
 875.29901; 916.47772;
 404.89539; 916.9588;
 546.16882; 919.24438;
 624.32361; 920.99402;
 752.2323; 921.24463;
 898.09741; 920.85736;
 919.05688; 920.56122;
 568.76184; 921.93121;
 505.13187; 922.5661;
 445.02835; 923.61395;
 840.70074; 923.83246;
 213.4595; 925.974;
 429.85632; 926.06683;
 136.55989; 927.73041;
 790.92175; 930.15271;
 327.96484; 933.8078;
 381.03412; 935.06598;
 447.50159; 935.45062;
 110.50736; 936.21887;
 687.96167; 936.02808;
 957.10852; 935.64655;
 807.12671; 937.09393;
 533.86469; 937.5318;
 932.23615; 941.83173;
 233.73586; 942.60889;
 360.60864; 942.8277;
 115.64531; 944.98627;
 131.27431; 945.50214;
 799.92694; 946.14087;
 738.38129; 949.11542;
 914.94397; 949.12354;
 750.72778; 949.77936;
 288.68933; 951.45844;
 608.64136; 953.29279;
 835.33759; 952.8775;
 522.19708; 953.72632;
 73.847183; 954.70685;
 107.69708; 956.17914;
 666.39709; 956.09515;
 393.98883; 958.91211;
 593.99738; 959.07111;
 711.37012; 959.3385;
 760.23651; 959.22418;
 97.799522; 961.58276;
 516.04883; 962.46381;
 538.43555; 961.93329;
 162.05759; 964.29083;
 333.87344; 965.00244;
 429.79361; 90.674347;
 537.81738; 90.419594;
 777.51141; 90.50235;
 832.20392; 93.916412;
 936.56757; 93.657883;
 119.02434; 96.284821;
 618.90137; 96.975403;
 676.36572; 98.926025;
 136.13121; 99.40638;
 207.1227; 109.38451;
 439.95474; 112.40723;
 135.54907; 113.58038;
 555.44409; 114.88966;
 737.08521; 115.30113;
 924.76166; 117.94414;
 635.17554; 122.86798;
 467.59705; 126.95625;
 773.7666; 130.14561;
 839.27081; 130.49272;
 454.02335; 133.53131;
 299.32053; 135.61946;
 781.60889; 141.29225;
 888.18701; 142.43852;
 466.09604; 144.3974;
 559.4231; 143.38857;
 658.1604; 148.22263;
 735.58685; 148.40845;
 812.30029; 148.08583;
 839.42175; 148.02832;
 495.90649; 149.98235;
 800.44104; 149.72807;
 681.271; 154.68468;
 772.84692; 153.39621;
 215.26968; 155.49576;
 278.58331; 155.81097;
 256.48093; 159.04088;
 341.41516; 158.03864;
 178.52573; 160.80676;
 539.62585; 164.54541;
 809.04266; 164.55952;
 851.77216; 165.65891;
 673.62634; 167.81763;
 766.04681; 168.60896;
 343.66565; 172.15887;
 273.50592; 173.72653;
 927.14789; 174.05354;
 482.80563; 175.26701;
 410.74152; 177.76822;
 538.57886; 179.76567;
 111.43691; 181.61317;
 309.328; 181.52859;
 371.74588; 182.30522;
 716.12213; 183.50679;
 855.52454; 184.34846;
 359.33655; 186.02528;
 740.737; 186.37375;
 923.13721; 188.39247;
 162.51944; 190.98311;
 848.96997; 189.89246;
 151.72369; 192.38077;
 660.84985; 192.70146;
 107.13943; 196.00511;
 721.32349; 196.63756;
 770.96051; 194.95938;
 829.92566; 195.82469;
 259.30048; 199.59802;
 471.26459; 202.85999;
 799.18921; 201.52396;
 157.95882; 205.93901;
 389.54184; 205.53281;
 340.78857; 208.36613;
 819.91064; 207.4816;
 245.08636; 209.2739;
 373.20401; 209.39542;
 709.73584; 210.06934;
 115.65417; 211.51544;
 545.87701; 213.95142;
 176.61819; 215.64989;
 261.5383; 215.603;
 927.25659; 217.31706;
 375.12396; 222.72514;
 140.79718; 223.97058;
 249.8517; 224.48442;
 418.70825; 225.13928;
 871.37128; 225.26285;
 183.10896; 230.38579;
 217.75711; 230.16005;
 518.63525; 230.35513;
 103.89703; 231.7103;
 280.46298; 231.55235;
 320.27878; 231.6357;
 708.79602; 232.08369;
 912.50629; 231.16632;
 238.90558; 233.06627;
 785.91443; 233.60637;
 819.95636; 233.81134;
 285.91266; 236.77094;
 449.33231; 235.77557;
 138.48749; 240.0036;
 337.90442; 239.26253;
 423.51526; 242.94176;
 825.62292; 242.77762;
 227.13641; 243.74185;
 859.28741; 243.186;
 185.62735; 247.72229;
 520.0368; 248.91254;
 751.23792; 248.41815;
 784.86493; 247.4958;
 918.03113; 247.12723;
 95.834763; 252.70915;
 283.73175; 253.72652;
 335.14426; 254.13596;
 874.72955; 254.00769;
 304.11429; 259.98798;
 778.29803; 259.56952;
 825.41986; 259.48581;
 858.26917; 260.25653;
 230.93155; 261.75443;
 354.26401; 261.1871;
 415.2738; 261.43964;
 563.40924; 262.06668;
 924.00842; 264.93961;
 272.44388; 266.69763;
 591.24548; 268.48267;
 539.22339; 269.30243;
 936.42175; 269.64972;
 485.87265; 272.20944;
 844.1156; 272.61844;
 452.2962; 274.38068;
 889.685; 274.07224;
 555.97101; 275.77716;
 799.4422; 278.1246;
 924.25604; 280.31497;
 113.95557; 282.77277;
 511.45605; 283.22369;
 788.10706; 283.61224;
 397.26111; 286.51117;
 193.78197; 287.32117;
 492.02545; 287.112;
 625.4223; 288.40649;
 421.00107; 289.27902;
 457.13608; 290.6131;
 852.9118; 290.47681;
 887.89386; 289.93307;
 552.98694; 291.95093;
 290.38504; 295.06891;
 800.72424; 294.32901;
 100.4539; 295.16776;
 478.56693; 297.71091;
 168.20532; 299.99463;
 188.68872; 300.548;
 357.66733; 304.09848;
 440.24976; 303.30765;
 911.9762; 303.01007;
 254.34424; 306.05927;
 599.28821; 305.77448;
 862.02258; 306.32751;
 553.86835; 307.26804;
 822.01813; 310.03067;
 138.99457; 314.92191;
 168.95294; 313.99078;
 407.55734; 314.39612;
 616.97681; 314.72379;
 491.99231; 315.6777;
 869.77319; 318.96255;
 356.80396; 320.6991;
 837.87537; 319.36127;
 548.52686; 322.33563;
 914.55341; 322.15469;
 374.75821; 323.9082;
 436.6066; 325.19101;
 826.21857; 326.88242;
 327.84122; 327.51166;
 464.88385; 326.93997;
 140.88368; 329.72919;
 161.22791; 329.23083;
 491.51712; 329.3884;
 406.62112; 331.13599;
 124.53278; 334.98514;
 200.83913; 333.69611;
 553.34167; 334.7124;
 812.89618; 335.12335;
 846.92535; 336.70905;
 506.38046; 339.16696;
 416.83075; 342.8237;
 621.84436; 341.35162;
 646.97412; 341.79858;
 913.78302; 342.10281;
 492.55789; 344.2662;
 727.35724; 343.76376;
 143.67079; 345.72424;
 188.32593; 346.51804;
 694.14569; 345.66931;
 126.66221; 348.44434;
 254.75345; 348.63577;
 805.40302; 348.16589;
 362.52646; 349.08643;
 382.97327; 349.61929;
 566.24878; 349.668;
 846.14294; 351.58319;
 97.225525; 353.53564;
 163.97151; 356.61609;
 237.18982; 356.71317;
 387.51239; 355.65192;
 933.03375; 355.28979;
 645.61493; 358.52158;
 876.91754; 358.66275;
 915.52112; 357.19113;
 194.44299; 360.25882;
 418.23126; 359.57303;
 498.78198; 360.80774;
 522.6225; 360.03159;
 372.48886; 362.20407;
 722.05859; 361.13321;
 780.67633; 363.19772;
 805.83002; 364.12994;
 829.49438; 363.21204;
 249.26114; 366.61353;
 304.94452; 365.59448;
 560.97137; 366.6485;
 748.30103; 365.77438;
 178.08301; 368.00339;
 333.45624; 370.96326;
 279.53284; 375.18256;
 119.86906; 377.19803;
 499.46622; 377.4375;
 673.63715; 376.95099;
 785.32104; 377.79953;
 447.23578; 379.31409;
 618.19403; 379.72079;
 827.59967; 379.69171;
 186.6801; 382.23184;
 417.68573; 382.73929;
 358.49005; 384.43851;
 211.51869; 387.15921;
 850.84985; 388.90842;
 803.02673; 390.9325;
 393.95697; 391.9548;
 295.97159; 394.28241;
 671.8244; 394.28815;
 183.15831; 396.6745;
 499.65152; 395.91547;
 521.56134; 395.77017;
 710.60181; 395.52701;
 187.5985; 398.0993;
 767.63422; 397.87451;
 609.45172; 402.4715;
 651.7428; 401.44656;
 209.05301; 403.87915;
 807.24249; 406.61429;
 256.08743; 407.62778;
 317.26874; 407.20673;
 357.06091; 407.94485;
 847.31793; 408.10992;
 404.62106; 409.57584;
 457.26343; 409.84775;
 144.16451; 411.16422;
 514.05402; 411.89761;
 535.62354; 414.33276;
 705.21173; 413.66385;
 888.02539; 415.13702;
 486.46866; 417.71671;
 597.59399; 417.33871;
 646.48224; 417.89536;
 862.69708; 418.65851;
 578.46484; 422.46533;
 812.11194; 421.4657;
 291.92084; 423.75269;
 659.7627; 424.89438;
 389.18628; 424.99683;
 419.32162; 426.58609;
 130.21695; 428.47037;
 207.45618; 430.75345;
 605.37866; 429.09988;
 770.87628; 430.32559;
 884.77863; 430.04269;
 689.05682; 432.44498;
 254.64201; 435.55618;
 631.8078; 436.91949;
 718.75677; 435.06354;
 866.80981; 435.93353;
 300.72983; 437.87247;
 403.54813; 437.42023;
 448.72647; 437.43146;
 623.36438; 440.3428;
 813.91217; 439.78247;
 134.3407; 444.34375;
 188.00504; 445.59906;
 488.13361; 446.28336;
 603.98163; 445.11829;
 772.59808; 445.36841;
 322.19211; 447.53268;
 748.68994; 447.61127;
 830.62903; 450.9397;
 555.90363; 454.97638;
 894.23511; 454.34793;
 404.93503; 456.80441;
 307.57318; 458.69461;
 372.61502; 460.04022;
 687.6759; 460.82062;
 96.805779; 462.2616;
 495.10757; 463.38989;
 347.93329; 467.99982;
 389.01505; 467.32513;
 732.58313; 468.85031;
 235.56158; 469.6539;
 540.33588; 469.8447;
 780.58612; 472.72876;
 832.19452; 472.41867;
 372.89316; 473.23749;
 446.05994; 473.63962;
 90.612038; 477.66595;
 147.78258; 478.54507;
 216.00906; 478.31821;
 320.66882; 478.20746;
 839.22278; 478.51007;
 125.22766; 479.88232;
 515.31598; 479.0199;
 800.64496; 480.29416;
 388.31616; 483.02859;
 540.30225; 483.19885;
 704.5907; 484.19174;
 233.53842; 487.12549;
 575.79834; 488.53986;
 180.90128; 490.66547;
 460.28049; 489.24612;
 734.49445; 490.88895;
 785.33813; 489.32309;
 218.80162; 493.46176;
 650.75629; 495.17624;
 271.93774; 495.75784;
 85.607399; 497.66208;
 686.62909; 498.36749;
 904.18549; 498.40915;
 132.69073; 499.52814;
 548.08337; 500.79095;
 204.67564; 505.11536;
 427.93018; 506.6412;
 574.2298; 505.65228;
 185.39249; 507.00327;
 508.15488; 507.10577;
 753.03485; 507.27637;
 106.42196; 514.13904;
 324.79483; 515.3233;
 372.01764; 516.96954;
 465.2934; 516.35876;
 623.93274; 515.52209;
 809.2215; 516.43622;
 836.86517; 516.5957;
 146.65622; 518.16541;
 353.74533; 522.5083;
 700.2229; 522.67108;
 285.81735; 525.4328;
 505.73688; 525.77545;
 911.57141; 525.3324;
 395.65274; 529.8186;
 737.5528; 530.12531;
 247.64691; 532.90552;
 775.2558; 534.20441;
 926.2243; 533.76593;
 236.35332; 538.20508;
 342.20697; 537.61835;
 569.82892; 537.34448;
 883.73199; 537.61914;
 94.886566; 542.45111;
 463.71326; 541.58789;
 274.09567; 543.26178;
 311.07382; 544.55725;
 411.55728; 545.32074;
 521.6449; 547.64709;
 695.58508; 547.09735;
 816.48535; 547.85754;
 484.90167; 550.07538;
 666.83276; 549.72504;
 190.26399; 552.29718;
 884.01599; 552.88263;
 853.56879; 554.13782;
 801.13422; 555.28564;
 148.21751; 558.77142;
 244.66577; 558.23071;
 732.55414; 558.70984;
 333.5043; 559.49823;
 353.88898; 561.37561;
 419.20215; 561.94489;
 485.35727; 566.06915;
 601.55023; 567.21417;
 635.50275; 567.11981;
 811.73193; 567.57855;
 90.037209; 569.47662;
 695.43872; 569.75336;
 858.35962; 570.72992;
 891.44983; 570.80981;
 755.97144; 574.3241;
 500.66794; 574.88855;
 113.06761; 578.26697;
 250.54501; 577.33148;
 562.91803; 578.78986;
 159.76147; 580.90802;
 289.0033; 579.7793;
 330.7691; 579.3349;
 352.44141; 580.51056;
 94.435921; 585.52875;
 667.3891; 586.78143;
 369.39569; 589.45709;
 445.30966; 591.04156;
 280.06; 591.36743;
 515.79346; 592.53003;
 907.70435; 591.50427;
 185.45454; 595.54962;
 831.6626; 595.46826;
 303.94299; 599.22729;
 746.52313; 602.97308;
 926.53204; 601.4176;
 366.06009; 604.46228;
 286.50247; 606.24646;
 500.12799; 606.10535;
 166.95049; 607.60858;
 675.19574; 610.85132;
 396.9693; 613.46582;
 629.72656; 616.39789;
 927.06738; 615.56268;
 265.35718; 617.32318;
 280.39713; 619.69128;
 349.52237; 619.26764;
 906.48151; 620.71075;
 512.23322; 624.31421;
 831.45734; 624.63092;
 98.810104; 626.77844;
 232.9633; 626.97852;
 400.49771; 629.30731;
 611.74725; 630.36206;
 115.6105; 634.86163;
 264.66992; 633.77136;
 324.71811; 634.71448;
 340.01596; 634.43695;
 483.3483; 635.80029;
 933.66449; 635.88208;
 406.70905; 637.78296;
 735.13995; 638.81067;
 637.5675; 639.25824;
 759.16241; 639.20508;
 790.35919; 640.32135;
 177.87257; 642.63184;
 513.31439; 641.78076;
 769.97314; 646.74811;
 846.16437; 646.50214;
 256.78683; 647.9541;
 351.02173; 651.4668;
 139.05592; 655.59613;
 182.9213; 656.31018;
 744.61377; 655.86011;
 548.35712; 656.883;
 401.35504; 659.55713;
 319.64127; 661.23871;
 767.133; 661.38416;
 217.42613; 668.25385;
 280.00006; 667.26978;
 379.59958; 668.0144;
 890.65369; 670.90454;
 200.47539; 671.2865;
 553.13586; 672.31317;
 128.64932; 676.34613;
 697.6955; 676.8175;
 243.80376; 678.01312;
 258.2702; 682.48657;
 652.51605; 682.49982;
 773.11877; 685.90936;
 918.13177; 685.85455;
 494.75363; 690.50323;
 320.63901; 692.45856;
 453.95657; 695.32703;
 255.60147; 697.40723;
 552.98718; 697.1452;
 864.73547; 697.5542;
 88.9543; 699.79944;
 374.6235; 699.93481;
 115.44295; 701.91205;
 301.63147; 701.99536;
 640.75012; 701.22321;
 675.87842; 702.0871;
 240.86839; 704.10181;
 164.32115; 705.82098;
 230.98395; 709.02673;
 498.17505; 709.57758;
 308.22308; 714.12622;
 343.68689; 713.72589;
 385.03381; 713.77216;
 597.95142; 716.7959;
 662.12048; 715.59039;
 869.492; 716.77734;
 533.51044; 720.40118;
 253.52357; 723.04388;
 237.26468; 725.94244;
 296.11069; 727.08319;
 314.4801; 730.23315;
 349.25021; 730.36774;
 478.2475; 731.93182;
 538.9469; 734.09583;
 434.99307; 735.03021;
 719.54321; 735.36865;
 200.54326; 738.68549;
 368.63098; 738.53943;
 402.90747; 737.16675;
 250.31488; 739.7663;
 606.46338; 744.22144;
 752.29187; 745.73901;
 223.13405; 747.01147;
 733.19458; 749.36884;
 272.83389; 753.03033;
 102.07117; 756.96368;
 317.48206; 758.08502;
 926.3053; 758.47888;
 507.78424; 759.94873;
 352.56116; 764.83105;
 754.83002; 763.39789;
 396.59772; 767.12598;
 721.29431; 767.72021;
 836.15338; 771.82874;
 186.24475; 776.62616;
 252.41576; 776.06134;
 127.91817; 778.61743;
 431.71503; 783.73029;
 740.21167; 784.0896;
 651.8175; 785.63885;
 174.80515; 787.48853;
 292.35779; 788.47809;
 548.21259; 788.58466;
 582.43445; 790.11395;
 684.22076; 789.75146;
 189.87625; 792.14563;
 273.05545; 793.15668;
 384.50687; 794.43329;
 782.95844; 794.25348;
 246.73239; 796.80493;
 402.71854; 795.75574;
 704.52954; 796.40063;
 228.95003; 799.39252;
 756.04633; 800.50934;
 284.82428; 802.34021;
 892.14471; 801.89484;
 561.9411; 804.34308;
 599.38446; 803.77692;
 858.95728; 803.13263;
 582.79413; 806.73297;
 690.06805; 807.00781;
 402.40909; 811.85382;
 499.56277; 811.02136;
 197.25378; 813.43921;
 883.99048; 816.39899;
 154.18719; 817.69421;
 275.55673; 818.664;
 211.93918; 819.55225;
 228.52687; 819.34784;
 363.11404; 819.53564;
 483.68585; 824.83496;
 448.86697; 825.25739;
 561.67242; 826.9837;
 331.58826; 829.00555;
 501.23944; 827.45239;
 246.2202; 830.27588;
 742.95837; 829.28748;
 219.57373; 831.99652;
 172.65298; 833.97375;
 859.93915; 835.7887;
 125.02872; 838.12622;
 382.61185; 838.82208;
 530.43256; 839.12372;
 431.4133; 841.68066;
 599.15637; 841.25031;
 802.95203; 841.63519;
 357.23029; 849.98608;
 512.82837; 849.7359;
 675.76831; 850.27441;
 221.367; 851.70288;
 240.45448; 854.06055;
 210.457; 858.60083;
 593.25012; 857.09357;
 803.45355; 858.6991;
 93.591293; 860.89771;
 650.3949; 859.04388;
 256.35294; 862.11591;
 556.5683; 862.14905;
 839.34027; 863.88251;
 175.39136; 865.97131;
 694.84863; 866.7959;
 894.09509; 865.40668;
 874.36993; 868.07745;
 278.11368; 870.72791;
 146.49625; 871.34186;
 639.21436; 872.93915;
 733.1684; 872.06616;
 386.58371; 876.02173;
 530.71527; 876.78979;
 433.54871; 880.67224;
 165.09625; 882.64471;
 480.9549; 881.43195;
 886.36859; 882.64136;
 157.62277; 885.42413;
 457.05841; 885.18103;
 510.54544; 886.72021;
 470.42691; 890.73615;
 802.34357; 889.16431;
 442.80795; 891.88715;
 640.32733; 892.33099;
 251.11407; 894.43091;
 181.74521; 896.8537;
 209.55795; 897.81622;
 144.07297; 900.82489;
 413.31131; 902.24921;
 86.141464; 903.80438;
 738.73718; 904.62341;
 110.15643; 905.99219;
 474.75125; 905.36969;
 616.7298; 905.716;
 278.56323; 907.09814;
 658.76471; 910.62286;
 695.35773; 910.46631;
 434.12021; 912.64099;
 874.64868; 915.68896;
 545.98804; 917.8905;
 504.66003; 921.68274;
 841.80389; 924.74084;
 211.80241; 926.94092;
 571.58844; 924.98438;
 789.98676; 929.15253;
 687.56061; 934.22211;
 379.68277; 936.07556;
 446.3764; 936.45294;
 534.10376; 936.39362;
 936.59882; 286.86359;
 636.18091; 122.5281;
 461.44501; 128.34015;
 839.6181; 129.77174;
 890.90845; 139.03136;
 466.12338; 146.69221;
 808.62463; 146.70662;
 777.01288; 149.63139;
 681.00989; 151.6575;
 213.94153; 156.8981;
 259.61984; 158.17879;
 278.1532; 157.13344;
 340.95087; 157.20293;
 179.03966; 159.86215;
 539.96893; 165.24652;
 850.20068; 165.58415;
 669.6192; 168.03833;
 807.83679; 167.4127;
 767.38721; 169.58395;
 341.43164; 175.90338;
 413.11874; 182.55768;
 365.82852; 183.38817;
 310.32742; 185.50368;
 854.10016; 187.92476;
 157.91811; 190.88522;
 741.8194; 189.81032;
 769.02728; 192.59691;
 664.36603; 193.25114;
 829.89368; 194.58669;
 260.14917; 198.61636;
 470.62128; 202.37149;
 799.15778; 201.32133;
 371.76425; 208.53357;
 157.19398; 209.42427;
 709.38129; 211.77321;
 182.06906; 213.1535;
 547.09161; 214.80463;
 257.90018; 220.90215;
 141.54384; 223.90266;
 415.23743; 224.80537;
 869.80615; 227.25723;
 218.14334; 229.21748;
 519.29095; 229.37405;
 183.88435; 231.77502;
 710.52618; 232.75261;
 285.97379; 233.68796;
 338.34903; 236.69286;
 823.73047; 237.16652;
 450.0965; 239.24516;
 775.03076; 239.98941;
 784.34021; 244.41069;
 227.1183; 245.66386;
 184.38953; 248.03644;
 754.09766; 250.64517;
 520.29443; 251.78336;
 283.47177; 253.60789;
 334.01788; 253.86166;
 875.22046; 254.90877;
 563.74109; 260.34546;
 307.26746; 262.14166;
 355.3338; 262.7298;
 414.91888; 262.83575;
 778.57581; 261.83362;
 826.4798; 261.03702;
 540.2868; 266.75357;
 853.4201; 265.12106;
 590.70471; 268.05878;
 485.61844; 271.9733;
 452.16199; 274.35492;
 797.63385; 276.6846;
 191.68239; 284.63541;
 513.41064; 283.41766;
 396.5029; 285.79373;
 420.11884; 288.28009;
 458.76883; 289.836;
 625.45148; 290.276;
 852.84027; 289.61151;
 555.62708; 292.14359;
 287.52734; 296.62335;
 167.53743; 298.51135;
 800.78754; 297.36752;
 188.69481; 302.27945;
 258.00574; 304.89386;
 355.00098; 303.21912;
 864.32104; 304.18723;
 438.20114; 305.07275;
 554.22723; 306.65015;
 824.62421; 305.92548;
 407.80551; 313.00876;
 618.36017; 314.78476;
 839.62451; 317.9617;
 356.07309; 321.65314;
 376.49054; 322.85214;
 867.41107; 322.6322;
 550.35065; 323.31415;
 327.39319; 327.84082;
 437.37628; 327.35043;
 464.48254; 327.75085;
 487.82883; 327.45081;
 828.4104; 327.07565;
 161.49298; 331.75208;
 203.35696; 333.42014;
 847.74432; 335.04141;
 644.64502; 338.86334;
 809.92358; 339.50412;
 419.50119; 342.51016;
 495.57919; 343.69583;
 368.54214; 345.62906;
 697.56488; 346.44031;
 251.93396; 348.04236;
 564.34125; 348.4108;
 384.08362; 349.24875;
 847.79486; 353.58533;
 160.62851; 356.9118;
 241.0766; 355.57272;
 418.80765; 360.2374;
 501.20743; 360.17215;
 523.50421; 359.96249;
 646.69189; 360.44797;
 877.12982; 360.34561;
 216.85072; 361.19284;
 780.89465; 361.82568;
 828.96753; 362.46967;
 372.15717; 364.23795;
 723.90228; 364.86133;
 179.71072; 366.71603;
 749.39709; 365.16043;
 806.30237; 365.61972;
 561.80774; 368.35345;
 251.99187; 369.53906;
 279.48441; 375.14465;
 671.31335; 375.39148;
 121.02142; 377.44699;
 497.04645; 379.31421;
 615.76428; 380.81729;
 827.69666; 380.22253;
 190.08463; 382.12408;
 415.79401; 381.33154;
 782.31818; 381.02979;
 211.94269; 385.94696;
 358.9108; 385.04617;
 553.97382; 385.95355;
 804.09796; 388.35187;
 850.00165; 387.60251;
 394.68991; 390.06976;
 672.46521; 396.42899;
 710.64642; 395.97644;
 767.85205; 397.24652;
 187.87733; 399.16528;
 295.8407; 400.33917;
 499.71082; 399.07565;
 650.87531; 400.89905;
 312.93057; 404.80853;
 256.14395; 407.04248;
 847.74695; 407.70862;
 405.07382; 410.3988;
 458.04114; 409.3703;
 143.81725; 411.862;
 510.86334; 411.4751;
 600.12054; 411.9765;
 884.32129; 412.7695;
 533.61749; 415.99573;
 866.17981; 415.98404;
 487.07425; 416.94708;
 706.38251; 418.43829;
 440.13428; 420.95096;
 579.64001; 422.78906;
 811.86597; 421.42093;
 290.08725; 423.23132;
 388.89209; 425.59552;
 419.24115; 426.16068;
 131.13133; 427.62271;
 608.91919; 427.39423;
 772.78497; 428.8605;
 210.65846; 430.18683;
 472.35657; 431.19669;
 688.7832; 431.43839;
 255.33838; 435.37341;
 718.3042; 435.42233;
 447.44656; 438.77457;
 869.13568; 437.94083;
 301.11765; 439.64453;
 812.57654; 440.58612;
 627.18658; 440.95486;
 236.028; 444.65924;
 135.08539; 447.01904;
 489.24423; 446.44534;
 602.63763; 447.05157;
 772.74921; 447.54245;
 832.42529; 451.35519;
 894.4223; 453.02817;
 556.16956; 454.91873;
 406.40631; 457.75162;
 308.72623; 459.76239;
 495.64078; 466.3786;
 235.58203; 468.38275;
 732.01898; 468.4624;
 373.78131; 472.19055;
 781.7688; 471.50232;
 216.93814; 474.74115;
 145.02835; 477.58331;
 321.75461; 478.74326;
 803.89331; 477.9184;
 835.07526; 476.96503;
 127.84704; 479.42984;
 514.8678; 481.46371;
 539.40411; 483.06519;
 385.80685; 483.19919;
 576.48724; 488.48322;
 181.64499; 490.48917;
 231.30745; 490.4971;
 500.33987; 489.11609;
 734.5708; 490.22968;
 785.11987; 492.97961;
 273.44418; 493.77405;
 652.51404; 493.17993;
 159.19876; 495.89563;
 906.40607; 498.96832;
 132.74792; 501.06049;
 547.65057; 501.97012;
 205.8629; 506.20444;
 572.18713; 506.74011;
 753.93134; 506.90665;
 185.91673; 510.78699;
 835.24445; 514.25208;
 807.10773; 516.37585;
 357.59967; 518.92493;
 463.31073; 518.22284;
 623.88824; 517.0799;
 324.32068; 518.93231;
 150.09525; 521.48126;
 701.00525; 524.57886;
 287.22601; 527.13629;
 241.5157; 535.80438;
 343.04385; 536.69409;
 836.39209; 536.62939;
 885.07379; 535.84351;
 568.69476; 536.93756;
 273.83347; 543.54919;
 485.07788; 548.70648;
 522.81989; 547.11664;
 668.22235; 548.40759;
 695.27136; 547.74951;
 809.85059; 548.71326;
 191.38081; 552.87195;
 853.34039; 553.50262;
 882.90881; 553.86377;
 242.47435; 557.43597;
 331.18356; 558.91986;
 149.59058; 560.13654;
 353.8475; 560.77148;
 604.3512; 567.19977;
 634.34619; 567.57147;
 696.38373; 569.67487;
 812.54663; 570.2851;
 757.11096; 574.75378;
 499.89975; 575.23785;
 255.16353; 577.16193;
 289.99988; 578.23041;
 332.08228; 578.68298;
 563.58563; 578.91742;
 158.60097; 579.93304;
 350.96902; 581.98639;
 280.02878; 590.65833;
 368.56561; 590.4585;
 443.36987; 590.83569;
 831.98981; 592.81311;
 515.50787; 593.19165;
 186.10432; 595.18909;
 324.11615; 598.58716;
 301.77759; 599.11224;
 747.29791; 604.70447;
 167.95396; 609.26697;
 395.73328; 612.58148;
 349.24301; 618.3399;
 631.12756; 617.24713;
 512.41925; 626.62494;
 832.90417; 625.96906;
 403.24054; 635.71454;
 732.78668; 637.09808;
 634.3407; 638.89368;
 790.77563; 639.43311;
 177.28542; 641.79633;
 843.83978; 646.08826;
 257.3653; 647.91797;
 349.51395; 652.76379;
 137.61386; 656.77063;
 551.57855; 655.07068;
 403.2359; 660.6405;
 259.96341; 665.31641;
 213.94821; 669.21051;
 279.68832; 670.23584;
 892.8526; 670.53503;
 376.94974; 670.94598;
 554.6095; 674.38538;
 697.39288; 675.94165;
 127.64877; 678.19385;
 652.61676; 681.61017;
 319.99347; 692.05408;
 497.72595; 691.44635;
 255.85672; 696.72351;
 452.61926; 695.29529;
 553.27155; 696.69684;
 376.48514; 697.61292;
 864.53894; 698.95251;
 640.565; 701.70264;
 164.77963; 705.06012;
 237.05785; 706.6203;
 343.2706; 712.79041;
 388.34891; 713.83783;
 534.38226; 720.60223;
 600.31335; 719.78406;
 868.74512; 719.29504;
 242.54083; 725.52423;
 292.43082; 727.06042;
 347.18109; 732.1795;
 721.216; 735.04456;
 368.99857; 735.38458;
 431.30807; 735.69128;
 317.70502; 757.30841;
 507.724; 759.16797;
 355.17767; 764.55243;
 721.15601; 765.81641;
 834.81567; 771.86676;
 271.55804; 773.45599;
 130.0468; 777.35229;
 251.25766; 777.42651;
 188.84404; 779.8645;
 432.00668; 784.90912;
 744.04773; 784.08386;
 651.34955; 785.29388;
 173.23254; 788.70563;
 292.2211; 787.1861;
 548.49707; 788.21356;
 582.30621; 787.67932;
 684.95685; 790.7384;
 403.90573; 793.86292;
 704.06012; 793.36926;
 783.2005; 794.32294;
 835.83221; 793.33612;
 252.62613; 798.18719;
 227.42671; 799.52692;
 755.58417; 800.04565;
 861.50812; 803.99988;
 286.83582; 805.26135;
 563.737; 805.68158;
 578.8941; 808.09741;
 497.57281; 810.93964;
 200.12274; 812.14197;
 403.3374; 812.73914;
 152.11624; 818.95502;
 883.46204; 817.97095;
 276.44879; 819.10632;
 363.56802; 819.74463;
 227.12453; 821.37427;
 447.98578; 824.54144;
 484.04739; 824.1084;
 331.54639; 828.59851;
 502.21213; 830.78754;
 742.69458; 829.3656;
 246.32292; 831.38745;
 859.06409; 835.46936;
 124.51685; 837.13513;
 530.62531; 838.90698;
 599.05573; 840.34845;
 802.3504; 840.76434;
 433.16351; 842.97302;
 357.38812; 849.97339;
 512.81158; 849.71075;
 676.64026; 849.66394;
 240.32535; 852.63416;
 213.2645; 857.07629;
 593.08191; 859.51471;
 557.69098; 861.45996;
 803.20819; 861.9184;
 893.47888; 863.58282;
 174.72127; 865.40192;
 694.73389; 865.23993;
 875.16296; 866.24481;
 147.31154; 869.57666;
 279.14392; 870.70062;
 640.91675; 871.03485;
 735.4364; 871.7135;
 195.48442; 874.03668;
 532.39093; 877.61853;
 433.10883; 880.40192;
 481.67538; 880.68207;
 457.04431; 884.23969;
 886.7204; 884.77014;
 161.15588; 886.98108;
 511.2186; 886.59601;
 802.21417; 888.18073;
 183.44109; 897.81171;
 144.21794; 901.44128;
 209.14359; 901.13086;
 412.44592; 904.46027;
 739.30133; 905.54938;
 616.01746; 905.17487;
 768.24487; 196.25076;
 256.61719; 199.52867;
 182.79391; 212.36858;
 705.49731; 210.01749;
 520.34399; 225.77437;
 222.69972; 226.97736;
 823.28107; 233.62892;
 765.92462; 239.6705;
 224.14354; 251.79079;
 518.31696; 253.97734;
 304.26389; 260.54813;
 355.15994; 261.09607;
 824.50684; 260.25226;
 795.57544; 276.31213;
 314.68991; 287.57404;
 621.68018; 287.48874;
 267.16534; 302.33929;
 355.34595; 323.24631;
 434.68082; 326.38062;
 203.2728; 331.17609;
 644.862; 337.12787;
 497.6037; 338.99585;
 376.30536; 344.31305;
 562.63165; 345.01642;
 704.67468; 343.57956;
 247.04904; 349.79568;
 750.54034; 364.7988;
 560.89392; 369.79526;
 612.75909; 376.90228;
 241.78209; 378.37714;
 207.64871; 386.9245;
 300.29703; 398.0007;
 710.56958; 394.94537;
 841.89783; 408.59402;
 581.77283; 425.09314;
 209.29318; 430.76956;
 306.20181; 439.80228;
 444.89941; 438.52997;
 628.14227; 438.99661;
 806.30029; 442.91748;
 600.86035; 450.49548;
 836.47479; 450.80765;
 231.14536; 469.46631;
 301.36353; 466.83704;
 377.45847; 471.78741;
 790.16638; 472.2962;
 834.61639; 478.03937;
 509.52576; 483.89685;
 183.84523; 490.32123;
 729.48926; 491.08453;
 230.48097; 497.14761;
 753.46997; 507.13602;
 834.81842; 508.30386;
 361.26913; 517.12988;
 622.70459; 515.6615;
 802.84668; 517.21454;
 460.74561; 519.22852;
 286.92856; 525.79596;
 701.06696; 522.16016;
 239.45052; 533.84399;
 805.00824; 548.87378;
 190.31712; 551.42505;
 226.4267; 560.90704;
 350.98425; 561.40271;
 616.97791; 569.69232;
 255.01007; 577.82849;
 562.50085; 578.55688;
 441.54764; 590.67584;
 180.94916; 597.56946;
 295.82324; 600.10504;
 394.99564; 611.39709;
 629.77936; 615.7121;
 835.43243; 623.52386;
 731.86536; 634.49744;
 789.9552; 639.82129;
 633.29547; 642.9364;
 348.62332; 652.46912;
 842.15515; 650.81207;
 404.53647; 664.14001;
 207.44508; 667.98267;
 279.24289; 669.93304;
 696.33112; 673.75397;
 448.41107; 692.51477;
 394.15918; 714.96771;
 534.01221; 719.57526;
 243.50648; 723.85938;
 291.67499; 726.34711;
 725.37164; 732.9585;
 355.85239; 762.97284;
 741.24799; 781.70782;
 431.51007; 784.62732;
 550.37964; 785.26331;
 287.55414; 788.04596;
 691.48694; 789.84064;
 250.1546; 804.23669;
 205.53311; 806.5802;
 569.90497; 809.7038;
 491.54031; 813.95374;
 741.43713; 827.63739;
 596.19153; 839.54608;
 801.65796; 840.24835;
 675.77997; 849.23267;
 269.63388; 299.93668;
 305.298; 440.40167;
 240.04128; 534.05933;
 349.07465; 563.1723;
 395.0549; 610.19989;
 406.33127; 670.74664;
 442.53922; 691.10706;
 731.10822; 734.06354;
 355.17438; 762.38348;
 430.72321; 785.73065;
 558.80029; 782.74127;
 285.49762; 788.36981 
