 392.45132; 21.486443;
 33.795498; 26.295444;
 516.63599; 32.308163;
 516.47266; 44.67392;
 587.47827; 55.433086;
 79.088249; 58.881607;
 96.097435; 70.525734;
 50.304405; 71.741928;
 135.69681; 98.283356;
 206.90097; 111.09007;
 995.51239; 139.86447;
 59.448151; 157.13759;
 343.45822; 158.569;
 664.21832; 159.57654;
 680.61639; 160.01138;
 810.29547; 160.44905;
 284.83496; 170.20509;
 84.410019; 175.70114;
 110.47206; 183.80699;
 798.87183; 202.39026;
 375.5004; 209.21675;
 825.87268; 245.10909;
 786.79218; 252.07941;
 776.78851; 255.95091;
 110.5733; 285.48282;
 195.15726; 291.56113;
 169.00926; 301.41269;
 350.28464; 312.68906;
 915.59637; 315.17365;
 374.70526; 324.09723;
 549.74475; 324.59952;
 622.51917; 341.72443;
 444.75546; 355.66449;
 373.89328; 359.45908;
 15.32761; 361.06015;
 523.17871; 361.86804;
 128.32542; 363.85287;
 562.02124; 363.62338;
 178.23686; 369.15292;
 787.00067; 372.33517;
 118.99697; 378.42365;
 599.40588; 417.99667;
 420.03641; 426.49088;
 886.17145; 426.7244;
 79.733521; 431.12784;
 606.57837; 442.1214;
 189.40105; 447.01529;
 51.392944; 448.02939;
 496.4476; 459.14734;
 15.355262; 463.49094;
 955.29144; 469.63959;
 36.275787; 479.17578;
 316.80453; 479.6955;
 74.067139; 481.31714;
 323.483; 480.70825;
 216.04948; 481.87338;
 182.00192; 491.41339;
 31.507156; 507.80203;
 974.73431; 514.82288;
 812.11511; 515.79572;
 976.20117; 521.87982;
 461.51312; 528.09094;
 396.8403; 531.39862;
 464.67581; 539.65253;
 425.53912; 560.22552;
 734.11401; 559.93628;
 857.05225; 568.02905;
 305.51346; 573.10327;
 289.05518; 579.08997;
 908.85077; 593.34363;
 445.94019; 594.77765;
 188.09923; 600.89014;
 1016.3842; 601.12695;
 284.2496; 607.69757;
 264.51941; 615.38727;
 399.50256; 616.92108;
 232.36746; 627.09027;
 253.08684; 632.45752;
 324.92792; 636.05316;
 853.82733; 637.61993;
 513.13611; 641.84985;
 280.67728; 662.01422;
 299.81586; 682.75861;
 83.534294; 688.03906;
 255.00334; 697.22577;
 257.57104; 699.8103;
 301.64816; 702.77277;
 675.59045; 703.30042;
 75.368263; 709.80902;
 530.63361; 719.50787;
 8.1495113; 725.4613;
 235.20781; 726.09357;
 539.56598; 731.35382;
 478.11697; 732.87543;
 202.59276; 743.25366;
 273.12701; 753.48486;
 316.74033; 754.50928;
 509.05286; 759.06793;
 12.104462; 766.61133;
 4.597239; 793.08252;
 271.68188; 797.12756;
 284.50009; 798.875;
 756.5354; 802.09241;
 583.92407; 803.36603;
 213.04965; 810.21973;
 380.2851; 817.07788;
 278.67361; 820.48956;
 363.7594; 820.86871;
 82.401123; 827.4458;
 332.70554; 827.69208;
 247.06929; 829.56;
 351.8356; 831.08557;
 220.37044; 834.03644;
 50.751892; 835.6922;
 173.67262; 835.60059;
 529.45471; 836.82208;
 382.5433; 840.6192;
 974.92261; 846.48602;
 358.86703; 848.2937;
 223.77429; 849.19525;
 512.36591; 849.19202;
 593.51398; 856.8952;
 93.676323; 861.97552;
 175.49612; 863.29248;
 387.99539; 877.16309;
 34.121746; 879.34399;
 436.01053; 880.06384;
 458.17294; 887.21869;
 801.71649; 889.87775;
 250.57799; 895.78516;
 141.42416; 899.78113;
 55.535801; 904.62439;
 417.87665; 912.08356;
 875.15289; 916.19806;
 382.65598; 934.19354;
 533.23352; 937.91595;
 288.85425; 952.26294;
 46.358334; 955.21106;
 107.97183; 956.1355;
 393.51257; 958.00983;
 711.20825; 960.83728;
 96.926582; 962.0282;
 49.435604; 969.14111;
 230.39832; 977.29877;
 446.67041; 976.83582;
 492.20422; 986.82587;
 122.70848; 988.86774;
 776.36108; 999.26965;
 464.944; 1002.9656;
 893.03064; 1002.534;
 95.139816; 1006.5054;
 569.82379; 1006.6762;
 880.41644; 1016.4031;
 167.70233; 10.779196;
 56.915142; 12.280422;
 1008.4763; 13.514962;
 999.79095; 14.617659;
 453.48627; 20.495028;
 486.31754; 21.130331;
 392.75244; 22.040438;
 1010.0207; 22.227348;
 7.9080753; 23.437447;
 33.519642; 25.898281;
 941.30023; 26.550442;
 391.36978; 30.268538;
 516.75739; 33.36132;
 796.82434; 34.013157;
 453.0882; 35.508667;
 128.05507; 36.821629;
 76.366478; 39.793129;
 516.60071; 43.892788;
 338.26254; 49.286861;
 288.54938; 50.797363;
 578.19043; 51.048042;
 923.11328; 52.446163;
 587.31702; 55.848248;
 30.684116; 58.126686;
 78.708748; 58.552795;
 547.12225; 66.523308;
 82.895576; 67.248535;
 110.48981; 67.478867;
 96.269257; 70.048744;
 50.133957; 71.542343;
 876.99603; 73.426964;
 147.58464; 76.677238;
 98.007523; 79.321175;
 914.28363; 78.475899;
 935.55511; 79.98597;
 50.267067; 80.643105;
 203.93517; 82.313354;
 169.61031; 84.5392;
 1011.6348; 87.474007;
 406.97198; 87.919441;
 430.84048; 92.466347;
 537.33417; 93.753166;
 122.52739; 95.943253;
 9.3682547; 99.401665;
 135.26231; 99.237106;
 620.72217; 99.94458;
 677.68646; 99.877808;
 913.37512; 100.97142;
 370.43216; 103.46017;
 207.00809; 110.46355;
 953.9054; 110.46152;
 439.42215; 113.05807;
 136.07774; 114.27788;
 923.26239; 118.08781;
 1007.3557; 117.69099;
 207.4848; 118.91565;
 735.3894; 119.61479;
 634.68188; 124.19738;
 976.47455; 128.06195;
 774.30682; 133.97708;
 78.855667; 135.29939;
 299.80692; 134.46365;
 995.31018; 139.6593;
 778.78754; 141.55472;
 465.59283; 144.25642;
 996.50244; 148.01637;
 659.65778; 152.5795;
 59.431065; 157.12138;
 30.408537; 158.19435;
 343.57697; 158.17178;
 277.16641; 160.25346;
 664.49774; 159.94182;
 681.47064; 159.53079;
 810.88177; 161.28856;
 255.51834; 165.05386;
 540.29303; 166.36595;
 678.68958; 168.01855;
 310.52814; 168.95453;
 761.58661; 169.00734;
 285.48511; 169.80301;
 343.27359; 169.65793;
 859.31555; 171.4142;
 484.47842; 174.92032;
 539.74408; 175.33836;
 84.541756; 175.9341;
 311.24515; 179.34746;
 44.497532; 182.82889;
 110.5113; 183.27977;
 717.33459; 183.47762;
 34.69838; 188.19469;
 65.800491; 188.39722;
 112.35772; 191.60893;
 163.87112; 192.81247;
 150.30702; 194.58792;
 827.51971; 195.04716;
 718.505; 198.2654;
 532.67462; 200.7543;
 157.90381; 202.10818;
 259.4693; 201.83379;
 798.90485; 202.55455;
 834.29041; 201.64766;
 24.506268; 205.28792;
 472.57031; 206.45697;
 3.5070772; 207.72333;
 35.890678; 209.43181;
 338.22635; 210.17517;
 374.72092; 210.03813;
 709.5174; 210.34512;
 259.94678; 210.78815;
 116.49486; 215.25606;
 51.559647; 221.1769;
 375.56625; 223.22401;
 578.51599; 222.90927;
 15.863809; 224.34184;
 183.37331; 228.12485;
 219.9487; 227.73193;
 578.38733; 230.33212;
 107.44762; 231.33913;
 786.65784; 232.98561;
 987.12549; 232.74408;
 138.12363; 234.93822;
 239.77435; 234.71797;
 214.26732; 236.37416;
 964.71002; 235.76239;
 227.70709; 239.0321;
 6.5214372; 239.62039;
 108.92266; 240.05554;
 261.06873; 240.02307;
 324.5549; 243.29372;
 825.91846; 244.98889;
 520.51318; 245.62172;
 954.13116; 246.15251;
 750.63507; 247.53781;
 780.21112; 248.66978;
 786.31677; 251.38858;
 965.17181; 251.78479;
 253.35884; 257.27823;
 776.78583; 256.84763;
 947.64624; 257.18799;
 36.511837; 257.84552;
 297.25061; 258.58725;
 765.83801; 258.9946;
 353.87103; 260.7948;
 823.38879; 261.44348;
 232.3448; 262.64435;
 593.19507; 267.51392;
 822.91113; 269.76065;
 537.2594; 271.45447;
 841.48199; 274.03616;
 937.43109; 275.18222;
 451.84473; 275.55478;
 892.60339; 276.39368;
 823.67926; 277.58173;
 925.27722; 278.51337;
 800.92651; 280.73361;
 971.01343; 281.46634;
 511.69522; 283.98251;
 111.05811; 284.72495;
 789.74158; 285.46338;
 860.65942; 284.91574;
 940.39612; 284.75327;
 398.45908; 286.25473;
 614.40442; 289.44675;
 488.98999; 289.99158;
 551.586; 289.51086;
 194.71542; 290.72256;
 801.38989; 290.86703;
 110.28387; 292.57852;
 238.43588; 293.70145;
 84.03521; 295.35541;
 1009.2781; 295.23322;
 137.67648; 296.53848;
 194.65828; 299.45947;
 169.09201; 301.01657;
 17.80751; 302.36008;
 543.15393; 302.62738;
 1010.0585; 304.78104;
 361.57581; 305.60352;
 553.38678; 307.86798;
 216.43797; 310.1803;
 862.32257; 310.02856;
 17.356113; 311.31805;
 408.67203; 310.83765;
 350.48737; 312.42694;
 169.10651; 313.22656;
 1016.5009; 312.66141;
 820.97559; 313.51013;
 915.16992; 315.19733;
 139.03633; 316.37973;
 870.70837; 316.64801;
 489.5079; 317.37885;
 809.98859; 318.49103;
 86.14257; 319.44644;
 449.70233; 319.3876;
 355.21683; 320.00513;
 439.62149; 321.37085;
 1019.9387; 320.69434;
 915.30969; 322.5289;
 374.81607; 324.33539;
 466.8519; 325.37067;
 548.7381; 324.81708;
 163.10056; 328.29178;
 406.89844; 329.38132;
 493.49878; 329.31876;
 810.82019; 328.53046;
 196.69144; 331.36859;
 409.82489; 332.40704;
 552.8869; 333.35129;
 392.64832; 335.76102;
 124.91878; 337.72882;
 200.46837; 340.53323;
 414.38586; 342.11725;
 622.73651; 342.42584;
 143.2594; 344.75818;
 494.91248; 345.29172;
 650.51874; 345.43091;
 909.81866; 347.68353;
 361.21075; 350.4574;
 845.20172; 350.52347;
 255.73267; 350.67609;
 622.84351; 352.13278;
 567.86371; 353.05402;
 804.59192; 352.93851;
 94.890724; 355.05188;
 917.17053; 354.56436;
 445.45929; 355.64612;
 194.60809; 357.54056;
 932.43695; 356.72092;
 237.07695; 358.85922;
 877.4198; 359.37259;
 373.73804; 359.98904;
 15.466213; 360.60812;
 389.26929; 361.12125;
 416.12021; 361.02475;
 523.3656; 361.44733;
 128.53737; 362.99255;
 975.54291; 362.64047;
 562.03174; 364.65704;
 116.81198; 365.53012;
 780.47577; 366.03342;
 57.195724; 366.94229;
 828.41406; 368.47794;
 1008.7552; 367.87653;
 178.31363; 369.34738;
 758.27582; 369.73624;
 981.63477; 370.69717;
 786.61395; 373.1889;
 334.53586; 373.55243;
 278.68573; 376.69669;
 119.04845; 377.59741;
 584.24176; 377.77887;
 747.86542; 379.05225;
 826.69885; 378.79614;
 180.85141; 380.34082;
 619.54578; 381.74994;
 1005.4208; 386.66983;
 501.26105; 389.56467;
 298.13297; 391.82291;
 674.28101; 393.58401;
 157.50755; 394.89642;
 802.67029; 395.62753;
 397.08514; 398.38766;
 470.84372; 398.60358;
 656.72076; 399.6781;
 707.6452; 399.9581;
 766.5213; 400.13074;
 947.60284; 400.53989;
 32.360497; 400.49603;
 207.1718; 403.23169;
 1016.6118; 403.34442;
 648.13776; 407.35437;
 257.81964; 408.62665;
 32.085281; 410.32181;
 455.51947; 409.76117;
 139.38663; 411.14444;
 150.53729; 412.63242;
 104.29108; 413.75735;
 536.55658; 413.89948;
 985.43042; 413.96396;
 784.10596; 415.27261;
 647.9856; 416.20712;
 598.75116; 418.43042;
 889.3421; 417.43649;
 485.68802; 420.90613;
 309.59006; 421.29758;
 82.581001; 422.47794;
 384.66193; 422.98904;
 659.13043; 422.53107;
 878.42651; 422.69894;
 419.6828; 426.755;
 886.43909; 427.19031;
 127.62289; 428.08765;
 972.81476; 428.32272;
 78.264259; 430.68961;
 770.50299; 433.18884;
 165.95285; 434.48941;
 299.55969; 437.44138;
 724.52972; 436.86197;
 309.06277; 438.66971;
 34.139133; 442.22226;
 446.15921; 442.42764;
 606.79309; 442.84659;
 774.67664; 442.75739;
 943.22229; 442.85907;
 1010.5562; 442.93204;
 133.90448; 444.6001;
 189.08228; 446.36816;
 51.487358; 447.83603;
 318.76657; 448.58316;
 745.5661; 449.9249;
 558.81708; 451.74585;
 831.01172; 453.02939;
 403.36401; 458.15598;
 483.18936; 458.39594;
 747.7088; 458.55237;
 407.01462; 458.43634;
 496.25644; 459.54004;
 553.86414; 461.20856;
 15.396519; 463.0014;
 97.386078; 462.97128;
 269.40918; 464.88181;
 204.92361; 466.87927;
 955.65442; 469.22183;
 734.37122; 471.26108;
 541.90186; 472.24664;
 234.76917; 475.27881;
 986.51312; 474.87665;
 36.934521; 478.57584;
 515.71271; 478.4006;
 843.57825; 478.82416;
 1006.6814; 478.7226;
 150.29848; 479.60641;
 317.44913; 479.52792;
 74.120346; 480.44861;
 216.16713; 481.02228;
 542.4295; 482.12781;
 42.394379; 485.47427;
 786.3808; 485.30319;
 18.49976; 486.1001;
 225.91287; 486.07587;
 575.67493; 488.30344;
 704.84735; 488.26099;
 70.790146; 490.08395;
 457.52521; 489.80719;
 6.4062176; 492.67639;
 181.4977; 492.09387;
 608.93695; 495.95676;
 268.77045; 497.12564;
 85.478264; 498.11118;
 965.87445; 497.78009;
 687.74646; 499.1127;
 903.05884; 499.49106;
 548.16284; 501.16278;
 184.46138; 502.70984;
 34.099346; 506.19077;
 429.68036; 508.11258;
 979.39917; 508.31741;
 751.53888; 510.25372;
 755.87488; 509.87509;
 37.868885; 513.59009;
 974.23645; 514.63159;
 108.34553; 516.04071;
 812.18567; 516.50983;
 921.94293; 516.09155;
 23.956438; 518.51245;
 830.34503; 517.72162;
 56.348988; 519.6767;
 465.47168; 521.43811;
 837.93445; 520.55682;
 701.18994; 521.42212;
 975.88873; 521.99799;
 202.86879; 526.85016;
 352.21118; 527.9967;
 461.21106; 528.10596;
 506.92346; 528.52148;
 396.73532; 531.34625;
 924.9566; 532.1532;
 250.69475; 533.63666;
 773.78174; 534.1908;
 464.64352; 539.93744;
 881.14532; 540.04169;
 237.50208; 541.10034;
 413.7854; 544.70099;
 676.69861; 547.94788;
 520.55603; 548.62506;
 819.25769; 549.35034;
 979.39056; 549.33301;
 1015.7418; 548.82202;
 189.19861; 550.19684;
 350.88571; 549.60889;
 571.34857; 550.30261;
 7.0017362; 550.39294;
 147.70644; 554.61188;
 663.70911; 557.15198;
 806.30969; 556.60229;
 278.80911; 560.24225;
 313.69641; 560.0849;
 425.07907; 560.24634;
 733.88666; 559.55676;
 354.47455; 563.14752;
 485.42117; 562.75208;
 815.44611; 563.37866;
 414.09637; 567.0802;
 51.499943; 568.42615;
 197.55643; 567.57458;
 222.69763; 568.08771;
 856.49274; 568.11688;
 540.29218; 568.59479;
 305.72849; 572.92926;
 694.67236; 573.06268;
 90.194954; 573.8396;
 249.24294; 575.21014;
 502.35941; 575.41187;
 327.27005; 577.18951;
 565.47852; 578.16888;
 352.67325; 578.76044;
 111.40424; 581.17004;
 250.44888; 580.68054;
 289.38373; 580.65356;
 95.425789; 582.4671;
 265.17703; 582.0484;
 424.26102; 581.59058;
 97.042717; 582.69171;
 711.39441; 583.20435;
 20.86495; 584.98792;
 161.45081; 586.3075;
 332.64569; 586.87103;
 667.43579; 589.16095;
 369.49817; 590.25348;
 410.11429; 589.862;
 517.45514; 590.96033;
 908.95605; 592.67944;
 446.33044; 594.50739;
 183.84297; 594.68958;
 724.18671; 595.60443;
 42.583275; 597.92548;
 31.623751; 598.5686;
 304.80038; 598.86755;
 187.65939; 599.85699;
 431.93182; 599.60699;
 258.74786; 600.57135;
 746.08154; 601.44983;
 830.65912; 601.06018;
 1015.5381; 600.42139;
 444.06119; 602.82306;
 925.11853; 604.53101;
 165.8714; 605.974;
 283.41861; 607.00079;
 500.55756; 608.27258;
 1014.8896; 608.60242;
 878.29144; 609.68152;
 57.757027; 611.53363;
 303.60281; 611.88525;
 198.99573; 612.88403;
 926.79419; 614.28058;
 177.5098; 614.97821;
 264.66943; 615.80408;
 399.49969; 616.49713;
 349.71072; 618.09558;
 879.33801; 618.77472;
 512.19733; 625.09607;
 399.95081; 625.72974;
 508.0928; 627.07495;
 232.60446; 627.43628;
 353.41; 628.784;
 9.1023035; 630.54785;
 253.13831; 632.2124;
 514.63751; 632.40076;
 611.42725; 632.21057;
 723.59601; 632.09406;
 325.3566; 635.92523;
 119.22451; 637.2077;
 854.11609; 637.42822;
 279.01825; 638.72717;
 641.58063; 638.76227;
 930.01367; 638.94;
 760.73151; 640.12585;
 178.17586; 641.57605;
 514.32892; 641.30505;
 737.15369; 640.6402;
 229.15891; 642.10089;
 1016.1017; 642.67926;
 319.50333; 642.97211;
 851.55756; 645.76062;
 253.36002; 648.14191;
 264.203; 649.06488;
 20.96055; 651.27869;
 356.42816; 652.11273;
 377.21277; 653.86926;
 141.13695; 656.52576;
 184.70888; 657.89874;
 24.900379; 658.46735;
 280.42615; 662.1828;
 320.48331; 662.4552;
 397.47507; 662.38269;
 767.69843; 662.51776;
 221.57538; 665.97272;
 945.29724; 666.52203;
 196.45238; 668.177;
 358.69223; 668.5011;
 281.99246; 672.49451;
 133.20493; 673.09979;
 1001.5788; 676.22754;
 245.19743; 677.90558;
 299.77991; 682.49097;
 651.47595; 682.97028;
 84.04509; 687.16034;
 772.42975; 688.46899;
 918.3999; 687.63287;
 5.0031929; 691.07257;
 317.14896; 691.86493;
 323.55704; 694.91119;
 866.70905; 695.50037;
 256.35776; 698.56293;
 452.677; 697.65424;
 553.84155; 698.68823;
 119.63768; 701.66534;
 301.4653; 702.46851;
 961.47839; 701.75226;
 642.45319; 702.78302;
 675.70178; 703.0545;
 375.29749; 703.53381;
 166.32712; 708.36261;
 502.02792; 708.93555;
 75.598434; 710.47192;
 344.58807; 711.50336;
 658.60876; 712.79443;
 665.99286; 719.26062;
 320.65195; 719.92267;
 531.53937; 720.56665;
 7.4303932; 724.74097;
 841.13525; 725.23126;
 235.20251; 726.57153;
 249.57599; 727.27435;
 300.75552; 726.80206;
 50.818825; 728.21265;
 313.88242; 729.94385;
 281.46506; 730.68811;
 539.21881; 731.55518;
 478.04828; 732.90179;
 289.47644; 737.15839;
 985.15979; 736.89911;
 400.39853; 738.78113;
 201.77483; 741.68201;
 368.94342; 742.12738;
 38.195934; 742.83752;
 222.40605; 745.00183;
 752.38635; 748.91656;
 273.2471; 753.25525;
 316.93805; 755.00775;
 100.57305; 756.57977;
 355.90256; 757.89502;
 80.987137; 759.328;
 509.01813; 759.18323;
 755.24377; 762.40863;
 33.944473; 763.34479;
 318.76044; 763.47333;
 929.11377; 763.19641;
 346.08914; 765.28516;
 12.520614; 766.26764;
 396.24686; 768.17383;
 355.80594; 769.4624;
 723.27972; 768.81177;
 349.8078; 769.47693;
 360.49844; 771.37982;
 838.10529; 773.11182;
 253.53918; 774.1261;
 222.39236; 775.08466;
 35.481781; 777.28613;
 185.46259; 777.77661;
 127.83784; 778.71564;
 176.14876; 785.51001;
 433.5144; 786.32489;
 652.83679; 786.19611;
 683.80548; 787.7038;
 301.37167; 788.59436;
 969.49615; 788.46545;
 289.80209; 791.28223;
 4.8654189; 792.56677;
 188.59154; 793.6153;
 93.569244; 794.45776;
 50.555019; 795.06097;
 271.60162; 796.2049;
 385.79639; 795.54004;
 578.47089; 795.91357;
 243.80676; 797.07446;
 782.30499; 796.88538;
 230.91992; 798.68042;
 950.83795; 799.00732;
 283.92575; 799.55243;
 756.58301; 802.40424;
 562.79364; 803.20038;
 62.870426; 804.34491;
 584.25195; 803.9339;
 117.07862; 806.01056;
 494.43951; 806.20203;
 597.74976; 805.99438;
 213.216; 809.74811;
 947.68512; 809.44989;
 778.49396; 811.47992;
 400.44247; 812.24164;
 95.759651; 813.24921;
 504.37335; 814.05475;
 197.07632; 814.89185;
 886.20203; 814.91058;
 380.45874; 817.18506;
 127.85116; 817.49072;
 210.84804; 817.82013;
 685.73083; 819.41547;
 278.16101; 820.51819;
 363.63855; 820.50775;
 775.95251; 823.29596;
 503.27008; 824.72412;
 1006.4448; 824.44543;
 453.21832; 825.94189;
 81.849838; 827.21466;
 749.98938; 826.81781;
 332.45718; 827.92181;
 448.2464; 827.8045;
 246.95006; 829.43555;
 486.73163; 828.53027;
 563.42297; 829.56042;
 351.6387; 831.20105;
 220.17834; 833.78137;
 131.94572; 834.90839;
 173.60501; 835.47119;
 50.539257; 835.80164;
 529.43121; 836.86548;
 116.0703; 839.14734;
 124.46756; 838.46222;
 971.02911; 839.33728;
 382.41507; 840.77185;
 599.64923; 843.45044;
 68.960869; 843.95251;
 807.94458; 845.28223;
 450.21274; 846.09644;
 975.38519; 847.65741;
 223.88063; 849.34576;
 359.3035; 848.76563;
 513.36438; 849.57385;
 534.60687; 848.4657;
 24.094509; 852.20398;
 416.00632; 852.48596;
 58.491222; 855.72626;
 806.45819; 855.28174;
 593.89722; 856.3371;
 387.24707; 857.2182;
 215.65933; 858.341;
 975.93927; 857.94318;
 93.522766; 861.90039;
 257.5921; 862.55121;
 175.63277; 863.54156;
 840.67725; 863.79358;
 531.68292; 865.55804;
 554.50824; 866.15454;
 150.76364; 867.3985;
 891.54175; 869.75702;
 143.49817; 871.13953;
 277.04523; 871.43005;
 731.79724; 871.20538;
 236.06689; 873.81696;
 641.36572; 873.7135;
 530.84216; 875.5097;
 76.633575; 875.84302;
 387.82675; 876.72015;
 10.745346; 877.76141;
 122.80563; 878.31262;
 34.284718; 878.71582;
 270.9743; 878.50311;
 477.58054; 880.17334;
 887.67755; 880.00958;
 435.1055; 880.92725;
 108.38094; 884.17188;
 508.38135; 883.7865;
 484.78568; 886.28485;
 457.638; 887.42285;
 1014.5374; 889.26843;
 801.42938; 890.31366;
 232.39929; 891.20844;
 761.62714; 893.08533;
 180.15704; 895.7804;
 250.90001; 895.54889;
 211.01799; 898.44135;
 545.48682; 899.36145;
 1010.9501; 898.70758;
 141.56584; 899.40253;
 19.872509; 901.58539;
 382.71164; 901.04291;
 55.523071; 904.388;
 473.76688; 904.26324;
 412.63623; 904.5152;
 737.41064; 904.72974;
 896.30103; 904.92194;
 278.26477; 905.85291;
 417.1203; 912.65601;
 875.25842; 916.33386;
 404.68628; 916.71075;
 430.97104; 916.65161;
 545.76862; 919.82043;
 919.58289; 921.2995;
 504.23126; 922.466;
 568.69659; 921.57898;
 751.96997; 921.56421;
 840.80884; 922.18591;
 430.66714; 924.37268;
 444.71008; 924.177;
 136.51056; 928.12048;
 791.6969; 930.35486;
 328.11536; 933.80591;
 381.64377; 934.59503;
 447.74432; 934.62665;
 376.69022; 937.54871;
 533.53613; 937.84607;
 806.64844; 938.35687;
 130.64188; 942.58911;
 931.85437; 942.31897;
 360.74542; 942.64484;
 233.28513; 943.5639;
 800.16138; 945.54926;
 130.01305; 949.20892;
 915.59747; 949.46313;
 751.62799; 950.49475;
 288.71683; 951.84473;
 835.30328; 953.03186;
 74.130058; 953.97894;
 46.663483; 955.49359;
 108.00587; 956.22266;
 393.81363; 958.66803;
 33.328575; 959.75861;
 711.40582; 960.11493;
 760.65674; 959.48456;
 97.156876; 962.01007;
 539.17932; 962.47766;
 515.92694; 962.81909;
 610.16302; 965.70996;
 49.586731; 969.29376;
 395.36551; 968.64679;
 300.27029; 970.34619;
 468.47058; 972.76129;
 973.30817; 974.02753;
 230.48761; 977.45618;
 447.05862; 976.63391;
 560.23126; 976.60736;
 938.42645; 981.49713;
 447.14218; 986.50861;
 493.31052; 987.19202;
 122.9308; 988.34949;
 398.58029; 989.52905;
 527.19672; 991.96399;
 66.377113; 999.53619;
 721.61603; 998.50446;
 776.20709; 999.72882;
 244.4572; 1001.9207;
 466.00784; 1002.8176;
 893.04736; 1002.9223;
 405.78772; 1004.0702;
 493.69; 1004.076;
 95.215477; 1006.3707;
 569.59442; 1006.0742;
 273.33224; 1007.5292;
 806.11078; 1007.7424;
 15.93817; 1010.4128;
 60.032707; 1010.4594;
 173.81378; 1010.3291;
 435.79721; 1010.3534;
 774.21136; 1010.9445;
 546.23242; 1012.4103;
 845.79877; 1013.6047;
 694.30121; 1014.9722;
 878.62781; 1016.329;
 232.09642; 1017.5272;
 178.48376; 1019.0325;
 969.31287; 1020.1983;
 829.65973; 7.4970422;
 1009.7827; 22.870989;
 8.7075148; 24.027885;
 516.63202; 33.885044;
 796.12018; 34.209332;
 516.98016; 43.988556;
 997.19263; 46.931305;
 335.28668; 48.73159;
 923.24139; 52.792496;
 78.614258; 58.141907;
 231.64589; 57.472851;
 547.49225; 66.109253;
 82.620026; 67.940483;
 96.136909; 69.545456;
 98.016121; 80.078987;
 203.66768; 81.879372;
 170.34978; 85.598946;
 406.67511; 87.574326;
 370.22256; 104.03802;
 120.0036; 113.62872;
 1008.1172; 117.80881;
 207.30884; 121.13932;
 773.77838; 133.16483;
 996.68665; 148.47141;
 59.267075; 156.99704;
 255.62917; 164.76866;
 973.74475; 171.58281;
 538.96161; 178.96442;
 10.145184; 178.68924;
 65.167404; 188.83559;
 157.90631; 203.4603;
 3.7944677; 206.96756;
 116.35918; 214.45219;
 51.848759; 220.75232;
 375.62158; 222.10504;
 260.8537; 239.282;
 324.47729; 243.81351;
 953.32306; 245.9724;
 253.70132; 255.7113;
 765.45697; 258.53104;
 231.70361; 261.66434;
 824.34564; 278.17368;
 925.18201; 278.70474;
 970.71643; 281.81558;
 511.5509; 282.96701;
 587.8678; 283.44214;
 238.21945; 293.30228;
 109.6295; 293.53189;
 1008.9076; 294.17453;
 138.2119; 296.16922;
 542.65625; 301.84412;
 54.004631; 311.40991;
 139.60501; 316.11288;
 810.11224; 318.50546;
 1019.0927; 320.73022;
 915.35577; 323.43463;
 810.8775; 328.6983;
 553.35248; 334.01575;
 125.38527; 336.3385;
 622.87335; 342.24277;
 989.3454; 347.15701;
 622.71832; 352.32114;
 804.82935; 349.9743;
 932.95459; 355.45807;
 117.51839; 365.29816;
 931.91907; 366.67679;
 786.87024; 374.9473;
 119.63458; 377.11469;
 748.25586; 378.95837;
 500.64893; 393.9722;
 157.30785; 393.8392;
 396.56274; 398.41418;
 94.152138; 399.79099;
 947.92426; 400.29782;
 104.3866; 413.71124;
 985.35095; 413.64819;
 598.30249; 418.59604;
 659.29382; 423.10751;
 952.11377; 423.2598;
 745.00812; 427.50769;
 886.22412; 428.16891;
 166.01259; 434.55402;
 943.42859; 442.0618;
 1011.2396; 441.86807;
 188.58617; 445.66376;
 483.21811; 458.36594;
 748.1427; 458.64297;
 163.84509; 460.43356;
 495.86368; 462.77417;
 269.31433; 464.39215;
 45.103924; 465.16666;
 541.39166; 471.185;
 37.423988; 477.3483;
 1006.9437; 478.14047;
 18.15449; 485.47391;
 42.876808; 486.8114;
 458.78403; 489.40948;
 7.1102571; 492.58804;
 85.802856; 497.88922;
 687.80762; 499.33987;
 299.96384; 504.31134;
 428.80582; 507.4675;
 202.82495; 526.33569;
 396.51428; 530.88928;
 925.42163; 533.38177;
 906.80933; 540.45471;
 351.26099; 549.8667;
 279.5658; 559.31885;
 733.71167; 559.34772;
 424.30026; 560.19818;
 414.19815; 566.46619;
 197.81966; 567.94421;
 540.21039; 568.34589;
 856.44629; 568.25989;
 305.61981; 572.55688;
 112.40291; 580.12854;
 667.6391; 587.737;
 409.95801; 589.54987;
 908.84277; 592.5495;
 724.23346; 595.61768;
 783.74951; 595.94958;
 432.12561; 599.34357;
 259.17542; 599.89117;
 1014.6016; 599.57025;
 444.18869; 603.2981;
 500.84381; 607.7525;
 878.45764; 609.13837;
 1014.2621; 610.26337;
 56.8545; 612.09686;
 303.27231; 613.13336;
 879.14508; 619.50757;
 232.94562; 627.61383;
 325.62033; 635.67395;
 854.1908; 637.43481;
 760.40173; 639.59241;
 101.4399; 641.25354;
 514.29871; 641.86249;
 1014.7827; 641.57428;
 319.11404; 644.12543;
 376.94543; 654.3526;
 320.6109; 662.22449;
 919.83667; 662.38818;
 244.75261; 679.09503;
 752.53906; 686.44928;
 301.76199; 702.367;
 675.9754; 702.86841;
 320.75729; 720.35901;
 8.0766954; 724.5246;
 841.63251; 725.685;
 313.96173; 729.93335;
 83.76107; 731.66443;
 539.17181; 732.32483;
 478.16739; 732.74042;
 985.56427; 735.92804;
 201.38147; 740.31006;
 38.58633; 741.65649;
 223.6015; 746.77087;
 752.66449; 747.96887;
 273.22952; 753.47455;
 81.009659; 759.40833;
 12.121189; 765.81586;
 396.32587; 767.94287;
 968.96942; 788.18207;
 4.1518536; 791.45221;
 189.56165; 793.31293;
 93.516281; 793.73352;
 385.56281; 794.84613;
 756.7442; 802.00586;
 62.143513; 804.48218;
 598.35938; 805.23145;
 116.97988; 805.78314;
 213.53265; 809.68909;
 210.9342; 818.47418;
 363.56329; 820.10333;
 220.15492; 833.52881;
 173.36932; 834.82507;
 50.270889; 835.51129;
 529.60388; 837.73517;
 970.82953; 838.61359;
 382.51657; 840.81976;
 975.49133; 848.15417;
 222.75587; 852.05688;
 513.95221; 850.14081;
 387.22595; 857.14191;
 975.97504; 858.31805;
 93.539001; 861.76599;
 257.63748; 862.68689;
 530.99872; 865.25964;
 221.79619; 867.4093;
 387.36978; 876.23486;
 34.323902; 878.12195;
 123.75009; 879.46777;
 232.32318; 890.41455;
 801.9549; 890.38049;
 925.57599; 894.75616;
 251.26962; 895.47876;
 111.67429; 904.20422;
 55.692303; 903.79688;
 896.27057; 904.35773;
 875.2926; 916.51105;
 404.96368; 917.01477;
 8.760993; 918.23962;
 546.1214; 919.05371;
 919.08374; 920.36859;
 752.30499; 921.12927;
 429.56299; 926.89709;
 136.5018; 927.7558;
 327.89474; 933.78735;
 807.26544; 934.63892;
 534.03387; 937.46204;
 932.35632; 941.9447;
 288.6492; 951.22083;
 835.45221; 952.78577;
 394.01224; 958.99054;
 594.21692; 958.90613;
 395.22736; 969.21265;
 468.34723; 972.07855;
 972.6629; 972.61066;
 447.186; 987.6098;
 398.7092; 989.20709;
 527.30505; 991.43329;
 466.50925; 1002.206;
 893.1748; 1002.8203;
 405.9718; 1003.9484;
 494.18924; 1003.3304;
 569.45624; 1005.5001;
 807.3454; 1007.6617;
 546.08502; 1012.0776;
 877.90076; 1015.5027;
 178.40692; 1019.3835;
 969.96069; 1019.337;
 165.84067; 8.2792339;
 10.602818; 11.369331;
 1003.9607; 11.676293;
 57.872425; 13.793738;
 453.71335; 21.902227;
 33.745556; 26.643923;
 943.68585; 27.80002;
 453.3721; 34.022743;
 994.698; 35.116913;
 75.553818; 38.692039;
 946.72778; 43.174229;
 768.34418; 44.322552;
 814.04309; 47.822021;
 288.52347; 48.80172;
 110.8895; 53.31134;
 28.883518; 55.787247;
 742.51801; 58.779591;
 110.91916; 67.685432;
 523.06702; 67.848999;
 51.294346; 70.847771;
 963.54523; 73.258377;
 255.20229; 73.625145;
 877.51178; 74.818748;
 915.24048; 76.448547;
 935.68683; 78.156952;
 148.15704; 79.765717;
 707.34052; 79.988449;
 50.761219; 83.408646;
 227.58011; 83.549103;
 1011.7431; 86.099945;
 430.49146; 91.205856;
 778.21729; 90.771744;
 537.7749; 92.662262;
 938.24475; 92.72377;
 830.90338; 95.493538;
 120.44042; 96.74115;
 619.92072; 98.135727;
 677.0827; 98.393677;
 9.8682756; 100.96941;
 136.18884; 100.84892;
 957.60815; 108.3016;
 207.57776; 109.28256;
 135.45056; 113.74109;
 440.07974; 114.38669;
 555.71588; 116.61691;
 737.51093; 116.3539;
 923.97742; 118.22858;
 22.305634; 121.03473;
 635.02472; 123.5071;
 80.724426; 124.86737;
 469.54031; 126.87801;
 976.90155; 129.12173;
 839.32874; 131.37346;
 299.90591; 136.8293;
 993.20105; 137.73557;
 781.54803; 143.23163;
 23.269922; 141.84467;
 45.659351; 141.5649;
 466.49942; 144.21381;
 560.15515; 144.50281;
 888.65131; 144.65427;
 946.17285; 146.91354;
 735.8382; 149.42421;
 812.92548; 149.28337;
 659.88635; 149.88553;
 496.87573; 151.13545;
 799.24115; 152.57765;
 216.02234; 154.23332;
 29.448172; 154.99046;
 771.5285; 155.05933;
 279.26364; 156.22061;
 681.84033; 156.19037;
 342.29294; 158.46101;
 666.39587; 160.54301;
 179.16646; 160.70161;
 810.5542; 164.41696;
 41.680538; 164.51912;
 539.9458; 164.45253;
 845.61755; 164.7489;
 765.90173; 168.49675;
 676.41028; 168.89529;
 856.90814; 168.45584;
 343.77908; 170.28676;
 1001.2145; 169.67746;
 274.46545; 172.77258;
 84.524017; 175.04977;
 483.61337; 175.907;
 310.39569; 180.37411;
 111.17745; 181.41843;
 375.01129; 183.85692;
 40.731091; 183.55156;
 964.24304; 182.81372;
 717.05518; 184.79776;
 894.68475; 185.13916;
 740.95465; 185.90311;
 923.11652; 187.81856;
 163.88; 191.74263;
 660.80243; 192.45598;
 150.84744; 193.47383;
 772.14905; 195.97682;
 720.41913; 197.11794;
 830.35901; 196.96933;
 258.89572; 200.22971;
 799.51917; 202.29596;
 472.01208; 204.07271;
 389.11996; 206.69753;
 340.52139; 208.96889;
 710.0603; 209.97885;
 244.93912; 210.55646;
 374.09949; 210.61673;
 35.856876; 212.28233;
 496.55627; 212.43495;
 261.38712; 214.15962;
 546.21899; 213.97176;
 187.403; 214.89877;
 176.66158; 216.75996;
 928.53864; 217.99016;
 501.44855; 224.49631;
 16.678799; 224.60643;
 140.77132; 224.47037;
 249.26471; 225.14734;
 419.79785; 226.64629;
 1012.22; 229.33914;
 183.40746; 230.37668;
 279.08731; 230.04388;
 105.33138; 231.10542;
 218.16284; 231.06035;
 818.8139; 232.142;
 912.73199; 232.53923;
 320.11481; 232.70427;
 518.15656; 232.44733;
 707.18854; 232.57521;
 239.56265; 235.03166;
 785.67896; 234.61224;
 448.64404; 236.62686;
 964.24738; 237.54382;
 5.1331587; 238.83646;
 138.68758; 238.88435;
 337.70978; 240.65712;
 227.51605; 242.42317;
 108.73813; 243.71983;
 859.80072; 243.78442;
 826.11603; 245.20815;
 520.65814; 247.69576;
 186.14833; 248.39468;
 751.25201; 248.33205;
 785.40479; 248.2863;
 917.50708; 248.41319;
 284.4295; 254.26599;
 874.88068; 254.10854;
 965.2467; 253.82133;
 74.915909; 254.78255;
 335.84866; 255.0444;
 948.91345; 258.08771;
 1015.8912; 258.31586;
 37.197765; 259.14227;
 177.98969; 259.2251;
 416.39795; 258.55032;
 778.25311; 259.59647;
 824.5838; 259.6264;
 859.59259; 259.69263;
 355.43637; 260.69373;
 562.81195; 262.19363;
 965.29193; 265.88568;
 273.01874; 267.18259;
 922.49481; 266.39648;
 23.801819; 270.13718;
 539.1333; 270.20316;
 592.55194; 269.77808;
 486.67563; 272.56271;
 937.88782; 271.63174;
 843.12775; 273.59775;
 452.52112; 274.53397;
 891.01593; 274.83105;
 556.44806; 276.7337;
 799.8515; 278.91116;
 35.638912; 282.15509;
 1009.6858; 281.89517;
 113.07251; 282.74832;
 789.24487; 285.70038;
 938.73126; 286.62256;
 194.75174; 288.14285;
 398.19205; 287.70486;
 491.63715; 287.89789;
 625.94397; 288.34506;
 888.11957; 289.28342;
 422.04745; 290.23407;
 456.05112; 291.12317;
 852.8894; 291.32819;
 553.14478; 292.01703;
 563.79803; 292.80115;
 801.38678; 293.24966;
 64.84584; 293.97565;
 291.30984; 295.2341;
 479.84253; 299.00571;
 17.197115; 299.99527;
 168.84473; 300.995;
 191.75116; 301.41611;
 442.67212; 302.51895;
 911.78192; 302.05737;
 358.98788; 305.56821;
 252.38232; 307.24924;
 554.14929; 306.93002;
 76.69619; 307.65588;
 862.45227; 307.64505;
 1012.58; 309.38391;
 822.19733; 311.70956;
 18.280163; 313.49094;
 430.88589; 312.61005;
 168.97116; 314.28442;
 407.97375; 314.72699;
 491.85379; 316.35684;
 902.00952; 315.85721;
 838.0127; 319.07303;
 870.44379; 318.54312;
 357.45618; 321.16653;
 84.437271; 322.47293;
 548.47437; 322.46381;
 938.61896; 322.79599;
 437.75323; 324.34039;
 375.07059; 324.91174;
 465.90109; 326.40176;
 825.65131; 327.09003;
 161.84387; 328.49368;
 328.26572; 328.99609;
 492.43649; 329.68515;
 141.87804; 330.62018;
 407.46899; 331.53934;
 200.09244; 334.68237;
 988.9668; 336.09326;
 639.66638; 338.21112;
 847.07635; 338.13522;
 507.98785; 338.72095;
 934.86731; 340.03973;
 948.73676; 339.95715;
 416.58835; 342.47516;
 914.0036; 342.97943;
 649.2641; 343.84137;
 729.1095; 344.34042;
 175.7787; 344.91776;
 492.80038; 345.46158;
 144.02972; 346.53043;
 189.16577; 346.99225;
 692.79315; 346.68002;
 128.32384; 348.12866;
 255.59781; 349.427;
 362.63889; 349.7962;
 382.37726; 349.83014;
 567.2019; 350.69125;
 845.82422; 352.00436;
 95.589348; 355.13507;
 237.0901; 357.05124;
 916.4364; 356.73819;
 166.25986; 357.67181;
 644.58197; 357.97034;
 877.17657; 358.51593;
 979.07684; 358.78299;
 195.12845; 359.90259;
 417.50519; 359.92313;
 522.99176; 360.60306;
 14.750969; 361.4639;
 721.01282; 361.14929;
 373.14035; 362.19739;
 498.0137; 362.19452;
 805.68225; 363.75327;
 60.499783; 365.04053;
 780.78259; 364.52698;
 305.26465; 366.19473;
 828.3219; 366.12872;
 1007.7366; 366.22845;
 248.82802; 366.68723;
 561.46039; 366.60831;
 747.25006; 367.19537;
 178.22818; 368.69739;
 983.69659; 371.39188;
 333.99466; 371.60071;
 279.61115; 375.46478;
 674.46283; 374.54526;
 72.855446; 376.07944;
 144.84875; 377.81335;
 501.10419; 377.66544;
 447.74594; 378.73257;
 619.13147; 380.40897;
 675.0097; 379.92462;
 827.74597; 380.09921;
 182.7028; 382.16592;
 359.83441; 384.7204;
 418.53641; 384.50003;
 1004.9971; 386.12546;
 391.34711; 387.09866;
 209.4538; 388.48825;
 1018.2819; 389.70029;
 671.86688; 395.01682;
 857.83972; 391.10587;
 803.11646; 393.04074;
 297.46512; 393.62494;
 711.82721; 395.29614;
 181.31841; 396.36542;
 522.79462; 397.35156;
 33.150593; 398.34506;
 191.20445; 398.88992;
 767.79926; 398.78333;
 653.20776; 402.0773;
 208.70403; 403.03433;
 808.63483; 407.18546;
 851.24377; 404.90256;
 1017.9434; 403.56671;
 50.748173; 406.54187;
 972.05701; 406.87497;
 256.11423; 407.87881;
 318.61075; 407.97131;
 357.27643; 409.06531;
 456.91727; 409.91174;
 846.46631; 409.93698;
 955.67035; 410.20239;
 143.78517; 411.14853;
 32.250496; 411.86462;
 706.03406; 412.14236;
 536.26855; 413.95306;
 963.9292; 414.70676;
 1010.7745; 415.02182;
 888.32654; 415.90408;
 647.6311; 417.69006;
 486.74402; 418.64191;
 81.158791; 419.97754;
 309.25708; 419.67514;
 861.03674; 420.83902;
 578.50641; 421.84515;
 812.86456; 421.94635;
 388.52423; 423.3772;
 292.15704; 424.37326;
 419.92352; 426.66214;
 689.17621; 427.89847;
 973.47174; 427.36105;
 130.15749; 429.29105;
 604.5271; 430.44693;
 770.87079; 431.09814;
 77.504456; 432.0195;
 206.53751; 431.74945;
 224.63126; 432.17157;
 721.33887; 435.45145;
 866.26453; 436.14426;
 254.83592; 436.5788;
 301.04678; 437.37704;
 449.74524; 437.66547;
 631.83521; 437.41541;
 688.94531; 437.36212;
 814.64282; 440.07175;
 621.42493; 441.20044;
 31.867336; 441.97726;
 441.93924; 442.49738;
 134.78426; 444.31491;
 773.57581; 444.3956;
 604.80121; 445.67413;
 487.73813; 446.52939;
 747.5575; 448.09387;
 293.98398; 449.00156;
 320.75568; 448.91312;
 830.46405; 451.60654;
 38.741955; 454.08902;
 892.45746; 454.23276;
 556.0567; 456.32181;
 404.52533; 456.91827;
 306.19345; 458.28055;
 688.12549; 461.01578;
 13.517222; 462.20743;
 97.042984; 462.25107;
 980.69641; 461.77841;
 314.67734; 463.15268;
 845.10437; 466.35034;
 388.96881; 467.76923;
 348.38672; 468.56467;
 733.6076; 469.21658;
 831.81439; 470.63705;
 234.75586; 472.19559;
 446.81778; 474.10751;
 780.9696; 473.90152;
 90.963676; 476.56842;
 983.17554; 476.81955;
 320.07477; 478.10974;
 515.77588; 478.4353;
 73.732262; 478.69839;
 216.19682; 478.92319;
 148.76797; 480.16882;
 842.32281; 479.60297;
 124.32124; 480.7283;
 799.56757; 483.07327;
 388.62326; 483.71851;
 541.78412; 483.55301;
 227.63229; 484.89719;
 704.91461; 485.0636;
 234.02791; 487.33691;
 575.68848; 488.39816;
 786.05811; 487.84357;
 181.07407; 491.37872;
 72.26812; 492.56677;
 135.55945; 493.23273;
 218.2941; 493.26688;
 733.26642; 493.00787;
 271.12939; 496.19879;
 967.49683; 495.85931;
 133.49263; 498.55756;
 904.09119; 498.15329;
 650.95789; 498.06461;
 548.70074; 500.00632;
 34.040604; 504.03085;
 185.30432; 505.53329;
 201.68842; 506.26572;
 211.35481; 507.38513;
 508.70801; 508.11618;
 579.1814; 508.51218;
 752.4726; 507.71457;
 107.02148; 514.10718;
 326.0722; 515.07367;
 189.35896; 516.23547;
 811.45923; 515.82318;
 39.609711; 517.02643;
 145.97064; 517.49988;
 373.92926; 518.00775;
 466.26102; 517.70441;
 838.14722; 517.62531;
 1012.6725; 518.10394;
 95.333931; 520.69214;
 702.79077; 521.65741;
 352.9993; 524.2948;
 285.90955; 524.71539;
 506.42349; 526.29071;
 913.70416; 527.42285;
 156.98125; 528.48779;
 737.57434; 530.25079;
 249.5876; 532.22339;
 774.85016; 534.83118;
 342.48886; 538.28204;
 883.34711; 538.29822;
 570.79962; 538.40393;
 237.73427; 539.36127;
 95.384346; 541.90991;
 412.332; 545.4173;
 978.67206; 546.02661;
 674.68988; 547.09503;
 9.9190578; 547.61682;
 521.70892; 548.43597;
 818.6015; 549.34662;
 484.43936; 551.28351;
 189.76784; 552.37817;
 884.09467; 552.54474;
 242.42732; 553.01251;
 491.46008; 552.92084;
 1011.3595; 552.60968;
 665.03668; 553.43555;
 801.58948; 555.67963;
 855.30316; 555.52899;
 338.78384; 557.07379;
 148.22044; 558.51459;
 246.70894; 561.25873;
 354.45883; 561.32141;
 485.73129; 566.04309;
 812.73041; 566.76105;
 959.71326; 568.20868;
 601.24597; 569.06189;
 635.83862; 568.49762;
 695.49689; 570.30121;
 892.88525; 570.49432;
 89.792709; 570.72614;
 1012.0357; 571.7962;
 753.32715; 573.64264;
 51.624897; 574.29675;
 501.36584; 575.53448;
 563.14331; 577.35889;
 250.10275; 578.26337;
 762.33411; 577.63727;
 329.2984; 579.16376;
 353.7233; 582.52258;
 289.54355; 580.52344;
 160.66577; 582.53387;
 303.31741; 583.25244;
 977.38312; 582.836;
 95.204765; 585.74652;
 19.473825; 586.67651;
 370.19308; 589.37592;
 280.76404; 591.77319;
 446.03922; 591.93964;
 516.3335; 592.73602;
 170.37125; 594.61389;
 185.92479; 596.41229;
 38.225407; 597.11066;
 831.48297; 597.57166;
 34.270454; 598.6629;
 60.20079; 599.38843;
 304.76663; 599.75378;
 367.7941; 603.73181;
 746.56824; 602.87653;
 925.55762; 602.79663;
 957.77765; 602.73157;
 285.34796; 606.26038;
 166.77554; 607.86346;
 228.89041; 608.58252;
 188.32721; 610.90582;
 677.28668; 611.32495;
 398.08643; 614.03448;
 927.88983; 614.33337;
 265.51801; 617.35498;
 280.20523; 618.47205;
 349.20892; 617.88049;
 629.72607; 617.68433;
 906.71466; 620.36841;
 848.55664; 622.78546;
 512.10645; 624.31842;
 832.26337; 624.67212;
 8.5760174; 626.59827;
 100.24496; 627.08551;
 400.16257; 628.01483;
 984.1615; 628.48083;
 726.32288; 631.01233;
 612.45251; 631.61096;
 264.48981; 634.87341;
 116.77278; 636.10883;
 483.81311; 636.97424;
 931.54175; 636.784;
 409.41901; 638.86554;
 736.40948; 640.08514;
 795.51068; 641.93158;
 178.43613; 643.68451;
 770.67828; 647.00226;
 256.22272; 648.23401;
 850.15887; 647.97144;
 353.88757; 652.50165;
 23.158125; 654.21033;
 557.11444; 654.06342;
 139.89961; 655.42017;
 183.4218; 656.6181;
 546.89069; 657.10437;
 400.68637; 659.80847;
 767.85217; 661.71051;
 280.4324; 666.20099;
 993.66473; 667.18652;
 218.9216; 668.36224;
 942.27399; 668.95532;
 199.94539; 671.70569;
 890.19147; 671.69037;
 281.11258; 673.16095;
 130.77272; 675.14325;
 698.06165; 679.13953;
 652.96313; 682.86285;
 257.43332; 684.36475;
 918.94312; 685.09943;
 83.446632; 685.53802;
 773.54156; 686.41852;
 494.49683; 687.9574;
 42.145512; 688.42297;
 321.02765; 692.77747;
 4.9933887; 694.5188;
 454.99408; 695.96143;
 553.95221; 697.07196;
 865.48633; 696.82416;
 256.05582; 698.04584;
 374.54465; 700.83911;
 641.70471; 701.52478;
 116.82869; 701.83722;
 961.7887; 702.85333;
 316.81296; 704.65601;
 230.86436; 708.73792;
 499.65622; 710.80139;
 558.88098; 711.19073;
 75.218117; 711.82825;
 384.8667; 713.39063;
 344.36826; 714.49847;
 308.54001; 714.93268;
 662.60767; 716.06763;
 870.68671; 716.00464;
 597.52814; 717.75952;
 533.80621; 720.3941;
 254.71928; 721.91168;
 235.85083; 725.97223;
 69.431931; 727.3241;
 298.05551; 728.44897;
 283.7316; 728.05536;
 350.42932; 730.42773;
 49.123322; 730.87225;
 718.64337; 735.48517;
 436.7644; 735.55774;
 402.50491; 737.36749;
 250.45438; 738.21558;
 369.28177; 740.23334;
 606.67584; 744.21863;
 732.34106; 748.65765;
 101.96511; 757.04907;
 317.86069; 758.72632;
 973.50427; 758.95801;
 927.48407; 760.03644;
 508.34103; 760.89117;
 34.298798; 762.38867;
 755.56659; 763.81042;
 351.15732; 765.86511;
 722.39673; 768.60571;
 21.290125; 772.23828;
 837.36023; 772.11572;
 253.5806; 775.45129;
 186.26288; 777.38684;
 127.99019; 779.06116;
 431.94455; 783.50665;
 739.66089; 783.99622;
 652.45557; 786.42963;
 1018.199; 785.9491;
 176.20018; 787.06421;
 291.58618; 788.81818;
 684.31042; 789.0141;
 549.88574; 789.99438;
 581.97028; 792.20123;
 50.063702; 794.2829;
 272.88803; 794.46124;
 783.08557; 795.39862;
 246.0173; 796.58795;
 705.50262; 797.14801;
 229.95978; 800.0423;
 284.64539; 801.78302;
 562.53564; 803.31854;
 892.99683; 803.01996;
 858.44733; 803.83331;
 947.36188; 805.70605;
 583.80829; 806.95966;
 689.76898; 807.41876;
 402.01309; 812.67493;
 503.16434; 812.96283;
 197.63968; 814.66418;
 884.9408; 815.44104;
 154.79124; 817.83643;
 275.4285; 818.43622;
 1006.2804; 824.77478;
 450.19211; 825.90332;
 484.36368; 825.17261;
 501.86862; 826.53198;
 80.305336; 827.61115;
 562.45184; 827.97485;
 332.17618; 829.10754;
 747.91034; 828.93384;
 246.74437; 830.68262;
 740.18988; 831.12347;
 861.06726; 836.34589;
 119.70166; 837.05402;
 127.70247; 838.8125;
 431.67053; 841.7489;
 599.11859; 841.5824;
 806.90912; 842.9613;
 1004.7001; 848.17389;
 357.53806; 850.95728;
 675.00336; 850.95068;
 56.793068; 856.87146;
 594.11823; 856.62848;
 804.69525; 857.82501;
 651.41968; 859.0047;
 210.66148; 860.01617;
 556.29468; 863.04126;
 869.83844; 863.87695;
 839.92352; 864.46869;
 893.57532; 866.30042;
 176.10522; 866.65405;
 694.82593; 868.12946;
 146.20865; 872.50818;
 277.17221; 872.46985;
 639.44263; 872.80768;
 732.76251; 872.93152;
 76.748436; 875.67499;
 560.86316; 876.2948;
 11.213909; 877.2099;
 531.3075; 876.88409;
 169.00696; 881.20282;
 434.11893; 881.13184;
 480.88321; 881.47412;
 887.4245; 881.92804;
 157.09814; 883.83295;
 23.057119; 886.2749;
 457.5694; 886.48914;
 510.38297; 887.10193;
 154.55281; 888.01465;
 89.123314; 890.46576;
 470.87244; 890.96277;
 965.25482; 890.54834;
 443.59122; 892.13904;
 640.37488; 892.93018;
 1012.1796; 894.33875;
 181.5984; 896.89612;
 430.49911; 897.04736;
 210.3429; 897.64111;
 17.823195; 899.89349;
 144.13962; 900.85675;
 414.2438; 902.57043;
 85.745422; 904.05591;
 738.77106; 904.76416;
 278.47867; 906.20294;
 474.98563; 905.58777;
 619.76801; 906.51654;
 697.63153; 909.58557;
 267.02667; 913.5686;
 431.99182; 913.49493;
 624.93964; 917.31116;
 20.780722; 922.22284;
 505.62161; 922.39874;
 444.49924; 922.15991;
 570.70868; 925.72449;
 841.99445; 925.37775;
 212.32584; 926.84338;
 789.62994; 930.48254;
 688.27924; 935.3548;
 380.11606; 935.86603;
 447.29538; 936.15924;
 234.04633; 941.9184;
 360.32382; 942.42792;
 115.55384; 945.04565;
 131.30138; 946.30157;
 798.56989; 946.79095;
 912.38013; 946.39899;
 19.475216; 947.698;
 747.76459; 948.6814;
 608.06586; 950.1933;
 45.608356; 954.90039;
 73.657074; 955.01715;
 106.51396; 956.1698;
 759.60895; 956.57996;
 710.80737; 957.67548;
 667.24432; 959.78754;
 36.790268; 959.75415;
 518.16156; 959.70972;
 124.05953; 960.76251;
 537.69403; 961.33209;
 333.58389; 964.94073;
 611.1571; 966.5332;
 302.67523; 968.36707;
 73.821518; 969.24353;
 262.7388; 970.34229;
 758.24713; 972.21741;
 747.71143; 973.34473;
 873.55536; 974.23865;
 361.54538; 975.96637;
 446.79633; 975.86841;
 229.55112; 976.69226;
 846.02795; 977.38403;
 561.52032; 977.73627;
 938.69843; 980.44702;
 797.20825; 984.21619;
 121.91097; 987.12988;
 493.30707; 987.87292;
 1001.0747; 988.57166;
 316.69229; 995.03558;
 776.33936; 999.47455;
 923.40833; 998.49072;
 66.838699; 1000.3456;
 718.80804; 1002.8651;
 244.07188; 1003.0491;
 748.00854; 1002.8976;
 1009.1556; 1002.7755;
 273.87781; 1006.9825;
 370.69171; 1006.4455;
 594.758; 1007.3788;
 607.90863; 1007.1431;
 174.3362; 1007.832;
 959.40717; 1010.5026;
 16.912254; 1010.5093;
 437.0907; 1011.7591;
 756.20514; 1011.658;
 693.24994; 1012.4904;
 773.74677; 1012.9565;
 844.59955; 1014.3283;
 353.65991; 1018.277;
 385.37338; 1018.3593;
 943.99487; 27.574242;
 994.94843; 34.525913;
 946.30115; 43.260193;
 110.68215; 51.996826;
 110.90369; 67.646484;
 877.18439; 75.02581;
 707.32886; 79.544907;
 538.37921; 90.873573;
 119.90351; 97.334915;
 440.05887; 113.83833;
 461.96365; 128.84213;
 977.12207; 129.63727;
 839.66888; 131.10675;
 992.09467; 137.62836;
 42.804741; 141.69157;
 736.03821; 149.00916;
 341.58588; 158.34622;
 179.1864; 161.40608;
 809.9566; 164.86478;
 766.61554; 168.79231;
 111.32901; 181.14619;
 39.463333; 183.56369;
 162.96111; 191.10588;
 830.66919; 196.67101;
 546.30664; 214.45886;
 257.95325; 221.70699;
 927.69196; 217.97362;
 141.64647; 224.23053;
 249.7247; 225.05772;
 418.90887; 226.58282;
 218.12903; 230.88783;
 913.29816; 231.62975;
 227.80699; 245.96336;
 860.20593; 244.18671;
 185.60655; 247.7612;
 284.99207; 254.88972;
 949.7135; 258.47662;
 1016.7658; 258.84885;
 486.15042; 272.79996;
 113.57484; 282.17554;
 397.73218; 287.28302;
 931.58435; 288.01523;
 889.19104; 290.14719;
 17.468342; 299.08023;
 190.04909; 301.54913;
 912.74585; 305.06873;
 600.12463; 306.39883;
 1011.4578; 309.6647;
 408.0145; 315.03961;
 357.43884; 321.95001;
 84.181366; 322.41891;
 465.12292; 327.92453;
 141.65656; 330.4772;
 987.81372; 332.15097;
 847.06976; 337.47797;
 914.19879; 342.05844;
 493.2959; 345.5603;
 991.07745; 351.15778;
 387.88995; 356.46478;
 419.39737; 359.55923;
 978.87512; 358.58517;
 14.671584; 362.1232;
 830.04456; 363.48032;
 249.29095; 367.62082;
 499.67783; 378.16086;
 827.68542; 380.61536;
 418.00259; 383.28625;
 671.84741; 395.79269;
 652.40515; 401.93518;
 256.46027; 408.32852;
 317.12082; 407.6142;
 808.18109; 407.56595;
 144.47246; 411.41974;
 79.904068; 419.14627;
 862.5083; 419.86841;
 812.08685; 421.46201;
 293.39853; 423.2775;
 389.44141; 426.19693;
 130.90778; 429.43295;
 719.18243; 435.2782;
 255.32376; 436.31152;
 31.477421; 441.84787;
 134.43893; 444.09937;
 556.26349; 455.68527;
 405.36227; 456.85721;
 373.06467; 461.51053;
 981.81775; 460.71445;
 97.243622; 462.48544;
 732.87946; 468.86072;
 320.92114; 477.52066;
 93.013641; 481.67133;
 389.13214; 483.41013;
 230.92177; 492.00577;
 576.29572; 490.00485;
 181.31366; 491.12595;
 272.41382; 496.21487;
 205.52954; 505.23065;
 186.62366; 511.53568;
 39.760944; 518.31329;
 354.83817; 522.47937;
 342.94186; 537.80536;
 569.93549; 537.6814;
 522.00934; 548.49908;
 485.79767; 550.25879;
 884.55475; 553.005;
 1010.456; 553.03638;
 148.44411; 559.07996;
 331.8143; 559.54578;
 812.39954; 567.79773;
 891.58136; 571.0285;
 331.88672; 579.89795;
 20.476614; 586.65826;
 280.77362; 591.73077;
 61.228329; 599.1767;
 747.02075; 604.00439;
 926.86688; 617.45581;
 350.19687; 620.20215;
 908.69299; 627.85468;
 257.51636; 646.92316;
 280.36722; 668.41644;
 217.62703; 668.40332;
 554.42041; 671.40894;
 201.24928; 671.85815;
 258.74643; 683.09998;
 5.7745972; 694.07007;
 375.0733; 700.19513;
 553.15485; 699.60211;
 961.77765; 702.96265;
 344.1741; 714.61548;
 534.60376; 720.27295;
 292.87085; 725.73016;
 67.383347; 733.61737;
 102.56169; 757.52765;
 317.84161; 758.71899;
 6.470427; 760.88074;
 836.62103; 772.00995;
 252.76587; 776.88379;
 705.0918; 796.90729;
 229.44122; 800.45953;
 276.35159; 820.49976;
 484.0701; 824.75861;
 1005.1334; 847.95624;
 357.56516; 851.37;
 557.20209; 862.1485;
 695.62897; 866.50641;
 893.32159; 865.66583;
 175.83633; 866.80634;
 147.1106; 872.31635;
 511.56229; 887.50055;
 443.1593; 892.36578;
 1011.8951; 894.16333;
 182.47298; 897.6748;
 144.67851; 901.63611;
 505.38797; 921.91742;
 572.63013; 925.36548;
 687.86493; 934.24127;
 380.37949; 937.47552;
 447.05499; 936.73615;
 131.62099; 946.71106;
 911.87457; 947.086;
 797.7406; 947.66071;
 104.85004; 958.68445;
 261.89081; 968.10486;
 611.65796; 968.4715;
 753.59601; 978.03052;
 66.288483; 1001.3593;
 718.05579; 1003.7236;
 955.04474; 1009.5718;
 775.85669; 1017.8861;
 843.74451; 1016.4788;
 1007.1669; 4.4375706;
 330.73938; 52.093643;
 743.38812; 64.367882;
 836.36957; 94.218246;
 934.62384; 96.398842;
 962.86237; 107.36389;
 929.32147; 118.54362;
 75.265869; 125.44867;
 808.78418; 146.91208;
 944.25879; 147.3876;
 777.84961; 149.37654;
 75.656487; 151.70102;
 214.32649; 157.38847;
 278.87906; 157.64046;
 260.68192; 158.57323;
 43.161583; 163.66164;
 670.20276; 170.0361;
 850.73346; 165.88127;
 926.43951; 170.40709;
 340.31595; 177.32603;
 366.56897; 184.77336;
 854.84448; 188.84073;
 742.22198; 190.19557;
 768.45349; 192.09273;
 260.63425; 198.494;
 157.53857; 209.84743;
 710.07489; 211.57199;
 33.185078; 218.15108;
 870.61041; 227.72194;
 519.75012; 229.86157;
 710.68433; 232.92447;
 1015.1655; 234.42702;
 286.58374; 234.42944;
 7.6933079; 236.17429;
 824.17126; 237.2477;
 956.7627; 237.61647;
 451.69711; 240.10797;
 777.91284; 241.13591;
 754.91205; 251.21484;
 520.6225; 252.34447;
 73.897728; 255.17674;
 334.75864; 254.94795;
 564.08112; 260.69739;
 307.49396; 263.5127;
 415.47937; 263.10553;
 826.94897; 262.56857;
 32.139133; 264.18564;
 356.01535; 263.79602;
 929.49677; 265.51587;
 797.13672; 276.64517;
 1007.4539; 277.13028;
 39.938389; 285.44824;
 420.66135; 288.67044;
 459.10403; 290.33093;
 853.26636; 290.69815;
 70.072021; 291.60736;
 555.00525; 292.84268;
 286.241; 297.26593;
 100.68577; 298.34784;
 355.77039; 304.07013;
 259.39511; 304.68872;
 438.43658; 305.84998;
 618.68439; 315.1835;
 20.745222; 317.6571;
 840.06152; 318.02274;
 940.84491; 318.08536;
 829.13245; 327.77078;
 913.84515; 321.53214;
 328.2612; 329.34705;
 162.0639; 332.67172;
 203.67694; 334.27536;
 645.44; 339.18829;
 809.57324; 340.52414;
 944.60101; 340.52881;
 699.44781; 348.18997;
 383.68036; 348.88541;
 564.33838; 349.03772;
 99.977951; 353.87015;
 160.78354; 357.47052;
 501.39639; 360.48108;
 647.25281; 360.99445;
 722.60406; 369.73221;
 749.79193; 365.51141;
 806.71643; 365.97766;
 1006.4333; 367.83063;
 671.57776; 376.12903;
 615.41211; 381.47226;
 212.00223; 386.41922;
 359.35632; 385.57062;
 554.29626; 386.49008;
 850.62506; 387.86252;
 804.59027; 388.96973;
 395.08395; 390.73352;
 711.29742; 396.58029;
 188.83131; 400.31992;
 500.1499; 399.94989;
 70.712944; 401.53043;
 848.34558; 407.02136;
 212.92928; 409.48331;
 405.55548; 410.64694;
 601.55078; 411.8262;
 965.23352; 411.5939;
 511.27844; 412.8905;
 706.92603; 418.62766;
 440.53433; 421.66864;
 580.34167; 422.89713;
 210.8855; 430.90738;
 472.57379; 431.62732;
 689.50403; 432.0032;
 447.42032; 438.74673;
 301.29691; 440.93912;
 812.39642; 441.42621;
 236.25267; 445.06293;
 489.93353; 446.9234;
 833.69708; 452.11685;
 895.59021; 454.10873;
 33.222496; 458.85809;
 309.49564; 459.84894;
 235.64418; 468.9838;
 782.68292; 471.8577;
 836.17236; 477.17813;
 984.5661; 479.62543;
 129.29825; 480.67917;
 514.89105; 482.86252;
 52.901783; 483.05637;
 734.92084; 490.86987;
 653.11029; 493.77634;
 785.10742; 493.78201;
 972.84949; 497.50516;
 906.35327; 500.18036;
 133.63997; 501.58307;
 548.14819; 502.62656;
 754.01843; 506.47836;
 32.604053; 506.85742;
 572.85309; 507.30505;
 102.34745; 518.6015;
 807.10449; 515.25262;
 835.44159; 514.75409;
 624.53174; 517.74774;
 324.69177; 520.22174;
 1009.3359; 520.48334;
 908.9679; 523.04242;
 701.5553; 525.3316;
 287.75861; 527.71173;
 836.60107; 537.0321;
 274.30191; 544.18536;
 95.595192; 546.18408;
 696.00293; 548.43567;
 668.70697; 549.01392;
 191.92096; 553.69482;
 853.96167; 553.96301;
 242.47139; 558.56995;
 354.40527; 561.24677;
 634.12988; 567.88269;
 94.038994; 568.3894;
 960.97314; 571.87842;
 203.85681; 574.29059;
 757.41931; 575.35278;
 860.17554; 574.67462;
 255.85159; 576.94922;
 112.53992; 579.8125;
 564.0957; 579.54169;
 92.771622; 589.40521;
 443.38431; 594.7218;
 38.164265; 598.48077;
 325.09723; 599.09637;
 960.88824; 603.90485;
 291.65875; 608.05292;
 396.11771; 612.33618;
 632.44843; 618.29504;
 979.26331; 622.87012;
 100.49875; 626.58221;
 834.42029; 628.05164;
 935.85229; 635.4295;
 403.76453; 636.24365;
 733.54663; 637.539;
 634.89984; 638.07544;
 791.38641; 639.86292;
 844.28308; 646.13995;
 350.03589; 652.565;
 23.512136; 653.86389;
 551.3573; 654.03766;
 138.203; 659.83685;
 937.48236; 673.44019;
 376.87973; 671.34802;
 893.39844; 671.13434;
 697.97351; 676.31171;
 128.39041; 678.81128;
 920.17865; 688.34174;
 498.3114; 691.85938;
 452.91013; 696.70062;
 865.16077; 699.73254;
 89.578484; 700.77252;
 114.45427; 704.24738;
 165.38535; 705.66418;
 237.12244; 707.76727;
 869.24683; 720.46521;
 45.945843; 731.92224;
 347.31964; 733.06067;
 431.99808; 736.19196;
 976.42145; 763.68726;
 355.91998; 764.77411;
 272.16623; 774.02649;
 189.99258; 781.59967;
 744.44202; 785.09534;
 290.37286; 786.28113;
 432.36093; 786.08411;
 549.63007; 789.50934;
 582.54449; 789.41565;
 685.54541; 791.5282;
 404.49908; 794.37524;
 835.85883; 793.66437;
 52.020363; 797.36212;
 253.89182; 799.28088;
 946.7901; 805.0144;
 564.90881; 807.40698;
 497.42224; 811.71991;
 152.79289; 819.76349;
 227.40115; 821.03369;
 1006.6002; 827.79877;
 742.94781; 829.35187;
 859.79962; 837.18665;
 124.7944; 838.50574;
 599.02411; 840.31708;
 802.93579; 840.81757;
 676.85907; 850.38;
 214.05647; 858.94934;
 240.61945; 853.35828;
 279.84933; 870.74707;
 641.94946; 870.33826;
 735.71936; 871.60297;
 195.80925; 874.71503;
 887.32068; 885.79523;
 161.56691; 888.15753;
 87.78347; 906.75531;
 439.23679; 913.8277;
 691.94061; 913.55109;
 16.339748; 924.16357;
 793.85669; 927.24084;
 211.85646; 929.64294;
 237.2175; 942.42896;
 16.443632; 950.16559;
 41.71508; 956.98303;
 665.10254; 961.63599;
 471.14517; 986.80573;
 118.52337; 988.12506;
 1002.8314; 988.35699;
 734.08142; 989.45349;
 449.50903; 992.77924;
 494.40927; 993.7157;
 19.937847; 1003.8248;
 602.12225; 1004.2255;
 175.85503; 1004.5588;
 752.78925; 1008.9526;
 195.03317; 231.95193;
 853.47504; 266.00037;
 217.06209; 361.54709;
 63.391922; 369.51813;
 36.977959; 377.97614;
 959.44366; 388.34369;
 868.31592; 415.6615;
 376.30225; 473.03369;
 153.51778; 527.29309;
 239.58926; 532.4906;
 209.50162; 673.74176;
 293.87378; 753.11646;
 862.73181; 803.28058;
 882.48322; 862.11481;
 617.75134; 907.1861;
 599.9845; 927.1189;
 764.28339; 932.5567;
 748.73267; 953.95319;
 270.64545; 155.32732;
 857.52368; 191.39972;
 102.33607; 255.0825;
 623.44904; 288.85825;
 265.41592; 305.49762;
 617.95428; 323.43158;
 237.47655; 328.9097;
 328.84225; 331.81177;
 376.55115; 344.53232;
 95.312004; 379.97284;
 301.3512; 401.06985;
 505.58441; 406.35196;
 227.36424; 408.33868;
 137.77667; 422.08847;
 284.5545; 423.49808;
 628.47821; 441.30292;
 136.70612; 475.43976;
 231.48909; 476.41074;
 157.35741; 497.51727;
 162.44507; 557.2608;
 44.712948; 573.55145;
 97.812119; 575.93738;
 327.4949; 603.44153;
 39.393295; 604.1875;
 939.3421; 643.67419;
 342.85812; 738.42291;
 293.66968; 764.39813;
 571.96722; 811.71082;
 250.80275; 805.76013;
 493.59546; 814.81793;
 152.36256; 820.43219;
 223.26186; 826.46094;
 1012.176; 858.71008;
 164.33864; 862.99854;
 685.11365; 911.00336;
 17.107407; 910.09637;
 437.41928; 918.41693;
 159.45979; 989.19006;
 11.323966; 995.35266;
 948.66486; 1012.3201;
 706.85779; 1013.408;
 171.70311; 1015.2825;
 34.710476; 225.40526;
 319.79825; 288.25095;
 875.72809; 417.52933;
 39.79982; 532.17822;
 116.14749; 540.04175;
 227.79366; 560.65845;
 619.25159; 570.73602;
 1010.4966; 587.7569;
 1004.4284; 678.47559;
 580.82764; 892.66534;
 14.248204; 954.42175;
 158.53281; 816.63544;
 663.43109; 912.146 
