 224  253    1    0    0   17  176  231  159  144  137  139  199  241  255  127    0    0    0    8    0    0    0    0    1    2    0   20  132    0   52  145  209  238  255  255  128  224  198  255   55   34   26  255    8   60   16   30  180  143  246  104  255  251  239  223  195  239  123  255   60 
 192   29    2    0    0    0  152   90   93  235  246   12    4  128  255   15    0    0    0    0    0    0    0    0    0    0    0    0    2    0   31    0  224  251    7    4   68   55  255  252   17  253  255  127  240  139    1   96    0    8    0    0    0  255  252  249  255  255  255  255   39 
   1    8   30    4    0    0   64    0    0  248  165    5    0    0  254  223   31  224    7  248    0   15  112  128    1    0    0    0  128   17  200    0    0    0    0    0  202  241  126    0  242  113  248  255    0   72    0    0    0    0    0    0    0  120  224  193  195  227  249  255   15 
   0    6    4    0    0    0    8    0  223  255  112    0  192  241  255  255   31    0    0    0    0    3    0    0    0    0    0    0    2    0    8    0    0    0  248  255  239   15  251  237  217  219  255    1  251   37    0    0    0  200  240    4  127  248  225  193  195  227  249  255   62 
 160  231    7    0  128    0  120   59  104   79  244  141  195  241  255  135    0   96    0    0    0    0   48  128    0    0    0    0    0   64  222  206  190   50   67    2  247   47  179  236    9  252  239    1  246  203    1  127  192   15  240    0  159  127  254  253  255  243  253  255   30 
 160   18    4    0  128    0   24  203  109    3  112  140  195  113  255   31    0    0    0    0    0    0   48  128    0    0    0   12    2    0   15  102  134  153  115  115   55  159    1    6  204  253    3    0  255  192    1   62  128    7    0    0   63  248  224  193  195  243  253  255    3 
  65  224    9    4  128    1  192  133  160    0    3  130  195  113  255  143    1   96    0    8    0    0  112  128    1    0    0   12    0    0  184  171  224  255    7    0    5    0  128  255    1  252    3   94    0   37    0   62  128    7  240    0  255  127  254  253  255  227  255  255    3 
  65  233   15    4    0   17   32   68  130  248   11  130  195  113  238  247    1   96    0    0    0    0   80    0    1    2    0   20  132    0  224  154   35  102  192   12  205   99  134  255   35    0  248  254    0   64    0   30  128    7  240   96  143  255  255  255  255  239  121  255   52 
   1  248   15    4    0    0    0    0  192  253    9  143  199  113  255  207    1   96    0    8    0    0  112  128    0    0    0    0  132    0    0    0    0    0   32    0    2  112  127    0  250    3  252  143    0  240    1  126  128   15  240    0    0  127  254  253  255  255  121  255   32 
  65    0   14    4  128    0  224   64    0    8  240    1    4    0  238  223   31  224    7  248    0   15   96  128    1    2    0   12    2    0   32    8   96    2   72    0    4  160  193  238    1  220    7    0  248   52    0  192    3  120    0    2   16    0    0    0  192  243  255  255   31 
 192  239    1    0  128    1  216   63  208  255   91  131  195  113  255   15    0   32    0    0    0    0  112    0    0    0    0    0  132    0   71  253   95  245  239  255  130  248  127    0  254  163  254  213   15   55    0   30  152    7  255  240  255  255  255  255  255  227  249  255    3 
   1    8   14    4    0    0    0    0    0  248  248    3    0  128  255  223   31  224    7  248    0   15    0    0    0    0    0    0    6    0   24    0   32    0    0    0    0    0  212  253  161  242  255  255  139  245    1   64    0    8    0    0    0  248  225  193  195  255  253  255    7 
 160  255    1    0  128   17   48  235  125    7  120  131  195  241  255  103    0    0    0    8    0    0   16    0    0    0    0   28  134    0  244  238  191  251   23  132  247   15  128  254   85  255  171  127  248   62   32   30  184    7  255  240  255  255  255  255  255  227  123  255   52 
  64  233   15    4    0    0  128   64    9  232  244    0    0    0  255  127    7  192    1  120    0    1    0    0    0    0    0    0    8  255   64    5   74    1  106   84    0  240  127    0   64  253  251  127   85   10    0   64    0    8    0    0  128  127  254  255  255  255  123  255   55 
  32  246    3    0  128    1  248  151  170   82  133  136  199  241  255  159    0   32    0    0    0    0   48  128    0    0    0  156  167    0  223  247   31    5  185  255  235   86   23    0  254    3  220   22   34    3  225   95  248   15  255  240  255  255  254  253  255  227  253  255   15 
  64    9   10    4    0    0   32   64   29  248  120   15    0    0  254   79    1    0    0  120    0    0    0  128    0    0    0    0    0    0   48    0  224  255    7    0    0  112  127    0   65  250  255  253  159  188    0   96    0    0    0    0  128  127  254  253  255  255  253  255   11 
  33  242   13    0  128   17   56  193  186    2  143  137  199  113  254  199    1    0    0    0    0    0  112  128    1    2    0   28  132    0   95   18  128    0  248  253  217    2  128  219  183    2   64  254   34   39    1   94  136   15  241    0  255  127  255  255  255  227  127  255   37 
 224   17    8    4  128    1  224   63  162  148  137    7    0    0  255    7    1   64    0    8    0    0    0    0    0    0    0   28    6    0  184  101  243  255    7    0  160  144  109   54  238  111   55  132   15  248    1   32    0    0    0    0   48  120  224  193  195  243  253  255    8 
  33  230   15    4  128    1   88  137   36   33  122  130  195  241  255  231    1   96    0    8    0    0   48  128    0    0    0  220  133    2  199   69  119   81   36    2  162   16   93    0  232  255  255  129   15   52  224   63  248    7  255  240  255  127  254  253  255  243  255  255   48 
 192    9   10    4    0   16  200  126    7  248   19    0    0  128  238   63   31  192    7  248    0   15    0    0    1    2    0    0    0    0  195  219   95    2  201  180    0   96  223  253    1  128  252   91  179   33    0    0    0    0    0    0    0  248  237  195  195  255  121  255   63 
 192   13  114   56   14   16  200  255  159  251  143    0    0    0  255   31  254  129  127  240   15  255   16    0    0    0    0    0  132    0  138  223  255  255   23  124  193    7    4  249  243  243  255  255    0    1   16    0    6  224    0   15  112  128    1    2    0  240  255  255   56 
 192   25    2    0    0   16  200  126  223  250  129   12    0  128  255   55   30  128    7  240    0   15    0    0    0    2    0    0  132    0  203  223  255  247  151   44  237   66  150  253  179    0  252  151   34  195    1    0    0    8    0    0    0  128  225  195    3  252  121  255   30 
  32   31   66   56  142   17   56  220  255  247  143   12    4    0  255   71   30  128    7  240    8  255   48  128    0    0    0   16  132    0   63  134  139  249  255  255  247   15    4  152  252  255  255  255    4  202   31  224    7    8    0    0  112  128    1    2    0  248  255  255   52 
 160   31    0   56  142   17   56  255  255    7  133   13    0    0  255    7   30  128    7  240   15  255   48  128    0    0    0   28  132    0   63  230  223  251  255  255  243  159   46  154  252  255   19  174    4  202   31   32    4  128    0   12  112  128    1    2    0  224  253  255   32 
 161   22    4    0  140   17  120  191  242    7  201   15    4    0  238  135   30  160    7  240    0   15  112  128    1    2    0   28    0    0  255  238  157   75  117  233  255  159    0    2   36  190    3  246   14  247   29   96    7  232    0    0  112  128    1    0    0  224  253  255    1 
  65   16  124   60   14    0    0    0    0    8  240   13    4    0    0  252  255  225  127  248   15  255  240  131   15   30    4    0    0    0  192  154  160   38  128    0   77   64  130    9   18    0  200  123  240  247    1   96    0    0    0    0   64    0    1    2    0   64  123  254   55 
   1  236   13    4  128    1   64  129   32    0  240  159    3    0  254   31    0   96    0    8    0    0  112  128    0    0    0    0  134    0  216  255  255   41   54    0    3    4    0    0  252  255  139  110  196  222   33  108    0    8    0    0  128  127  254  253  255  195  254  239    7 
   0   13   14    4    0    0  176   64   16  232  248    3    0  128  255  199   31  224    7  248    0   15    0    0    0    0    0    0    0    0  188  128  224   34    2    0   64    4  162  254   17  253  139  127  240  223    1   64    0    8    0    0    0  124  252  249  255  255  255  255    8 
   1   16   12    0  128    1    8    0    0  248   16   12    4    0  238   39   30  128    7  240    0   15  112  128    1    0    0   12    2    0    1   64  197   87  249   58  175   18   21   84  168  168  252  129   15  161    1   96    0    0    0    0   48   72    0    0   64  226  121  255   48 
   1    8   30    4    0    0    0   64    0  232  244    1    0    0  238  255   31  224    7  248    0   15   64    0    1    2    0    0  128    0    0    0    0    0  136    0    0   80   16    1  130    0  252   17  242    7    0    0    0  248    0    7    0  128    0    0    0  240  253  255   62 
   1    8  126   60    2    0    0    0    0  248  126    2    0    0  238  255  255  225   15  248    0   15  112    0    1    2    0    0    0    0  192    0   32    0    0    0    1    0    0  233  210    3  252  123  245   74    0    0    0    0    0    7    0    0    0    0    0  228  249  255   63 
 160   31   80   56   14   17  200  191  166   21   11    6    0    0  255   31   30  224    7  240    0   15   48    0    0    0    0   16  132    0  195  191  191  232   16   29  211  131   14  122  246  247   19  254    0  224    1    0    0    0    0    0  112  128    1    2    0  236  121  255   62 
  33   22    0    0  128   17  240  253  190    6  143   15    4  128  255   71   30  128    7  240    0   15  112    0    0    2    0   28  134    0  252  247  223   93  191  235  187   14    0   23  254   43   20  132   15  255    1   96    0    8    0    0  240  127  225  199  195  227  127  255    0 
   0   14   15    4    0    0    0   64    0  232  112    2    0    0  238  207   31  224    7  248    0   15    0  128    0    0    0    0  132    0    1    0   96  129   32    0    2  177  127    0   80  252  255   43  209   24    0    0    0    8    0    0    0  124  252  249  255  255  253  255   10 
  31    0  254  255   39   64  143  225   20    0   91  187  223  115  236  223  255   95  188  141  191  112  243  127  255  255  223   68    0  178   33    1  212  173  189  181    0  216   90   66  215  214   66   91  187  245   31  255  135  255  240    7   22    0    0    0  128  243  253  255   15 
 224  255    3    4    0    0  216   58   93  255  254  140    7  128  255    7    0   64    0    8    0    0    0  128    0    0    0    0   38   64  159  137  127  243   71   84  196  183  255  252   17  252  255  127   80  138    1  102  128    9   32    0  128  255  254  253  255  255  255  255    1 
 192    7    2    0    0    0  248   62   72  255  244    1    0  128  239   15    0  160    7  240    0   15    0  128    0    0    0    0    2    0  223   77   95  147  111  250   38  251  255   68  129  252  255  145  255   37    1   96    0    8    0    0   48  252  240  225  255  255  255  255   39 
 224   23    0    0  140   17  248  191  255   23   15   12    4    0  238    7   24  128    7  240    0  239  112  128    1    2    0   28  132    0  255  255  223  255  255  255  255  191    4   18   36  100    1  236   13  216    1   32    0    0    0    0   64  120  225  195  195  227  127  255    8 
 224   15    2    0    0   17  176  255  255   22  141   13    4    0  238   39   16  128    7  240    0   15  112  128    1    2    0   16  134    0   60  255  255  255  255  255  255  239  128  219    7    0    0  126    0  231    1   96    0    8    0    0    0  120  254  255  255  255  123  255   63 
  65    9  124   60    0   16  248  126    2  248    3    2    0  128  255  207  255  225  127  248   15   15   96  128    1    2    0    0  132    0  247   95  255  210   15    8    0   32  221  244   33  232  255  205   15   52    1   64    0    8    0    0   48  248  224  193  195  255  121  255    8 
  97    9   12    4    0   17  216  126    0  248    3    2    0    0  238  159   31  224    7  248    0    0   64  128    1    2    0   16  132    0  223  157  127   99    8    0    0  240  255   24   32   48  252  255    0   33    0   32    0    0    0    0  192  127  255  255  223  239  123  255   11 
   1    8   14    4    0   16   64    0  224  255  240    0    0  240  255  255   31  224    7    8    0    0    0    0    0    0    0    0  134    0  200    0   32    0    0    0  255  239  254  251  209  241  249  127  112   74    0    0    0    0    0    0   79  251  255  255  195  255  123  255   55 
  65    9  126   44    0   16  192   12    0  248    3    0    0    0  238  255   31  224    7  248    0   15    0  128    1    2    0    0    0    0  225   29  127  194    0    0    0  112  255  241    0  224  253  253   15    0    0   32    0    0    0    0    0  160  225  195  195  255  121  255   31 
   1    8  124    4    0    0   64    0  192  255  112    3    0  128  255  247  255  225    7   56    0    3   16    0    0    0    0    0    6    0  200    0    0    0    0    0  235   15    0  253  251  251  255    1  136  245    0    0    0    0    0    0    0  128  225  195  195  227  249  255   55 
  64  233    3    4    0    0   48  193  109    2  180    0  192  241  255   15    0   64    0    8    0    0   16    0    0    0    0    0  134    0   56    0  224  255    7    0   85    4  128  254   21  253  139  126   68   26    0    0  128    7  249  240  255  255  254  253  255  227  255  255    3 
  97    0   10    4    0    0  112    0  128  218  165    1    0  240  255  167    1   96    0    8    0    0    0    0    0    0    0    8    6    0   26    0  224  255    7    0  160  244  255  246  173  253  151  132   15   11    0   32    0    0    0    0  127  120  224  193  195  255  255  255    3 
 161  239   13    0  128   17  216   63  226   23   15  130  195  241  255  231    1   96    0    0    0    0   16    0    0    2    0   28  134    0  199  255   31    0  160  174  255  223  127   93  255   43  124  133    0   37    0   30  132  135  247  120  255  251  239  223  195  227  123  255   32 
 160   31    2   32   14   17   24  223  255  127  135   12    0    0  255   15   30  128    7  240    0   15   16    0    0    0    0   16  134    0   30  134  239  255  255  255  255   15    4  248  242  241  253  255    0  200   17   32    0    0    0    0   64  128  225  195    3  236  123  255    8 
  32  239    5    0    0   16   56  192  191  247   15  131  199  241  255  231    0    0    0    0    0    0    0    0    0    2    0   16  132    0   39    0    0   68  248  255  253  239  222  255   99   34  112  255   11   52    0   30  176  159  255  104   79  255  255  255  219  255  121  255   48 
 192  255    3    0    0    0   48  122   93  255  118  140  199  241  255   15    0    0    0    0    0    0    0  128    0    0    0    0  128    0   60  128   96  251  111  253  212  191  255  250   81  253  251  127  240  138  225  127  248   15  255  128  143  127  254  253  255  255  255  255   26 
 128  226    3    0  128    0  216  251  125    7  118  140  195  113  254   15    0    0    0    0    0    0   48  128    0    0    0   12    2    0  207  111  158  153  125  243   51  159   17    6  204  207    7  128  255   33   15  255  195  127  248  135   63  248  224  193  227  243  253  255   33 
   0    2   14    4    0    0  136   64    0  232  114   10    4  128  238  247   31  224    7  248    0   15    0  128    0    0    0    0    2    0    3   72   96  146   77    2   36   32  217  244    1  252  255  129  255   37    1  224    0   24    0    0    0  128    0    0  224  255  253  255   63 
  64    8  114   56   14   16  200   92   12  243  191   12    4    0  254   31  126  161  127  240   15  255   16    0    0    2    0    0  132    0  203  151  206  164  185  116   73   66   18  105  210    3  232  123  240  193    1   96    0    8    0    0    0    0    0    2    0  248  127  255   31 
   1  232   13    4  128   17  112  129   32    0  133  129  199  113  238  255    1   96    0    8    0    0  112  128    1    2    0    0  128    0  248   11  224    2   16    0    1    0  128  255    1   32   18  245  142   55   32   30  248   15  255  240  255  127  254  253  255  227  127  255   63 
 128  230    3    4  128    0   64   59   96   39  122    6    0  112  255   55    1   96    0    8    0    0   48  128    0    0    0    4  128    3  160   37  106  249   47    0    2  144  127    0  252  255    3   40  117    8    0   96    0    8    0    0  240  127  254  253  255  247  237  223   24 
   0   12   14    4    0    0  136   64   20  232  126    2    0  128  239  247   31  224    7  248    0    7    0    0    0    0    0    0    0    0   11    9  224  130   77   32    0   32  144  252    1  252  255  123  251   37    3  192    0   24    0    0    0  128  240  193  251  255  253  255   55 
 225  128   77   36  128   29  184   98   23  248   72  163  218  255  174  183  149   96   37  136    0    0  112  119    9   50    0  220   87    0   55   81  224  150  141  130    0   64  193  117   75    2  252  129  187  116    8   26    2  240  243  255   47  249  231    1  200  231  233  255   60 
 224   19    6    0    0   16  152   88   15  122  183    0    0  128  255  207   31  224    7  240    0   15    0    0    0    0    0   16  132    0   95  179  142   44  154  117   89  199    2  255  255    3    8   62  112   75    1    0    0    8    0    0   64   16  225  195    3  236  123  255   33 
  33   22   12    4  128   17    0  129  224    7  129  140  199    1  238  223    1   96    0    0    0    0   96  128    1    2    0   28  132    0   64    0    0    0  240  251  255  143  128   23   36   44    0  132   15  199   31  254  135  127  240    0   48  248  224  193  195  227  249  255   53 
 160   31    0    0  128   17  120  191  239   23  135    4    0  128  255    7   30  224    7  240    0   15   48    0    0    0    0  156  135    0  191  230  191  249   23  109  243   15   38  254  252  255  155  182    0   11    0    0    0    0    0    0  240  127  235  215   67  224  123  255    0 
 160   23    0    0  128    1  120  191  255    7  143   12    4  128  255    7   30  128    7  248    0   15    0  128    0    0    0   28  134    0   63  100  255  217   39  251  179  159  125  214  237  255   87  133   15  247   31  224    7  232    0    0  112  128    1    2    0  224  255  255   48 
   1  248   15    4    0   16    0   64    0  120  183  140  199  113  238  223    1   96    0    0    0    0  112    0    0    2    0    0  132    0   10    0    0    0    8   72    0   96  254  251   51   33  249  255    4  202  227  127  240   15  246    0   15  127  255  255  255  255  123  255   11 
   0   30    6    0    0    0    0    0  255  255   88  143    7    0  238   15    0    0    0    0    0    0  112    0    1    2    0    0    2    0    8   18  160  183  247  244  255   15  128  233   19    2  236  123  240  247   31  126    0   10    0    0    0  120  224  193  195  255  253  255   26 
   1  254   15    4    0    0    0    0  226  255  141  141  199    1  238  223    1   64    0    8    0    0    0    0    0    0    0    0    6    0  161   16   32   36  129    0  255  111  223  125  251    2  252   87   34  229  193  127  240   15  250    0  128  127  254  253  255  255  253  255   33 
 160   31    0    0  128   17    8  172  255  183   15  142    7    0  238   79    0    0    0    0    0   15   96  128    1    2    0   28  134    0    1   92  137  215  247  255  255  127  253  149   34    0  244  133   15  222    3  126    0    8    0    0    0  120  224  193  195  235  123  255   39 
   1   12  108   52  140   17    0   64  215  189   64    3    0  128  239  199   31  128    7  248    0   15  112  128    0    0    0   28  128    0    0    0  224  247    5    2  239   27    1    4  250  186  254    1  136   53    0  128    7  248    0   15  112  128    1    0    0  224  121  255   24 
   1   24    0    0  128   17    0  165  242    4    9   15    0    0  238   63   30  192    7  248    0   15  112    0    0    0    0    4  128    0  128   42  225  239   85    9  223   10  132   18   37   52   18  222    8  117    0    0    0    8    0    0  240  120  224  193  195  227  121  255   60 
 128   95    2    0    0   17  136  255  159  208  141  143    7    0  238   55    0    0    0  128    0   15   96  128    1    2    0    4  128    0   72  190  159  238  255  255  255  239  230  251    1    0   24  255    0  255    1  126    0    8    0    0    0  120  236  253  255  255  123  255   60 
 192   25    2    0    0    0  192  255  223  255   11   15    4    0  238   63   24  128    7  248    0   15  112  128    1    2    0    0    0    0  129  255  255  255  255  253    0   48  252    0    0  224  251  255   15  245    1   96    0    0    0    0    0  120  224  193  195  247  253  255   62 
 192   29    2    4    0   17  160  254  223  255  129   13    0    0  238   63    0    0    0  248    0   12  112  128    1    2    0    0  132    0  181  254  255  255  167    8  255  127  127   17  178   34  252  255    0  247    1   96    0    0    0    0    0  120  254  255  255  255  121  255   62 
 161   18   12    4  128   17  192  191  226    7   15    3    0  128  239  207   31  224    7  248    0   15  112  128    1    2    0   28  134    0  192  127  179   88   16   11  191    1  129   23   46   44   20  128   15   48    0    0    0    0    0    8  240  120    1    2    0  224  123  255    1 
   1   13   14    4    0   16  192   62  195  250  129    1    4  128  239  223   31  224    7  248    0   15   16    0    0    2    0    0  132    0  202  255   31    0  248  255  205   15  128  255   17   48  253  127    0   74    0    0    0    8    0    0    0  251  255  255  251  255  123  255   11 
   1    0   62    4  128    0    0    0    0  200  240    1    0    0  238  223   31  224    7  248    0   15   64  128    1    2    0   12    2   16   64    0    0    0    0    0   36   96  185  231    8  200  229  128  255    3    0    0    0    0    0    6   48    0    0    0  224  243  255  255   15 
  65   13  126   60   14   17  200  110    2  248   11   14    0    0  255  223  255  225  127  248   15  255   48    0    0    0    0   16  132    0  195  167  127  105    8   12    0  144   14   24  246  247   27  254    0  192    7  224    1    8    0    0   16    0    0    0    0  240  255  255   62 
  33   15   12    4  128    0   48  192   93  239  252    1    0  128  255  199    1   64    0    8    0    0   16    0    0    0    0   24  134    0  244  128   10    0    0    0  247  175  238  190  117  253  187  110   85   26    0   32    0    0    0    0  240  255  254  253  255  243  253  255    8 
   1  140   15    4    0    0    0   64    0  248  240    0    0    0  255  223   31  224    7  120    0    5    0  128    0    0    0    0    0  255    1    0   64    0    8    0    0  176  255  184   65  253  255  255   93   26    0    0    0    8    0    0  128  255  254  253  255  255  255  255   11 
 224   31    0    0  136   17  216  255  190   23   15    4    0  128  255   55   30  128    7  240    0   15   48    0    0    0    0   28  132    0  159  255  255  255   39   43  178  151   61   20  252  255   23  132   15  193    1   32    0    0    0    0  240  123  225  199    3  224  123  255   62 
 160   31    0    0  128   17   24  157  254   23  143   12    4  128  255   15   30  160    7  240    0   15   96  128    1    2    0   28  134    0   31   80  133   93  243  255  255  223   21   85  174   41   84  132   15  195    1    0    0    8    0    0  240  120  225  195  195  227  123  255   39 
   0    8   30    4    0    0    0   64   31  248  120    3    0  128  255  255   63  128    7  248    0   15    0    0    1    2    0    0    2    0    1    0   64    0  248  254    0  112  255  232   65  210  255  123  249   52    0    0    0    8    0    0   32  248  224  193  195  255  249  255   31 
 160   31    0    0  128   17  248  191  234    7  141   13    4    0  238    7    0   32    7  224    0   15  112    0    1    2    0   28  134    0  222  255  159  127  243  239  255   15    0    1  190    1   88  150    2  199    1   96    0    8    0    0  240  127  255  255  255  227  123  255    1 
 160    7    6    0    0   17  152  255  255   23    3    2    0    0  238  103   30  128    7  240    0   15   80    0    1    2    0   16  132    0   79  255  159   70  249  255  255   15  128  255  163    0   80  222    2  225    1   64    0    8    0    0    0  127  255  255  255  255  123  255   48 
   0   13   14    0    0    0  112   42  117  175  112   15    4    0  254  207   31  128    7  240    0   15   48    0    0    0    0    0  134    0  245  186  187  238  214  221  221   15  128  251   17   20  137  126  192  158    1   96    0    8    0    0    0  120  224  193  195  255  255  255   15 
  64    9    2    4    0   16    8   64   31  248   19    2    0  128  255  103   30  128    7  248    0   15    0    0    1    2    0    0  132    0   39    0  224  247  207  156    0  113  255   57   83   82  254  127  153   48    0    0    0    8    0    0    0  123  236  251  251  255  123  255   56 
 160   23    0    0  128   17  248  191  246    7   15   15    4    0  255   31   30  128    7  240    0   15  112    0    1    2    0   28  132    0  245  255  159  233  253  255  255   15    0    0  252  254   11   95  128  244    1   64    0    8    0    0  240  127  239  223  199  227  123  255   24 
   0   12   82   40   14   16   24  192  223  255   15   14    0  128  238  119   30  128    7  240    0   15   64  128    1    2    0    0  132    0    7    0  192  230  255  255  205   11  128  253    1   96  252  255    1  224    1    0    0    8    0    0   32  248  225  193  195  235  123  255   33 
 224   18  112   60  142    1  248  251   45    0  118    8    4  128  239   63  222  192   55  248   14  111   64  128    1    2    0   28    2    0  191  253  254  191    7    3   52  240  251  231   12   76    4    0  247    8    0    0    0    8    0    0  112  128    1    0    0  224  123  255   37 
 225   18    0    4  128    1  216  255   37    0  114   12    0    0  238   63   28  192    7  248    0   15  112  128    0    0    0  156    0    0  159  255  255  255   23    0   21    1  128   38    4  252    3  136  127  200    1   32    0    0    0    0  240  255  242  229  255  227  255  255   55 
 160   15  118   56  142   17   56  189  254   23  143    7    0  128  255  199  254  161  127  240   15  255   16    0    0    0    0   28  132    0  127  164   31  104  176  255  251  223  126   26  254  247   11  126    0  222    0   32    0    0    0    0   16    0    0    2    0  248  255  255   63 
   1    8   30    4    0   16  176   64    0  232  254    5    0    0  238  255   31  224    7  248    0   15   80    0    0    2    0    0  128    0   62    1   64    0   88   68    0   32  162  235   17  212  235  127  240  202    0    0    0    0    0    0    0    0  224  193  195  255  255  255   63 
 160   31   96   60  142   17  120  191  242   23    9   15    4  128  255   55   30  224    7  240    0   15    0  128    0    0    0   28  134    0  254  238  191   89    5   11  255  159   69   22  237  254   23  132   15   53    0   32    0    0    0    0  112  248    1    0    0  224  253  255   60 
 160   31    0    0  128   17  120  191  242   23   15    7    0    0  255   55   30  160    7  240    0   15  112    0    0    0    0   28  132    0  247  246  159  253  183  255  255  223   68   17  254   35   16  246    8  119    0    0    0    0    0    0  240  120  225  195    3  224  123  255   52 
 193    0  126   60    6    0  200   10    0  232  114    8    4  128  239  223   31  224    7  248    0   15   96  128    1    2    0    8    2    0  207  105  106   18    2    0   36  160  169  230    1  236  167  128  255   10    1   96    0    8    0    0   32  128    0    0    0  252  253  255   24 
  65    0  126   60   14   16  216   64    0  240  127   15    0  128  238  231  255  225  127  248   15   31  112    0    1    2    0    0  128    0  255  183  244   44  157    0    0   64    0   75  223    3    0   90  250  181    1   96    0    8    0    0    0    0    0    2    0  252  127  255   48 
  65    8   14    4    0    0  200   64    0  232  126    0    0  128  238  231   31  224    7  248    0   15    0    0    0    0    0    0    0    0  229    9   96    2    8    0    0  176  255  236    1  252  255   59  246    3    0   32    0    0    0    0    0  248  240  225  255  255  255  255    0 
 224    7  112   56  142   17  248  255  187    0  133   13    4  128  239    7   30  128  119  240   14  239    0    0    0    0    0   28  132    0  252  255   95  251  127  255  240  180  127  158  188  255    3  132    0  223    1    0    0    0    0    0  112    0    0    0    0  224  255  255    0 
  65    0  120   60  142    0  160   64    0  232  112    3    0  128  255  199   31  128    7  248    0   15    0  128    1    2    0   12    2    0   48   64  224  215    7  130   32   89  105  165   75   75  254  129  223  188    1   96    0    0    0    0   16    0    0    0    0  240  253  255    1 
   0   18   36   16  148    2    1  193  125    0  112   22    2   82  224  247  140    2   35   96   20  118  241   11    0    0   92   44   10   48   96  103  194  153   56  211   51  129    1    6   78   79    7  128  223  120   60    0    2  224    1   31  248  192    3    0    4    0  248  255   63 
 192    9  114   60   14   16  192  127  159  248    3    2    0  128  255   63   30  128   79  248   11  159    0    0    0    2    0    0  132    0  224  219  255  246  223  124  129    0  128  255   33   32  253  191    6   11    0   64    0  136    0    0   64  128    1    2    0  252  123  255   52 
   1    0   12    4    0    0    0   64    8  248  182    0    0    0  238  231   31  128    7  248    0   15  112  128    1    2    0    0    2    0    0   64  128   16  248   58   35    2    1    4  202  136  252  129   63    1    0  128    6  240    0   15   32  128    1    0    0  224  249  255   48 
   1   18  124   60  142    0   64    0  224    5    9    3    0  128  255  231  255  225   55  248    0   15  112  128    1    0    0   12    0    0  192   32   32    8    0    1  223  251   76    2  102  102    2  254   11  244    1    0    0    0    0    0    0  128    1    2    0  224  249  255   48 
  65    0  126   60   14   16  216   72    0   96   54   12    0    0  238  207  255  225  127  248    0   15  112    0    0    0    0    0  132    0  207  191  102    0    8    0    0  240  154  107  212  212  104  126  240  193    1   96    0    8    0    0    0    0    0    2    0  252  123  255    8 
 224   15  114   56  142   17  248  255  159  253   11    2    0    0  255   39  254  225  127  255  239  255    0    0    0    0    0   28  132    0  247  245  127  245  135   74  168  215  127  245  255   43  252  129   15   11    0    0    4  224    0   14  112  248    1    2    0  248  127  255   56 
 224    9   66   60  142   17  248  255  159   16  135   12    4    0  238   39   30  128  119  248   15  239  112    0    1    2    0   28  132    0  254  255  255  255  159   93  152  192  134  251  247    3   16  254    0   10    0    0    0    8    0    0  240  255  225  195    3  232  123  255   62 
  67   25  124   60   14   16  192   38  194  248    1   15    4    0  238  127  254  129  127  240   15  255  227  128    3    6    0    0  128    0  129   28   41   71  226    8  206  125  255   16    0   32  252  255   13  218   31  224    7  248    0   15    0    0    0    0    0  228  121  255   30 
  65    8  126   12    0   16   88    0    0  248  175    0    0  128  255  255  255  253  127  248    0   15   48  128    0    0    0    0  132    0  143    4   32    1    0    0  194  114  126    0  240  243  255  127    0  229    3   96    0    0    0    0    0    0    0  250  195  255  123  255   63 
   1   24   12    4  128    1   32   64    2  184   11    3    0  128  255  255   31  224    7  248    0    1    0    0    0    0    0    0  132    0   33    0    0    0   72   12    0   32  198  255   49   48  250  127    0   62    0    0    0    8    0    0  240  255  255  253  255  227  121  255   39 
 240    7  114   56  142    1  200  255  191    7  255    3    0  128  255    8  206  129  127  240   15  255    0    0    0   32   56   28  134    0  202  247  255  253   15  127  240  148  127  254  255  255    3  166    4   11   24    0    6  240    0   15  112  128    1    0    0  240  255  255    7 
  33    8  126   60   14   16   48    0    0    0  254   15    4    0  254  223  255  225  127  248   15  255  112  128    1    2    0   28  134    0  116   15  192    2  120   14    5    0  128    0    0  248  255    7    0  218   15  224    1   24    0    0    0    0    0    0  192  227  255  255   31 
  33   24   12    4    0   17  112    0    0  248  255    1    0  128  255  199   31  224    7   24    0    0    0    0    0    2    0   24  134    0   52    0   96    0    0    0    0  240  127  141  250   27  253    3  112   11    0   32    0    0    0    0  240  127  255  255  195  231  121  255    8 
 224   31    0   56   14   17  128  255  255   23  143    4    0    0  254   55   30  128    7  240   15  255   16    0    0    0    0   16  134    0  129  255  255  255  191  255  211   11    4  122  255  247   26  254    0   96   16    0    0  128    0    8  112  248  225    3    0  232  123  255   53 
 224    7  114   56  142    0  216  255  127   39  122    2    0  128  255   63   30  128   55  248   15  255    0    0    0    0    0   28    2    0  199  127  255  218   31  251   49  143  153  246  237  239    7  128  255    0    0    0    2  192    0   14  112  192    1    0    0  240  253  255   62 
 161   18   40   20  132    0    8  137  101    7  114    4    0  128  238   55  158  224   55  248    6   79  112  128    0    0    0   12    2    0  195  111  254  153   21    2   49    0    1    6  204  238    7  128  255  224    1   32    0    0    0    0   48  248  224  193  231  243  253  255   60 
 192    2  114   56   14    0  216  187  125  103  126    8    4  128  255   63  254  129  127  240   15  255   20    0    0    0    0    0    0    0  143  183  254  175  191  245   88  211   26  107  214  147  104  122  240   33   16    0    4  224    0   15  112    0    1    2    0  252  127  255   52 
 128    7    2   12    2    0  216  123   29  233  118    8    4  128  238   55   30  128    7  240    0   15   16    0    0    0    0    0    2    0  199  239  158  162   81  245  117   47  152  238  193  252  235  123  243  193    1   96    0    8    0    0    0    0  224  193  227  255  255  255   53 
 160    7   18   24   14    0   56  208  125  231  254   13    4    0  238   63   30  128    7  240    0   15    0    0    0    0    0   24    6    0   31    0  224  251  127  247  119   15  123  236  217  255  239   19  240  131    0   32    0    0    0    0    0  120  224  193  227  255  255  255   63 
  32    6  114   56  142    1   56  192  255   71  244    1    0    0  255  127  254  129  127  240   15  255   16    0    0    0    0   28  132    0   30    2  192   24   31  239   49    6    0  222  255  255  199    0  238   79   30  128    7  240    0   15   96  128    1    0    0  240  255  255   55 
 160   23    0    0  142   17    0  191  255    7  141   15    4    0  238   55   30  128    7  240    0  239  112  128    1    2    0   28  128    0   96  255  159  255  255  255  255  143    0    2    4    4    1  184  127  203    0    0    0    0    0    0   64  248  225  195  195  227  123  255   55 
 128   31    2    0  128   17    0  191  255   23  133   12    4    0  238   31    0    0    0  240    0   15  112    0    1    2    0   16  132    0   10  254  191  255  247  255  255   79  128    1    2    0    8  126  128  254    1   96    0    8    0    0  128  127  254  253  255  235  123  255   10 
 128   15    2    0    0   17    8  191  255  255  141   15    4    0  238   31   16  128    7  240    0   15  112  128    1    2    0    0    6    0   52  254  159  255  255  255  255  111  132  125    3    0  124  213   11  229    1   32    0    0    0    0    0  127  255  255  255  255  123  255    1 
  32   14    6    0    0    0   48  128  251  207  228    1    4    0  254  223   30  128    7  240    0   15    0  128    0    0    0   16  134    0   60    0    0    0  248  255  213   14  128  250   53  255   27  254    0   31    0   96    0    8    0    0    0  120  224  225  255  247  253  255   31 
   1   30  124   56   14   16   32    0  240  199  252   11    4    0  255  255  255  161    7  240    0  255   80    0    1    2    0    0  128    0   48    0    0    0  240  255  255   15   64  137   19   19  239   99  248  254    1   32    0    0    0    0  112  128    1    2    0  224  253  255   30 
 128   31    0   40   14   17    0  255  255  255  137   15    4    0  238   15   30  128    7  240   15  255   48  128    0    0    0    0  132    0   97  255  223  247  255  255  133   14  128  244   33  232  255  253   15   63    0    0    0    0    0    8  112  248  225  195    3  236  123  255   55 
   1   22  124   60  142    1   96    1  224    7   72   15    0    0  238  231  255  227  255  240   15  255  112  128    1    0    0   28  128    0  224   46   48    9   36    1  255  159   64    2    4  254    3  192  207  254   31  224    7  240    0   15    0    0    0    2    0  224  121  255   56 
 192   15    2    0    0   17   32  255  255  255    3   14    4    0  238   55   30  128    7  240    0   15   96  128    1    2    0    0  132    0  103  255  223  255  255  255  255  111  166  249    1   32  252  255    4   74    0    0    0    0    0    0  192  127  255  255  211  255  123  255   37 
   1   14   12    0  128   17   32    0  224  135  205    3    4    0  254  247   31  160    7  240    0   15  112    0    1    2    0    0  128    0   96    0    0    0   32  128  255   31   68    0   42   43  151  197  140   63    0    0    0    8    0    0   64  248  225  195  195  227  121  255   62 
   1   24  108    4  128   17  192  129   32    0   80    3    0    0  238  231   31  224    7  248    0   15  112  128    1    2    0    4    0   16  192   11  160    0    0    0    1    0  128    8    0   92   14   67  176   52    0    0    0    0    0    0  240  127  227  199  199  227  123  255   32 
  65   16  252   60  142    0  192    2    0   40  112   14    4    0  238  199  255  231  255  249   63  255  112  128    1    2    0   12    2    0  193   95  226  151  104    2   38  112  137    4    0   72  100    1  255  240   31  224    7  248    0    7    0    0    0    0    0  236  121  255    0 
   0   13  114   56   14   16  112   62  210  255  137   15    4    0  255  119  254  129   79  240   15  255    0  128    0    0    0    0  132    0  124  128   17   64  248  252  192   44  254  248  177  243  255  255    8   63   30  224    7  240    0   15   64  128    1    2    0  252  123  255   60 
  65    0  126   61   14    0  200   74    0   40  114   12    4    0  238  199  255  239  127  251   47  127  112  128    1    2    0    0    2    0  131   31  230  135  105    0    0  112  136    0    0    0  104  122  243  192   31  224    7  120    0    7    0    0    0    0    0  252  253  255    0 
  65    0  126   60   14    0  200   64    0  232  114   12    4    0  238  223  255  255  255  251    7   31  112  128    1    2    0    0    0    0  195  159  226    3    8    0    0   16    0    0    0   16  236  123  240  192   15  224    3   56    0    3    0    0    0    0    0  244  253  255   15 
 255    9  126  191   15   17  216  127    0   32   19   10    4    0  238  207  255  255  255  255  255  255  238  135   31   62   32   20  132    0   15  189  103  239  233   61   76  242  255  121    2    0  120  126   32  161   31  224    7  248    0   15   16    0    0    0    0  240  253  255   62 
  32   29   14    0    0   17   56    4  226  255  133    0    4  128  255  223   31  224    7  240    0   15    0    0    0    0    0   24  134    0   62    0   32  245    6    0  255  255  127  189  250    3  252  167   68  218    1   96    0    0    0    0  128  127  254  255  255  255  253  255   31 
  65    8  126   28    0    0  200    0    0  232  112    0    0  128  238  207  255  224   15  248    0   15   48    0    0    0    0    0    0   32  195    3   96    0    0    0    0    0  128  168   64  248  255   59  241  200    3   32    0    0    0    0    0    0  224  225  251  255  253  255    1 
  65    0   30    4    0    0  200    0    0  232  114    0    0  128  238  199   31  224    7  248    0    7    0    0    0    0    0    0    0   32  195    1   32    0    0    0    0  176  255  248   64  252  251  126  113  200    0    0    0    0    0    0    0  127  254  253  255  255  253  127    0 
 224   25  120   60  142   17  216  255  142   16    7    0    0  128  255   39   31  225   71  248    8   15    0    0    0    0    0  156  132    0  223  255  255  255   15   43  128  128  159  255  255  254   16  148    3   33    0   96    0    8    0    0  112  120  225  195    3  224  123  255    1 
 224    7  114   60  142   17  248  255  159   80  135    0    4  128  239   55  254  201  127  255  239  255   12    0    0    0    0   28  134    0  223  123  127  222   79  107  160  224  253  255  173  173  213  132   15   11   30  128    7  248    0   15  112  128    0    0    0  252  255  255   52 
   0   30  118   56   14   16   24    0  223  255   15    4    0    0  255   15  254  129  127  240   79  255  127    0    0    0    0    0  132    0   95  151  159   32  249  254  195   10    0   72  250  243  255  127   32  231   31  160    7  240    0   15   64    0    1    2    0  252  123  255    7 
   0   12   30   12    0    0    8   64   95  253  114    2    4  128  255  207   63  128    7  248    0   15    0  128    0    0    0    0  128    0    7    0   96  226    7   16  196   41  255  253   65  248  255  255   25  248    1   96    0    8    0    0    0  248  254  249  255  255  253  255   10 
 224   19  114   60   14    0  248  255   29   72  240   12    4    0  255   31  254  209  127  252  207  255  120    0    1    2    0    8    2    0  191  245  126  191  175  247   24  240  123  171  223    7    0  106  253  126   31  128    7  248    0   15   48  128    0    0    0  248  255  255    3 
 224    1  122   60  142    0  248  255   31   72  244   12    4  128  255   31   30  192    7  248    0   15    0    0    0    0    0   28    6    0   63  211  236  255  159  119    0    0   33  239  254   11  237   32  118   75    1   64    0    8    0    0    0  248  224  193  227  255  255  255    7 
   1   28  126   56   14   16   24   64   95  253  112   14    4    0  254   95  254  133  127  241  239  255  127    0    0    2    0    0    2    0   39    2  128   33  188  244   67   11    0    8  242  211  255  127  240  245   31  128    7  240    0   15    0  128    1    2    0  252  249  255   11 
  64   25  112   56   14    0   32   64  223  255   23   12    4  128  239   15  254  129  127  248  255  255   15    0    0    0    0    0    2    0   32   74  224  247   87   18  165   15  128  253    1  232  255  129   95  216   26    0    2  208    0   13   96  128    1    0    0  240  253  255    1 
 160   23  114   56  142    1  248  255   60    5  126   15    4  128  255   31   30  128    7  240    0   15  112  128    0    0    0   28  132    0  255  255  159  169  254  255  211   13    0  170  245  247    3  126  217   60    0   32    0    0    0    0  112  120  224  193  195  227  255  255   31 
 192   15  114   56   14   16    8  190  255  255    1    8    4  128  238  231  254  129   15  240   15  255   96  128    1    2    0    0  132    0  195  255  159   66   80  108  255   47  132  255   33  252  255  255    0  195    1    0    0    0    0    0    0  248  225  195  195  255  123  255   24 
 224   19  112   56  142    1  248  255  255    7   31    2    4  128  239   55  222  129  127  240   15  255    0  128    1    2    0   28    0    0  255  255  255  222  223  251  189  175  221  247  109  236    3  128   31   48   28   32    7  224    0   14  112  248    1    0    0  224  253  255   63 
 225   19   32   52  132    1  248  251   61    0  246    8    4  128  239   55   30  192    7  248    0   15  112  128    0    0    0  156    3    0  159  239  255  255   39    2   34   18   17    0  140  254   71  128  255   39    0   64    0    8    0    0  240  255  242  193  231  227  255  255   56 
  65    0  126   60   14    0  184   64    0  232  244   12    4  128  238  135  255  225  127  248    7   95  112  128    1    2    0    0    2    0  254   75  238   18   91    0    0   32  128  228    1  204  231    1  255  195   15  224    3  120    0    1    0    0    0    0  192  255  253  255   32 
 225   13  126   60  142   17  240  253   30  128  207   15    0    0  254   79  255  193  127  248   15  255  112  128    1    0    0   28  132    0  191  213  104  189  175   70  106  244  123    9  222   19  236   35  240  158   31  224    7  240    0   15    0    0    0    2    0  252  127  255   52 
  97    8  126   60   14    0  240   66    0  200  240   13    4    0  238  199  191  224   47  248    5   15  112  128    1    2    0    0    6    0  188  141  232   35  110    4    0   48   34    0   16  216  239  123  240  222   15  224    3  120    0    3    0    0    0    0  192  255  255  255    0 
 225   31  124   60  142    1  120   63  242  151   11    3    4  128  255  199  255  129  127  248   15  255   32  128    1    0    0   28  134    0  245  105   31   90   76  187  180  187  253  246   41  236   23  133   15  180   31  224    7  248    0   15   16    0    0    0    0  244  253  255    0 
 193    0  122   60  142    0  192  243    1    0  240   11    4    0  238  199  255  161  127  240   15  255   64    0    1    2    0   12    2    0  128  184   32   46  192    5  126  246  251  207    4   20    0   50  240    7   31  192    7  248    0   15   48    0    0    0    0  248  255  255    1 
 193    9  126   60   14    0  192   63  128   24  129   11    4    0  254  135   31  224    7  248    0   15    0    0    0    0    0   28    2    0  192  251  255   74    0    8  128    0  132  255   37  252   19  132    8  191    1   96    0    8    0    0   16  120  224  193  195  247  253  255    0 
 225    1  122   60  142    0  192   65    0    0  254    9    4    0  255   15   31  192    7  248    0   15  112    0    1    2    0   28  134    0  128  209   96   52   10    0    0  240  251  239  159   25  204    2  240   11    1   64    0    8    0    0  112  120   64  192  195  227  127  255    1 
  65    8  126   60   14    0   88    0    0  248    3   14    0    0  254  247  255  255  127  248   15   31  112  128    1    2    0    0  132    0  223   12   32    3   64    0  207  123  150    0    0   48  252  255    0  225    7  224    1   24    0    0    0    0    0    0  192  255  121  255   53 
  33   24  124   60   14   17  120    4  128  248    1   15    4    0  238  247  255  253  127  240   15  255  112  128    1    2    0   16  134    0  167  150  161  117  180    8  239   95    4    0  250    2  252  135    0  244   31  224    7  248    0    7    0    0    0    0    0  228  249  255   60 
  33   24  124    4    0   16   48    0    0  248  143    0    0  128  255  255  255  225    7  248    0   15  112    0    0    2    0   16  132    0  117   15    1    0  248  255    0    0    0    0   32   48  252  143    0  216    3   96    0    8    0    0    0    0  238  253  255  231  121  255   30 
 248    7  114   56   14    0  200  255  190    7   15    3    0  136  255    0  254  129  127  240   15  255    7    0   16   60   60   28  134    0  200  241   63  248    3   63  240  207  127  255  255  255    3  132    0    0   30  128    7  240    0   15   48  128    0    0    0  252  255  255   55 
  33   16  124    4    0    0   56    0    0  232  244    0    0  128  255  223  191  225    7  248    0   15    0    0    0    0    0   24  134    0   26    0  224    0   24    0    1    0    0  136  220  255  139   58  240  203    1   96    0    0    0    0    0  120  254  255  255  227  121  255   31 
   0    2  114   56   14    0   24  208   61  231  254    1    0  128  255  127  254  129  127  248   15  255    0    0    0    0    4    0    0    0   31  130  228  160   29  164   65    2  128  239  221  223  239  123  242   37   30  128    7  240    0   15  112    0    1    2    0  232  127  255   53 
 160    7   50   56   14    0   24  249  125  231  254   12    4  128  238   63   30  128    7  240    0   79    0    0    0    0    0   12    2    0   31    0  228  251  127  246  103   47  153  236  129  252  239   25  255   33    0    0    0    0    0    0    0  128    0    0  192  255  255  255   63 
 128   31    0    0  142   17   64  191  255    7    9   15    4    0  238   15   30  128    7  240    0   15  112  128    1    0    0    4  128    0    8  255  255  255  255  255  247   15    0    2   36  254    3  254    9  116    0    0    0    0    0    0  240  255  255  255    3  224  127  255    3 
 160   23  112   56  142   17   64  191  255    7   23    4    0    0  255   15  222  225  127  248   15  255   16    0    0    0    0   28    0    0  192  239  255  249   63  251  147  133    0  178  252  255    3  172   15   24    0    0    4  192    0   14  112  248    1    2    0  224  123  255   11 
  32   14  118    0   14    0   48  128  251  207  236    1    4    0  255  255   31  128    7  240    0   15   16    0    0    0    0   16  134    0   60    0    0    0  248  255  255   15  166  223  191  179  219  119   64  207    1   96    0    8    0    0    0  120  224  195  195  255  255  255   55 
 128   15   66   56   14   17   32  254  255  255    9   15    4    0  238   55   30  128   15  240    9  191    0    0    0    0    0    0  132    0  224  223  191  244   23  252  233   15  102  253  251  243  255  255   12   62    0    0    0  128    0    8  112  250  233    3    0  252  123  255   52 
   1   30  124   56  142   17   32    0  224    7  205    3    4    0  254  255   31  160    7  240    0   15  112    0    0    2    0    0  128    0  112    2    0    0  112  205  255   15    0   18   37  255    3  230  140  254    1   96    0    0    0    0    0    0  225  195   67  227  253  255   62 
  71   16  252  189  142    1  200   74    1  104  112   12    4    0  224  207  255  239  255  251  127  255  240  135   15    6    0    0    0    0  195  159  230  167  233   16   14  112  152    1    0    0  104  122  243  192   31  224    7  248    0   15   16    0    0    0    0  224  123  255    8 
  30   29  244   56   94   16   32    0  146  254  205   19   44   10   16  216  254  159  127  240   15  255  143    7   30   60   60    0  132    0   48    2  129   64   92  252  197   15  132  255   49  243  255  255    8   63   30  128    7  240    0   15   96  128    1    2    0  224  249  255   63 
  65    0  126   60    6    0  192   64    0  232  114   12    4    0  238  199  255  229  127  249    1   15  112  128    1    0    0    0    0   32  193   15   98    1    8    0    0   48    8    0    0  204  100  152  255  192    7  224    1   24    0    1    0    0    0    0  224  255  253  255   32 
  65    0  126   12    0    0  200   64    0  104  114   12    4  128  238  247  255  228    7  248    0   15    0  128    0    0    0   12    0   32  193   33  102    0    8    0    0  128  152  106  196  252    3   26   51  224    1   96    0    8    0    0    0  127  254  253  255  255  249  255   33 
   0   29  114   56   78   17   48    2  223  255  224   13    4    0  254   31  254  129  127  240  143  255  127  128    1    0    0    0  134    0   60   12  105  243  103  108  198   63  127   16   32  248  255  255    4  207   31  192    7  248    0   15  112  128    1    2    0  248  255  255   30 
 224    3  122  188  143   17  216  255   14   80  135    8    4  128  238   31  254  249  127  255  239  255   12    0    1    2    0   28  134    0  159  121  111  222  203  123  188  247  255  255   47    0   20  132   15  131   31  224    7  248    0   15   48  128    0    0    0  252  255  255    7 
 225   16  120   60   14   17  216   95    0  112   23   12    0  128  255  143  255  233  127  250   79   15   64    0    1    2    0   28  132    0  207  251  239  190    9    0    0  224  155  255    0    0  100   24  115  129    5  224    1   40    0    0   16    0    0    0    0  236  123  255    3 
 224   19  114   60  142    1  248  255   63    0  118    0    4  128  239   63  254  145  127  252  207  255   12    0    1    2    0   28    2    0  191  245  110  255  175  115   58  247  127  163  222    7    0   56  247   10   30  224    7  248    0   15  112  128    0    0    0  224  255  255   31 
   0   31  114   56   14   17    0    4  255  255    1    0    0  128  255    7  254  129  255  247  255  255   15    0    0    2    0    0  132    0    0    2  226  244   23   28  225    5    0  253  255  251  255  175   17   24   30  128    7  240    0   15   96  128    1    2    0  236  123  255   37 
 160   23  112   56  142    1  248  255   61    0  254    0    4  128  239   39   30  128  103  248  142  239  120    0    0    0    0  156  135    0  255  255  255  253  159  255  113   15    0  255  255  255    3   42  240   10    0    0    3   96    0    6  240  252    0    0    0  224  255  255   56 
 224   19  112   60  142    1  248  255   61    0  126    3    4  128  239   39  222  129  119  240  142  239    8  128    1    2    0   28    3    0  255  121   30   30  207  243   60  238  249  255   13   12    4    0  255   55   30  192    7  248    0   15  112  128    0    0    0  224  253  255   56 
 193    0  126   60  142    0  248   66    0  200  240   13    4  128  238  135  254  161  127  240   15  255  112  128    1    2    0   12    2    0  126  111  220   27  127  243   52  160  193  134    1  204    7  128  255  191   31  224    7  248    0    7    0  128    0    0    0  252  253  255   32 
 231   16  124   60  142   17  176  227   89    8  240   15    4    0  230  199  255  193  127  248   15  255  240  135   31   62   48   28  134    0  190  244   56   61  167  199  126  255  123  143  222    3    8    2  240   95   30  128    7  248    0   15   96  128    1    2    0  236  123  255    0 
 225    3  122   60  142    1  248  251   25    0  240   11    4  128  238    7   30  192  103  248   12  207  112  128    1    0    0   28    7    0  255  127  255  219   95  235   32    0  129  246    9  236  215  129  239   55    1   64    0    8    0    0   48  120    0    0  228  243  255  255   32 
 225    1  124   60  142   17  240  231    2    0    9   15    4    0  238  199  255  193  127  248   15  255   96  128    1    2    0   28  132    0   52  248   17  126  204  239  252  248  255  255   15    0    0  128  136  119   30  128    7  248    0   15   64    0    1    2    0  252  127  255    0 
 225    0  126   60  142   17  240  251   17    0  240   15    4    0  255   71  159  129   71  248   12  143   96  128    1    2    0   28  134    0   52  245   96   61  174    7  122  240  123    9  222   19    8    2  240  158   31  224    7  248    0   15   16    0    0    0    0  248  255  255    0 
  65   24  124   60  142   17  192  255    2   16    1    7    0  128  255  199   31  224    7  248    0   15   96  128    1    2    0   24  134    0  192   95  247  215  117    8  143   40  132   16    0   32  244  197   15  180    1   96    0    8    0    0  240  127  254  253  255  227  121  255    1 
   1   14  124   56   14    0   32  128  240    7  232   15    4    0  238  255  255  161  127  240   15  255  112    0    0    0    0    0    2    0  112    6  136    0  120  255  243   13    0    0  124  255  155  103   68  222   31  160    7  240    0   15    0    0    1    2    0  224  249  255   30 
   1   24  124   60  140    1   64    1  224    5   64    3    0  128  255  247   63  224    7  248    0   15  112  128    1    2    0    0    0   16  192   12   48    0    0    0  255   57   64    0    0   40   54  197  137  244    1   96    0    8    0    0  208  120  227  223  199  227  123  255   56 
 193    0  126   60  142    0  200  251    0    0  112   12    4  128  238   39  223  224  127  248   15  111   96  128    1    2    0   12    2    0  131  249  102  190  201   35   28  240  251  111    1    0    0    0  243  225   31  224    7  248    0    7   48    0    0    0    0  252  253  255   52 
 224   17  122   60  142    1  248  255   15    0  167    4    0  128  255   31  158  192  127  248   15  207   80    0    0    2    0   28    6    0  255  255  255  254  155  127    0  192  176  255  254    1    0  188  103    3    1   64    0    8    0    0  112  128    0    0    0  240  253  255   15 
   0   24  114  248  127   16   24   64  223  255   31    4    0  128  255   15  254  159  255  247  255  255   95    0    0    2    0    0    6    0    7   74  227  246   87   26  165    5  128  253   97  104  255  141   15  216   30  128    7  240    0   15   32  128    1    0    0  252  121  255    1 
   1    0  126   60  134    0    8   64    0    8  240   12    0    0  254   95  255  193  127  248   15  127  112  128    1    0    0    0    2    0   75   15  192    3  120   36    1    0  128    0    0  252  239   19  242  193   15  224    3  120    0    0    0    0    0    0  224  255  253  255   39 
   0   18  114   60  142    0    8  129   36    1  126    4    0    0  255   55  255  193  127  248  111  255    0    0    0    2    0   12    2    0  131  103  224  155   63    3   51    0    0    6  204  255    7  128  255  192   31  160    7  240    0   15   48  128    0    0    0  240  253  255   53 
   0    6  118   56  142    0   56  193   61    6  252    5    0    0  255  255  255  129  127  240   15  255   48    0    0    0    0    8    2    0   62  230  140   57   59  231  115   14    0  130  222  223    3   32  244  207   31  192    7  248    0   15   16    0    0    0    0  240  255  255   55 
  33   14  126   24   14    0   48  128  121    7  252    9    4    0  254  223   63  128    7  240    0   31  112  128    0    0    0    0  134    0  126  134  128    0  120  255  195   15    0    0  252  255  251  127  224  207    1    0    0    0    0    0    0  176  255  255  195  227  255  255   15 
  33   30  124   56  142    1   96  163  224    7  120   15    0    0  252  255  255  227  127  240   15  255  112  128    1    0    0   28  128    0  240  108   27  219  100  155  246  189  111    0   44  254    7  128   13  252   31  224    7  240    0   15  112  128    0    0    0  224  249  255   31 
 160   31  116   58   78    0  248  189  184    7  255    3    0  128  255  152  254  177  127  246  143  255   15    0    0    0    0   16  132    0  254  163   31  104   16  253  209  143  102  250  245  255   19  254    0  222   30  160    7  240    0   15   64    0    1    2    0  232  123  255   31 
   1   30  124   56  142   17   48  129  225    7  240    1    4    0  255  223   63  161   15  240    0   31  112    0    0    0    0    0  132    0  124  134  136    0  120  253  215   15    0    0  244  247  203  127  228  223    1   32    0    0    0    0    0  120  255  255  199  227  121  255   15 
   0   15  118   56   78    0   48    0  223  255  141    1    0  128  255  223  254  155  127  240   15  255   15  128    0    0    0    0  132    0   60    0  129   96   88  252  197   15  134  252   49  255  255  255    0   31   30  128    7  240    0   15    0    0    1    2    0  252  123  255   31 
 193   16  124   60  142    1  192   43   65  173  112   14    4    0  232  183  255  225  127  249   15  255  112  128    1    2    0    0    2    0  193  125   54  155  100  147   54  249  217    0    0  204   34  201  255  240   31  224    7  248    0   15   32  128    0    0    0  244  249  255   62 
 225   17  120   60  142   17  216  223   15   16  135    8    4  128   14   39  254  193  127  250   79  255   64  128    1    2    0   28  128    0  143  249  102  190  203   55   60  242  255  239    6    4    0   16  243  129   31  224    7  240    0   15  112  128    1    2    0  224  127  255   32 
   0   12  114   56  126    0   56  112  223  255  254   13    0    0  254   15  254  129  127  246  255  255   63    0    0    0    0    0  132    0   31  135  253  225   63  252  195    2    0    0  248  251  255  255    0   39   30  128    7  240    0   15    0  128    1    2    0  252  123  255    3 
  30   13  114  250  127    0   56   64   93  254  252    1    0    8   17   88  254  159  255  246  255  255  191  135   30   60   60    0  132    0   62    0  193  225   63  252  195   30    6   16  240  251  255  255    0   95   30  128    7  240    0   15   32  128    0    0    0  244  253  255   31 
 224   19  112   60  142   17  216  223   47    0  135    8    4  128   46    7  254  129  127  248   79  255    0  128    1    2    0   28  132    0   31  121  110  222  203  115   60  246  255  255   15    5    0  128  119  139   31  224    7  248    0   15  112    0    0    0    0  224  255  255    0 
 225   16  120   60  142    1  248  255   31    0  160    8    4  128   46    7  254  129  127  240   15  255   64  128    1    2    0   28    2    0  127  121   92   30  203  243   60  228  249  247   15    0    4  128  255   15   31  224    7  248    0   15  112  128    0    0    0  240  255  255    0 
 225   17  112   60  142    1  248  255   45    0  182    0    4  128  239    7  158  129  103  248   14  239  112    0    1    2    0   28  134    0  255  247  207  188  187  127  121   64    1  239  254    1   12    0  112   11   29   96    7  232    0   14  112  136    0    0    0  224  255  255    0 
 193    0  126   60  142    1  184  114   25  200  240   15    4    0  238   71  254  129  127  240   15  255   96  128    1    2    0   12    0    0  124  121   92   30  206  243   60  248  249  231    1    0    4  128  255   63   31  224    7  248    0   15   32  128    0    0    0  240  255  255    0 
   1   30  124   60  142    1   96   63  224    7   72    3    4    0  238  191  127  224   31  248    3   63  112  128    1    0    0    4  128    0  240   44   59   75  100    0  247  191  127    0    0  252   19  236   15  252    5   96    1    0    0    0   16    0    0  194  195  227  249  255   63 
 161   22  120   60  142    1  240  187  113   15  112   15    0    0  240   63  254  225  127  240   15  255   96  128    1    0    0   28    2    0  244  237   26  153   38  211  118  189  123    0   92  255    3    0  253  222   31  224    7  240    0   15   48  128    0    0    0  224  253  255   30 
 190   15  242  251  127    0  248  189  176    7  127   71    0    8   17   24  254  255  255  247  255  255   15    7   28   60   60   28  134    0  255  225  127  232    7  205  208  141  127  254  253  255    3  254    8  190   30  224    7  240    0   15   16    0    0    0    0  248  255  255   30 
 193   16  122   60  142   17   96   43   97  173  112   15    4    0  232   55  254  225  127  248   15  255   96  128    1    2    0   12    0    0  225  109  126  155  100  131   54  249  255    2    0  236    3  192  255  180   31  224    7  248    0   15   48  128    0    0    0  244  253  255   56 
 225   17  112   60  142   17  136  223  143   16  129    8    4  128   14   39  254  129  127  248   15  255   64  128   13    2    0   28    2    0  139  121  108  190  203   99   60  240  251  239   15    0    4    0  247    3   31  192    7  248    0   15  112  128    1    2    0  224  127  255   32 
  97   16  120   60  142    1  192  251    0    0  126    8    4  128  238    7  158  192   39  248    4   79  112  128    1    2    0   28    6    0  128  255  244   63  253    7    8  112    3    1   10    0   12    0  240   37    1   96    0    8    0    0  176  248    0    0  252  227  253  255   32 
