   7   16  252   32  156   19  192   51   96   14  224  249  255  119  236  255  217   99  182    0    0  108  225  191  255   90   88   60   10   16  200  255   29    2  112  107  255  190  181   70    0  188    3  128  110    7   63  254  255  255  241   30  254  112    0    0    0    0  120  255   63 
 224  253    3    0    0   17  176  231  159  152  137  139  199  241  255  127    0    0    0    8    0    0    0    0    1    2    0   28  134    0   52  145  209  254  255  255  128  224  206  255   55   34   26  255    8   60   16   30  164  135  246  104  207  251  239  223  195  239  123  255   60 
 192   29    2    4    0    0  152   90   93  234  244   12    4  128  255   15    0    0    0    0    0    0    0    0    0    0    0    0    2    0   31    0  224  255   71   68   68   54  255  252   17  252  255  127  240   11    1   96    0    8    0    0   32  255  252  249  255  255  255  255   39 
 192  194    3    4    0    0  216   58   72  238  244  141  195  241  239   31    1   64    0    8    0    0    0  128    0    0    0    0    2    0  222   77  118   19    1   34   38  178  249   68  136  252  231   17  255  225   15  222  131  127  240    7   63  120  224  193  227  255  255  255   39 
   0    6    4    0    0    0    8   64  223  255  112    0  192  241  255  247   31    0    0    0    0    3    0    0    0    0    0    0    2    0    8    0    0    0  248  255  239  111  251  237  217  219  255    1  251   37    0    0    0  200  240    4  127  248  225  193  195  227  249  255   62 
 160  247    7    0  128    0  120   59  104   79  244  141  199  241  255  183    0   96    0    0    0    0   48  128    0    0    0    0    0    0  222  206  190   50   67    2  247   47  179  236    9  252  255    1  246  207    1  127  192   15  240    0  191  127  254  253  255  247  253  255   30 
  33   54    0    0  128   17  112  191  251    7  201   15    4    0  254   63   28    0    7  224    0   15  112  128    1    0    0   28  134    0  240  254  159   91  245  255  255   15    0    0   40  254   87  197   11  181    1   96    0    8    0    0  240  127  226  197  199  227  255  255   39 
 160   18    4    0  128    0   24  203  109    1  112  140  195  113  254   31    0    0    0    0    0    0   48  128    0    0    0   28    2    0    7  102  134  153  113  115   55  159    1    6  204  253    3  128  255  192    1   62  128    7    0    0  127  248  224  193  195  243  253  255    3 
  65  224    9    4  128    1   64  133  160    0    1  130  195  241  239  143    1   96    0    8    0    0  112  128    1    0    0   12    0    0  184  171  228  255    7    0    5    0  128  254    1  252    3   86  160   39    0   62  128    7  240    0  255  127  254  253  255  227  255  255    3 
   1  248   15    4    0    0    0    0  192  253    1  143  199  113  255  207    1   96    0    8    0    0  112  128    0    0    0    0  132    0    0    0    0    0   32    0    2  112  127    0  250    3  252  143    0  240    1  126  128   15  240    0    3  127  254  253  255  255  123  255    0 
  65    0   14    4  128    0  224   64    0    8  240    1    4    0  238  255   31  224    7  248    0   15   96  128    1    0    0   12    2    0   32    9   96   26   72    0    4  160  129  110    1  220    7    0  248   52    0  192    3  120    0    2   16    0    0    0  192  243  255  255   63 
 192  239    1    0  128    1  216   63  208  255   91  131  195  113  254   15    0   32    0    0    0    0   48  128    0    0    0    0  132    0   71  253   95  245  239  255  130  250  127    0  254  163  254  245   14   55    0   30  216    7  255  240  255  255  255  255  255  227  249  255    3 
   1    8   14    4    0    0    0    0    0  252  248    3    0  128  255  223   31  224    7  248    0   15    0    0    0    0    0    0    2    0   24    0   32    0    0    0    0   32  212  253  161  250  255  255  171  245    1   96    0    8    0    0    0  248  225  193  195  255  249  255    7 
 160  255    1    0  128   17   48  235  125    7  122  131  195  241  255  103    0    0    0    8    0    0   16    0    0    2    0   24  134    0  245  239  255  251   23  196  247   15  128  234   85  255  171  123  240   62   32   30  184    7  255  240  255  255  255  255  255  227  121  255   48 
  64  233   11    4    0    0  160   64   13  232  246    0    0    0  255   63    7  192    1  248    0    1    0    0    0    2    0    0    8  255   64    5   74    1  106   92    0  240  127    0   64  253  251  126   85   10    0   64    0    8    0    0  128  127  255  255  255  255  123  255   55 
  32  246    3    0  128    1  248  159  170   82  133  136  199  241  255   31    0   32    0    0    0    0   48  128    0    0    0  156  231    0  223  247   31    5  185  255  251   86   55    1  254    3  220   54   98    3  225   95  248   15  255  240  255  255  254  253  255  243  255  255   11 
 224   23  114   60  142    1  248  255  255   19    7    0    4  128  255   63   30  128    7  248    4   15    0  128    0    0    0   28    2    0  159  111  255  255   95  123  176  131  157  246  237  237    3  132   15    0    1   64    0    8    0    0  112  128    1    0    0  232  127  255   52 
  64    9   10    4    0    0   32   64   29  248  120    7    0    0  254   95    1    0    0   88    0    0   32  128    0    0    0    0    2    0  176    0  224  247    7    0    0  112  127    0    1  250  255  239  157  188    0   96    0    0    0    0  128  127  254  253  255  255  253  255   11 
  33  230   15    4  128    0   88  137   36   33  122  130  195  241  255  231    1   96    0    8    0    0   48  128    0    0    0  220  148    2  199   69  117   81   37    2  162   16   93    0  232  255  255  129   15   53  224   63  248    7  255  240  255  127  254  253  255  243  255  255   48 
 192    9   10    4    0   16  200  126    7  248   19    0    0    0  238   63   31  192    7  248    0   15    0    0    1    2    0    0    0    0  195  217   87    2  200  180    0   96  223  253    1    0  252   91  179   33    0    0    0    0    0    0    0  248  237  219  203  255  121  255   63 
 192   25    2    0    0   16  200  126  223  251  133   12    0  128  255   63   30  128    7  240    0   15    0    0    0    2    0    0  132    0  203  223  255  246  151   44  205   66  150  253  179    0  252  151   34  195    1    0    0    8    0    0    0  128  225  195    3  252  121  255   30 
 192   13  114   56   14   16  200  255  159  255  143    0    0  128  255   31  254  129  127  240   15  255   16    0    0    0    0    0  132    0  138  223  255  255   23  124  193    7    6  248  243  243  255  255    0    1   16    0    6  224    0   15  112  128    1    2    0  240  255  255   24 
 160   31   64   56  142   17   56  255  255    7  133   13    0    0  255    7   30  128    7  240   15  255   48  128    0    0    0   28  132    0   63  230  223  255  255  255  243  159   38  154  252  255   19  174    4  218   31   32    4  128    0   12  112  128    1    2    0  224  255  255   32 
 192  255    3    0    0    0   48  122   93  255  126  140  199  241  255   15    0    0    0    0    0    0    0    0    0    0    0    0  128    0   60  128  104  251   79  253  196  255  255  254   81  253  251  127  112  138  225  127  248   15  255    0  143  127  254  253  255  255  255  255   26 
  32   31    6    0  142   17   56  173  255    7   11   15    4    0  255  103   30  128    7  240    0   15  112  128    0    0    0   20  132    0  119   38  139  201  242  255  255  143    4   18  100  255   19  236   13  216   31  224    7  136    0    0  112  128    1    2    0  224  255  255   52 
  65   16  124   60   14    0    0    0    0    8  240   13    4    0    0  252  255  225  127  248   15  255  240  131   15   30    4    0    0    0  192  154  160   38  128    0   77   64  130    9   18    0  200  123  240  247    1   96    0    0    0    0   64    0    1    2    0   64  115  254   55 
   1  252   13    4  128    1    0  129   32    0  240  157    3    0  254   31    0   96    0    8    0    0  112  128    0    0    0    0  134    0  216  255  255   41   50    0    3    4    0    0  252  255  139   46   68  218   33  124    0    8    0    0  128  127  254  253  255    3  254  239    7 
   0   12   10    4    0    0  136   64   20  232  126    2    0  128  239  247   31  224    7  248    0    7    0    0    0    0    0    0    2    0   11    9  224  162   77   32    0   32  144  252    1  252  255  123  251   37    3  192    0   24    0    0    0  128  240  193  251  255  253  255   55 
 160   15    2    0    0   17   56  189  255   23  143    0    0  128  255   15   30  160    7  240    0   15   16    0    0    0    0   28  132    0   31  162  191  232   23  253  209  143  126  250  253  255   19  254    0   64   28    0    6  240    0   15  112  128    1    2    0  252  255  255   62 
   1    8   10    4    0    0   56   98   89  238  248   15    4  128  239  119   31  192    7  248    0   15  112  128    1    2    0    8    2    0   62    0  240   27   95  225    0   40  240  194    1  238  195  241  255  255   15  224    3  120    0    7    0    0    0    0    0  252  255  255   32 
 161  255    3    0  128    1  120  191  254  151  143   15    0    0  255   39    0   32    0    0    0    0  112  128    0    0    0   28  135    0  255  246   63   85  167  234  251  223  127    0  254  171  214  193  143   55    0   96    0    0    0    0  240  255  254  253  255  243  255   63    0 
   0   13   14    4    0    0  176   64   16  232  248    3    0    0  255  199   31  224    7  248    0   15    0    0    0    0    0    0    2    0  188  131  224   42    2    0   64    0  130  254   21  253  139  126  240   95    1   64    0    8    0    0    0  124  252  249  255  255  255  255    8 
   1   16    4    0  128    1   72    4  192  248    1   12    4  128  238   39   30  128    7  240    0   15  112  128    1    0    0   12    2    0    1   64  197  215  249   58  175   50   21   84  168  168  252  129   15  129    1   96    0    0    0    0  112   88    0    0   64  226  123  255   48 
   1    8   30    4    0    0  128   64    0  232  240    1    0    0  238  255   31  224    7  248    0   15   64    0    1    2    0    0  132    0    0    0    0    0  136    2    8   80   19    5  154    1  252    1  240    7    0    0    0  248    0    7   32  128    0    0    0  224  255  255   62 
   1    8  126   60    2    0   64    0    0  248  126    2    0    0  238  255  255  225   15  248    0   15  112    0    1    2    0    0  128    0  192    0   32    0    0    0    1    0    0  233  210    3  252  123  245   74    0    0    0    0    0    7    0    0    0    0    0  244  253  255   63 
 160   31   80   40   14   17  200  191  230   21   11    6    0    0  255   31   30  224    7  240    0   15   48    0    0    0    0   16  132    0  193  191  159  232   16   29  211  131   12   58  246  247   19  254    1  224    1    0    0    0    0    0  112    0    1    2    0  236  121  255   62 
  33   30    0    0  128   17  240  253  190    6  143   15    4    0  255  199   31  128    7  248    0   15  112    0    0    2    0   28  134    0  244  119  223   93  191  235  187   12    0  151  255   35   20  132   15  255    1   96    0    8    0    0  240  122  225  199  195  227  127  255    0 
 192  125    2    0    2    0  225  127  159  254  141  253  215  193  239   63    0  128    0   16    0   31    0    0    2    6    4    0    8   17  176  253  127  255  175  254  234  244  127  129  250    3  253  161   68  223  253  127  255   71  224   28  255  255  243  129  131  195  253  255   31 
 154   22   54   24  254    0   79  137  164   37   95   22    0    2  208  252  238  164   59   97   39  255  191   19    6   28  252    7    0  240   67  102   10  153   58  115   51  151   41    0  238  207  167  128  255  202   60   40    0    0    0  159  252  100    0    0    0  128  252   79   31 
 224  255    3    4    0    0  216   58   93  255  126  140  199  241  255    7    0    0    0    8    0    0    0  128    0    0    0    0   38   64  159  137  127  242   71   84   68  183  255  252   17  253  255  127  112  138    1  127  192   15   48    0  128  255  254  253  255  255  255  255    1 
 192    7    2    0    0    0  248   63   64  255  244    1    4  128  255   15    0  160    7  240    0   15    0  128    0    0    0    0    2    0  223   77   94  147  111  242   38  251  255   68  129  252  255  145  255   37    1   96    0    8    0    0   48  252  240  225  255  255  255  255   39 
 160   23    0    0  140   17  248  191  255   23    7   12    4    0  238    7   24  128    7  240    0  239  112  128    1    2    0   28  132    0  127  255  223  255  255  255  255  191    4   18   36  100    1  236   13  216    1   32    0    0    0    0   64  120  225  195  195  227  123  255    8 
  97   24  124   60   14   17  176   64   18  144    9   15    4    0  119  203  255  193  127  248   15  255  240    7   31   62   32   16  132    0  180  147  224   38  152    0    0    0  128  207   19    0  204    3  224  207   31  224    0   24    0    0    0  128    1    2    0  228  121  255    1 
 224   15    2    0    0   17  184  255  255   22  141   13    4    0  238   39   16  128    7  240    0   15  112  128    1    2    0   16  134    0   62  255  255  255  255  255  255   79  128  219    3    0    0  126    0  231    1   96    0    8    0    0    0  120  254  255  255  239  123  255   63 
  65    9  126   60    0   16  248  126    2  248    3    2    0  128  255  207  255  225  127  248   15   15   96  128    1    2    0    0  132    0  247   95  255  210   15    8    0   32  253  244   33  232  255  197   15   52    1   96    0    8    0    0   16  120  224  193  195  255  121  255    8 
 225    9   12    4    0   17  216  126    0  248    3    0    0    0  238  159   31  224    7  248    0    0   96  128    1    2    0   16  132    0  207  157  127   99    0    0    0  240  255   24   48   48  252  255    0    1    0    0    0    0    0    0  192  127  255  255  223  239  123  255   11 
   1    8   12    4    0   17    0   64   18  184   11    3    0    0  238  255   31  224    7  248    0   15   64  128    1    2    0    0  148    2   33    0   64    4  184  174    8   64    4   29  251    2  252  133    8   53    0    0    0    0    0    0  192  127  255  255  255  239  123  255   39 
   1    8   14    4    0   16   64    0  224  255  240    0    0  240  255  255   31  224    7    8    0    0    0    0    0    0    0    0  128    0  200    0   32    0    0    0  255  239  254  251  209  241  249  127  112   11    0    0    0    0    0    0   79  251  255  255  195  255  123  255   55 
  65    9  126   12    0   16  192   12    0  248   19    0    0    0  238  255   31  224    7  248    0   15    0  128    1    2    0    0    0    0  225   25  127  194    0    0    0  112  255  241    1  224  253  253   15    8    0   32    0    0    0    0    0  128  225  195  195  255  121  255   31 
   1    8  124    4    0    0   64    0  192  255  240    3    0  128  255  247  255  225    7   56    0    3   16    0    0    0    0    0    6    0  200    0    0    0    0    0  235   15    0  253  251  251  255    1  160  229    0    0    0    0    0    0    0  128  225  195  195  227  249  255   55 
 192  233    1    4    0    0  176  219  127    2  180    0  192  241  255   15    0   64    0    8    0    0   16    0    0    0    0    0  134    0  184    0  224  255    7    0   85    4  128  254   21  253  139  126   68   26    0    0  128    7  249  240  255  255  254  253  255  227  255  255   11 
 225    0   14    4    0    0  112    0  192  218  165    1    0  240  255  167    1   96    0    8    0    0    0    0    0    0    0    8    6    0   26    0  224  255    7    0  176  244  255  246  173  253  151  132   15   11    0   32    0    0    0    6  127  248  224  193  195  251  255  255    3 
 161  255   13    0  128   17  216   63  226   23   15  131  195  241  255  231    1   96    0    0    0    0   16    0    0    0    0   28  134    0  199  255   31    0  160  174  255  223  127   93  255   43  124  133    0   53    0   30  132  135  247  120  255  251  239  223  195  227  123  255   32 
 160   31    2   32   14   17   24  222  255  127  135   12    0    0  255   15   30  128    7  240    0   15   16    0    0    0    0   16  134    0   26  134  239  255  255  255  255   15    4  248  242  241  253  255    0  200    1   32    0    0    0    0   64  128  225  195    3  236  123  255    8 
  32  239    5    0    0   16   56  192  255  255   15  131  199  241  255  231    0    0    0    0    0    0    0    0    0    2    0   16  132    0   39    0    0   68  248  255  253  239  222  255   99   34  120  255    9   52    0   30  180  159  255  104   79  251  255  255  219  255  121  255   48 
  32  126    4    0  128   17   48  159  255   23  133   12    4    0  255   71   30    0    7  240    0   15  112  128    1    2    0   28  135    0  126  254  155  225  250  255  255   15    0  184  120  121  189  174    4  218    1   96    0    8    0    0  224  255  255  255  223  227  123  255    8 
 128  226    1    0  128    0  216  251  125    3  114  140  195  113  254    7    0    0    0    0    0    0   48  128    0    0    0   12    2    0  199  111  222  153  125  243   51  146   17    6  204  207    7    0  255   97   31  223  199  255  248  143   63  248  224  193  195  243  253  255   33 
 192    2   14    4    0    0  200   74    4  232  114   10    4  128  238  255   31  224    7  248    0   15    0    0    0    0    0    8    2    0    3   72   96  146   69  130   36   40  217  244    1  252  255  129  255   53    1  224    0   24    0    0    0  128    0    0  224  255  253  255   63 
  64    8  114   56   14   16  200   92   12  242  191   12    4    0  254   31   62  161  127  240   15  255   16    0    0    6    0    0  132    0  203  151  206  164  185  116   73   66   18  233  210    1  232  123  240  193    1   96    0    8    0    0    0    0    0    0    0  248  127  255   31 
   1  232   13    4  128   17  112  129   32    0  137  131  195  113  238  255    1   96    0    8    0    0  112  128    1    2    0    0  132    0  252   11  240    2   16    0    1    0  128  255    1   32   18  213  142   55   32   30  248   15  255  240  255  127  254  255  255  227  123  255   63 
 128  230    3    4  128    0   64   59   96   39  122    6    0  112  255   55    1   96    0    8    0    0   48  128    0    0    0    4  128   19  160  229  106  249   47    0    2  144  127    0  252  255    3   42  117    8    0   96    0    8    0    0  240  127  254  253  255  247  237  223   24 
 224    7    6    0    0   16  152  220   15  122  183    0    0  128  255  207   31  224    7  248    0   15    0    0    0    0    0   16  132    0   95  179  142   44  154  117   89  199   34  255  254    3    8   62  112   75    0    0    0    8    0    0   64    0  225  195    3  236  123  255    1 
  90  168  177  217  119   98   71   20  128  218  165  253  239  123  246    7   34  174  187  119  119  119  143    8  226  220  253   35   56  247  192   85   41   80    2    2  162  116  117  148  170   41  221  129   14  207  191  255  235  127  184  135   19    8   32  224  244  251  255   59   32 
  33   22   12    4  128   17    0  129  224    7  129  140  199    1  238  223    1   96    0    0    0    0   96  128    1    2    0   28  132    0   64    0    0    0  208   11  255  143  128   23   36   44    0  132   15  131   31  254  135  255  240    0   48  248  224  193  195  227  121  255   53 
 160   63    0    0  128   17  120  191  239   23  135    4    0  128  255    7   30  160    7  240    0   15   48    0    0    0    0  156  135    0  255  231  191  249   23  109  243   15    6  218  252  255  155  182    0   11    0    0    0    0    0    0  240  127  235  215   67  224  123  255    0 
 160   23    2    0  128    1  120  191  255    7  143   12    4  128  255    7   30  128    7  248    0   15    0  128    0    0    0   28  134    0  191  100  255  219   39  235  179  159  125  214  237  255  215  129   15  247   31   96    7  232    0    0  112  128    1    2    0  224  255  255   48 
   1  248   15    4    0   16    0   64    8  120  182  140  199  113  238  223    1   96    0    0    0    0   80    0    0    2    0    0  134    0   10    0    0    0  152   88    0   64  164  255   99   33  249  255    5  218  227  127  240   15  246    0   15  127  255  255  255  255  123  255   11 
   0   30    6    0    0    0    0    0  255  255   88  143  135    0  238   79    0    0    0    0    0    0  112    0    1    2    0    0    2    0    0  146  160  167  247  244  255   15  128  201   19    2  236  123  240  247   31  126  128   15    0    0    0  120  224  193  195  255  253  255   26 
  65  240   15    4    0    0    0    0  234  255  133  141  199    1  238  223    1   64    0    8    0    0    0    0    0    0    0    0    2    0   33   16   32   36  129   32  255  111  223  125  251    2  252   19   34  229  225  127  240   15  250    0  128  255  254  253  255  255  253  255   33 
   1   31    4    0    0   17  224  173  178   21   11    3    4    0  254   31   30  224    7  240    0   15  112    0    0    0    0   16  132    0  224   62  155   76  148  201  159  141  196  147   39   39   18  236   13   62   31  192    7  248    0   15  112  128    1    2    0  224  121  255    7 
 160   23    0    0  128   17    0  172  255  183   11  142    7    0  238   79    0    0    0    0    0   15   96  128    1    2    0   28  134    0    3   88    1  215  247  255  255  127  253  149   42    0  244  133   15  222    7  126    0   13    0    0    0  120  224  193  195  235  123  255   39 
   1   12   96   52  140   17    0   64  215  189   64    3    0    0  255  199   31  128    7  248    0   15  112  128    0    0    0   28  132    0    1    0  224  247    5    2  235   27    1    4  250  186  254    1  128   53   24  128    7  248    0   15  112  128    1    2    0  224  121  255   24 
   1   24    0    0  128   17    0  165  243    5    9   15    0    0  238   63   30  128    7  248    0   15  112    0    0    0    0   28  128    0  128   42  225  255   85    9  223   11  128   18   36   52    2  222    8  117    0    0    0    8    0    0  240  248  225  195  195  227  121  255   60 
   0   95    2    0    0   16  136  255  159  208  141  143    7    0  238   55    0    0    0    0    0   15   96  128    1    2    0    0  128    0   72  190   31  102  248  255  255  111  134  251    1    0  152  254    0  223    1  126    0    8    0    0    0  120  232  253  255  255  123  255   60 
 192   29    2    4    0   16  176  254  223  255  129   13    0    0  238   63    0    0    0  248    0   12  112  128    1    2    0    0  132    0  181  222  255  255  167  172  255  127  127   17  178   34  252  255    8  247    1   96    0    0    0    0    0  120  254  255  255  255  123  255   62 
 192   25    2    4    0    0  192  255  159  253   11   15    4    0  238   63   24  128    7  248    0   15  112  128    1    2    0    0    0    0  129  255  255  255  255  255    0   48  220    0    0  224  255  255   15  245    1   96    0    0    0    0    0  120  224  193  195  255  255  255   63 
 161   18    8    4  128   17  192  191  226    6  141    3    0  128  238  207   31  224    7  248    0   15  112  128    1    2    0   28  134    0  192  127  191   91   80   11  191    0  129   22   44   44   20  128   15   48    0    0    0    0    0    8  240  248    1    2    0  224  121  255    1 
   1   13   14    4    0   16  192   62  195  250  129    1    4  128  238  143   31  224    7  184    0   11   16    0    0    2    0    0  132    0  202  255   31    0  248  255  197    4  128  255   17   48  253  127    0   75    0    0    0    8    0    0    0  251  255  255  219  255  123  255   11 
   1    0   46    4  128    0    0    0    0   72  240    1    0  128  238  223   31  224    7  248    0   15   64  128    1    2    0   12    2   16   64    0    0    0    0    2   36  224  185  231    8  140   69  128  255    3    0    0    0    0    0    6   48  248    0    0  192  243  253  255   15 
  65   13  126   60   14   16  192  110    2  248   11   14    4    0  255  207  255  225  127  248   15  255   48    0    0    0    0   16  132    0  195  167  127  105    8   13    0  144   14   26  246  247   27  254    0  200    7  224    1    8    0    0   16    0    0    0    0  240  253  255   63 
  33   15   12    4  128    0   48  192  125  239  252    1    0  128  255  199    1   64    0    8    0    0   16    0    0    0    0   16  134    0  252  170   27    0    0   64  247  143  174  190  117  253  187  110   85   26    0   32    0    0    0    0  240  255  255  253  255  243  253  255    8 
   1  140   15    4    0    0    0   64    0  248  240    0    0    0  255  207   31  224    7  248    0    1    0  128    0    0    0    0    0  255    1    0   64    0    8    0    0  176  255  176   65  253  255  239   93   26    0    0    0    8    0    0  128  255  254  253  255  255  255  127   11 
 160   31    0    0  128   17   88  189  238   23  143   12    4  128  238   15   30  160    7  240    0   15   96  128    1    2    0   28  132    0   31   80  133  223  243  255  255  207   21   87  174   41   84  132    7  195    1   32    0    0    0    0  240  248  225  195  195  227  123  255   39 
 224   31    0    0  136   17  216  255  191   23   15    4    0  128  255   55   30  128    7  240    0   15  112    0    0    0    0   28  132    0  159  255  255  255   39   43  243  151   63   20  252  253   87  132    7  193    1   32    0    0    0    0  240  123  225  199    3  224  123  255   62 
 160   31    4    0    0   17   24  132  255  255    3    8    4  128  238  199   18    0    0  128    0   15   64    0    1    2    0   20  132    0   71  184    7   98  240  255  255  239  254  251   33   48  120  254    0    0    0   64    0    8    0    0   64  123  237  219  195  239  123  255   39 
   0    8   14    0    0    0    0   64   31  248  120    3    0  128  239  255   63  128    7  248    0   15    0    0    1    2    0    0    0    0    1    0   64    0  248  254    0  112  255  232   65  210  255  123  249   48    0    0    0    8    0    0  112  248  224  193  195  255  249  255   31 
 160   31    0    0  128   17  248  191  234    7  141   13    4    0  238    7    0   32    4  128    0   14  112    0    1    2    0   28  134    0  222  255  159  127  243  239  255   15    0    1  190    1   80  150    2  199    1   96    0    8    0    0  240  127  255  255  255  227  127  255    1 
 160   23    6    0    0   17  152  255  255   55    3   14    4    0  238  103   30  128    7  240    0   15   80    0    1    2    0   16  134    0   79  254  159   70  249  255  255   15  128  255  163    0   80  158   34  225    1   96    0    8    0    0    0  127  255  255  255  255  123  255   32 
   0   13   14    0    0   16  112   42  245  175  112   15    4    0  254  207   31  128    7  240    0   15   48    0    0    0    0    0  132    0  245  186  155  238  214  221  221   15  128  251   17   84   11  126  208   26    1   96    0    8    0    0    0  120  224  193  195  255  255  255   15 
  64    9    2    4    0   16  136   64   31  248   19   10    4    0  238   39   30  128    7  248    0   15    0    0    0    0    0    0  132    0   39    0  224  255  239  252    0  112  255   57  115   66  254  127  153   56    1   96    0    8    0    0    0  120  236  251  251  255  123  255   52 
   0   12    2    0    2   16   24    0  223  255   31    6    0  128  239  103   30  128    7  240    0   15   64  128    1    2    0    0  132    0    7    0  128  230  249  254  239   15  128  253    1   96  252  255    1   96    1    0    0    8    0    0   32  248  224  193  195  255  123  255   33 
 160   31    0    0  128   17  248  191  246    7   15   15    4    0  255    7   30  128    7  240    0   15  112    0    1    2    0   28  132    0  229  255  159  249  253  255  255   31    0    0  254  254   26   95  136  244    1   64    0    8    0    0  240  127  235  223  199  227  123  255   24 
 224   18  112   60  142    1  248  251   61    0  118    8    4  128  239   63  222  192   55  248   14  111   64  128    1    2    0   28    2    0  191  253  254  191    7    3   48  240  251  231   12   76    4    0  247    8    0    0    0    8    0    0  112  128    1    0    0  224  121  255   37 
 225   18    0    4  128    1  216  255   37    1  114   12    0    0  238   63   28  192    7  248    0   15  112  128    0    0    0  156    3    0  159  239  255  255   23    0   21    1  128   38    4  252    3  136  255  200    1   32    0    0    0    0  240  255  242  229  255  227  253  255   39 
  65    0   46   20  128    0  184   64    9  232  240    1    0    0  238  223   31  192    7  248    0   15   64  128    1    2    0    8    2    0   63    1   96   18    9   34    0   48  209   68  137  200  255  129  255   37    0    0    0    0    0    0    0  128    0    0  192  255  253  255   15 
 160   15  118   56  142   17   56  189  254   23  143    7    0  128  255  199  254  161  127  240   15  255   16    0    0    0    0   28  132    0  119  164   31  104  176  255  251  223  126   26  254  247   19  254    0   94    0    0    0    0    0    0   16    0    0    0    0  248  255  255   63 
   1    8   30    4    0   16   48   64    0  232  254    1    0    0  238  255   31  224    7  248    0   15   80    0    0    2    0    0  128    0   62    0    0    0   88   68    0   32  162  235   17  212  235  127  240   74    0    0    0    0    0    0    0    0  224  193  195  255  255  255   63 
 160   31    0    0  128   17  120  191  242   23   15    3    0    0  255   55   30  160    7  240    0   15  112    0    0    0    0   28  132    0  247  246  191  253  183  239  255  223    4   19  254   39   16  246   10  247    1    0    0    0    0    0  240  120  225  195    3  224  123  255   52 
 193    0  126   60    6    0  200    8    0  232  118    8    4  128  238  223   31  224    7  248    0   15   96  128    1    2    0    8    2    0  203  105  106   18    2    0    4  160  169  230    1  204  167  128  255  202    1    0    0    8    0    0    0  128    0    0    0  252  253  255   24 
 193    0  126   60   14   16  216   96    0  240  127   15    4  128  238  231  255  225  127  248   15   31  112    0    1    2    0    0  132    0  255  183  244   44  157  129    0   64   64   75  223    3    0   83  250  181    1   96    0    8    0    0    0    0    0    2    0  252  127  255   48 
  65    0   14    4    0    0  200   64    0  232  118    0    0  128  238  231   31  224    7  248    0   15    0    0    0    0    0    0    0    0  231    9   96    2    8    0    0  176  255  236    1  252  255    1  240   10    0    0    0    0    0    0    0  248  240  225  255  255  253  255    0 
 160   23  112   56  142   17  248  255  255    6  133   13    4  128  238    7   30  128   71  240    8  239    0    0    0    0    0   28  132    0  254  255  223  251  127  255  242  190  127  158  188  255    3  132    0  223    1   64    0    8    0    0  112    0    0    0    0  224  123  255    0 
 224    2  112   60  142    0  176   66   65  232  112    3    4  128  239    7   30  128    7  240    0   15    0  128    1    0    0   28    2    0   48   64  224  223  167  218  170  125  125  181  235  107  247  129  143  252    1   64    0    8    0    0   48  128    0    0    0  224  255  255    1 
  64    9  114   60   14   16  192  126  159  248    3    2    0  128  255   63   62  192   15  248    9   31   16    0    0    2    0    0  132    0  224  219  255  246  223  104  129    0  128  253   33   32  252  255    7    3    0   64    0    8    0    0   64  128    1    2    0  252  123  255   52 
   1    0   12    4  128    0    0   64   13  248   50    0    0    0  238  231   31  128    7  248    0   15  112  128    1    0    0    0    0    0    0   64  128   16  248  250   35    2    1    4  138  136  252  129   63    1    0  128    7  240    0   15   96  128    1    2    0  224  121  255   48 
   1   18  124   60  142    0   64    0  224    5    1    7    0  128  238  231  255  225   23  248    0   15  112  128    1    0    0   12    0    0  192   32   32    8    0    1  223  251   76    2  102  102    2  254   11  244    1    0    0    8    0    0    0  128    1    0    0  228  121  255   48 
  65    0  126   60   14   16  216   72    0   96  118   12    0  128  238  207  255  225  127  248    0   15  112    0    0    0    0    0  128    0  199  191  102    0    0    0    0  240  154  107  208  212  104  126  240  193    3   96    0    8    0    0    0    0    0  194    3  252  123  255    8 
 224    7  114   56  142   17  248  255  223  255   11    6    0    0  255    7  254  193  127  255  239  255    0    0    0    0    0   28  128    0  247  245  127  245  175  122  170  215  127  245  254   43  252  129   15   11    0    0    4  192    0   14  112  248    1    2    0  252  123  255   56 
 224    9   66   56  142   17  248  255  159   16  133   12    4    0  238   39   30  128   71  248   15  239  112    0    1    2    0   28  132    0  255  255  255  255  159   93  152  192  132  251  247    3   16  254    0   10    0    0    0    0    0    0  240  255  225  195    3  232  123  255   62 
  67   25  124   60   14   16  192   38  194  248    1   15    4    0  238   63  254  129  127  240   15  255  227  128    3    6    0    0  128    0  193  156   41   71  226    8  206  125  255   16    0   32  252  255    4  218   31  224    7  248    0   15    0    0    0    0    0  224  249  255   30 
  65    8  126   12    0   16   88    0    0  248  191    0    0  128  255  255  255  253  127  248    0   15   48  128    0    0    0    0  128    0  143    4   32    1    0    0  194  123  126    0  240  243  255  127    0  229    3   96    0    0    0    0    0    0    0  251  195  255  123  255   63 
   1   24   12    4  128   17   32   64    2  176   11    3    0  128  255  255   31  224    7  248    0    0    0    0    0    0    0    0  134    0    1    0    0    0    8   12    0   32  198  255   49   52   27  127    0  126    0    0    0    8    0    0  240  255  255  253  255  227  121  255   39 
 248    7  114   56  142    0  200  255  191    7  207    3    0  136  255    0  238  129  127  240   15  255    4    0    0   56   60   28  134    0  202  247  255  253   15  111  240  150  127  254  255  255    3  166    4   11    8    0    7  240    0   15  112  128    1    0    0  240  255  255    3 
  33    8  126    4    0   16   32   64    2  248  143    3    4  128  255  247  255  225    7  248    0   15    0  128    0    0    0   28  134    0   56    0  160    0   16    0    1    0  128  255   37  252   19  196   13  254    1   96    0    0    0    0    0    0  224  193  195  243  255  255   37 
  33   24   12    4    0   17  112    0    0  240  239    1    0  128  255  199   31  224    7   24    0    0    0    0    0    2    0   24  134    0   52    0   96    0    0    0    0  240  127  205  250   27  253    3  240   15    0   32    0    0    0    0  240  127  255  255  195  231  121  255    8 
 224   31    0   56   14   17  128  255  255   23  143    4    0  128  255   55   30  128    7  240   15  255   16    0    0    0    0   16  132    0  193  255  255  255  191  255  211   11    4  122  255  247   19  254    0   48   16    0    4  128    0   12  112  248  225    3    0  232  123  255   53 
 240   23  112   56  142    1  200  255  191    7   15    0    0  128  255   11  206  129  127  240   15  255    0    0    0    0   56   28  132    0  200  247  255  253   47  127  240  148  127  254  254  255    3  166    4   10   24    0    6  224    0   14  112  128    1    0    0  224  255  255    7 
 224    7  114   56  142    0  216  255  255   39  122    2    0  128  255   63   30  128   55  248   15  255    0    0    0    0    0   12    2    0  199  255  255  219   31  251   49  143  249  246  237  239    7  128  255   32    0    0    2  192    0   14  112  192    1    0    0  240  253  255   62 
 161    2   46   20  132    0    8  137  100    7  114    4    0    0  255  183  159  224   39  248    0   15   48  128    0    0    0   12    2    0  195  111  254   25   16    2   49    0    1    6  204  238    7  128  255  240    1   96    0    0    0    0   48  120  224  193  231  243  253  255   60 
 192    2  114   56   14   16  216  187  125  103  118   12    4    0  238   63  254  129  127  240   15  255    4    0    0    2    0    0  128    0  143  191  254  191  191  245   72  211   26  105  214  147  104  122  240    1   16    0    4  224    0   15  112    0    1    2    0  248  127  255   52 
 128    7    2   12    2    0  216  123   29  233  118    8    4  128  238   55   30  128    7  240    0   15   16    0    0    0    0    0    2    0  199  239  158  170   87  245  117   47  152  238  193  252  107  122  243  225    1   96    0    8    0    0    0    0  224  193  227  255  255  255   48 
  32    6  114   56   14    0   56  192  255   71  244    1    0  128  255  127  254  129  127  240   15  255   16    0    0    0    0   20  132    0   30    0  192   24   63  231   49    6    0  198  255  191  199    0  238   79   30  128    7  240    0   15   96  128    1    2    0  248  255  255   55 
 160   23    0    0  142   17   32  191  255    7  129   15    4    0  238   55   30  128    7  240    0  239  112  128    1    2    0   28  128    0   96  255  223  255  255  255  255  143    0    2    4    4    1   32  119  203    1    0    0    0    0    0   64  248  225  195  195  227  249  255   53 
 128   31    2    0    0   17    0  191  255   23  133   12    4    0  238   31    0    0    0  240    0   15  112    0    1    2    0    0  134    0   10  254  191  255  247  255  255   79  128    1    2    0    8  126  128  252    1   96    0    8    0    0  128  127  254  253  255  255  123  255   10 
 160    7   50   24   14    0   56  208  125  239  254   13    4  128  238   63   30  128    7  240    0   15    0    0    0    0    0   28    6    0   31    0  224  251  127  247  119   15  123  236  217  255  239   19  240  131    0   32    0    0    0    0   48  120  224  193  227  255  255  255   63 
 128   31    2    0    0   17    8  191  255  255  141   15    4    0  238   31   16  128    7  240    0   15  112  128    1    2    0    0  134    0   52  254  159  255  247  255  255  111  148  125    3    0  124  221   11  229    1   96    0    0    0    0  128  127  254  255  255  255  123  255   37 
  32   14    6    0    0    0   48  128  249  207  252    1    4  128  255  223   30  128    7  240    0   15   16    0    0    0    0    0  134    0   60    0    0    0  248  255  213   15  128  250   53  254   27  254    0   63    0   96    0    8    0    0   16  120  224  225  255  255  253  255   30 
   1   30  124   56   14   17   32    0  240  199  252    3    4    0  255  223  255  161    7  240    0   15  112    0    0    2    0   16  132    0   48    0    0    0  240  255  255   15   64  137   19   19  239   99  248  254    0   32    0    0    0    0  112  128    0    0    0  224  253  255   30 
 128   15    0   32   14   17   32  255  255  255    1   15    4    0  238   15   30  128    7  240    1  255  112  128    1    0    0    0  132    0  101  255  223  247  255  255  167   15  128  244   33  248  255  229   15   31    0    0    0    0    0    8  112  248  225  195    3  236  123  255   55 
   1   22  124   60  142    0   64    0  224  135   72    3    4  128  239  231  255  225  127  248    1   31  112  128    0    0    0    0    0    0  224    0    0    0    0    0  255  143    0   18   44   46    2  196   13  252    1    0    0    8    0    0    0  128    1    2    0  228  249  255   52 
 128   15   66   56   14   17   32  254  255  255    9   15    4    0  238   55   30  128    7  240    9  191    0    0    0    0    0    0  132    0  224  223  191  244  151  254  235   15   68  253  251  243  255  255   12   62    0    0    0  128    0    8   96  250  233    3    0  252  123  255   52 
   1   14   12    0  128   17   32    0  224  135  205    3    4    0  254  247   31  224    7  240    0   15  112    0    1    2    0    0  128    0   96    0    0    0    0    0  255   31   68    0   42   43  223  197  142   63    0    0    0    8    0    0   96  248  225  195  195  227  121  255   63 
   1   24   76    4  128   17  192  129   32    0   80    3    0    0  238  231   31  224    7  248    0   15  112  128    1    2    0    4    0    0  192   11  160    0    0    0    1    0  128    8    0   92   10    2  240   52    0    0    0    0    0    0  240  127  227  199  199  227  123  255    0 
  65   16  252   60  142    0  192    2    0   40  112   14    4    0  238  199  255  231  255  249   63  255  112  128    1    2    0   12    2    0  193   95  226  151  104    2   36  112  137    4    0   72  100    1  255  240   31  224    7  248    0    7    0    0    0    0    0  236  121  255    0 
   0   13  114   56   14   16  112   62  210  255  137   15    4    0  254  119  254  129   79  240   15  255    0  128    0    0    0    0  132    0  124  128   17    0  248  252  192   40  254  248  177  243  255  255    0   63   30  224    7  240    0   15   64    0    1    2    0  252  123  255   60 
  65    0  126   61   14    0  200   74    0  104  114   12    4    0  238  199  255  239  127  251   47  127  112  128    1    2    0    0    2    0  131   31  230  135  105    0    0  112  128    0    0    0  104  122  243  192   31  224    7  120    0    7    0    0    0    0    0  252  255  255    0 
  65    8  126   60   14    0  200   64    0  232  114   12    4    0  238  223  255  255  255  251   15   31  112  128    1    2    0    0    0    0  195  159  226    1    8    0    0   16    0    0    0   16  236  123  240  192   15  224    3   56    0    3    0    0    0    0    0  244  253  255   15 
 255    9  122  189   15   17  216  255    4   32   27   10    4  128  238  207  255  255  255  255  255  255  238  135   31   62   32   20  132    0  135  185  103  239  201   61  204  242  255  123   50    0   88  254    0   33   31  224    7  248    0   15   16    0    0    0    0  252  255  255   62 
  33   29   14    4    0   17   56    4  226  255  133    0    4  128  255  223   31  224    7  248    0   15    0    0    0    0    0   24  134    0   62    0   32  245    6    0  255  255  127  189  250    3  252  167   68  218    1   96    0    0    0    0  128  127  255  255  255  255  249  255   30 
  65    8  126   28    0    0  200   64    0  232  112    4    0  128  238  207  127  224   15  248    0   15   48  128    0    0    0    0    0   32  195    1   96    0    0    0    0    0  128   40   64  248  255   59  241  200    1   32    0    0    0    0    0  128  240  225  251  255  253  255    1 
  65    8   30    4    0    0  200    0    0  232  114    0    0  128  239  199   31  224    7  248    0    7    0    0    0    0    0    0    0   32  195    1   32    0    0    0    0  176  255  184    0  252  251  126   81  200    0    0    0    0    0    0    0  255  254  253  255  255  255   63    0 
 225   29  120   60  142   17  216  255  142   16   15    4    0  128  255   39   31  224   71  248    8   15   48    0    0    0    0  156  132    0  223  255  255  255   15   41  128  128  151  255  253  254   18  148    2   33    1   96    0    8    0    0  112  120  225  195    3  224  123  255    0 
 224    7  114   60  142   17  248  255   31   80  135    0    4  128  239   55  254  193  127  254  239  255   12    0    0    2    0   28  134    0  223  123  127  222   79  106  160  224  253  247  169  237  215  132   15   11   30  192    7  248    0   15  112  128    0    0    0  252  255  255   52 
 160   31  112   56   14   17   88   53  234  215  141    1    0  128  255   15  254  161  127  240   15  255   48    0    0    0    0   28  134    0  158  226  173  251   23  111  247   15    4  254  253  255   87  148    2  199    0   32    0    0    0    8   64    0    1    2    0  232  123  255   39 
  32   30  118   56   14   17   24    0  255  255   15    6    0    0  255   15  254  129  127  240   15  255   63    0    0    0    0   16  132    0   95  151  159   32  248  254  195   10    0   88  250  243  255  127    0  231   30  160    7  240    0   15   64    0    1    2    0  252  123  255   15 
   0   12   14    4    0    0    8   64   31  249  114    2    0  128  255  207   63  128    7  248    0   15    0  128    0    0    0    0  128    0   39    0   96  226    7   16    0  113  255  252   65  248  255  127   17  248    1   96    0    8    0    0    0  252  254  249  255  255  253  255   10 
 225    3  114   60   14    0  248  251   29  200  240   13    4    0  255   31  254  145  127  252  207  255  120    0    1    2    0    0    2    0  190  245  126  191  175  247   24  240  123  175  223    7    0  106  253  126   30  128    7  248    0   15   48  128    0    0    0  240  253  255   33 
 224    1  122   60  142    0  184  255   31   64  244   12    4    0  255   31   30  192    7  248    0   15   16    0    0    0    0   28    6    0   63  211  238  255  159  127    0   64   33  255  254    9  237   32  119   75    1   64    0    8    0    0   32  248  224  193  227  255  255  255    7 
   1   28  126   56   14   16   24   64   95  248  112   14    4    0  238   95  254  133  127  240  239  255  127    0    0    2    0    0    2    0   39    2  128  161  188  244   67   11    0    0  242  211  254  127  240  244   31  160    7  240    0   15    0  128    1    2    0  252  249  255   11 
  64   25  112   60   14    0   32   64  223  255   31   12    0  128  239   15  254  129  127  248  255  255   15    0    0    0    0    0    0    0   48   74  224  247   87   18  173   47  129  253    1  232  255  129   95   88    0    0    0    0    0    4   96  128    1    0    0  240  253  255    1 
 224   23  114   56  142    1  248  255   61    5  126   15    4  128  255   31   30  128    7  240    0   15  112  128    0    0    0   28  132    0  255  255  159  169  254  255  211   15    0   42  245  247    3  126  248   60    0   32    0    0    0    0  112  120  128  193  195  227  255  255   31 
 192   15  118   56   14   16    8  142  255  255    1   12    0  128  238  231  254  129    7  240    9  255   96  128    1    0    0    0  132    0  195  250  159   66   80  108  255   47  132  255   33  248  255  255    4  203    1    0    0    0    0    0    0  248  225  195  195  255  121  255   24 
 224   19  112   56  142    1  248  255  255    7   31    2    4  128  239   55  222  129  119  240   15  255    0  128    1    2    0   28    2    0  255  255  255  222  223  251  181  171  221  247   77  236    2  128  191   48    8    0    7  224    0   14  112  248    0    0    0  224  253  255   63 
 225   13  126   60  142   17  176  253   30  128  207   15    0    0  254   79  255  129  127  248   15  255  112  128    1    0    0   20  132    0   63  213  104  189  175   70  106  244  127    9  222   19  236   35  240  158   31  224    7  240    0   15    0  128    0    0    0  252  253  255   60 
 225   19   32   20  132    1  248  251   61    0  244    8    4  128  238   55   30  224    7  248    0   15  112  128    0    0    0  156    2    0  159  239  255  255   39    2   34  146   17    0  236  254   71  128  175   37    0   64    0    8    0    0  240  255  226  197  255  227  255  255   56 
  65    0  126   60   14    0  184   64    8  232  244    8    4  128  238  199  255  225   63  248    7   31  112  128    1    2    0    0    2    0  254   75  236   18   25    0    0    0  128  228    1  220  231    1  255  195   15  224    3  120    0    1    0  128    0    0  192  255  253  255   32 
 225   29  126   56  142   17  240  255   26   16  143    7    0  128  255   71  255  129  127  248   15  255   32  128    0    0    0   28  132    0   63  245  104  189  175  199   74  244  127    9  254   19  140   34  240  222   31  224    7  240    0   15   80    0    0    2    0  252  127  255   32 
  97    8  126   60    2    0  176   64    0  232  244   13    4    0  238  199   63  224    7  248    0   15   16    0    0    0    0    0    6    0  126  137   64    0   88  213    0   32  130  234   17  244  139  127  240  222    1   96    0    8    0    0    0    0  224  193  227  255  255  255    0 
 225   15  126   60  142   17  120   63  242  151   11    3    0    0  255  231  255  129  127  240   15  255   32  128    1    0    0   28  134    0  245  109   31   90   68  139  180  187  253  246   41  236   23  133   15  180   31  224    7  248    0   15   16    0    0    0    0  252  253  255    0 
 193    0  126   60  142    0  192  243    0    0  252   15    4    0  238  231  255  225  127  240   15  255   64  128    1    2    0   12    2    0  136  184   32   46  192    1   94  246  251  203    4    4    0  114  240    7   31  224    7  248    0   15   16    0    0    0    0  240  255  255    1 
 193    9  126   60    6    0  192   63    0  152  129   11    4  128  238  135   31  224    7  248    0   15    0  128    0    0    0   28    0    0  200  251  255   74    0    0    0    0  132  255   37  252   19  132   14  191    1   96    0    8    0    0    0  120  224  193  227  255  255  255    0 
  65    8  126   60   14    0   88    0    0  248   15   14    0    0  254  247  255  255  127  248   15   31  112  128    1    2    0    0  134    0  223   28   32    3   64    0  207  127  130    0    0    0  252  127    0  225    7  224    1   24    0    0    0    0    0    0  192  255  123  255   52 
  33   24  124    4    0   17   48    0    0  248  143    0    4  128  255  255  255  225    7  248    0   15  112    0    0    2    0   16  132    0  117   15    1    0  248  255    0    0    0    0    0   48  252  143    0  216    3   96    0    8    0    0    0    0  238  253  255  231  121  255   30 
  33   28  124   60   14   17  120    0  128  248    1   15    4    0  238  247  255  253  127  240   15  255  112  128    1    2    0   16  134    0  167  150  161  245  180   12  239   95    0    0  250    2  252  135    0  244   31  224    7   56    0    3    0    0    0    0    0  228  249  255   60 
 248    7  114   56   14    0  200  255  190    7   15    3    0  136  127    8  254  129  127  240   15  255    7    0   16   60   60   28  132    0  200  241   63  248    3   63  240  207  127  255  255  255    3  132    0    0   30  128    7  248    0   15   48  128    0    0    0  252  255  255   55 
  33   16   60    4    0    0   56    0    0  232  244    0    0  128  255  223   31  224    7  248    0   15    0    0    0    0    0   24  134    0   26    0  224   32   24    0    0    0    0    8  220  255  139   50  240  203    1   96    0    0    0    0    0  120  254  255  255  227  253  255   31 
 128    2  114   56   14    0   24  208  125   71  254    0    0  128  255   55  254  129  127  248   15  255    0    0    0    0   28    4    0    0   31  130  228  176   31  182   65    2  146  239  223  223  239   83  240   37   30  128    7  240    0   15  112  128    1    2    0  252  123  255   53 
 160    7   50   56   14    0   24  249  125  231  254   12    4  128  238   63   30  128    7  240    0   79   16    0    0    0    0    8    2    0   31    0  228  251  127  246  103   47  153  236  129  252  239   25  255   33    0    0    0    0    0    0    0  128    0    0  192  255  255  255   63 
 128   31    0    0  142   17   64  191  255    7    9   15    4    0  238   15   30  128    7  240    0   15  112  128    1    2    0   28  132    0    8  255  255  255  255  255  255   15    0    0   36  254    3  254    9  116    0    0    0    0    0    0  240  255  255  255    3  224  123  255    3 
 160   23  112   56  142   17    0  191  255    7    7    4    0    0  255   15  222  225  127  248   15  255   16    0    0    0    0   28    0    0  192  239  255  251   63  251  179  141    0  178  252  255    3  172   15   24    0    0    0  192    0   14  112  248    1    2    0  224  121  255   11 
  32   14  118   56  142    0   56  192  255   71  236    9    4    0  255  127  254  129  127  240   15  255   16    0    0    0    0   24  134    0   62    0  128  125  255  255  251   14    0  207  255  143  199   32  238   79   26    0    4  208    0   15   96  128    1    2    0  248  255  255   63 
  32   14  118    0   14    0   48  128  255  223  236    1    0    0  255  255   31  128    7  240    0   15   16    0    0    0    0   16  134    0   60    0    0    0  248  255  255   15  166  223  191  179  219  119   64   15    1   96    0    8    0    0    0  248  248  225  243  255  255  255   55 
   1   22  124   60  142   17   96    1  224    7   72   15    0    0  238  231  255  227  255  240   15  255  112  128    1    0    0   28  128    0  224   46   48    9   36    1  255  159   64    2    4  254    3  228  143  254   31  224    7  240    0   15    0    0    0    2    0  224  121  255   56 
   1   30  124   56   14   16   32    0  224    7  237   11    4    0  254  255   31  160    7  240    0   15  112  128    0    0    0    0  128    0  112    2    0    0  112  201  255   15    0    2   37  255    3  231  140  254    1   96    0    0    0    0    0    0  224  195  195  227  253  255   62 
   1   14   14    0  128   17   32  128  224    7  205   15    0    0  254  255   31  160    7  240    0   15  112  128    1    2    0    0  132    0  112    0    0    0  112  205  255   15    0   16   33  254  155  231   12  127    0    0    0    0    0    0  128  127  255  255  255  227  253  255   31 
 255    1  250  255   47   17  216   94  135  120    1    8    4  128    6   15  255  253  255  255  255  255  238  135   31   62   60   28  132    0  207  191   31  174  193   53   92  243  190  251    2    0   72  126   48  193   31  160    7  240    0   15   16    0    0    0    0  252  127  255   10 
  65    0  126   60    2    0  192   64    0  232  114   12    4    0  238  199  255  229  127  249    1   15  112  128    1    0    0    0    0   32  193   13   98    1    8    0    0   48    8    0    0  200  244  153  255  192    7  224    1   24    0    1    0    0    0    0  224  255  253  255   32 
  65    0  126   12    0    0  200   64    0  232  114   12    4  128  238  231  255  224    7  248    0   15    0  128    0    0    0    4    0   32  193   33   98    0    8    0    0  176   27   98  212  252    3   26   51  224    1   96    0    8    0    0    0  127  254  253  255  255  249  255   32 
 225   17  120   60   14   17  216   95    0  120   23    4    0  128  255  143  255  233  127  250   79   15   64    0    1    2    0   28  132    0  207  251  111  190    9    0    0  224  155  255    0    0  100   24  115  129    5  224    1   40    0    0   16    0    0    0    0  236  123  255    3 
 224    3  122  188  143   17  216  255   14   16  135    8    4  128  238   31  254  249  127  255  239  255   12    0    1    2    0   28  134    0  159  121  111  222  203  123  188  231  255  255  175   32   20  132   15  131   31  224    7  248    0   15   48  128    0    0    0  248  255  255    7 
 224   19  114   60  142    1  248  255   63    0  118    0    4  128  239   31  254  145  127  252  207  255   12    0    1    2    0   28    2    0  191  117  126  255  167  113   26  247  127  163  222    7    0   56  255   10   30  224    7  248    0   15  112  128    0    0    0  224  255  255   31 
 224   23  112   56  142    1  248  255   61    0  254    0    4  128  255   39   30  128  103  248  142  239  120    0    0    0    0  156  135    0  255  255  255  253  191  255  113   15    0  255  255  223    3  122  240   10    0    0    3   96    0    6  240  124    0    0    0  224  255  255   24 
 224   19  112   56  142    1  248  255   61    0  126    3    4  128  239   39  222  129  119  240  142  239    8  128    1    2    0   28    3    0  255  121   94   30  207  243   60  238  251  255   13   12    6    0  255   55   30  128    7  248    0   15  112  128    1    0    0  224  253  255   60 
 193    0  126   60   14    0  248   66    0  232  240   13    4    0  238  135  254  225  127  240   15  255  112  128    1    2    0    8    2    0  126  111  220   27  127  227    4  160  129  198    1  140    7  128  255  191   31  224    7  248    0    7   48  128    0    0    0  252  253  255   32 
 229   16  124   60  142   17  176  227   89    8  240   15    4    0  230  199  255  193  127  248   15  255  224  135   31   62   48   28  134    0   62  244   56   63  166  199  127  255  123  143   30    3    8    2  240   95   30  128    7  248    0   15   64  128    1    2    0  224  121  255    0 
 225   19  112   60  142    1  248  251   29    0  240   11    4  128  239   39   30  192  103  248   12   15  112  128    0    0    0   28  135    0  255  127  255  223   95  235   33    0  129  214    9  238  215  129  175   55    1   64    0    8    0    0  112  252    0    0  224  243  255  255   32 
 225   17  126   60  142   17  240  255   18  144  137   15    4  128  255  199  255  193  127  248   15  255   96  128    1    0    0   28  132    0   52  121   81   94  204  235  188  248  255  215   47    2    0  128  143  255   31  160    7  240    0   15   96  128    1    2    0  248  255  255    0 
 225    1  124   60  142   17  240  227    1    8  240   15    4    0  238   71  255  193  127  248   15  255   96  128    1    2    0   28  132    0   52  244   56   63  230  199  126  255  123   15   30    3   12    2  240  127   31  192    7  248    0   15    0    0    0    2    0  252  127  255    0 
 224   31   96   56  142   17  200  255  255    7   15    0    0  128  255   63   30  128   71  240   15  255   16    0    0    0    0   16  134    0  203  255  255  253   31  253  209   15    4  255  255  255   19  254    0    0   16    0    4  192    0   12  240  250    1    2    0  224  123  255   63 
   1   14  124   56   14    0   32  128  240    7  236    7    0    0  254  255  255  161  127  240   15  255  112    0    0    0    0    0    2    0  112  166  136    0  120  255  243   12    0    0   60  255  139   98  192  222   31  160    7  240    0   15    0    0    1    2    0  224  253  255   30 
   1   16  124   52  128    1   64    1  224    5   72   15    4    0  238  247  127  224    7  248    0   15  112  128    1    2    0    0    0   16  192    4   48    0    0    0  191   25   65    0   40   42   22  193  137  244    1   96    0    8    0    0  144  120  226  197  199  227  121  255   48 
 193    0  126   60  142    0  200  251    0    0  112   12    4  128  238   55  223  224  127  248   15  111   96  128    1    2    0   12    2    0  195  249  102  190  201   35   28  240  251  111    1    0    0   16  243  225   31  224    7  248    0    7   16    0    0    0    0  252  255  255   52 
 224    1  122   60  142    1  248  255   15    0  135    8    4  128  239   31  159  193  119  248  207   79    0    0    0    0    0   28    6    0  255  255  255  255  155  127    0  192  128  255  254    1    0  190  103    3    1   64    0    8    0    0   48  128    0    0    0  249  255  255   15 
   0   24  114  184  126    0   24   64  223  255   15   12    0    0  255   15  254  159  255  255  255  255  127    0    0    0    0    0    0    0    7   74  227  246   87   90  165    5  128  253  105  104  255  141   15  216   30  128    7  240    0   15   96  128    1    0    0  252  121  255    1 
  97    8  126   60    6    0  240   64    0  232  244   13    4    0  238  199   31  224    7  248    0   15  112  128    0    0    0   16  134    0  188  141  104   35  106    4    0   48  106    0   16  252  235  123  240  222    7  224    1   24    0    0    0    0    0    0  224  255  255  255    0 
   1    0  126   60  134    0    8   64    0    8  240   12    0    0  254   95  255  193  127  248   15  127  112  128    1    0    0    8    2    0   75   15  192    3  120   36    1    0  128    0    0  252  239   27  240  193   15  224    3   56    0    0    0    0    0    0  224  247  253  255   39 
 128   18  126   56  142    0    8  129   36    1  126   12    0    0  254   55  255  193  127  248  111  255   48    0    0    0    0   12    2    0  131  103  224  155   31    3   49    0    0    6  204  255    7  128  255  192   31  160    7  240    0   15   48  128    0    0    0  240  253  255   55 
 160    6  114   56  142    0   56  192   93  239  252    5    0  128  255  255  191  128   39  240    4   79   16    0    0    0    0    8    6    0   63   66  224  184   31  226   33   14    0  254  253  255  239    1  255  103    8    0    2  112    0    7   48  128    0    0    0  244  253  255   55 
   0    6  118   56  142    0   56  193   57    6  252    5    0    0  255  255  255  129  127  240   15  255   48    0    0    0    0    0    2    0   62  162  136   41   59  231  115   14    0  202  222  223    3   50  244  207   31  192    7  248    0   15   16    0    0    0    0  248  255  255   55 
  32   30  126   24   14    0   48  128  121    7  252    9    4    0  255  223   63  128    7  240    0   31  112    0    0    0    0    0  134    0  126  134  128    0   56  255  195   15    0    0  252  255  251  127  224  223    1    0    0    0    0    0  128  248  255  255  231  227  255  255    7 
   1   30  126   56  142    1   96  161  224    7   88   15    0    0  254  255  255  227  127  240   15  255  112  128    1    0    0   28    0    0  240  236   27   91  100  139  246  189  111    0   44  254    7  128   13  188   31  224    7  240    0   15  112  128    0    0    0  224  255  255   31 
 160   31  116   58   78   16  248  189  184    7  255    3    0  128  255  152  254  177  127  246  143  255   13    0    0    0    0   16  132    0  254  163   31  104   16  253  209  143  126  250  253  255   19  254    0  222   30  160    7  240    0   15   64    0    1    2    0  232  123  255   31 
   1   30  124   48  142   17   48  128  233    7  240    1    0    0  255  223   63  161    7  240    0   31  112    0    0    0    0    0  132    0  124  134  136    0  120  253  215   15    0    0  244  247  251  127  196  223    1   32    0    0    0    0  128  120  255  255  223  195  123  255   15 
   0   13  118   56   78   16   48    0  223  255  133    1    0  128  255  223  254  147  127  240   15  255   15    0    0    0    0    0  132    0   60    0  129   96   88  252  197   15  132  252   49  251  255  255    0   31   30  128    7  240    0   15    0    0    1    2    0  252  123  255   31 
 193    0  126   60  142    1  192   42   65  173  112   14    4    0  224  183  255  225  127  249   15  255  112  128    1    2    0    4    0    0  193  125   54  155  100  147   54  249  217    0    0   76   34  201  255  240   31  224    7  248    0   15    0    0    0    0    0  244  249  255   62 
 225   19  120   60  142   17  216  223   15   16  135    8    4  128   46   39  254  193  127  250   79  255   68  128    1    2    0   28    6    0  143  249  102  190  203   51   60  242  255  239    6    4    0   16  115  129   31  224    7  240    0   15  112    0    0    2    0  224  123  255   32 
  30   15  114  250  127    0   56   64   93  254  244    1    0  136   17   88  254  159  255  246  255  255  175  135   30   60   60    0  132    0   62    0  193  225   63  252  195   30    4   16  240  255  255  255    0   95   30  128    7  240    0   15   48  128    0    0    0  244  253  255   31 
 224   19  112   60  142   17  248  223  175    0  135    8    4  128   47    7  254  129  127  248   79  255    0  128    1    2    0   28    6    0   31  121  111  222  203  123   60  246  255  255   15    5    0  128  119  139   31  224    7  248    0   15  112  128    0    0    0  224  255  255    0 
   1   30  124   60  142    1   96   63  224    7   90    3    0    0  255  191  127  224   31  240    3   63  112  128    1    0    0    0  128    0  240   44   59   75  100    0  247  191  109    0    0  252   19  236   15  252    5   96    0    0    0    0   16    0    0  198  195  227  249  255   63 
 161   18  112   60  143    1  248  235   52    5  122   15    4  128   15   48  254  193  127  255  255  255  112  128    0    0    0   28    2    0  183  107  255  218   23    3   49    9  128  246   77  238    7  128  191  244   31  224    7  248    0   15  112  128    0    0    0  224  249  255   60 
 188    7  114  254  239    0  248  185   52    7  127   15    4  128    1   56  254  209  255  255  255  255   15    4   24   56   60   28  134    0  183   99  255  216   23  139  177  143    5  246  255  255    3  128   15  180   31  224    7  248    0   15   48  128    0    0    0  240  253  255   62 
 161   22  120   60  142    1  240  187  113   15  112   15    0    0  240   63  254  225  127  240   15  255   96  128    1    0    0   28    2    0  244  237   26  153   38  211   54  189  123    0   76  255    3    0  253  222   31  224    7  240    0   15   48  128    0    0    0  224  253  255   30 
 190   15  242  251  127    0  248  189  176    7   79    7    0    0   17    8  254  255  255  247  255  255   15    6   28   60   60   28  134    0  255  225  127  232    7  141  208  159  127  254  253  255    3  254    8  190   30  224    7  240    0   15   16    0    0    0    0  248  255  255   30 
