 310.41507 
 299.62805 
 118.88359 
 290.40836 
 292.13904 
 296.535 
 312.46448 
 310.55402 
 303.37601 
 108.25636 
 294.32977 
 293.61215 
 294.82535 
 108.00481 
 297.30969 
 283.49289 
 291.28674 
 284.81293 
 304.22672 
 120.84933 
 128.04582 
 124.76335 
 137.29117 
 136.92706 
 137.82675 
 108.7189 
 133.78954 
 117.32344 
 120.0259 
 108.23445 
 109.03777 
 121.20823 
 106.07563 
 99.388306 
 177.16797 
 298.24408 
 299.8938 
 311.88449 
 306.08795 
 301.10614 
 302.0578 
 296.44098 
 120.05112 
 293.7406 
 295.58966 
 295.60391 
 296.82965 
 131.78377 
 292.51736 
 291.58347 
 298.16019 
 113.29723 
 116.12666 
 312.6373 
 119.65199 
 112.04372 
 175.8176 
 120.68668 
 312.40884 
 126.0192 
 124.33344 
 309.23593 
 308.3649 
 304.99197 
 307.80682 
 121.42427 
 120.19209 
 306.54166 
 301.0723 
 302.65588 
 121.63128 
 298.09561 
 110.87898 
 116.73653 
 294.89175 
 107.68204 
 123.03581 
 299.27844 
 281.19821 
 289.95322 
 287.45178 
 115.68301 
 284.8432 
 119.19926 
 286.00217 
 109.62798 
 112.80305 
 106.50932 
 99.42984 
 107.68902 
 108.97253 
 103.08984 
 103.05919 
 101.38723 
 104.85443 
 102.74623 
 47.324615 
 124.35015 
 119.1309 
 119.61221 
 115.28183 
 306.03452 
 307.63004 
 120.66045 
 295.63876 
 296.58517 
 136.06226 
 293.88986 
 295.22363 
 132.5649 
 122.35204 
 301.7872 
 118.60739 
 116.78447 
 119.91671 
 118.65036 
 309.89249 
 307.47989 
 305.9722 
 120.9034 
 120.10188 
 303.68817 
 118.96671 
 307.52853 
 121.40809 
 118.99027 
 118.01328 
 298.89618 
 111.76507 
 109.39796 
 115.45806 
 295.97104 
 108.9929 
 109.56468 
 118.63329 
 121.38533 
 290.47595 
 282.36887 
 117.6153 
 119.03402 
 286.48489 
 285.61133 
 116.06475 
 284.86182 
 115.8278 
 110.67097 
 102.3261 
 104.4836 
 105.0299 
 104.44485 
 103.67907 
 103.16866 
 102.61768 
 298.5405 
 297.4928 
 294.28159 
 131.48463 
 294.55768 
 122.19984 
 115.10642 
 306.54196 
 308.71304 
 118.48177 
 304.49991 
 118.4269 
 115.55355 
 300.17102 
 114.78789 
 109.59223 
 293.93286 
 119.59117 
 117.08348 
 118.96729 
 287.22491 
 117.52194 
 113.90552 
 107.55953 
 102.77741 
 113.96236 
 104.63063 
 102.64909 
 104.4693 
 120.12564 
 119.50478 
 114.29971 
 120.37052 
 285.75565 
 298.87851 
 299.52219 
 119.35512 
 120.33328 
 125.84033 
 304.72559 
 116.78442 
 298.81473 
 109.70737 
 110.75623 
 293.1138 
 126.3153 
 111.25862 
 114.90874 
 110.23949 
 104.63438 
 116.59704 
 114.15388 
 294.09976 
 302.74088 
 113.27551 
 111.85217 
