 516.5022; 32.58276;
 516.85797; 43.901573;
 79.870201; 58.235966;
 96.289207; 70.3405;
 136.08682; 99.323532;
 207.52431; 110.80598;
 664.85651; 160.19006;
 109.92964; 183.38412;
 108.188; 191.47672;
 374.40662; 210.04045;
 785.29913; 250.34608;
 109.13322; 292.07434;
 195.00952; 290.57983;
 350.49222; 312.16891;
 548.52863; 324.39148;
 121.62881; 378.10681;
 598.07147; 418.51068;
 77.096519; 430.73468;
 319.94482; 448.36871;
 496.81705; 459.55402;
 319.65497; 479.91394;
 73.956192; 480.69995;
 32.165413; 507.47012;
 203.17328; 527.09619;
 96.108932; 582.97205;
 513.49438; 641.44543;
 302.74576; 702.51202;
 508.33493; 759.3725;
 284.29697; 799.84033;
 274.42978; 820.07092;
 363.06332; 820.7132;
 79.740402; 827.53931;
 332.35104; 828.22803;
 357.84344; 849.28253;
 386.13708; 876.93823;
 34.301643; 879.2948;
 434.18542; 881.76349;
 251.60281; 895.5415;
 143.44528; 899.9834;
 417.57028; 912.62769;
 382.91165; 935.12537;
 47.129032; 956.2605;
 108.75488; 956.65582;
 98.499229; 961.22131;
 446.30963; 977.08966;
 491.84079; 987.21515;
 287.76376; 50.751022;
 587.24457; 55.809254;
 111.87249; 67.269783;
 51.789089; 72.126289;
 876.84949; 74.115402;
 98.433998; 79.221924;
 431.11722; 92.143211;
 675.38379; 100.16964;
 137.02498; 113.94834;
 952.96912; 117.93953;
 977.46344; 127.68255;
 58.885689; 157.37946;
 342.285; 158.64478;
 680.26093; 159.04474;
 811.43665; 161.77573;
 259.03821; 165.94766;
 539.66968; 166.09955;
 676.95557; 168.2606;
 764.48438; 169.40297;
 285.48242; 169.58247;
 342.8942; 170.65768;
 85.060532; 175.40791;
 162.17599; 192.97029;
 260.07455; 202.16713;
 798.11426; 202.21268;
 471.40112; 206.45193;
 339.34003; 209.97684;
 375.82874; 222.9902;
 183.39656; 228.01753;
 221.25455; 228.17445;
 105.53657; 232.77557;
 785.26587; 233.46602;
 239.41479; 234.30772;
 215.23608; 235.91943;
 227.90546; 239.71165;
 824.57422; 244.24133;
 954.57367; 245.79582;
 966.24994; 252.06129;
 948.78918; 256.80966;
 779.04797; 257.91934;
 352.34149; 260.70013;
 823.02161; 261.84232;
 593.43243; 267.8949;
 842.71423; 273.88385;
 936.34033; 274.51953;
 825.17975; 277.19797;
 926.17578; 279.0961;
 114.40388; 284.27908;
 509.87024; 284.64597;
 788.72485; 285.20227;
 393.16772; 285.8931;
 399.405; 286.63052;
 191.71036; 299.25818;
 168.35692; 300.68304;
 552.29889; 308.59384;
 862.66553; 308.78497;
 167.95172; 313.26923;
 491.42068; 317.10071;
 871.21545; 317.31836;
 85.939796; 319.81845;
 356.78052; 319.72266;
 437.84628; 322.18274;
 914.49664; 322.1636;
 375.83273; 324.26755;
 466.80475; 325.88428;
 161.3539; 328.12958;
 198.32063; 331.2457;
 552.05347; 333.32126;
 415.40259; 342.36694;
 622.87378; 342.44888;
 144.4333; 344.77994;
 493.15048; 344.51282;
 649.44257; 345.1235;
 844.43799; 350.32886;
 256.01834; 350.85599;
 363.8197; 350.98221;
 622.97198; 352.21222;
 565.59454; 354.64407;
 932.97412; 357.23322;
 237.20848; 358.6496;
 372.16534; 359.88654;
 875.97498; 359.57886;
 388.37979; 360.79355;
 523.01715; 361.76031;
 559.83771; 364.64029;
 57.759628; 366.49435;
 783.60443; 365.80835;
 178.69974; 369.02142;
 825.68311; 369.58743;
 977.47845; 370.79401;
 280.17068; 376.65997;
 825.97491; 378.8851;
 747.74615; 379.64017;
 618.80493; 382.2496;
 800.41833; 396.07434;
 396.77963; 398.12247;
 768.08514; 399.62918;
 210.15605; 403.42206;
 257.49988; 408.25604;
 456.38174; 410.13565;
 143.58545; 411.30203;
 537.77869; 414.06464;
 888.0116; 418.06979;
 81.512451; 421.58215;
 486.15594; 421.57678;
 859.10663; 424.60147;
 419.86926; 427.04688;
 130.09875; 427.87225;
 884.18768; 428.05002;
 973.83252; 429.52777;
 770.59943; 433.55191;
 255.85426; 435.38498;
 304.90579; 438.33444;
 604.59039; 442.64594;
 772.54663; 443.07394;
 942.71228; 443.13376;
 133.92871; 446.60138;
 187.88303; 446.55969;
 51.939545; 447.97769;
 481.646; 458.33017;
 403.77567; 458.56216;
 97.008675; 463.17807;
 540.33173; 471.06631;
 217.76079; 480.23846;
 541.88373; 481.88351;
 230.34654; 485.24387;
 575.20905; 488.91339;
 181.7308; 491.77347;
 966.18304; 497.79019;
 903.95203; 499.48569;
 546.9895; 501.68192;
 427.65274; 508.05014;
 752.74371; 509.67599;
 107.20683; 516.15631;
 809.59387; 516.16608;
 832.62677; 517.9093;
 837.88574; 519.84589;
 462.13339; 521.02692;
 974.36621; 521.64856;
 353.65259; 527.33319;
 395.07388; 531.54749;
 462.83514; 539.95978;
 883.0105; 540.08667;
 236.84062; 540.92896;
 415.31659; 545.12933;
 521.87036; 547.72412;
 189.22626; 550.93884;
 147.83386; 554.5556;
 805.43835; 556.77625;
 734.51941; 559.34808;
 422.6539; 560.35089;
 353.6304; 562.99866;
 305.39767; 572.3526;
 694.5332; 572.49872;
 503.6582; 575.18634;
 564.61157; 578.94501;
 249.47388; 580.97839;
 290.2135; 581.4624;
 258.30188; 581.65466;
 266.78912; 582.28381;
 160.91119; 586.17426;
 371.00903; 591.10425;
 908.15393; 592.789;
 445.52512; 594.13824;
 186.76546; 598.92889;
 259.22018; 600.36139;
 304.63983; 599.96307;
 746.06525; 601.54108;
 445.98691; 602.98352;
 923.00281; 604.34131;
 283.88327; 606.85675;
 56.91877; 611.54041;
 926.02094; 614.48212;
 174.74654; 614.69171;
 396.83533; 616.46893;
 264.76801; 616.55292;
 514.15045; 626.01758;
 232.57907; 627.47882;
 254.52168; 632.1076;
 325.58435; 635.73346;
 117.65796; 637.1181;
 855.27679; 637.57355;
 638.97266; 638.81836;
 760.34979; 640.13324;
 735.98334; 640.77039;
 177.36687; 641.75507;
 849.77667; 645.63916;
 256.11377; 648.36285;
 353.81378; 651.25269;
 138.7421; 657.22418;
 279.97354; 662.54456;
 400.561; 662.91718;
 768.1347; 663.11292;
 653.70087; 684.32599;
 82.705666; 687.18994;
 773.07263; 688.3559;
 318.45328; 692.2511;
 453.18286; 697.35907;
 256.30225; 698.16479;
 551.34241; 698.77808;
 117.25492; 702.15778;
 641.30939; 702.49823;
 961.43903; 701.91504;
 373.60132; 702.87494;
 677.14032; 703.11835;
 166.30734; 708.16949;
 500.05637; 708.92926;
 74.095375; 710.09906;
 344.71982; 712.42017;
 534.73199; 722.28589;
 254.60092; 725.13025;
 234.47708; 726.61682;
 239.23083; 726.80878;
 297.95419; 726.56769;
 283.31909; 729.41504;
 314.37045; 730.38098;
 539.57947; 731.74005;
 479.52365; 732.7251;
 369.88257; 741.15387;
 753.10211; 748.78339;
 273.78625; 753.34821;
 317.40036; 755.23248;
 755.47406; 762.55475;
 350.24539; 768.44214;
 397.17133; 768.11243;
 721.87177; 768.77661;
 356.89322; 770.44415;
 837.52557; 773.66461;
 254.4886; 775.81177;
 186.26289; 777.56409;
 431.0712; 785.68127;
 653.20453; 785.91241;
 176.43623; 786.65601;
 296.28973; 788.73303;
 969.18842; 788.83466;
 290.02621; 791.59869;
 191.06023; 793.2627;
 274.18555; 792.98047;
 49.929417; 795.3219;
 384.20648; 796.0321;
 781.95618; 796.62781;
 229.44049; 798.66284;
 757.1748; 802.18781;
 564.34912; 802.53534;
 582.83221; 803.81543;
 598.21686; 805.84204;
 213.41597; 809.07751;
 944.87244; 809.82062;
 401.7179; 812.14105;
 503.9176; 814.24011;
 196.96318; 814.81793;
 883.44775; 815.96948;
 213.79707; 817.7373;
 503.93515; 826.11426;
 449.68402; 826.83832;
 746.72827; 826.711;
 483.50082; 828.66058;
 247.99922; 829.54272;
 221.09254; 833.93402;
 129.02795; 836.20496;
 529.08624; 837.08435;
 119.33807; 839.08411;
 808.80548; 845.9859;
 223.36861; 849.79999;
 513.37177; 850.06049;
 387.00641; 856.94928;
 594.93127; 856.87872;
 212.88908; 858.5426;
 256.11557; 862.32294;
 175.69217; 864.18475;
 840.71729; 863.66638;
 555.05957; 865.41241;
 530.69446; 865.62653;
 146.26595; 870.11353;
 277.65775; 871.27509;
 78.061745; 876.30951;
 531.38684; 875.53345;
 886.4599; 880.96161;
 508.96622; 884.19806;
 457.66296; 887.4552;
 801.84241; 890.02502;
 183.64134; 896.01605;
 56.194805; 904.10815;
 474.30142; 904.59259;
 739.29663; 905.09479;
 432.57993; 916.95313;
 545.34668; 919.60492;
 753.07928; 921.44232;
 430.0184; 924.23969;
 789.36664; 929.9826;
 534.36456; 937.38916;
 358.81512; 942.39099;
 130.91403; 944.49359;
 798.93073; 945.41046;
 912.53003; 949.10199;
 752.53613; 950.95703;
 288.87875; 951.73956;
 74.174301; 954.34442;
 393.54916; 958.71796;
 710.12854; 960.3764;
 537.83142; 962.383;
 49.73064; 969.1886;
 299.37888; 969.88013;
 229.13559; 976.76575;
 79.2929; 57.967819;
 232.25415; 57.627975;
 112.07959; 67.152969;
 523.79419; 68.046143;
 96.001411; 69.873123;
 877.39313; 74.641907;
 147.54576; 77.561493;
 915.18866; 77.890656;
 935.2995; 78.79171;
 98.544884; 80.026375;
 706.31152; 80.046204;
 226.77968; 84.195015;
 430.85663; 91.649956;
 777.94861; 91.586014;
 537.70129; 93.67952;
 119.89166; 95.563782;
 676.09991; 99.181992;
 136.10648; 100.18144;
 955.61176; 109.18056;
 207.71613; 110.41077;
 136.59868; 113.28968;
 440.75656; 112.7272;
 737.82416; 117.16601;
 923.44476; 118.01481;
 635.95422; 124.34341;
 773.63153; 133.44664;
 300.15952; 136.51151;
 781.58667; 141.6347;
 466.47986; 144.78409;
 946.54761; 147.06117;
 813.18024; 150.44037;
 215.78062; 153.79706;
 771.16986; 155.04277;
 58.853317; 157.28081;
 278.91202; 157.39667;
 342.45166; 158.43819;
 681.04266; 157.61607;
 665.66522; 160.44699;
 811.00031; 163.20576;
 259.24677; 165.94775;
 539.79419; 165.60623;
 286.24173; 169.16861;
 676.64209; 168.61688;
 765.35071; 169.31841;
 343.80157; 170.60167;
 84.70195; 174.74419;
 482.20706; 175.88176;
 309.95966; 179.97217;
 110.48126; 182.75548;
 716.97797; 183.95438;
 108.48356; 193.21623;
 162.58504; 192.62979;
 661.09857; 193.05441;
 771.17731; 195.27905;
 721.33954; 197.48817;
 830.42291; 197.65054;
 259.46854; 201.48064;
 798.98877; 202.6389;
 159.14084; 203.81277;
 389.923; 206.37531;
 472.11084; 205.72354;
 340.30392; 209.53511;
 374.0787; 210.62259;
 709.55841; 210.67709;
 244.69226; 211.71561;
 262.05707; 212.44669;
 546.79059; 212.50081;
 497.64505; 212.91211;
 116.2283; 214.58765;
 176.97693; 217.73326;
 375.89633; 222.15396;
 140.09358; 225.8501;
 183.59306; 229.19119;
 220.53383; 229.18153;
 913.90497; 229.67198;
 105.76042; 231.86349;
 518.23029; 232.74292;
 214.99338; 235.45119;
 239.54292; 234.87619;
 785.37115; 234.56389;
 227.57355; 240.67055;
 825.8147; 244.52333;
 952.862; 245.93382;
 520.38696; 247.3026;
 750.51367; 247.84999;
 916.15204; 247.61089;
 785.14868; 249.18771;
 187.17999; 250.40558;
 285.15677; 252.69539;
 254.14317; 255.43724;
 75.540939; 255.49269;
 948.89807; 257.17349;
 416.30933; 257.76334;
 300.51117; 259.16287;
 779.25085; 258.80194;
 859.78497; 259.42712;
 353.34839; 260.33231;
 823.8728; 261.17273;
 231.28838; 261.59396;
 593.05841; 268.61697;
 539.9068; 271.03934;
 487.00543; 272.26913;
 452.29056; 273.88507;
 843.14191; 274.18646;
 937.1554; 273.86844;
 891.75873; 275.54639;
 825.07135; 277.8627;
 925.68622; 279.13049;
 799.10229; 280.80322;
 114.22167; 283.69794;
 511.22696; 283.70624;
 788.7171; 285.10144;
 939.28772; 285.10162;
 396.19458; 285.79974;
 195.06401; 289.49997;
 419.40668; 288.91464;
 491.24542; 288.7446;
 65.264404; 294.3443;
 553.93573; 289.94284;
 852.92938; 291.09506;
 108.29282; 293.20175;
 237.83672; 293.10416;
 801.21252; 293.21252;
 80.149025; 294.44446;
 65.300499; 296.18774;
 480.32166; 299.33817;
 190.7919; 299.97696;
 168.65797; 301.08511;
 543.7981; 301.27408;
 912.26477; 302.92181;
 361.56067; 305.46701;
 553.57483; 307.99545;
 862.71698; 308.30209;
 350.42288; 311.43594;
 407.94736; 311.63507;
 168.39455; 313.61472;
 823.4314; 313.82315;
 139.23996; 315.69101;
 492.28604; 317.01846;
 871.0899; 317.87012;
 85.520607; 320.30228;
 357.25409; 320.28891;
 548.36353; 323.43613;
 915.13538; 322.95081;
 437.55838; 323.6478;
 375.0701; 325.31436;
 466.21597; 326.38425;
 826.06879; 326.34906;
 161.41083; 328.33411;
 810.4718; 328.49905;
 493.54617; 329.63959;
 199.89426; 332.35635;
 408.08408; 331.7648;
 552.4317; 334.01749;
 125.28706; 336.36749;
 639.0788; 338.11713;
 948.97278; 338.88123;
 507.00632; 339.69345;
 846.0802; 340.20401;
 416.2197; 342.22504;
 622.75; 342.41528;
 915.7738; 343.79227;
 492.87714; 344.59216;
 649.14349; 344.65881;
 144.24652; 345.89026;
 692.46423; 345.55978;
 126.80206; 347.41827;
 255.68962; 350.25473;
 363.37656; 350.26398;
 381.15152; 349.92999;
 804.24835; 351.38464;
 845.11499; 350.99454;
 622.77454; 352.35266;
 567.00256; 352.80045;
 94.168053; 354.66248;
 915.71448; 356.2923;
 933.10571; 356.02237;
 237.03181; 358.10153;
 194.89722; 358.87839;
 876.16052; 359.15182;
 388.94519; 360.22751;
 372.90674; 361.03479;
 834.95538; 361.11569;
 523.01984; 361.51416;
 805.22784; 362.20984;
 498.22458; 363.29547;
 783.02307; 364.95331;
 59.419933; 366.04541;
 248.20499; 365.93134;
 560.17566; 366.05359;
 305.41925; 367.12076;
 748.95972; 368.08405;
 827.13861; 368.29617;
 178.39052; 369.08917;
 334.17535; 371.51086;
 787.92316; 375.28622;
 280.19781; 376.32529;
 121.20594; 377.54471;
 447.51163; 377.67868;
 501.24969; 377.69089;
 747.92279; 379.40567;
 826.96411; 379.40582;
 183.38487; 381.57205;
 618.8479; 381.58878;
 210.09813; 387.31366;
 360.12137; 386.02307;
 297.5921; 392.67743;
 713.98273; 394.12274;
 673.49872; 394.55405;
 801.57367; 395.6077;
 181.89006; 396.54391;
 396.83701; 398.16867;
 190.76013; 398.5849;
 655.914; 400.40845;
 706.17584; 399.51633;
 767.93378; 399.72128;
 948.51154; 399.68073;
 209.34048; 403.23373;
 648.77631; 405.04321;
 808.11139; 406.10748;
 256.35403; 407.06891;
 356.51416; 410.17944;
 456.91956; 410.19885;
 845.67877; 410.23477;
 144.24988; 411.36533;
 537.23486; 413.81833;
 887.89801; 417.61935;
 597.99213; 418.65073;
 486.59589; 420.13358;
 80.396957; 420.81583;
 309.69769; 420.73282;
 814.1062; 422.30438;
 387.62921; 423.09894;
 859.00098; 423.08484;
 292.86218; 424.55807;
 808.74921; 425.40485;
 419.93506; 427.02792;
 130.57611; 428.59537;
 884.29718; 428.60486;
 77.100945; 431.07275;
 205.1194; 431.84906;
 771.04517; 432.64563;
 864.9646; 434.638;
 256.0892; 436.87582;
 717.66565; 436.61438;
 724.50409; 436.58392;
 303.47128; 437.75006;
 450.15375; 437.69287;
 688.06964; 439.63126;
 814.87585; 440.40073;
 942.99347; 442.27335;
 440.57919; 443.11502;
 605.13574; 443.94235;
 772.52106; 443.77667;
 134.33803; 445.09601;
 188.06902; 445.7504;
 487.35458; 445.707;
 749.03418; 448.31854;
 321.12082; 448.76913;
 293.0249; 450.94077;
 557.39313; 451.72244;
 830.57471; 452.48517;
 405.01279; 457.89877;
 747.85754; 458.6709;
 495.99319; 460.20322;
 688.43121; 460.99261;
 313.31018; 461.98627;
 97.019333; 462.66406;
 732.88556; 469.03421;
 540.81146; 471.0983;
 235.80328; 472.61578;
 447.29214; 474.50528;
 781.48322; 474.82669;
 515.57318; 478.5256;
 843.03729; 479.40613;
 73.774742; 479.89581;
 123.77038; 480.04163;
 217.02541; 479.94421;
 320.16; 479.54065;
 147.83043; 480.62213;
 541.64368; 482.44714;
 388.52481; 483.74185;
 704.84222; 485.29892;
 229.89546; 486.17169;
 575.53314; 488.52325;
 460.79263; 489.92728;
 72.205498; 491.40115;
 181.48949; 491.96945;
 270.25674; 496.23672;
 85.843422; 497.96359;
 904.36957; 498.58057;
 688.88763; 499.74838;
 548.24994; 500.7767;
 653.74316; 500.61896;
 184.94563; 504.08871;
 428.05923; 507.71039;
 753.43835; 508.5437;
 624.49603; 510.3187;
 107.17773; 515.27045;
 810.00568; 516.72107;
 145.45601; 518.28522;
 836.78516; 518.90326;
 465.04688; 519.9328;
 703.06244; 520.54913;
 623.32318; 521.92914;
 697.35797; 522.24377;
 286.05383; 524.75116;
 202.81793; 526.47485;
 353.01907; 526.43121;
 506.1311; 528.51489;
 912.20642; 529.11536;
 395.35403; 531.09924;
 249.07442; 533.40533;
 926.06415; 533.23523;
 773.8833; 534.6239;
 342.93634; 537.98901;
 883.03894; 539.1463;
 236.81509; 540.21912;
 570.59143; 540.36426;
 463.4603; 540.69403;
 413.66809; 545.3587;
 675.34045; 547.47235;
 521.41882; 547.88629;
 819.17419; 548.59631;
 189.46338; 550.87573;
 883.54883; 551.24658;
 148.3665; 556.25146;
 664.70148; 555.71167;
 801.68976; 556.20532;
 850.14014; 556.43494;
 733.80127; 559.02588;
 246.69498; 560.44043;
 422.10855; 560.85498;
 354.45773; 562.4198;
 813.46985; 565.37738;
 199.23599; 568.15009;
 857.01135; 568.64691;
 694.77429; 571.42786;
 90.433525; 572.50372;
 305.69345; 571.99359;
 753.04047; 571.95837;
 502.26328; 575.49451;
 763.24506; 577.466;
 328.88193; 577.53784;
 563.66718; 578.08246;
 250.14626; 579.34387;
 113.1657; 580.13281;
 353.38766; 579.54041;
 289.90149; 580.99896;
 264.9675; 581.68512;
 96.108543; 583.89734;
 333.8299; 583.76068;
 160.92839; 585.45734;
 666.72522; 588.67944;
 370.06558; 590.27722;
 282.2876; 591.85699;
 908.55011; 592.46741;
 445.90897; 593.4054;
 516.78094; 592.78436;
 186.17307; 597.24298;
 59.857796; 598.6579;
 830.65033; 599.29663;
 259.23404; 599.68909;
 304.59671; 600.33557;
 746.91486; 601.82043;
 445.80185; 603.43207;
 958.0874; 603.12848;
 924.0882; 604.10596;
 165.96204; 606.43726;
 285.1058; 606.69788;
 500.77048; 607.69049;
 878.33276; 609.31427;
 174.21352; 614.43359;
 927.09283; 614.71143;
 279.72507; 616.39319;
 397.2933; 615.67859;
 265.20959; 617.2533;
 349.93054; 617.61865;
 631.54742; 619.86639;
 880.1463; 619.5921;
 513.21698; 625.25311;
 832.24109; 625.841;
 398.93979; 627.14313;
 232.63739; 627.67352;
 726.79156; 631.20874;
 253.78308; 631.60675;
 612.48236; 631.92242;
 325.46118; 635.49152;
 116.95092; 636.84009;
 855.12311; 637.44818;
 638.54584; 639.12177;
 760.16718; 639.69147;
 736.52142; 640.77094;
 795.1524; 641.06854;
 513.90082; 641.68793;
 177.93094; 642.80115;
 849.28748; 646.57001;
 257.20438; 648.33521;
 352.88351; 653.4743;
 557.63751; 654.93896;
 139.40289; 656.44458;
 182.88725; 657.05792;
 545.34576; 659.70386;
 400.94577; 661.46765;
 124.36401; 661.71106;
 767.99811; 662.39948;
 280.01086; 662.97729;
 942.22736; 667.64178;
 218.52246; 669.02533;
 202.42413; 672.59778;
 281.59567; 673.81244;
 130.71147; 674.77423;
 127.39574; 678.60956;
 244.57297; 678.76459;
 697.50525; 680.25067;
 653.25201; 683.40845;
 83.289612; 686.17981;
 917.97223; 686.71216;
 773.50684; 687.53143;
 320.35208; 692.95941;
 453.78036; 696.7406;
 866.15961; 696.54944;
 255.97026; 698.10999;
 553.73676; 698.30334;
 116.6925; 702.45087;
 302.36194; 702.51758;
 373.82413; 701.69659;
 641.54425; 702.05151;
 676.64093; 702.78693;
 961.77722; 702.5968;
 165.74016; 707.8324;
 499.26392; 709.28137;
 74.783936; 711.2478;
 344.50061; 713.36182;
 662.62866; 716.76532;
 534.54993; 721.70978;
 254.76643; 723.4566;
 236.51442; 726.74988;
 297.32938; 728.0506;
 284.28607; 729.56366;
 314.55753; 730.1344;
 539.64392; 732.48029;
 478.31198; 732.59766;
 402.58469; 738.53748;
 201.12646; 740.3089;
 369.5416; 740.75964;
 606.87762; 744.02087;
 224.31839; 746.54669;
 733.36084; 747.63977;
 753.02936; 748.15228;
 273.38156; 753.45209;
 317.57535; 756.00836;
 101.26797; 756.73181;
 508.24756; 759.81226;
 755.68689; 763.24298;
 396.95096; 767.93811;
 352.12912; 768.54132;
 721.98138; 768.62524;
 837.18884; 772.97162;
 253.81767; 775.31012;
 186.31125; 777.8291;
 128.02255; 778.57025;
 431.61816; 784.35333;
 545.25244; 786.05933;
 652.47766; 786.23621;
 176.49001; 786.65552;
 684.43286; 788.28058;
 293.03113; 789.29413;
 190.39738; 793.21887;
 273.36569; 794.18781;
 582.92065; 793.88098;
 384.80319; 795.33453;
 782.36713; 795.69086;
 246.11269; 797.03412;
 705.68823; 797.76764;
 229.86057; 798.98376;
 949.00543; 799.93188;
 284.91495; 800.71021;
 756.83209; 801.99744;
 563.73151; 802.78082;
 859.53516; 803.44421;
 583.31201; 804.8938;
 599.09906; 805.36957;
 214.38705; 809.59784;
 495.49295; 808.12518;
 945.84906; 808.61102;
 402.39093; 812.20319;
 504.14462; 814.34436;
 197.1257; 814.66211;
 883.83502; 815.74805;
 212.85928; 818.32886;
 274.80042; 819.51154;
 363.0838; 820.1366;
 449.65414; 826.36713;
 502.83319; 826.26666;
 747.72546; 827.46796;
 79.839935; 827.53876;
 332.09045; 828.44958;
 483.93085; 827.65826;
 563.05243; 828.59674;
 247.62178; 829.86212;
 740.45361; 831.68964;
 220.10213; 833.40411;
 173.44453; 834.8988;
 860.09192; 835.44818;
 128.75105; 836.52338;
 120.41283; 838.16772;
 529.83563; 837.52222;
 431.63077; 839.96802;
 383.2009; 840.51361;
 599.11896; 842.70844;
 807.27173; 844.42023;
 223.34236; 849.77698;
 357.78488; 850.02545;
 513.53387; 850.23376;
 594.68726; 856.37091;
 804.85107; 856.46393;
 387.16031; 856.90228;
 211.73828; 858.75348;
 652.19043; 859.37262;
 93.548851; 861.55182;
 256.80099; 862.50525;
 556.18341; 864.15912;
 840.36591; 864.24323;
 175.66231; 865.42804;
 530.29083; 865.35052;
 694.60486; 868.32056;
 893.12164; 867.80908;
 146.5023; 871.36469;
 277.79449; 872.08002;
 638.9881; 872.60632;
 734.54114; 874.16064;
 77.534218; 876.04688;
 386.72913; 876.44891;
 531.84509; 875.71985;
 169.37544; 881.18921;
 886.54065; 881.15759;
 434.03131; 881.68219;
 480.63089; 881.79303;
 157.39223; 884.23956;
 509.42303; 884.87128;
 457.47775; 887.24805;
 471.36478; 890.47839;
 802.83948; 889.96356;
 965.48322; 889.88379;
 89.914566; 891.0354;
 183.19322; 896.12366;
 251.85506; 895.54498;
 209.9473; 898.22668;
 144.22189; 899.99023;
 84.981277; 902.73657;
 414.61044; 903.41425;
 474.76923; 905.12933;
 739.15625; 905.03723;
 279.63922; 906.45068;
 615.45111; 905.6037;
 417.26779; 912.49622;
 432.37549; 915.41528;
 875.08197; 916.62982;
 545.70789; 919.03021;
 753.34216; 921.12531;
 445.91376; 923.2533;
 505.64993; 923.10199;
 841.60522; 924.61975;
 428.55817; 926.08868;
 789.57233; 929.78925;
 381.9697; 935.42719;
 447.68964; 935.36688;
 688.45819; 935.54431;
 534.35864; 937.23907;
 234.44707; 942.74677;
 359.67029; 942.89355;
 131.47127; 945.82343;
 798.98694; 945.89612;
 606.06451; 949.20557;
 744.62244; 949.26099;
 912.60132; 948.73065;
 751.45142; 950.15582;
 288.37991; 951.13287;
 610.94379; 953.54456;
 73.74073; 955.06506;
 107.26906; 956.7049;
 394.17114; 958.99243;
 710.62439; 959.33167;
 759.66937; 960.34161;
 517.79199; 962.12561;
 537.50146; 962.04865;
 333.71286; 964.38495;
 429.97415; 90.64312;
 537.95905; 90.164268;
 832.89551; 93.933975;
 935.9068; 93.52626;
 118.45998; 96.238182;
 136.39146; 99.491325;
 676.32037; 99.124771;
 207.06592; 109.46629;
 439.57159; 112.57223;
 136.15727; 113.52763;
 737.28448; 115.08811;
 925.47314; 118.24236;
 635.57574; 122.84808;
 466.45096; 127.50327;
 839.30646; 130.32477;
 299.45883; 135.46582;
 889.16986; 142.39989;
 465.97058; 144.73248;
 559.39331; 143.40019;
 736.10907; 148.13904;
 811.03442; 148.30907;
 681.07312; 154.40175;
 773.17358; 153.27461;
 215.14319; 156.03333;
 278.22418; 155.81325;
 341.53293; 158.26839;
 178.64284; 160.464;
 257.64157; 159.10442;
 539.83411; 164.78029;
 808.28528; 165.10185;
 850.47272; 165.54828;
 672.44952; 167.36549;
 766.27692; 168.66849;
 343.55472; 172.70085;
 482.19656; 175.26952;
 111.65881; 181.67776;
 309.29514; 181.87679;
 370.62814; 182.58316;
 715.68103; 183.22888;
 360.62711; 185.35895;
 740.94244; 186.64613;
 160.38812; 191.16162;
 660.97607; 192.87543;
 106.13611; 196.07733;
 721.58722; 196.31284;
 771.13116; 195.41725;
 829.98828; 195.78526;
 259.52594; 199.75847;
 471.16553; 202.78661;
 799.08691; 201.57562;
 157.92166; 206.71114;
 244.91599; 209.1284;
 341.12753; 208.38614;
 372.7749; 209.36227;
 710.26001; 210.32545;
 546.18695; 213.9463;
 178.48151; 215.2583;
 261.94934; 215.87892;
 926.77069; 217.68639;
 140.87677; 224.27565;
 250.99341; 224.24004;
 417.81976; 225.56419;
 870.43799; 225.89801;
 183.41284; 230.58408;
 218.32591; 229.85164;
 518.73187; 230.81317;
 103.94621; 231.71544;
 709.56952; 232.30139;
 912.6156; 230.94905;
 786.3645; 233.55582;
 287.28635; 236.40639;
 450.98318; 235.33913;
 338.40927; 239.12697;
 825.7196; 242.08344;
 227.10643; 244.33388;
 858.82043; 243.45215;
 184.90115; 247.57492;
 751.39636; 248.7438;
 784.51538; 247.03334;
 917.06909; 247.22073;
 519.71802; 249.52536;
 283.86438; 253.39726;
 335.20444; 253.83063;
 305.05914; 260.19736;
 778.86816; 259.67352;
 825.93927; 259.7308;
 857.94183; 260.4819;
 354.94263; 261.03186;
 415.10754; 261.88541;
 564.20886; 262.38809;
 591.3053; 268.64252;
 933.82098; 268.03857;
 539.62415; 269.09937;
 485.53766; 272.63589;
 844.82959; 272.70261;
 452.43393; 274.22604;
 889.51837; 274.08929;
 798.9491; 278.49457;
 114.01027; 282.74423;
 512.29803; 283.4935;
 788.86035; 283.13538;
 193.49577; 286.96707;
 396.60046; 286.35953;
 492.28241; 286.97153;
 936.42279; 286.64578;
 421.20358; 289.22998;
 458.36703; 290.23853;
 852.91724; 290.02914;
 554.84381; 292.17465;
 289.85721; 294.94339;
 800.67175; 294.72473;
 101.47454; 295.38724;
 478.58725; 297.80795;
 168.18098; 300.08041;
 188.85883; 300.36456;
 911.8111; 302.77188;
 357.23044; 304.25369;
 439.40225; 303.86166;
 255.51869; 305.85657;
 599.43463; 305.5643;
 862.54517; 306.04135;
 553.92975; 307.40793;
 822.26239; 309.81253;
 168.68993; 313.99371;
 407.40356; 314.5239;
 492.36798; 315.6127;
 356.35767; 320.67502;
 838.58997; 318.79431;
 869.21637; 319.49475;
 549.55298; 322.11926;
 914.50793; 321.41705;
 374.79111; 323.93344;
 436.16248; 325.68396;
 826.84265; 326.51154;
 327.591; 327.17154;
 464.65659; 327.30112;
 140.70923; 329.23715;
 161.43929; 329.29181;
 490.12354; 329.23041;
 406.74976; 331.17783;
 201.62369; 333.43701;
 846.92798; 336.76416;
 417.38672; 342.73312;
 621.50421; 341.45245;
 645.56268; 341.08633;
 913.61304; 342.39136;
 493.04233; 344.07181;
 694.80981; 345.60095;
 125.952; 348.6293;
 254.17656; 348.78857;
 363.53046; 348.69809;
 381.53745; 348.7132;
 805.78949; 347.68188;
 565.87585; 349.63513;
 846.42047; 351.52444;
 98.34848; 353.56137;
 163.40253; 356.63351;
 237.50262; 356.50119;
 387.8894; 355.39441;
 933.48853; 355.39972;
 645.64789; 358.40646;
 876.71204; 358.92319;
 915.02264; 357.36371;
 418.7019; 359.43936;
 499.6756; 360.75467;
 522.47351; 360.004;
 372.35858; 362.44153;
 781.84204; 362.93982;
 830.09076; 362.92987;
 805.92572; 363.90329;
 304.97638; 365.50858;
 560.79407; 366.67136;
 748.87628; 366.12726;
 178.25258; 368.0416;
 249.29832; 367.3002;
 333.49088; 370.72134;
 279.69519; 375.16718;
 672.62372; 376.78445;
 120.25627; 377.32355;
 499.47171; 377.74771;
 784.51318; 378.48126;
 618.01477; 379.11093;
 827.39575; 379.62799;
 187.23779; 382.13388;
 417.40619; 382.64352;
 358.5965; 384.39084;
 211.91492; 386.97391;
 803.6004; 390.75385;
 851.1532; 389.4339;
 394.24969; 391.64618;
 295.35458; 394.92062;
 672.81659; 394.68625;
 499.75394; 396.59088;
 710.09357; 395.8891;
 185.94623; 397.53641;
 767.64203; 397.71899;
 651.62268; 401.46634;
 209.65422; 403.99658;
 807.35956; 406.51465;
 256.09238; 407.5394;
 315.89243; 407.41321;
 847.70831; 407.85516;
 404.51279; 409.69998;
 457.31561; 409.83163;
 144.39676; 411.3291;
 535.41034; 414.57626;
 887.43591; 415.51077;
 486.96329; 417.69739;
 597.73718; 417.30698;
 863.55573; 418.39273;
 578.35864; 422.72766;
 811.51971; 421.53885;
 292.89078; 423.54453;
 388.67911; 424.60422;
 419.37225; 426.51486;
 130.6295; 428.63513;
 208.91801; 430.45413;
 605.44946; 429.12485;
 771.45959; 430.49564;
 883.62091; 430.62796;
 688.95343; 433.18723;
 718.64783; 434.99503;
 255.34958; 435.64185;
 867.23431; 435.89023;
 301.98911; 437.8186;
 448.04068; 438.22449;
 631.12067; 437.30283;
 625.26508; 439.99271;
 813.50073; 439.48572;
 134.28557; 444.66293;
 489.01883; 446.25928;
 603.61945; 445.06351;
 772.47876; 445.72681;
 322.59933; 447.49728;
 749.19537; 447.8511;
 830.72913; 451.29916;
 555.96857; 455.01041;
 895.26837; 455.23618;
 405.33707; 457.00171;
 309.0289; 459.5524;
 688.05396; 460.82584;
 96.824608; 462.20044;
 494.81461; 464.25061;
 732.27118; 468.64673;
 235.73695; 469.57806;
 781.10852; 472.94589;
 446.20969; 473.60437;
 91.493362; 477.38202;
 146.93788; 478.72943;
 216.62027; 477.89594;
 321.04575; 478.17773;
 838.59955; 478.32089;
 125.89379; 479.90787;
 515.36639; 479.40417;
 388.43399; 482.91013;
 540.2243; 483.09515;
 704.83972; 484.15958;
 233.05621; 487.14511;
 575.79572; 488.71246;
 181.21913; 490.7431;
 734.56317; 490.44327;
 784.94806; 489.94183;
 219.8206; 492.79688;
 272.20258; 495.75919;
 652.05725; 495.38107;
 904.92755; 498.43591;
 133.47491; 499.39954;
 547.82941; 501.2984;
 205.64699; 505.61276;
 573.95862; 505.58472;
 185.62007; 507.62616;
 507.95386; 507.58142;
 753.37073; 507.28445;
 105.85409; 514.33795;
 324.93973; 515.08459;
 464.53455; 516.25604;
 624.14661; 515.50269;
 808.01996; 516.60889;
 836.34332; 516.37421;
 147.08687; 518.36664;
 369.32724; 517.19379;
 354.81461; 521.93567;
 700.13464; 522.71112;
 910.09796; 524.75562;
 286.28708; 525.65771;
 505.74118; 525.47943;
 395.38736; 529.71545;
 775.47833; 534.16455;
 235.6382; 537.86798;
 342.62076; 537.40845;
 569.62396; 537.71765;
 883.88391; 537.43164;
 94.577515; 542.65033;
 411.58286; 545.39478;
 521.75769; 547.40436;
 815.14941; 548.12952;
 485.74744; 550.31097;
 668.40912; 549.13257;
 190.66821; 552.44287;
 883.711; 552.86218;
 853.31403; 554.36157;
 800.99078; 555.33746;
 148.28038; 559.06934;
 332.17664; 559.2951;
 353.94305; 561.86005;
 419.0632; 562.13818;
 485.12674; 566.06171;
 602.67145; 566.76294;
 634.79559; 567.67358;
 811.83429; 567.46832;
 90.975365; 569.52979;
 695.63757; 569.51624;
 890.59283; 570.6756;
 500.6347; 574.87909;
 757.00787; 574.89075;
 113.15363; 577.77997;
 252.28766; 577.18353;
 159.52455; 580.54095;
 289.38089; 579.74268;
 331.18524; 579.18408;
 352.19012; 580.56085;
 563.09735; 579.30328;
 93.893723; 585.73712;
 368.82101; 589.72308;
 280.85721; 591.47778;
 444.89774; 591.25323;
 515.78809; 592.74969;
 185.52319; 595.41571;
 831.82599; 595.2027;
 303.59265; 599.52789;
 926.94806; 601.5141;
 365.76215; 604.6524;
 746.85938; 603.16974;
 287.39413; 606.30884;
 167.63423; 608.25592;
 672.34662; 610.37885;
 396.55014; 613.64551;
 630.29486; 616.61163;
 927.09924; 615.95532;
 265.2814; 617.50897;
 349.54956; 619.29077;
 906.70795; 621.05853;
 512.75238; 624.29413;
 832.09515; 624.54852;
 98.960388; 627.11896;
 400.92233; 629.92206;
 115.21874; 634.48761;
 324.00854; 634.44562;
 934.75922; 636.29724;
 406.01352; 637.5722;
 734.79401; 638.46228;
 636.32922; 639.10181;
 790.62268; 640.3114;
 177.82434; 642.77252;
 513.40485; 641.79907;
 845.52307; 646.64746;
 257.12799; 647.92126;
 350.36713; 651.41235;
 138.39424; 656.05756;
 182.66325; 656.30634;
 550.85291; 655.96954;
 402.07083; 659.87805;
 766.82434; 661.49963;
 216.09869; 668.88831;
 279.93158; 667.2663;
 378.00745; 667.82056;
 202.43227; 671.45007;
 552.83044; 672.38867;
 890.85217; 671.21637;
 127.65884; 676.63129;
 697.66223; 676.45667;
 258.57031; 682.6955;
 652.57367; 682.42749;
 773.0144; 685.78436;
 918.03979; 685.77966;
 320.65393; 692.45923;
 495.94446; 691.69366;
 453.52628; 695.05981;
 255.53136; 697.45667;
 553.05579; 697.13593;
 864.62195; 697.9491;
 89.2658; 699.591;
 374.8494; 699.80115;
 115.19994; 702.20288;
 301.79529; 702.02448;
 640.56757; 701.18408;
 164.51059; 705.60614;
 232.69513; 708.7356;
 497.76978; 709.54968;
 343.65158; 713.75739;
 385.89731; 713.89429;
 662.12604; 715.53467;
 869.5603; 716.82343;
 534.20123; 720.52545;
 251.96669; 723.52917;
 238.26157; 726.04755;
 293.77057; 726.93695;
 347.6113; 730.14569;
 434.02682; 734.77899;
 538.93756; 734.51184;
 720.28961; 735.43842;
 200.32178; 738.36139;
 368.62802; 738.17773;
 403.64743; 737.37317;
 606.58215; 744.26514;
 752.35907; 745.66376;
 272.92224; 752.99548;
 102.14118; 757.07556;
 317.48596; 758.23059;
 507.67239; 759.9906;
 353.3028; 765.02014;
 720.92865; 767.45947;
 835.70447; 772.14258;
 186.2209; 776.60431;
 252.19031; 776.42096;
 128.23994; 778.5882;
 431.7034; 783.86066;
 740.92194; 783.76758;
 651.40503; 785.6521;
 174.42168; 787.60059;
 292.27316; 788.46826;
 548.4527; 788.47748;
 582.99091; 790.15131;
 684.67773; 790.02283;
 189.79697; 792.25171;
 274.26208; 792.25024;
 384.00751; 794.44489;
 783.00726; 794.04163;
 249.25684; 796.92529;
 403.24643; 796.03381;
 704.51971; 796.23187;
 228.58098; 799.75153;
 755.78992; 800.24982;
 285.57181; 802.63428;
 891.41296; 801.80426;
 562.26923; 804.32489;
 860.51111; 803.19977;
 582.04846; 806.65564;
 690.58087; 807.43213;
 403.43268; 811.82806;
 499.44989; 811.17633;
 197.57315; 813.16162;
 883.35437; 816.58673;
 153.33229; 817.55145;
 275.6579; 818.46515;
 363.39236; 819.45496;
 483.27856; 824.79736;
 448.49234; 825.06512;
 561.84711; 826.88306;
 501.4516; 827.62018;
 246.39392; 830.35669;
 331.56982; 829.07159;
 743.63806; 829.11523;
 172.83963; 833.97827;
 859.42975; 835.54694;
 124.59252; 837.78845;
 530.61566; 839.24683;
 431.6987; 841.99512;
 598.92517; 841.35803;
 802.7594; 842.10016;
 357.24649; 850.08319;
 512.48907; 849.79639;
 675.70752; 850.32965;
 220.17746; 852.53949;
 211.25407; 857.76971;
 593.12781; 857.3158;
 650.21179; 859.21869;
 802.87402; 859.13354;
 557.11572; 862.03973;
 839.47028; 863.97632;
 175.23395; 866.13928;
 695.13086; 866.40204;
 893.57867; 865.38165;
 875.39941; 867.70264;
 146.95056; 871.16882;
 278.6373; 870.95911;
 639.22137; 872.61108;
 734.08777; 872.32172;
 386.33917; 875.98944;
 530.60449; 876.71057;
 433.17157; 880.71417;
 481.29761; 881.19916;
 886.17358; 882.81854;
 160.77632; 884.49438;
 456.93127; 885.23145;
 511.14478; 886.96533;
 470.84406; 890.9436;
 802.8667; 888.91663;
 441.89551; 891.96716;
 182.51457; 896.71844;
 209.19557; 898.02539;
 144.2113; 900.77393;
 413.40067; 902.59161;
 86.952003; 903.8645;
 739.05975; 904.65594;
 474.86169; 905.29767;
 617.02521; 905.59198;
 278.52414; 908.20697;
 434.87296; 912.78174;
 693.88232; 911.20099;
 504.59546; 921.76886;
 572.22046; 924.95337;
 841.89429; 924.72803;
 210.54259; 927.33765;
 790.63922; 929.16895;
 687.55524; 934.07269;
 380.14529; 936.13025;
 446.11487; 936.21838;
 534.32385; 936.27313;
 636.39874; 122.4389;
 461.48239; 128.44472;
 892.08551; 139.01242;
 808.70599; 146.95401;
 466.0719; 147.46918;
 776.89856; 149.57404;
 680.61993; 151.33069;
 213.67679; 157.25766;
 260.4986; 157.97386;
 277.73996; 157.3494;
 341.14716; 157.11227;
 540.0636; 165.28371;
 850.43921; 165.4948;
 669.30121; 168.18341;
 807.68219; 167.68196;
 767.44678; 169.63332;
 340.67206; 176.21873;
 365.96225; 183.46127;
 413.52106; 182.93901;
 310.55923; 185.75926;
 854.25684; 187.90941;
 741.81622; 189.96887;
 157.99667; 191.03479;
 769.07947; 192.66577;
 664.77991; 193.33449;
 829.83075; 194.45381;
 260.23026; 198.67415;
 470.61023; 202.3318;
 799.03729; 201.20892;
 371.25333; 208.50108;
 157.28021; 209.50424;
 709.57874; 212.09833;
 182.63965; 213.40347;
 547.2771; 214.65707;
 257.73383; 221.44685;
 141.24403; 223.93851;
 414.37369; 224.89082;
 218.9057; 228.97331;
 869.73352; 227.29242;
 519.21362; 229.67551;
 184.80429; 231.96083;
 285.71884; 233.58849;
 452.42023; 238.1611;
 823.70282; 237.0162;
 778.94464; 242.13742;
 855.83612; 242.64311;
 227.18196; 246.07608;
 183.74057; 248.09392;
 753.87091; 250.81487;
 520.02484; 252.15572;
 283.47067; 253.45102;
 334.01959; 253.60268;
 563.46045; 260.30283;
 306.70218; 262.31485;
 355.48233; 262.88861;
 414.84537; 263.00003;
 778.78363; 261.86533;
 826.52661; 261.00082;
 540.65204; 266.39206;
 853.39923; 265.37408;
 590.65686; 268.15054;
 485.51782; 271.96796;
 452.159; 274.49792;
 797.64777; 276.75336;
 191.44891; 284.47278;
 396.14243; 285.69955;
 420.48038; 288.27682;
 852.81952; 289.70697;
 555.6087; 292.43857;
 287.08618; 296.79028;
 167.54695; 298.34503;
 800.59283; 297.68417;
 189.41507; 302.46692;
 258.54086; 304.66998;
 354.89862; 303.19705;
 865.22498; 303.85489;
 438.13739; 305.25766;
 825.08868; 305.50836;
 408.07251; 313.15601;
 618.89435; 314.87268;
 839.71783; 317.93091;
 355.71118; 321.55557;
 376.59882; 322.82401;
 867.24115; 322.70255;
 551.03046; 323.20416;
 327.50757; 328.10852;
 436.7084; 327.43344;
 464.62115; 327.79449;
 488.04501; 327.39227;
 828.55975; 326.93835;
 161.48051; 331.84824;
 203.82629; 333.26706;
 847.85736; 335.11984;
 645.10156; 338.91122;
 809.67108; 339.74893;
 420.11029; 342.646;
 496.04803; 343.40155;
 370.98224; 345.63116;
 697.88031; 346.242;
 251.30588; 348.33115;
 382.26059; 348.43945;
 564.00494; 348.52225;
 847.96075; 354.00104;
 160.39323; 357.07892;
 417.84363; 360.20541;
 500.71951; 360.21912;
 523.68201; 359.60654;
 647.27454; 360.43985;
 781.63629; 361.71088;
 829.15247; 362.55298;
 371.71677; 364.81882;
 723.33282; 364.978;
 180.08255; 366.58264;
 748.95447; 365.16556;
 805.5484; 365.77899;
 561.4411; 368.55911;
 252.42542; 369.92023;
 671.06219; 375.41678;
 121.61156; 377.49652;
 497.95898; 379.3952;
 615.57123; 380.74677;
 827.62122; 380.10284;
 189.53867; 382.19391;
 415.14783; 381.26859;
 781.62537; 381.06339;
 212.05479; 385.92365;
 358.9682; 385.12479;
 804.11298; 388.39111;
 850.26093; 387.82376;
 394.94632; 390.08459;
 672.87335; 396.4389;
 710.59503; 396.10236;
 767.82721; 397.23703;
 188.1255; 399.04175;
 296.39056; 401.0405;
 499.39563; 399.34152;
 650.77777; 400.87421;
 311.16006; 404.672;
 256.05188; 407.03955;
 847.60742; 407.59305;
 405.14252; 410.33441;
 457.99594; 409.31635;
 143.76172; 411.94186;
 510.52948; 411.34299;
 600.83252; 411.71109;
 487.15118; 416.7836;
 533.67169; 416.17047;
 866.53101; 415.84421;
 811.75983; 421.27274;
 579.76855; 423.02533;
 388.7095; 425.45892;
 419.3334; 425.98608;
 131.25729; 427.67783;
 609.34436; 427.50656;
 211.92642; 430.2287;
 773.20801; 429.08316;
 688.82819; 431.48563;
 255.70654; 435.41516;
 718.43237; 435.68164;
 869.58313; 437.83441;
 302.26694; 439.29025;
 447.43436; 439.13065;
 628.19397; 440.98779;
 812.04193; 440.51373;
 489.47955; 446.52591;
 135.00955; 447.26331;
 602.40057; 447.11542;
 772.61768; 447.67102;
 832.54724; 451.68243;
 894.15039; 452.86115;
 556.17645; 455.11423;
 406.60599; 457.79596;
 309.01642; 460.08829;
 495.4751; 466.67331;
 235.23392; 468.58405;
 731.93524; 468.46149;
 782.5755; 471.68301;
 375.29596; 473.5289;
 143.49857; 477.90643;
 321.71671; 478.76987;
 804.26093; 477.79575;
 835.48297; 477.74078;
 128.66057; 479.27063;
 514.53577; 481.9537;
 539.97797; 482.68304;
 385.58084; 483.02179;
 576.34955; 488.4538;
 181.9731; 490.58484;
 734.35834; 489.98566;
 230.44757; 491.11682;
 652.69995; 493.1048;
 273.28018; 493.83737;
 158.54254; 495.91278;
 133.04947; 500.98599;
 906.72351; 499.2793;
 547.63934; 502.2179;
 572.25342; 506.61392;
 754.10266; 506.94009;
 186.37703; 511.19604;
 835.21875; 514.1283;
 806.61353; 516.48242;
 324.5589; 518.71759;
 359.60757; 518.36646;
 463.11218; 518.29376;
 623.95996; 517.25537;
 150.32799; 521.59326;
 701.0155; 524.47119;
 287.23956; 527.21686;
 240.36002; 535.8338;
 343.22614; 536.41766;
 836.76532; 536.55908;
 885.35876; 535.78949;
 568.64502; 537.0094;
 485.14639; 548.76575;
 522.88885; 546.98969;
 668.41309; 548.35791;
 695.71301; 547.76019;
 808.36304; 549.50201;
 191.49727; 552.8761;
 853.57739; 553.62122;
 882.91949; 553.79846;
 242.36429; 557.51129;
 330.28796; 558.96118;
 149.76895; 560.19775;
 353.93173; 561.03149;
 604.91492; 566.93726;
 633.9176; 567.84027;
 812.66949; 570.3042;
 757.34265; 574.79553;
 255.22163; 577.40552;
 332.09415; 578.42456;
 563.50085; 578.89642;
 350.78162; 585.18237;
 280.09232; 590.57703;
 368.49081; 590.49957;
 442.95499; 591.04376;
 832.14612; 592.44513;
 515.27344; 593.17188;
 185.98721; 595.34058;
 324.74176; 598.45361;
 300.85831; 600.30188;
 747.32159; 604.87012;
 168.4209; 609.32721;
 395.58469; 612.63184;
 349.10794; 618.24774;
 631.26147; 617.70319;
 512.84796; 626.5412;
 833.77948; 625.9505;
 403.60413; 636.14868;
 732.73004; 637.11658;
 634.21552; 638.91614;
 790.83594; 639.46991;
 177.11977; 641.91479;
 843.96454; 646.2124;
 257.48941; 647.89215;
 349.62061; 652.80536;
 551.19226; 655.09631;
 136.82234; 656.88623;
 403.55972; 660.81525;
 279.76846; 670.31964;
 377.66382; 670.948;
 892.63116; 670.60663;
 210.99498; 671.26709;
 697.50897; 675.78156;
 127.2373; 678.2215;
 498.01044; 691.5213;
 452.46741; 695.2785;
 553.40546; 696.60327;
 376.75043; 697.53485;
 864.5274; 698.90448;
 640.44812; 701.58881;
 164.73897; 705.03394;
 236.42255; 707.06946;
 342.90973; 712.51294;
 388.80615; 713.87958;
 534.81183; 720.75818;
 868.31024; 719.38501;
 243.34192; 725.47528;
 291.99237; 727.09784;
 345.97604; 731.91357;
 721.49939; 735.01312;
 369.02444; 734.99866;
 317.83975; 757.56146;
 507.52979; 759.1582;
 355.69778; 764.67163;
 721.1051; 765.61761;
 834.64551; 771.91077;
 250.9886; 777.54578;
 188.09244; 779.40009;
 744.05103; 784.01447;
 432.06421; 785.06226;
 651.01196; 785.25665;
 291.29437; 787.3078;
 548.62958; 788.18335;
 582.20752; 787.73157;
 685.93829; 790.80835;
 703.2486; 792.97943;
 252.49789; 798.71997;
 226.5997; 799.77271;
 861.96143; 803.93762;
 287.64191; 805.60327;
 564.40558; 805.90143;
 576.65851; 807.96619;
 200.30196; 811.85498;
 497.67026; 811.1394;
 403.59598; 813.00848;
 151.65759; 818.77332;
 276.38669; 818.99701;
 882.45618; 817.56854;
 364.26651; 819.57422;
 225.72415; 821.6651;
 447.82785; 824.54059;
 484.01285; 824.04419;
 331.40207; 828.76733;
 742.83917; 829.37067;
 246.58247; 831.52917;
 859.21729; 835.44025;
 124.67107; 837.02338;
 598.78052; 840.27374;
 802.52106; 840.93799;
 433.5546; 843.51013;
 357.44034; 849.99048;
 676.0752; 849.63391;
 214.12566; 856.39148;
 558.29382; 861.67017;
 892.78644; 863.6759;
 174.32173; 865.50494;
 875.60065; 866.0481;
 147.32385; 869.20416;
 279.08942; 870.76563;
 641.07825; 870.84216;
 735.63855; 871.74829;
 195.71179; 873.92957;
 433.16409; 880.24048;
 886.72803; 884.79926;
 511.43143; 886.65906;
 161.21346; 887.0882;
 802.54108; 887.91693;
 184.01038; 897.68488;
 144.32994; 901.44788;
 208.83896; 901.27277;
 739.59528; 905.72961;
 616.2699; 905.31812;
 768.14465; 196.28076;
 256.6926; 199.49475;
 182.97939; 212.37833;
 705.58868; 210.08311;
 520.66132; 225.84889;
 223.3163; 226.86708;
 823.40839; 233.63925;
 765.38257; 239.9007;
 518.28784; 253.94795;
 304.18332; 260.54065;
 355.27219; 261.09171;
 824.53662; 260.08386;
 795.63641; 276.32181;
 314.71109; 287.38815;
 621.5304; 287.56256;
 268.17343; 302.06989;
 355.39212; 323.28165;
 434.21558; 326.34616;
 203.41792; 331.10565;
 644.99738; 337.07785;
 376.39554; 344.60544;
 562.50702; 345.00781;
 704.91949; 343.43985;
 247.19716; 349.80313;
 750.66803; 364.81186;
 560.82532; 369.73862;
 612.70673; 376.98984;
 242.04236; 378.25757;
 207.16679; 387.17505;
 710.57794; 394.90881;
 300.50928; 398.04416;
 841.67505; 408.7847;
 582.1217; 425.23407;
 209.52779; 430.6824;
 306.35321; 439.98312;
 444.89621; 438.47382;
 628.25116; 438.91092;
 806.07416; 442.7131;
 600.42493; 450.56961;
 836.45557; 450.97757;
 231.12819; 469.45981;
 301.54736; 466.76566;
 378.17084; 472.42566;
 790.66022; 472.57568;
 834.96075; 478.22375;
 509.29889; 483.91238;
 184.65005; 490.50742;
 729.68079; 490.82541;
 230.56294; 497.08862;
 753.60431; 507.1752;
 834.93427; 508.23926;
 361.34744; 517.05133;
 622.95154; 515.73273;
 802.61188; 517.1535;
 460.67865; 519.26959;
 701.09351; 521.97247;
 287.09515; 525.61975;
 239.45212; 533.90411;
 805.05817; 548.87958;
 190.58234; 551.42896;
 226.37508; 560.69934;
 351.04901; 561.55157;
 617.48871; 569.46344;
 255.38347; 577.85016;
 562.53992; 578.61603;
 441.63733; 590.64874;
 295.53165; 600.28949;
 395.14502; 611.42596;
 629.60522; 615.82166;
 835.70325; 623.56134;
 731.90765; 634.41284;
 790.04138; 639.75421;
 633.17816; 642.90948;
 348.72504; 652.3186;
 842.17554; 650.72516;
 404.89777; 664.24561;
 207.57448; 668.02789;
 279.2681; 670.34192;
 696.43109; 673.72992;
 448.19388; 692.57001;
 394.2337; 715.0058;
 243.55472; 723.80695;
 291.38489; 726.39856;
 725.72351; 733.16382;
 356.07416; 762.85779;
 741.59497; 781.66553;
 431.58307; 784.59753;
 550.49646; 785.22729;
 287.59998; 788.10126;
 691.87329; 789.88977;
 205.68919; 806.47437;
 569.59003; 809.91864;
 491.69128; 813.83972;
 741.48712; 827.64612;
 595.89319; 839.58167;
 801.84717; 840.38556;
 674.92914; 849.27948;
 269.92557; 299.8945;
 305.79953; 440.57242;
 230.51402; 470.58502;
 461.89502; 520.4129;
 240.08969; 534.09686;
 349.17825; 563.45172;
 395.09171; 610.34064;
 406.82941; 670.63373;
 442.42792; 691.35461;
 731.25885; 734.43304;
 355.27423; 762.60315;
 430.69604; 785.51392;
 558.84943; 782.6582;
 285.61642; 788.36041 
