 516.62805; 32.344151;
 516.91028; 43.999062;
 587.3631; 55.824646;
 79.510597; 58.504414;
 96.229538; 70.283875;
 50.888016; 71.789902;
 135.95052; 99.110062;
 207.33096; 110.72865;
 58.911407; 157.27078;
 343.02765; 158.44728;
 664.69836; 160.05405;
 680.95245; 159.3403;
 811.23779; 161.45222;
 285.26135; 169.74126;
 110.12573; 183.41023;
 108.89253; 191.32886;
 798.58038; 202.33878;
 374.65527; 209.95499;
 954.62561; 245.84598;
 785.76843; 250.95259;
 777.56122; 257.16855;
 111.0491; 284.61658;
 109.48341; 292.21402;
 194.91342; 290.69739;
 168.64847; 300.74109;
 350.66653; 312.30173;
 375.55289; 324.31451;
 548.61865; 324.57336;
 622.69843; 342.36447;
 373.39774; 360.02393;
 523.1571; 361.54309;
 561.01855; 364.68616;
 128.52988; 363.10135;
 178.77467; 369.03519;
 787.6391; 373.23962;
 120.20497; 377.88116;
 598.45313; 418.33215;
 885.16669; 427.68073;
 77.717216; 430.70029;
 51.640175; 447.92151;
 318.96103; 448.37631;
 496.70435; 459.62244;
 37.055939; 479.22653;
 319.1803; 479.80399;
 74.080597; 480.68213;
 575.20941; 488.59961;
 31.769085; 507.69385;
 463.85474; 539.94995;
 237.49835; 540.97247;
 734.33112; 559.51715;
 305.39203; 572.67767;
 289.79758; 580.96393;
 96.014015; 582.73505;
 283.72528; 607.02075;
 398.85526; 616.36011;
 232.64935; 627.44159;
 253.30531; 632.19916;
 854.85986; 637.40833;
 177.5737; 641.48749;
 513.35516; 641.5304;
 280.2114; 662.34973;
 83.398521; 687.21979;
 256.26471; 698.25378;
 302.29855; 702.45862;
 74.980171; 710.25897;
 539.46069; 731.69019;
 273.57404; 753.37372;
 317.22717; 755.15613;
 508.72299; 759.21973;
 396.88385; 768.11407;
 284.20123; 799.7616;
 583.50232; 803.85468;
 275.55945; 820.49811;
 363.46689; 820.71051;
 80.692558; 827.33258;
 332.52463; 828.06427;
 220.52512; 833.89856;
 358.33527; 848.91779;
 223.56749; 849.56317;
 513.52869; 849.92084;
 387.09418; 857.13153;
 386.70248; 876.93994;
 34.218182; 879.43646;
 434.798; 881.24469;
 801.5506; 890.13837;
 251.3367; 895.53455;
 142.89165; 899.84021;
 55.613544; 904.34619;
 417.30847; 912.59924;
 430.34586; 924.17145;
 382.60388; 934.854;
 533.78693; 937.60919;
 289.07907; 951.8009;
 47.017227; 955.96924;
 108.44297; 956.3335;
 97.583328; 961.68781;
 49.566982; 969.19977;
 299.74207; 970.0686;
 446.67661; 976.91534;
 491.63843; 986.98633;
 287.52032; 50.985744;
 923.46057; 52.413452;
 111.21741; 67.487923;
 876.98041; 73.598534;
 147.55734; 76.586273;
 98.053383; 79.176605;
 915.02014; 78.836655;
 935.40894; 79.665581;
 50.062252; 81.11261;
 225.88533; 83.795929;
 407.08371; 87.907761;
 431.05527; 92.287697;
 537.69775; 93.492897;
 122.06116; 95.87944;
 621.06311; 99.914711;
 677.17365; 100.04244;
 439.86514; 113.30009;
 136.57358; 114.19796;
 737.52258; 118.07259;
 923.45575; 118.19806;
 953.28094; 117.92943;
 634.95203; 124.18359;
 977.08258; 127.82484;
 774.69434; 134.01051;
 300.37503; 134.93629;
 465.62497; 144.56599;
 660.51276; 152.69237;
 277.53616; 160.45911;
 256.39465; 165.25089;
 539.54028; 166.11635;
 678.36835; 168.21431;
 310.32013; 168.89302;
 762.95288; 169.23886;
 342.88196; 170.34341;
 483.01163; 175.20013;
 539.85852; 175.33011;
 84.885429; 175.63004;
 310.51273; 179.96898;
 716.41083; 183.64738;
 163.32254; 192.71175;
 828.56665; 195.45787;
 719.73718; 198.33603;
 158.35666; 202.32507;
 259.61996; 201.99393;
 471.83911; 206.37514;
 338.72083; 209.989;
 261.142; 210.92757;
 709.16656; 210.55476;
 116.37929; 215.33099;
 375.83078; 223.19511;
 183.34114; 228.09492;
 220.56468; 227.99576;
 105.62303; 232.54568;
 786.10706; 232.96053;
 239.46516; 234.41;
 214.88785; 236.02014;
 963.89435; 235.72339;
 227.96057; 239.29729;
 261.32623; 240.05618;
 825.60748; 244.69658;
 520.13959; 246.26422;
 750.6911; 247.59808;
 965.39478; 252.12714;
 253.68364; 257.11795;
 948.1358; 256.94019;
 296.97388; 259.06342;
 764.99402; 259.23404;
 352.50244; 260.75623;
 823.19458; 261.74976;
 231.73404; 262.69482;
 593.1676; 267.68643;
 538.14087; 271.42218;
 841.85785; 273.87427;
 451.6636; 274.66608;
 937.14838; 274.84729;
 824.6311; 277.34903;
 891.86304; 276.66068;
 925.84515; 278.96109;
 800.604; 280.81375;
 510.95612; 284.43948;
 789.97803; 285.51895;
 399.24789; 286.62717;
 552.04242; 289.76328;
 238.38434; 293.79123;
 83.027527; 295.24133;
 193.29915; 299.44208;
 543.35291; 302.66269;
 362.18134; 305.67157;
 552.40735; 308.3244;
 862.76508; 309.37769;
 215.98573; 310.20901;
 408.74951; 311.10422;
 168.56503; 313.39221;
 822.30756; 313.82327;
 489.9252; 317.24365;
 870.95801; 317.0575;
 809.95966; 318.52493;
 85.98336; 319.64001;
 356.40671; 319.80365;
 438.94476; 321.6676;
 914.75623; 322.32706;
 466.75397; 325.80573;
 162.28046; 328.30664;
 810.76825; 328.65048;
 493.95853; 329.68924;
 198.32379; 331.07733;
 552.35437; 333.29553;
 392.78351; 335.79517;
 124.44807; 337.85233;
 414.80002; 342.32343;
 144.8125; 344.99075;
 493.39404; 344.84396;
 650.02203; 345.27579;
 845.11029; 350.40112;
 255.89252; 350.82269;
 362.65433; 350.90225;
 622.80261; 352.28308;
 803.97467; 352.92148;
 566.60376; 353.85294;
 94.301201; 354.71942;
 446.46823; 355.7659;
 933.11578; 357.09128;
 237.39452; 358.67206;
 876.77112; 359.49866;
 388.33112; 361.02411;
 415.83698; 361.08566;
 116.94454; 365.84729;
 781.31769; 365.72064;
 57.570808; 366.73572;
 757.59546; 369.31195;
 827.14557; 368.9501;
 334.55548; 372.91833;
 279.47705; 376.7478;
 747.75195; 379.28162;
 826.54907; 378.76907;
 180.84264; 380.46344;
 619.21948; 382.07455;
 298.16791; 391.79047;
 157.16452; 395.00522;
 801.00897; 395.75089;
 396.94983; 398.17444;
 767.29565; 399.7735;
 948.25995; 399.87891;
 208.69289; 403.41257;
 647.29559; 406.94888;
 258.20633; 408.55249;
 455.82504; 409.92667;
 141.25919; 411.21634;
 103.84277; 413.63989;
 537.8017; 413.89835;
 888.41321; 417.71915;
 308.97495; 421.08334;
 486.03479; 421.10684;
 82.44368; 422.13907;
 384.43552; 423.1806;
 860.01929; 424.40143;
 419.66202; 426.87976;
 129.56093; 428.01379;
 973.57202; 429.03476;
 770.22491; 433.35031;
 255.85463; 436.12213;
 725.86963; 436.66129;
 300.62881; 437.96292;
 606.0332; 442.72134;
 773.97583; 442.92477;
 943.15631; 443.06042;
 134.44266; 446.26205;
 188.59506; 446.48773;
 403.14447; 458.22723;
 482.09015; 458.36255;
 747.28766; 458.64725;
 553.8476; 461.17239;
 97.048698; 462.96857;
 269.40143; 464.76831;
 955.46161; 469.16315;
 541.33691; 471.71359;
 515.28094; 479.33893;
 216.93622; 480.72232;
 542.15314; 482.04575;
 43.071457; 485.59317;
 226.82246; 486.14072;
 70.892296; 490.15863;
 458.30093; 489.82422;
 181.63908; 491.83646;
 85.648178; 498.50211;
 966.10205; 497.8721;
 903.32697; 499.6051;
 547.90594; 501.38669;
 183.92482; 502.96817;
 428.57214; 507.94818;
 979.02521; 508.15128;
 751.90582; 509.93604;
 973.7641; 514.66504;
 107.58244; 516.04895;
 811.81165; 516.36987;
 830.9245; 517.90375;
 837.76208; 520.15259;
 465.483; 521.13922;
 975.28229; 521.81274;
 203.239; 527.08368;
 352.66971; 527.86377;
 506.49445; 528.44495;
 395.7251; 531.58093;
 925.01581; 532.34406;
 249.88193; 533.86499;
 774.06494; 534.12451;
 882.9104; 540.18945;
 414.96661; 544.94427;
 521.75146; 547.94391;
 819.69019; 549.06348;
 189.05748; 550.65454;
 147.82698; 554.56909;
 805.78082; 556.58606;
 314.01373; 560.07867;
 424.0433; 560.25055;
 353.43085; 563.04211;
 414.12506; 566.92542;
 198.22023; 567.64117;
 222.71461; 568.06915;
 855.91364; 568.24811;
 695.10852; 572.79883;
 90.492485; 573.78369;
 249.47954; 575.13037;
 502.69934; 575.24664;
 327.8602; 577.15369;
 352.92795; 578.77045;
 564.92456; 578.72272;
 111.65601; 580.74164;
 249.77708; 580.82111;
 266.34235; 582.24652;
 424.68634; 581.7326;
 161.1059; 586.2724;
 666.87653; 589.42084;
 370.41666; 590.47961;
 908.79742; 592.75616;
 446.3829; 594.20758;
 724.33386; 595.70056;
 304.4028; 599.18805;
 187.06226; 599.53455;
 259.34027; 600.42719;
 745.68054; 601.5434;
 445.03024; 602.94348;
 923.28552; 604.3457;
 166.09253; 605.97632;
 500.69662; 608.04034;
 878.54944; 609.56525;
 57.280376; 611.46075;
 175.76152; 614.94672;
 926.7135; 614.56171;
 264.73724; 616.0647;
 350.09235; 618.48743;
 879.55377; 618.82001;
 399.24628; 626.28247;
 514.1579; 625.59143;
 353.79285; 628.75629;
 725.32977; 631.59424;
 325.38779; 635.90027;
 119.04454; 637.24103;
 640.26898; 638.81329;
 760.23969; 640.12469;
 736.6449; 640.54187;
 229.54698; 642.21899;
 850.15271; 645.68866;
 254.07352; 648.45056;
 263.12897; 649.25641;
 355.9386; 651.45532;
 377.07147; 653.53516;
 140.11411; 656.9585;
 183.82968; 658.11792;
 399.26553; 662.65375;
 768.0788; 662.6319;
 220.76552; 665.9519;
 944.54102; 666.76166;
 196.8141; 668.14954;
 281.65634; 672.42059;
 245.27469; 677.87097;
 299.81848; 682.45471;
 653.21063; 684.02808;
 772.97845; 688.47607;
 317.84506; 692.09497;
 867.11407; 695.67175;
 453.15134; 697.565;
 553.17627; 698.84723;
 118.56935; 702.02808;
 961.43158; 701.89282;
 374.1207; 703.09247;
 641.95166; 702.64508;
 676.255; 703.10449;
 166.60727; 708.21667;
 501.08679; 708.88098;
 345.12628; 712.00098;
 658.76337; 712.82971;
 664.97321; 719.04114;
 320.49945; 719.5744;
 532.0401; 720.73999;
 234.86; 726.59094;
 299.20605; 726.68073;
 50.192608; 728.02661;
 282.20059; 729.90509;
 314.15579; 730.2005;
 478.45163; 732.87036;
 369.70184; 741.50977;
 201.81694; 741.83032;
 223.06834; 744.79352;
 752.56494; 748.82513;
 100.68071; 756.8855;
 355.49133; 758.16296;
 755.45496; 762.38947;
 349.77982; 768.94336;
 722.73975; 768.74701;
 357.10748; 770.07874;
 837.70148; 773.50818;
 253.77135; 774.86182;
 186.20929; 777.51025;
 127.41019; 778.68567;
 175.82732; 786.02008;
 433.46594; 786.04828;
 652.90497; 786.06403;
 684.22424; 788.11523;
 299.16437; 788.73688;
 969.07129; 788.8512;
 289.86966; 791.55371;
 190.26349; 793.22638;
 50.54607; 795.22998;
 271.85226; 795.89685;
 385.71198; 795.89905;
 244.43188; 797.31525;
 782.32941; 796.76398;
 229.8416; 798.73169;
 950.37213; 799.28192;
 756.70917; 802.36548;
 564.09406; 802.79938;
 117.08636; 805.94281;
 597.92114; 805.85907;
 213.3535; 809.39917;
 946.62079; 809.70782;
 400.86606; 812.3009;
 503.9129; 814.19226;
 197.06126; 814.84821;
 885.06171; 815.51221;
 380.71951; 816.96881;
 127.50687; 817.67859;
 211.73863; 818.00616;
 685.30029; 819.53485;
 775.98145; 823.02557;
 503.91174; 825.47821;
 450.75305; 826.82538;
 749.39526; 826.81775;
 485.15994; 828.68536;
 563.39832; 829.40143;
 247.29419; 829.49854;
 351.83997; 831.14331;
 173.70636; 835.41461;
 50.508446; 835.70172;
 130.37245; 835.64221;
 529.36224; 836.99304;
 119.13687; 839.25439;
 971.44531; 839.52313;
 382.66013; 840.78351;
 598.72711; 843.56268;
 808.10986; 845.57037;
 975.58661; 847.47913;
 534.85364; 848.51587;
 415.30823; 852.51654;
 806.02148; 855.40802;
 57.875008; 855.67877;
 594.11066; 856.86041;
 976.12305; 857.95648;
 213.93298; 858.53131;
 93.472557; 861.82996;
 257.46484; 862.31836;
 175.68558; 863.92584;
 840.69171; 863.74384;
 531.03845; 865.7171;
 554.94202; 865.69269;
 891.70483; 869.67859;
 144.28378; 870.90857;
 277.15234; 871.55115;
 76.699867; 876.21619;
 530.96826; 875.63531;
 123.37241; 878.20007;
 478.25726; 880.38934;
 887.07904; 880.6629;
 508.83191; 884.1972;
 484.84689; 886.12665;
 457.73541; 887.52112;
 231.78745; 891.24756;
 182.53185; 896.0838;
 474.00113; 904.29364;
 413.95718; 904.73883;
 738.46716; 904.99829;
 278.66187; 906.04651;
 875.34833; 916.41638;
 432.24649; 916.92841;
 545.56903; 919.74469;
 568.73615; 921.4809;
 752.52277; 921.47253;
 445.21207; 923.78333;
 136.24599; 928.19452;
 790.2572; 930.39941;
 327.5766; 934.03711;
 448.22064; 934.80017;
 358.20795; 942.30121;
 130.92136; 944.07977;
 233.69846; 943.58514;
 799.12897; 945.37982;
 914.02765; 949.10632;
 752.27136; 950.79272;
 835.6441; 953.26288;
 74.235565; 954.09528;
 393.75003; 958.68915;
 710.73639; 960.28943;
 760.49652; 959.96143;
 538.52582; 962.48102;
 516.64929; 962.69513;
 610.13788; 966.0246;
 395.32895; 968.94104;
 468.36966; 972.94592;
 230.11546; 977.19312;
 78.991463; 58.174294;
 231.61728; 57.516449;
 742.98358; 58.212006;
 547.80371; 66.013245;
 111.4016; 67.396263;
 81.63987; 68.135475;
 523.46826; 68.178459;
 96.02256; 69.795105;
 877.35339; 74.186302;
 147.67952; 77.864868;
 914.68921; 77.700531;
 935.68909; 79.000092;
 98.305466; 79.991127;
 707.57202; 79.567863;
 203.13673; 81.648331;
 226.9886; 84.453239;
 170.2197; 85.11554;
 406.55801; 87.708725;
 778.18195; 91.468071;
 430.64276; 91.796906;
 537.63562; 93.731888;
 120.70837; 95.682213;
 620.56641; 99.069939;
 677.23444; 99.037231;
 135.92369; 100.02016;
 370.12939; 103.87402;
 955.23517; 109.27648;
 207.64754; 110.24637;
 440.30957; 113.09759;
 119.66261; 113.63759;
 136.07851; 113.61505;
 555.724; 116.79385;
 737.9071; 117.13998;
 923.32379; 118.00659;
 953.57922; 117.75503;
 207.39835; 121.26113;
 635.12231; 124.09682;
 80.761688; 125.70859;
 838.95654; 130.20732;
 773.81531; 133.47682;
 300.21997; 136.62668;
 780.41406; 141.90257;
 466.13934; 144.53693;
 946.86493; 147.10292;
 813.23077; 150.08516;
 660.26636; 151.18884;
 215.95677; 153.50148;
 821.18219; 153.84431;
 770.9754; 154.96767;
 59.046532; 157.13741;
 278.71283; 157.98816;
 342.75882; 158.22363;
 681.53497; 157.96593;
 178.73485; 159.88278;
 665.4187; 160.28728;
 811.24353; 162.8024;
 256.94016; 165.25879;
 539.63245; 165.53925;
 842.35718; 166.68994;
 286.06805; 169.18486;
 677.4848; 168.61745;
 764.28119; 169.25891;
 343.54767; 170.26965;
 858.14154; 170.71352;
 84.724548; 175.25003;
 483.18677; 175.82906;
 539.63409; 176.33749;
 310.56308; 179.65956;
 110.7082; 182.67776;
 717.12469; 183.92627;
 65.039711; 188.88382;
 110.40601; 193.12592;
 163.77614; 192.51855;
 660.96912; 193.09457;
 150.60944; 194.24847;
 772.02332; 195.33434;
 829.4184; 196.8922;
 720.00726; 197.67345;
 259.20837; 201.34827;
 158.25055; 203.41339;
 799.17853; 202.60773;
 389.73251; 206.40849;
 472.26645; 205.67763;
 339.74118; 209.57718;
 374.32471; 210.62166;
 709.44818; 210.73027;
 244.32184; 211.88345;
 261.26862; 212.21068;
 547.08374; 212.12091;
 497.4184; 212.64766;
 116.42273; 214.6756;
 175.83234; 217.83269;
 375.73087; 222.38681;
 501.99026; 222.68668;
 419.60867; 224.41058;
 140.67361; 225.69882;
 183.43658; 229.10701;
 220.0536; 229.13544;
 914.37115; 229.41971;
 106.01421; 231.58986;
 518.14221; 232.40323;
 785.52539; 234.32346;
 239.69034; 235.01511;
 214.83028; 235.60649;
 964.17255; 235.60019;
 260.9873; 239.26683;
 337.8537; 239.45773;
 227.55455; 240.14627;
 324.0751; 243.86795;
 825.97461; 244.82281;
 953.09229; 245.97067;
 520.35004; 246.84521;
 750.94983; 247.84715;
 917.03595; 247.68402;
 186.57852; 250.38655;
 785.23401; 249.72469;
 285.09393; 252.80733;
 874.7793; 253.98155;
 75.485451; 255.0648;
 253.97815; 255.68127;
 948.39966; 257.26294;
 416.70456; 257.55042;
 764.60309; 258.39508;
 778.08478; 258.46851;
 298.92856; 259.27658;
 860.14026; 259.37964;
 353.02631; 260.41177;
 823.80499; 261.02002;
 231.64432; 261.83185;
 317.91473; 262.04919;
 272.94864; 265.1991;
 963.79913; 266.18518;
 592.55603; 268.43469;
 538.78107; 271.37347;
 486.94574; 271.76566;
 451.9718; 274.16443;
 842.27673; 274.0079;
 937.51801; 274.25632;
 891.62134; 275.7468;
 555.88452; 277.10876;
 824.94659; 277.9953;
 925.46112; 278.98508;
 800.41577; 280.41257;
 511.47968; 283.46661;
 112.57319; 283.78159;
 789.30023; 285.31204;
 939.44513; 285.3364;
 398.14249; 286.17923;
 860.54694; 286.58481;
 490.62482; 288.8428;
 64.872742; 294.52921;
 194.88046; 289.67035;
 421.23087; 289.47284;
 552.67859; 289.879;
 455.56158; 291.49243;
 852.77112; 291.85367;
 108.82705; 293.27695;
 238.09477; 293.34421;
 801.46893; 292.59647;
 82.114525; 294.30212;
 565.38232; 294.08331;
 65.338928; 296.34808;
 482.44958; 299.4335;
 192.62122; 300.3302;
 168.84874; 301.0087;
 942.24261; 300.92496;
 543.00751; 301.74274;
 911.95447; 302.95142;
 361.24683; 305.34399;
 553.66089; 307.89835;
 862.62756; 308.68372;
 216.63287; 309.62259;
 350.68448; 311.71613;
 408.25769; 311.61954;
 168.9108; 313.45013;
 430.54489; 313.34937;
 822.02991; 313.30515;
 139.31622; 315.93207;
 491.61804; 316.85971;
 870.77155; 317.69867;
 809.89624; 318.54471;
 85.624458; 319.98129;
 357.13522; 320.32437;
 838.95435; 319.98584;
 438.39423; 322.9021;
 915.20142; 323.11761;
 548.24561; 323.66788;
 375.15515; 325.22766;
 466.24841; 326.2113;
 825.49756; 326.5636;
 161.83157; 328.40167;
 493.31537; 329.37027;
 810.71454; 328.65533;
 327.77774; 330.17346;
 179.31407; 331.90515;
 198.96246; 332.22058;
 407.92252; 331.58051;
 552.85144; 333.84903;
 393.42017; 335.60834;
 942.70142; 335.65872;
 125.38213; 336.53448;
 638.63013; 337.27582;
 201.00311; 337.85303;
 508.76428; 339.08945;
 845.5929; 340.0481;
 950.04828; 339.85269;
 415.52591; 342.17212;
 622.72455; 342.38705;
 493.11002; 344.96838;
 649.77399; 344.71881;
 912.25653; 345.32382;
 144.17661; 345.93878;
 691.25781; 345.56363;
 128.03127; 347.15973;
 255.66046; 350.2179;
 362.33051; 350.46408;
 382.40811; 350.3284;
 845.54736; 350.99719;
 622.65656; 352.35022;
 804.39471; 351.81296;
 567.05914; 352.68607;
 94.820465; 355.04901;
 916.45135; 356.05502;
 933.08545; 355.95557;
 166.89935; 358.23032;
 237.16489; 358.05756;
 194.86333; 358.73447;
 876.79462; 358.95819;
 389.03629; 360.37186;
 373.33179; 361.05215;
 416.22101; 361.02063;
 523.15167; 361.33627;
 720.789; 361.31653;
 835.01154; 360.69119;
 128.89227; 362.29382;
 805.25238; 362.38242;
 498.30881; 363.31082;
 117.53289; 365.54745;
 781.26917; 365.21057;
 59.809074; 365.93271;
 247.97966; 365.95428;
 561.02216; 365.99277;
 304.46857; 366.66168;
 746.87781; 367.34879;
 931.56653; 366.78857;
 827.69476; 368.18005;
 178.48814; 369.01633;
 756.4007; 369.58661;
 334.22272; 371.99265;
 73.247887; 375.06912;
 787.42114; 374.75574;
 279.5506; 376.36902;
 120.2355; 377.35324;
 448.0563; 377.21262;
 501.9137; 377.58823;
 748.10394; 379.19196;
 827.17957; 379.36578;
 181.6833; 381.28287;
 619.09717; 381.43085;
 361.23264; 385.96448;
 418.82556; 385.82944;
 209.23213; 387.23224;
 500.9964; 390.10477;
 298.18674; 392.51904;
 156.95192; 393.67838;
 672.81042; 394.23395;
 713.43689; 394.07733;
 801.89752; 395.50323;
 180.24313; 396.34283;
 396.53357; 398.23935;
 191.9595; 398.71216;
 708.31537; 399.09238;
 93.952049; 399.85178;
 656.25452; 400.28934;
 767.35718; 399.74222;
 947.92426; 399.87219;
 208.42625; 403.24054;
 853.74622; 402.89856;
 647.85535; 405.68787;
 256.29245; 407.1351;
 805.61121; 406.56226;
 318.89102; 408.14523;
 356.85742; 409.94028;
 456.36853; 410.00894;
 845.02026; 410.29764;
 142.51077; 411.16202;
 705.18597; 411.93292;
 537.70233; 413.46664;
 104.29506; 413.72528;
 647.60602; 416.74472;
 888.39941; 417.21799;
 598.20038; 418.54556;
 486.24231; 419.97101;
 81.901009; 421.31567;
 310.08075; 420.71234;
 814.40344; 421.35825;
 386.44421; 422.8363;
 659.25085; 423.01962;
 859.5929; 423.10339;
 951.96667; 423.20798;
 291.95779; 424.70117;
 687.99225; 424.96127;
 419.88812; 426.92554;
 210.44101; 428.20523;
 744.91241; 427.5314;
 885.2746; 428.36478;
 129.93515; 428.51819;
 77.52845; 430.95288;
 604.38281; 431.59735;
 203.67757; 432.70377;
 770.56134; 432.52277;
 166.12929; 434.3277;
 802.77435; 435.51685;
 864.61853; 434.82874;
 255.59587; 437.23209;
 450.99515; 436.58029;
 724.27911; 436.58148;
 301.44086; 437.70047;
 687.80731; 439.57358;
 814.84229; 441.14005;
 943.36371; 442.30344;
 605.70142; 443.86694;
 773.5556; 443.57507;
 134.54196; 444.81219;
 188.40837; 445.75143;
 486.44379; 445.78259;
 748.11127; 448.35706;
 320.30081; 448.77814;
 293.37952; 450.94641;
 558.08673; 451.73343;
 830.61511; 452.41769;
 404.15417; 457.66531;
 482.51974; 458.14832;
 747.98187; 458.64246;
 496.16434; 460.24615;
 554.59802; 460.36395;
 688.42865; 460.88214;
 314.93695; 462.06625;
 96.927292; 462.50674;
 269.23013; 464.2421;
 955.82086; 468.15802;
 733.64752; 469.82721;
 541.12628; 471.20981;
 234.69693; 473.36908;
 446.61386; 474.44409;
 781.27197; 474.65787;
 515.60425; 478.39432;
 319.6575; 479.44702;
 843.00201; 479.19635;
 73.909561; 479.92398;
 123.56388; 480.26074;
 148.9136; 480.07123;
 216.54619; 480.15668;
 542.14063; 482.57159;
 386.96863; 483.73227;
 227.77475; 486.29117;
 704.68512; 485.53021;
 786.20599; 486.27756;
 575.50922; 488.26486;
 459.82675; 489.61298;
 72.347359; 491.32407;
 181.28847; 491.90076;
 216.85634; 492.68723;
 269.99146; 496.1308;
 85.897316; 497.94339;
 903.78741; 498.69067;
 688.16913; 499.57294;
 548.42444; 500.54742;
 652.46997; 500.74341;
 184.92171; 503.8606;
 299.89459; 504.44955;
 211.92117; 508.41522;
 428.62848; 507.60898;
 508.85245; 508.32062;
 580.64258; 507.9545;
 752.66144; 508.75388;
 624.37805; 509.98807;
 107.53011; 515.23627;
 374.46603; 516.7193;
 811.39294; 516.64856;
 145.10071; 518.11334;
 94.520309; 519.43054;
 836.64453; 519.19623;
 465.7088; 520.08856;
 701.21289; 520.86993;
 622.98212; 522.31934;
 286.36145; 524.57428;
 202.96335; 526.47144;
 352.49728; 526.86121;
 506.34003; 528.50897;
 736.69507; 528.79999;
 912.93073; 529.29248;
 395.9223; 531.10175;
 249.91174; 533.05115;
 925.46228; 533.13434;
 774.18866; 534.5564;
 225.32408; 536.18945;
 342.31985; 538.13696;
 882.95801; 539.2157;
 237.47783; 540.24744;
 570.7489; 540.09064;
 95.03537; 541.09155;
 463.84863; 540.56787;
 906.88861; 540.70709;
 413.47647; 545.19556;
 521.37054; 548.21796;
 675.82867; 547.57452;
 819.17212; 549.02869;
 351.50555; 549.70923;
 189.05318; 550.60828;
 883.37854; 551.22552;
 148.22166; 556.04816;
 664.24457; 555.8894;
 802.18896; 555.97137;
 847.9494; 556.20953;
 856.75415; 557.88971;
 279.92123; 559.35724;
 733.80341; 559.17816;
 246.54137; 560.23718;
 313.79239; 559.78833;
 423.41196; 560.40515;
 354.4191; 562.35437;
 484.8934; 564.0105;
 814.75439; 564.8349;
 414.00293; 566.57739;
 198.41882; 568.09009;
 223.16969; 568.32397;
 540.06598; 568.1629;
 856.62567; 568.39063;
 305.59116; 572.19031;
 694.96832; 571.76166;
 752.42584; 571.49207;
 89.846413; 572.58032;
 501.70834; 575.5766;
 328.11905; 577.35211;
 763.85468; 577.39502;
 563.77539; 577.73962;
 249.91173; 579.00836;
 353.21555; 579.13275;
 112.51414; 580.21863;
 289.67273; 580.85193;
 424.60474; 581.01434;
 265.3078; 581.75769;
 303.77625; 582.12823;
 96.127319; 583.61176;
 333.88297; 584.55908;
 161.03412; 585.5946;
 667.30573; 588.52216;
 370.40863; 590.08759;
 281.03647; 591.79602;
 516.66638; 592.53375;
 908.78772; 592.42419;
 446.48541; 593.49945;
 724.21082; 595.6217;
 783.78552; 595.79022;
 186.06824; 597.30658;
 59.287685; 598.68835;
 431.91513; 599.27661;
 830.80231; 599.24945;
 259.29449; 599.81653;
 304.79868; 600.15265;
 367.53198; 601.82477;
 746.39063; 601.78058;
 444.85358; 603.39557;
 957.03333; 603.16797;
 924.41858; 604.07745;
 166.01534; 606.31036;
 284.41275; 606.50793;
 500.84412; 607.71466;
 878.63538; 609.20166;
 188.29359; 609.68726;
 303.8157; 613.28711;
 175.66426; 614.77917;
 398.44907; 615.48218;
 927.17993; 614.65485;
 279.57645; 616.47992;
 265.15344; 616.92657;
 349.50391; 617.68579;
 879.3667; 619.40881;
 630.61462; 619.69843;
 512.63763; 625.06854;
 832.70734; 625.80835;
 399.7121; 627.06818;
 100.62256; 627.81964;
 232.92613; 627.6499;
 725.75659; 631.21918;
 253.24341; 631.62689;
 612.4856; 631.99896;
 325.61044; 635.66217;
 117.29247; 636.83716;
 854.83264; 637.34949;
 931.09802; 637.76733;
 640.04218; 639.10223;
 760.14893; 639.70215;
 736.85895; 640.59454;
 796.73035; 640.9325;
 229.18874; 642.15045;
 513.95673; 641.71234;
 178.08943; 642.63196;
 849.97589; 646.61835;
 255.12152; 648.48749;
 355.04254; 653.11237;
 376.8992; 654.17389;
 558.96588; 654.94403;
 140.38788; 656.2157;
 183.7337; 656.974;
 544.7146; 659.66956;
 399.91022; 661.21698;
 320.60834; 662.28479;
 768.09961; 662.13629;
 920.34808; 662.41486;
 280.15128; 662.81598;
 943.93158; 667.41205;
 220.1261; 667.88947;
 197.67702; 669.66833;
 357.76215; 670.01154;
 919.19049; 673.27582;
 132.00832; 674.0127;
 281.70715; 673.6134;
 244.81677; 678.71655;
 697.62158; 680.51538;
 299.99298; 681.87305;
 652.79614; 683.15472;
 83.659134; 686.24274;
 494.62939; 686.75629;
 918.04272; 687.02563;
 773.38245; 687.65436;
 321.25034; 693.36884;
 866.48193; 696.24017;
 453.89413; 696.91571;
 255.95845; 698.12244;
 553.7392; 698.18958;
 117.64739; 702.35278;
 301.98816; 702.37457;
 373.86563; 701.9444;
 641.80316; 702.17883;
 676.30981; 702.79279;
 961.69952; 702.52386;
 231.13948; 707.3681;
 166.25957; 708.15472;
 500.03833; 709.53217;
 75.335403; 711.38049;
 344.866; 712.9433;
 384.32565; 714.10022;
 660.13159; 714.47284;
 871.55109; 715.14783;
 597.1969; 718.12842;
 664.0578; 717.66467;
 320.76727; 720.38409;
 533.28302; 721.14471;
 255.54903; 723.04736;
 841.49164; 725.59576;
 235.39484; 726.57581;
 298.48206; 728.29626;
 282.72278; 729.93219;
 314.26953; 730.08722;
 84.078339; 732.02905;
 539.46112; 732.31964;
 478.28918; 732.67786;
 717.12421; 735.31805;
 401.6655; 738.39703;
 201.19429; 740.43469;
 369.46255; 740.99524;
 606.9649; 744.07562;
 223.72124; 746.5163;
 732.24225; 747.40021;
 752.86548; 748.17181;
 273.41986; 753.51196;
 317.4335; 755.91644;
 101.11459; 756.57562;
 355.522; 758.32031;
 508.55606; 759.65485;
 755.5224; 763.13458;
 928.73297; 762.66095;
 396.61661; 767.95306;
 351.51974; 768.50275;
 722.38055; 768.73322;
 837.58612; 772.72345;
 253.74211; 774.81067;
 186.18472; 777.81317;
 127.71472; 778.55945;
 432.50577; 784.49506;
 543.40576; 785.46161;
 176.34738; 786.45172;
 652.47186; 786.35944;
 684.27197; 788.24188;
 290.67819; 789.862;
 551.59729; 791.4032;
 189.9852; 793.23138;
 93.566681; 793.54114;
 581.58142; 794.00653;
 272.46829; 794.99664;
 385.57462; 795.23022;
 782.63196; 795.82159;
 245.25563; 796.74451;
 706.42096; 797.70593;
 230.06578; 799.0224;
 949.7796; 799.46588;
 284.47644; 800.59546;
 756.74921; 802.15375;
 563.55634; 803.06543;
 858.09998; 803.66272;
 893.18744; 803.87738;
 62.003342; 804.72223;
 583.83032; 804.86945;
 598.60522; 805.367;
 116.88416; 805.7121;
 494.97186; 807.2652;
 689.43829; 807.88538;
 946.65369; 808.54248;
 213.65688; 809.55688;
 401.21729; 812.45422;
 96.055817; 813.08228;
 504.10413; 814.24329;
 197.31305; 814.70471;
 884.9447; 815.45544;
 380.43927; 816.42328;
 211.61603; 818.51337;
 275.41513; 819.86121;
 363.41901; 820.19672;
 685.3551; 819.65875;
 502.85291; 825.99493;
 80.546486; 827.40955;
 450.07709; 826.61407;
 748.94556; 827.37482;
 332.20908; 828.39996;
 484.97534; 827.70697;
 562.94958; 828.76343;
 247.10725; 829.83881;
 739.0802; 832.31573;
 220.16362; 833.43829;
 173.48677; 834.95514;
 129.45697; 836.19226;
 860.24921; 835.53613;
 529.67706; 837.48767;
 120.17471; 838.56317;
 431.54559; 839.85785;
 382.64487; 840.57538;
 598.87811; 842.43262;
 807.46033; 844.11981;
 534.4577; 847.69305;
 223.4884; 849.49487;
 357.87366; 849.74109;
 513.80756; 850.16632;
 415.69049; 852.54565;
 594.33569; 856.34888;
 805.36566; 856.27344;
 387.15814; 857.07062;
 211.62885; 859.08484;
 652.61414; 859.32568;
 93.524193; 861.71863;
 257.50632; 862.56274;
 555.85413; 864.50647;
 840.26746; 864.24829;
 175.67772; 865.14856;
 530.6684; 865.3902;
 222.33902; 867.05463;
 694.3689; 868.44519;
 893.40674; 867.80072;
 145.36876; 871.88043;
 277.14935; 872.14594;
 639.54376; 872.74756;
 732.89111; 873.65283;
 76.912605; 875.94568;
 387.07925; 876.47845;
 531.82306; 875.83624;
 560.48828; 876.13641;
 123.8859; 879.23749;
 170.81693; 880.66119;
 479.3949; 881.04254;
 887.12451; 880.89398;
 434.45602; 881.45428;
 157.44031; 883.94739;
 508.98499; 884.67249;
 457.5647; 887.26855;
 152.90196; 888.01141;
 232.02469; 890.35266;
 471.14517; 890.28467;
 801.96106; 890.16998;
 965.10193; 889.96564;
 90.170273; 890.80914;
 640.20782; 892.06964;
 251.56529; 895.44666;
 925.27808; 895.1178;
 181.95164; 896.21362;
 210.39377; 898.06702;
 143.68277; 899.80109;
 85.049019; 902.96295;
 414.19568; 903.37292;
 474.5242; 904.96112;
 738.62146; 904.96204;
 896.32257; 904.62183;
 278.57401; 906.23322;
 614.33575; 905.89923;
 699.24353; 908.66589;
 417.17477; 912.52136;
 431.88013; 915.32819;
 404.99036; 917.47375;
 875.33142; 916.56445;
 546.01019; 919.12085;
 919.08789; 920.37689;
 752.83411; 921.14819;
 568.8717; 921.88226;
 445.20941; 923.37915;
 505.88748; 923.1167;
 840.94452; 924.02307;
 429.43643; 926.18964;
 136.57201; 927.59149;
 789.95874; 930.07465;
 327.64005; 933.90863;
 111.39806; 935.56445;
 381.5538; 935.2594;
 447.61945; 935.39777;
 688.05206; 935.77863;
 534.01099; 937.40771;
 234.00319; 942.67267;
 359.90955; 942.82458;
 131.26677; 945.69965;
 799.36694; 945.97052;
 914.1297; 948.89832;
 751.03827; 949.9093;
 288.81992; 951.24756;
 835.53326; 953.05847;
 521.75665; 954.2489;
 609.75793; 953.51514;
 73.880455; 954.82806;
 107.67554; 956.31323;
 665.63983; 956.17334;
 394.07523; 959.00293;
 710.94073; 959.43256;
 760.01984; 959.81378;
 98.796867; 961.146;
 516.48834; 962.39252;
 538.03809; 962.07806;
 333.94223; 964.69733;
 964.91711; 251.95688;
 429.8252; 90.726707;
 537.94885; 90.266388;
 832.43066; 93.978279;
 936.31836; 93.617294;
 118.76248; 96.290138;
 136.27818; 99.441635;
 676.35571; 98.990723;
 207.11168; 109.43369;
 439.95096; 112.47264;
 135.77495; 113.55789;
 737.17792; 115.18971;
 924.88983; 118.00497;
 635.47705; 122.87096;
 467.02939; 127.13785;
 839.34827; 130.35295;
 299.44641; 135.61458;
 781.52441; 141.02199;
 888.52527; 142.34895;
 466.05914; 144.5735;
 559.43646; 143.39365;
 658.08893; 148.14014;
 735.93921; 148.25597;
 812.17255; 148.22028;
 839.44141; 147.91176;
 495.75851; 149.82561;
 681.24103; 154.55771;
 773.06042; 153.33044;
 215.20992; 155.62218;
 278.42636; 155.88373;
 341.43591; 158.17885;
 178.59317; 160.70253;
 256.9935; 159.07988;
 539.66602; 164.66539;
 808.66724; 164.81837;
 850.36066; 165.28242;
 673.28778; 167.70024;
 766.07574; 168.64864;
 343.40372; 172.44922;
 273.31802; 173.79355;
 926.98785; 174.0567;
 482.56912; 175.30107;
 538.513; 179.91394;
 111.44727; 181.63383;
 309.40063; 181.55815;
 371.10919; 182.41743;
 715.96185; 183.39243;
 855.45929; 184.46651;
 360.11084; 185.64749;
 740.91608; 186.81618;
 923.46564; 188.33714;
 161.66559; 190.98003;
 660.98071; 192.7238;
 106.4472; 196.04869;
 721.49854; 196.50546;
 770.96381; 195.0648;
 829.92426; 195.7681;
 259.44308; 199.64812;
 471.20847; 202.86978;
 799.15521; 201.51569;
 158.02603; 206.2357;
 389.68796; 205.45204;
 340.99146; 208.32918;
 245.06665; 209.11661;
 373.09662; 209.40276;
 709.89453; 210.24498;
 115.63181; 211.39748;
 546.00208; 213.9274;
 177.17195; 215.52069;
 261.74619; 215.71759;
 927.13324; 217.49924;
 375.16263; 222.68611;
 140.84172; 224.11342;
 250.12617; 224.30797;
 418.28152; 225.32216;
 871.16028; 225.3114;
 183.25214; 230.45482;
 217.96259; 230.03766;
 518.74408; 230.45375;
 103.97691; 231.70338;
 238.86958; 233.17754;
 321.0351; 231.46597;
 709.06201; 232.2258;
 912.59198; 231.02069;
 786.05524; 233.60965;
 820.24933; 234.14949;
 286.85162; 236.69405;
 450.36688; 235.39085;
 338.15201; 239.21153;
 423.3461; 242.96379;
 825.6311; 242.33189;
 227.14038; 244.02838;
 859.35376; 243.3226;
 185.12567; 247.64426;
 751.37976; 248.55296;
 784.81433; 247.31912;
 917.73096; 247.17264;
 519.8783; 249.21428;
 95.877197; 252.28148;
 283.75583; 253.58488;
 335.20059; 253.99448;
 874.97797; 254.3277;
 304.13538; 260.10098;
 778.56573; 259.64993;
 825.60571; 259.61145;
 858.13501; 260.36774;
 230.7482; 261.87604;
 354.48047; 261.06238;
 415.28778; 261.64926;
 563.61169; 262.09668;
 272.44998; 266.80194;
 925.38721; 265.22375;
 591.17603; 268.55298;
 539.29767; 269.28601;
 935.93103; 269.23575;
 485.7612; 272.41306;
 844.27893; 272.73779;
 452.40131; 274.29327;
 889.61749; 274.08148;
 799.44305; 278.19824;
 113.99655; 282.7551;
 924.03644; 281.06082;
 511.88614; 283.40149;
 788.27686; 283.4494;
 396.88492; 286.40762;
 937.06287; 286.77823;
 193.67409; 287.1741;
 492.17349; 287.04257;
 625.58215; 288.35068;
 421.10504; 289.27988;
 457.84424; 290.44455;
 852.91058; 290.24365;
 888.03558; 289.90829;
 553.96948; 291.97229;
 290.21631; 295.04398;
 800.61621; 294.5426;
 100.95352; 295.27844;
 478.53738; 297.73105;
 168.16502; 300.04581;
 188.8308; 300.48538;
 357.46631; 304.17075;
 439.86023; 303.5459;
 911.89752; 303.04742;
 254.83588; 305.91214;
 599.35315; 305.76599;
 862.23779; 306.20508;
 553.85986; 307.35791;
 822.11975; 309.88901;
 168.81606; 313.99411;
 407.50937; 314.42334;
 617.10248; 314.90845;
 492.27048; 315.54007;
 356.61911; 320.70856;
 838.12555; 319.19803;
 869.45221; 319.24023;
 548.91882; 322.2623;
 914.65436; 321.85934;
 374.80615; 323.93109;
 436.20184; 325.47195;
 826.55701; 326.68689;
 327.85831; 327.32208;
 464.74924; 327.1774;
 140.82324; 329.54034;
 161.32747; 329.36911;
 490.97906; 329.25027;
 406.6192; 331.15237;
 124.47723; 334.8197;
 201.19427; 333.55988;
 552.74548; 335.00357;
 846.92096; 336.73093;
 505.18475; 339.80695;
 416.88174; 342.82584;
 621.66058; 341.4343;
 646.34296; 341.45157;
 913.66339; 342.30124;
 492.80487; 344.18094;
 727.16364; 343.67932;
 143.85973; 345.74142;
 188.44423; 346.55811;
 694.37451; 345.69315;
 126.18849; 348.57895;
 254.66537; 348.6723;
 362.80545; 349.03271;
 382.20126; 348.9585;
 805.62469; 347.97415;
 566.0719; 349.69562;
 846.1925; 351.55801;
 97.860855; 353.47858;
 163.86424; 356.53775;
 237.37813; 356.54578;
 387.73398; 355.54044;
 933.27173; 355.28204;
 645.81128; 358.46912;
 876.85583; 358.71909;
 915.23291; 357.32379;
 418.55887; 359.51965;
 499.24744; 360.82678;
 522.54126; 360.02982;
 372.45142; 362.31793;
 722.3335; 361.17755;
 781.14697; 363.0191;
 805.87311; 364.03403;
 829.5791; 363.15997;
 249.40392; 366.93814;
 304.87564; 365.59164;
 560.83618; 366.64377;
 748.59186; 365.91141;
 178.22215; 368.00296;
 333.42087; 370.8381;
 279.58719; 375.2077;
 120.07997; 377.23318;
 499.50058; 377.56546;
 673.35815; 377.00906;
 785.09296; 378.04782;
 447.224; 379.2197;
 618.07043; 379.59818;
 827.41949; 379.66397;
 187.0334; 382.19904;
 417.50375; 382.72192;
 358.49359; 384.40732;
 211.74902; 387.03723;
 803.10809; 390.83389;
 851.42957; 389.20248;
 393.94833; 391.7204;
 295.75742; 394.46082;
 672.17041; 394.4411;
 499.77499; 396.17838;
 521.32336; 395.76907;
 710.22205; 395.7373;
 767.59918; 397.81607;
 609.5069; 402.71277;
 651.66119; 401.41702;
 209.19284; 403.98383;
 807.02112; 406.63245;
 256.08322; 407.58984;
 316.8446; 407.30573;
 357.08228; 407.97095;
 847.2453; 408.12323;
 404.62997; 409.62299;
 457.2009; 409.81903;
 144.24818; 411.25558;
 535.69885; 414.40723;
 705.19086; 414.03677;
 887.802; 415.36133;
 486.68304; 417.72324;
 597.67365; 417.33481;
 646.31116; 417.82007;
 862.75629; 418.60815;
 578.46436; 422.56882;
 811.92078; 421.45129;
 292.0751; 423.72949;
 388.98218; 424.73801;
 419.34283; 426.5614;
 130.57541; 428.52048;
 208.25607; 430.48077;
 605.37445; 429.15771;
 771.14191; 430.36533;
 884.03534; 430.35797;
 688.97864; 432.94064;
 254.95618; 435.58264;
 631.64893; 436.94269;
 718.60077; 435.03815;
 866.86908; 435.92334;
 301.12799; 437.8699;
 448.48288; 437.77176;
 624.38214; 440.15582;
 813.76141; 439.64883;
 134.30919; 444.51126;
 188.07823; 445.59442;
 488.5827; 446.34744;
 603.82019; 445.09186;
 772.49664; 445.56122;
 322.4873; 447.51321;
 749.0459; 447.65924;
 830.64447; 451.11224;
 405.02478; 456.90692;
 555.85706; 455.0163;
 895.203; 455.19366;
 308.33038; 459.16919;
 372.72903; 459.87836;
 687.94647; 460.75803;
 96.857094; 462.21008;
 495.11957; 463.80521;
 347.74979; 467.86682;
 732.3609; 468.76559;
 235.68961; 469.61362;
 540.49457; 469.94553;
 780.69995; 472.86688;
 372.97379; 473.73163;
 446.1127; 473.65698;
 90.979599; 477.54657;
 147.58882; 478.59729;
 216.26932; 478.13837;
 320.85156; 478.15717;
 838.71094; 478.27567;
 125.59776; 479.83167;
 515.38031; 479.21481;
 801.82562; 480.00522;
 388.36368; 482.98441;
 540.25476; 483.16644;
 704.70087; 484.18845;
 233.20894; 487.2048;
 575.80359; 488.60825;
 181.02248; 490.72791;
 460.35498; 489.24655;
 734.58514; 490.79764;
 785.32855; 489.63483;
 218.9408; 493.31079;
 272.11081; 495.70178;
 651.43408; 495.33221;
 904.49939; 498.38242;
 132.96889; 499.56873;
 547.88025; 500.93887;
 205.05571; 505.40762;
 427.77658; 506.63016;
 573.9975; 505.5965;
 185.40285; 507.14981;
 508.08673; 507.30112;
 753.10767; 507.26929;
 106.18526; 514.17352;
 324.82401; 515.20947;
 371.37488; 516.99591;
 464.97028; 516.29608;
 624.05658; 515.39063;
 808.66132; 516.6106;
 836.46875; 516.51416;
 146.9619; 518.24481;
 354.21597; 522.20056;
 699.99036; 522.65723;
 910.99561; 525.18365;
 286.12265; 525.54358;
 505.64838; 525.68756;
 395.4671; 529.74829;
 737.625; 530.17023;
 775.35803; 534.23834;
 236.3035; 538.02277;
 342.3175; 537.4967;
 569.75507; 537.53674;
 883.84534; 537.54755;
 94.6763; 542.52655;
 274.14966; 543.14801;
 411.55585; 545.34106;
 521.69818; 547.50031;
 815.89008; 547.91364;
 485.35269; 550.19617;
 667.55652; 549.41736;
 190.3083; 552.34644;
 883.79224; 552.90747;
 853.36603; 554.26996;
 800.99951; 555.33038;
 148.34784; 558.88849;
 244.56105; 558.21899;
 332.54147; 559.57849;
 353.91293; 561.65186;
 419.28333; 561.97906;
 485.28824; 566.12067;
 602.07422; 567.11078;
 635.11194; 567.48334;
 811.74243; 567.55963;
 90.724892; 569.44751;
 695.57831; 569.68799;
 891.0965; 570.75598;
 500.68951; 574.88171;
 756.68494; 574.71838;
 113.02782; 578.07202;
 251.00096; 577.24908;
 159.6768; 580.81476;
 289.18961; 579.74268;
 330.93069; 579.2832;
 352.38278; 580.46429;
 563.07709; 579.12103;
 94.072998; 585.60382;
 667.30896; 586.73505;
 369.14667; 589.56506;
 280.39105; 591.38385;
 445.16534; 591.10266;
 515.76575; 592.64087;
 185.46356; 595.4809;
 831.6897; 595.36841;
 303.77655; 599.3551;
 926.61572; 601.48694;
 365.84775; 604.5791;
 746.71753; 602.98627;
 286.81519; 606.26935;
 500.04736; 606.00262;
 167.17052; 607.85394;
 673.7431; 610.56165;
 396.80301; 613.5321;
 629.80524; 616.47443;
 927.00568; 615.81494;
 265.35617; 617.3913;
 280.73053; 619.70453;
 349.52423; 619.29474;
 906.65234; 620.95337;
 512.4613; 624.28076;
 831.79688; 624.58801;
 98.83548; 626.96533;
 232.95148; 627.15942;
 400.57022; 629.52411;
 115.40717; 634.71069;
 324.46445; 634.5824;
 483.3056; 635.81897;
 934.37567; 636.07184;
 406.18573; 637.58069;
 735.13806; 638.66492;
 636.98871; 639.19403;
 790.68896; 640.39648;
 177.90369; 642.67615;
 513.2981; 641.78284;
 845.85315; 646.51208;
 256.94559; 647.96252;
 350.78223; 651.43109;
 138.88716; 655.76971;
 182.92189; 656.28308;
 548.99969; 656.65247;
 401.72742; 659.69946;
 766.96838; 661.39148;
 216.98862; 668.49719;
 280.01215; 667.23865;
 378.46564; 667.95172;
 201.04218; 671.31226;
 553.30035; 672.24792;
 890.95172; 671.11017;
 128.16774; 676.45648;
 697.77393; 676.53571;
 243.75209; 677.96588;
 258.34836; 682.55499;
 652.56653; 682.47687;
 773.19067; 685.88416;
 918.10028; 685.86761;
 320.76074; 692.50598;
 495.4043; 691.1922;
 453.77646; 695.19409;
 255.54552; 697.37921;
 553.05408; 697.10065;
 864.93097; 697.66602;
 89.134209; 699.63849;
 374.68774; 699.90912;
 115.37183; 702.07831;
 301.77325; 701.98859;
 640.66486; 701.26233;
 239.66939; 704.70618;
 164.677; 705.73303;
 231.78371; 708.88196;
 498.0899; 709.69067;
 343.73569; 713.76581;
 385.46909; 713.92712;
 662.01843; 715.49799;
 869.43652; 716.85968;
 533.76227; 720.42468;
 253.39392; 722.96875;
 237.82912; 725.97516;
 295.53156; 727.05438;
 314.74222; 730.20868;
 348.42407; 730.32452;
 478.40698; 731.83795;
 434.53552; 734.99756;
 539.10516; 734.22101;
 719.9245; 735.35016;
 200.43608; 738.56989;
 368.67175; 738.34399;
 403.42239; 737.30267;
 250.29684; 740.03998;
 606.70569; 744.27142;
 752.38641; 745.69183;
 272.97876; 753.03418;
 102.16029; 757.02258;
 317.48087; 758.16541;
 926.25275; 758.32086;
 507.72864; 759.96277;
 352.97046; 764.96082;
 754.69415; 763.51489;
 396.7218; 767.07947;
 721.08698; 767.63684;
 835.97504; 771.97974;
 186.26396; 776.62317;
 252.25356; 776.20923;
 128.03423; 778.47003;
 431.74814; 783.77484;
 740.76465; 783.88666;
 651.62964; 785.66809;
 174.58557; 787.55597;
 292.05981; 788.39868;
 548.18933; 788.50861;
 582.66125; 790.05054;
 684.38086; 789.90955;
 189.88774; 792.17554;
 273.43918; 792.77655;
 384.36279; 794.43207;
 782.91473; 794.18842;
 247.42055; 796.89819;
 402.93207; 795.88348;
 704.54846; 796.34979;
 228.71738; 799.59552;
 755.93842; 800.40991;
 285.15274; 802.48932;
 891.83234; 801.83234;
 562.09857; 804.37225;
 599.69501; 803.77112;
 859.60187; 803.23761;
 582.45264; 806.63098;
 690.33875; 807.13983;
 402.85538; 811.81848;
 499.52573; 811.13361;
 197.29681; 813.35419;
 883.63654; 816.48358;
 153.82005; 817.5921;
 275.69968; 818.62067;
 363.18323; 819.51038;
 483.50146; 824.86261;
 448.68158; 825.17181;
 561.76141; 826.92535;
 501.32379; 827.58026;
 246.32611; 830.33167;
 331.57443; 829.0741;
 743.35956; 829.14978;
 219.43074; 831.97119;
 172.76045; 833.97046;
 859.70056; 835.63947;
 124.5609; 837.94208;
 530.5639; 839.20831;
 431.39203; 841.77411;
 598.91748; 841.29193;
 802.93604; 841.81818;
 357.21753; 850.05023;
 512.65887; 849.75189;
 675.89819; 850.1983;
 220.94412; 852.02484;
 210.84056; 858.20184;
 593.13367; 857.2218;
 803.09161; 858.88647;
 650.50397; 858.92267;
 256.11472; 862.01373;
 556.79205; 862.11218;
 839.37762; 863.9408;
 175.33447; 866.0733;
 694.99603; 866.57233;
 893.7851; 865.42438;
 874.87231; 867.87244;
 278.25006; 870.84229;
 146.69803; 871.25781;
 639.18756; 872.90613;
 733.58691; 872.24579;
 386.40179; 876.00586;
 530.58319; 876.82281;
 433.37103; 880.68628;
 481.19278; 881.36847;
 886.36926; 882.71716;
 159.09129; 885.07263;
 457.07486; 885.20728;
 510.80038; 886.82166;
 470.63559; 890.83838;
 802.5177; 889.03363;
 442.46771; 891.89038;
 251.18323; 894.40063;
 182.02579; 896.78345;
 209.34042; 897.84552;
 144.20947; 900.82587;
 413.48376; 902.35522;
 86.552361; 903.85138;
 738.84814; 904.64911;
 474.8497; 905.32385;
 616.7179; 905.58154;
 278.79758; 907.63757;
 658.79755; 910.64819;
 695.02185; 910.61072;
 434.44522; 912.7019;
 874.57825; 915.71423;
 504.6254; 921.71637;
 841.88831; 924.71838;
 571.75598; 925.01819;
 211.23354; 927.18439;
 790.21497; 929.1264;
 687.59375; 934.20837;
 379.90732; 936.09766;
 446.30087; 936.3562;
 534.21893; 936.34027;
 636.44104; 122.54002;
 461.27798; 128.45158;
 839.64471; 129.65839;
 891.44885; 138.97235;
 809.20129; 146.82191;
 466.08627; 147.15662;
 776.87531; 149.65767;
 680.88904; 151.51111;
 213.8251; 157.00168;
 259.97159; 158.11426;
 278.04706; 157.24454;
 340.98199; 157.237;
 178.85828; 160.16264;
 539.99011; 165.2652;
 850.29913; 165.48781;
 669.46564; 168.11913;
 807.83032; 167.51035;
 767.28345; 169.61577;
 341.00394; 176.0356;
 413.24408; 182.63373;
 365.60437; 183.5009;
 310.48615; 185.56306;
 854.23291; 187.88046;
 157.87671; 190.89378;
 741.85449; 189.97137;
 769.01227; 192.56419;
 664.67499; 193.24274;
 829.8374; 194.48456;
 260.23157; 198.64346;
 470.60089; 202.3988;
 799.13165; 201.23405;
 371.5715; 208.4763;
 157.32538; 209.40135;
 709.3916; 211.96065;
 182.36197; 213.20845;
 547.1792; 214.70314;
 257.65048; 221.19525;
 141.40944; 223.89465;
 414.96164; 224.84221;
 869.83124; 227.23438;
 218.41959; 229.12521;
 519.25824; 229.49675;
 184.23198; 231.84648;
 285.82513; 233.63736;
 338.33313; 236.41931;
 823.6311; 236.96219;
 450.92584; 239.00031;
 775.64398; 240.37689;
 856.34412; 242.53583;
 783.97833; 244.13972;
 227.1683; 245.85786;
 183.93973; 248.12405;
 754.02698; 250.71104;
 520.1936; 251.95517;
 283.43912; 253.53799;
 334.06033; 253.75642;
 563.56293; 260.32205;
 306.89374; 262.23016;
 355.34512; 262.72491;
 414.91013; 262.94095;
 778.76855; 261.89481;
 826.4436; 261.01501;
 540.41248; 266.64233;
 853.85156; 264.93604;
 590.71326; 268.07462;
 485.63446; 271.94641;
 452.17484; 274.38666;
 797.7984; 276.6333;
 191.57742; 284.58444;
 396.2811; 285.7439;
 420.2821; 288.30481;
 458.74628; 289.79425;
 625.71179; 290.32147;
 852.85797; 289.60565;
 555.60779; 292.26035;
 287.26038; 296.67606;
 167.5358; 298.47476;
 800.70459; 297.53412;
 189.04297; 302.37909;
 258.29083; 304.75183;
 354.95056; 303.22864;
 864.79755; 303.9855;
 438.16766; 305.13712;
 554.21893; 306.60464;
 824.97125; 305.66327;
 407.93555; 313.05893;
 618.54065; 314.8811;
 839.60376; 317.96786;
 355.90451; 321.60938;
 376.51285; 322.89301;
 867.42365; 322.62265;
 550.62921; 323.27774;
 327.48907; 327.96094;
 436.90274; 327.34531;
 464.59274; 327.77142;
 487.97821; 327.41266;
 828.50537; 326.98819;
 161.50902; 331.83524;
 203.62401; 333.33804;
 847.76202; 335.0603;
 644.89624; 338.90399;
 809.81299; 339.73907;
 419.58939; 342.59952;
 495.78711; 343.57553;
 369.01242; 345.66025;
 697.74066; 346.46063;
 251.64154; 348.16449;
 383.1842; 348.73788;
 564.19073; 348.47748;
 847.79584; 353.72104;
 160.56522; 356.87076;
 418.57309; 360.2861;
 501.07632; 360.20023;
 523.55029; 359.83786;
 647.05371; 360.42337;
 216.49712; 361.27499;
 781.2149; 361.6955;
 828.99939; 362.51501;
 371.95416; 364.45679;
 723.65247; 364.88751;
 179.87706; 366.62561;
 749.22736; 365.1604;
 805.93451; 365.67776;
 561.60089; 368.43799;
 252.27281; 369.70972;
 279.65918; 375.08466;
 671.26428; 375.40823;
 121.36839; 377.43433;
 497.59128; 379.31049;
 615.69989; 380.90326;
 827.58075; 380.14053;
 189.83998; 382.13174;
 415.40903; 381.38242;
 781.9801; 381.0975;
 211.98053; 385.953;
 358.96472; 385.06741;
 554.07031; 385.90323;
 804.10278; 388.35175;
 850.0965; 387.67126;
 394.76913; 390.06833;
 672.5813; 396.42813;
 710.55762; 396.06155;
 767.77759; 397.28568;
 187.94843; 399.11508;
 295.97845; 400.58902;
 499.5766; 399.19717;
 650.80347; 400.85147;
 312.41736; 404.7865;
 256.08878; 407.02405;
 847.61993; 407.70386;
 405.06091; 410.35574;
 457.98587; 409.34344;
 143.7944; 411.97269;
 510.81021; 411.36871;
 600.41101; 411.88461;
 883.9032; 412.89874;
 487.07828; 416.92392;
 533.74414; 416.03729;
 866.1792; 415.9718;
 579.6861; 422.8573;
 811.84515; 421.33154;
 290.03696; 423.25793;
 388.8634; 425.52759;
 419.26398; 426.09909;
 131.27434; 427.61774;
 609.17157; 427.4682;
 772.94293; 428.90247;
 211.58942; 430.0618;
 688.87085; 431.44229;
 255.51375; 435.38235;
 718.31152; 435.46585;
 447.49326; 438.95215;
 869.37134; 437.90237;
 301.55399; 439.46408;
 812.30811; 440.5246;
 627.99463; 441.02133;
 489.40228; 446.48254;
 135.03911; 447.12152;
 602.58978; 447.09531;
 772.62854; 447.60977;
 832.44977; 451.53558;
 894.39471; 452.99136;
 556.12982; 455.02542;
 406.48102; 457.8045;
 308.8111; 459.9234;
 495.57932; 466.54944;
 235.39395; 468.49219;
 731.98029; 468.5275;
 373.96848; 472.44406;
 782.04138; 471.60898;
 218.07971; 474.34186;
 144.62653; 477.65848;
 321.72983; 478.69745;
 804.14551; 477.91019;
 835.32867; 477.40717;
 128.22505; 479.31531;
 514.76233; 481.67322;
 539.64954; 482.87817;
 385.72879; 483.15277;
 576.42676; 488.47104;
 181.82373; 490.52612;
 734.59662; 490.15894;
 230.38371; 491.07849;
 273.37991; 493.7532;
 652.62549; 493.19754;
 158.88182; 495.93121;
 906.48181; 499.0864;
 132.80659; 501.04367;
 547.63934; 502.06311;
 572.27515; 506.68945;
 753.97736; 506.9202;
 186.00626; 510.92453;
 835.12244; 514.19031;
 806.74255; 516.47833;
 324.45184; 518.81683;
 358.54654; 518.58984;
 463.19299; 518.22876;
 623.93237; 517.10638;
 150.43372; 521.6463;
 700.99316; 524.4826;
 287.26196; 527.16455;
 241.00488; 535.80896;
 343.08575; 536.54279;
 836.34674; 536.51794;
 885.24701; 535.81372;
 568.69543; 536.96869;
 273.85168; 543.41504;
 485.10123; 548.82495;
 522.84924; 547.01447;
 668.25348; 548.37451;
 695.52594; 547.8244;
 808.82416; 549.26294;
 191.40306; 552.88135;
 853.43951; 553.57434;
 882.87622; 553.84436;
 242.43179; 557.4436;
 149.71652; 560.16125;
 330.80978; 558.96429;
 353.87823; 560.9007;
 604.7276; 567.23737;
 634.11926; 567.56512;
 696.47388; 569.74072;
 812.58752; 570.32092;
 757.12671; 574.76038;
 499.94107; 575.26965;
 255.09552; 577.21698;
 290.1181; 578.07904;
 332.11951; 578.59021;
 563.5506; 578.92303;
 158.50594; 579.90039;
 350.88562; 581.98419;
 280.07819; 590.59583;
 368.48331; 590.50043;
 443.07388; 590.91492;
 831.97083; 592.62872;
 515.35101; 593.21564;
 186.01198; 595.22296;
 324.38348; 598.5318;
 301.2897; 599.59314;
 747.30731; 604.67047;
 168.177; 609.28748;
 395.67175; 612.59064;
 349.19806; 618.30762;
 630.9881; 617.39801;
 512.62738; 626.58698;
 833.35303; 625.94653;
 403.33041; 635.87842;
 732.8103; 637.06006;
 634.25604; 638.90204;
 790.82953; 639.47546;
 177.20906; 641.83624;
 843.88403; 646.12469;
 257.41855; 647.91168;
 349.60855; 652.79456;
 137.42265; 656.84229;
 551.58148; 655.07239;
 403.38077; 660.7204;
 213.20972; 669.64276;
 279.7207; 670.27295;
 377.32837; 670.9433;
 892.91003; 670.61377;
 554.55341; 674.44415;
 697.42773; 675.86304;
 127.42644; 678.18481;
 652.56427; 681.47351;
 319.71548; 692.078;
 497.90765; 691.51434;
 255.87776; 696.6311;
 452.54688; 695.30365;
 553.3335; 696.6095;
 376.57813; 697.63849;
 864.63306; 698.89703;
 640.47766; 701.6889;
 164.73512; 705.0257;
 236.87595; 706.77045;
 343.15872; 712.68469;
 388.5827; 713.85791;
 534.60138; 720.64453;
 600.35541; 720.13049;
 868.52142; 719.3045;
 242.95625; 725.35425;
 292.22873; 727.06384;
 346.56351; 732.06073;
 721.31073; 735.01984;
 369.02866; 735.1908;
 430.88858; 735.67377;
 317.79849; 757.44977;
 507.6142; 759.13635;
 355.43253; 764.62018;
 721.13007; 765.73785;
 834.71014; 771.87842;
 271.65598; 773.44531;
 251.14088; 777.49481;
 188.43027; 779.59015;
 744.06683; 784.08386;
 432.06671; 785.00598;
 651.21027; 785.28046;
 173.14709; 788.74915;
 291.59702; 787.06512;
 548.53522; 788.19531;
 582.13708; 787.65936;
 685.37134; 790.71545;
 404.09451; 793.85919;
 703.62885; 793.17438;
 835.65173; 793.33649;
 252.40077; 798.39471;
 226.90018; 799.68457;
 861.77063; 804.1142;
 287.16809; 805.42749;
 564.08185; 805.77155;
 578.02582; 807.99048;
 200.22246; 812.01971;
 403.44968; 812.83801;
 497.60358; 811.08527;
 151.92432; 818.8349;
 882.81824; 817.51172;
 276.40622; 819.08618;
 363.76559; 819.67609;
 226.41368; 821.52246;
 447.93793; 824.54535;
 484.06116; 824.15295;
 331.50519; 828.6889;
 502.37674; 831.10022;
 742.73267; 829.31262;
 246.47369; 831.47485;
 859.12201; 835.42041;
 124.63593; 837.06067;
 530.44806; 839.08063;
 598.86896; 840.28448;
 802.46881; 840.83368;
 433.11862; 843.08258;
 357.38507; 849.98755;
 676.55688; 849.57385;
 213.48213; 857.04498;
 592.98334; 859.70886;
 557.93805; 861.52441;
 893.11383; 863.60529;
 174.55313; 865.50562;
 694.64307; 865.13385;
 875.34833; 866.14093;
 147.30891; 869.34442;
 279.04938; 870.7395;
 640.89789; 871.00519;
 735.55237; 871.7879;
 195.59843; 873.96021;
 433.15314; 880.3349;
 481.68698; 880.35876;
 886.79645; 884.76398;
 511.31763; 886.61719;
 161.05782; 887.08246;
 802.36304; 888.03271;
 183.57632; 897.79059;
 144.30594; 901.45819;
 209.02081; 901.07294;
 412.66879; 904.49286;
 739.44031; 905.63568;
 616.1236; 905.24835;
 768.20898; 196.22923;
 256.69672; 199.49586;
 182.91342; 212.32707;
 705.46259; 210.10957;
 520.41443; 225.82405;
 223.16696; 226.88391;
 823.3313; 233.62619;
 765.26257; 239.95897;
 224.02208; 251.82214;
 518.323; 253.92194;
 304.25659; 260.53223;
 355.21475; 261.08456;
 824.53229; 260.15671;
 795.62653; 276.27542;
 314.73334; 287.51703;
 621.51434; 287.496;
 267.8223; 302.16281;
 355.31506; 323.23907;
 434.40042; 326.36929;
 203.34407; 331.17212;
 644.95618; 337.06418;
 497.89316; 339.0397;
 376.18646; 344.40265;
 562.60773; 345.03873;
 704.81824; 343.50308;
 247.11406; 349.77597;
 750.56885; 364.79089;
 560.86725; 369.77771;
 612.74567; 376.92676;
 241.80757; 378.32071;
 207.46756; 387.01004;
 300.38211; 398.03241;
 710.50885; 394.92047;
 841.77771; 408.78723;
 581.92993; 425.19031;
 209.45338; 430.70032;
 306.18677; 439.86746;
 444.97815; 438.50452;
 628.25299; 438.95648;
 806.224; 442.71115;
 600.78619; 450.58563;
 836.4046; 450.88315;
 231.1338; 469.49292;
 301.4353; 466.77914;
 377.79718; 472.09338;
 790.5011; 472.44269;
 834.77814; 478.14081;
 509.4151; 483.92816;
 184.27103; 490.44254;
 729.6731; 490.93539;
 230.46811; 497.19327;
 753.5238; 507.1557;
 834.771; 508.29068;
 361.30869; 517.08002;
 622.85767; 515.65265;
 802.68719; 517.1626;
 460.65668; 519.21301;
 287.05069; 525.7016;
 701.06744; 522.12537;
 239.47389; 533.85382;
 804.99646; 548.87659;
 190.42139; 551.44519;
 226.1868; 560.80493;
 351.04022; 561.44946;
 617.24225; 569.64392;
 255.10423; 577.82776;
 562.53632; 578.6015;
 441.55795; 590.64294;
 180.52228; 597.69342;
 295.62817; 600.19202;
 395.12445; 611.4295;
 629.68506; 615.77905;
 835.57928; 623.53729;
 731.90045; 634.40686;
 789.96613; 639.74487;
 633.22485; 642.9342;
 348.73502; 652.41486;
 842.12537; 650.72766;
 404.65521; 664.17072;
 207.4283; 667.99042;
 279.24182; 670.10345;
 696.35699; 673.7392;
 448.31662; 692.5614;
 394.14835; 715.03143;
 243.53745; 723.82135;
 291.52319; 726.37524;
 725.56769; 733.01434;
 355.92715; 762.92328;
 741.44946; 781.7204;
 431.5556; 784.62964;
 550.5; 785.26569;
 287.5799; 788.05682;
 691.6662; 789.86847;
 250.20464; 804.24554;
 205.73337; 806.47009;
 569.82092; 809.82281;
 491.65103; 813.89606;
 741.427; 827.62195;
 596.00055; 839.58887;
 801.78931; 840.30267;
 675.67975; 849.23926;
 269.82217; 299.87759;
 305.42972; 440.43314;
 240.05539; 534.06543;
 349.16565; 563.25372;
 395.1246; 610.30432;
 406.47119; 670.68982;
 442.5062; 691.30151;
 731.1546; 734.24927;
 355.1879; 762.51172;
 430.72916; 785.61646;
 558.90186; 782.8761;
 285.57535; 788.35724 
