 136.54329; 99.232307;
 10.392746; 464.194;
 320.95999; 480.0517;
 1013.5247; 601.34247;
 1020.9273; 607.10663;
 8.7513762; 9.8414764;
 164.62453; 10.178907;
 1004.0352; 14.115495;
 1019.9275; 20.39852;
 3.035784; 22.187469;
 453.62097; 21.744427;
 30.435068; 25.908813;
 516.89514; 43.461773;
 80.812469; 57.941174;
 112.77863; 66.723114;
 95.428246; 70.571121;
 1019.9939; 98.493195;
 9.3152819; 99.733009;
 136.46428; 100.05536;
 1013.3302; 107.42397;
 207.87404; 111.21163;
 3.0368814; 115.96426;
 342.0097; 159.17511;
 666.72418; 160.73602;
 675.21973; 168.89285;
 765.20203; 169.28024;
 109.92725; 183.42128;
 157.75577; 193.7218;
 373.21985; 210.21414;
 3.0027215; 214.88585;
 1013.6488; 232.42438;
 8.4076529; 239.54813;
 785.10162; 249.37236;
 951.4787; 256.59372;
 781.99902; 258.30981;
 1019.8493; 258.30222;
 825.14008; 262.6915;
 1012.845; 282.27277;
 115.51005; 284.2507;
 393.66351; 286.20059;
 195.35818; 290.06625;
 1019.9663; 294.64011;
 189.44046; 298.67316;
 168.99696; 300.4552;
 11.107915; 303.03171;
 1012.7444; 304.46591;
 552.74738; 308.64169;
 1013.295; 314.52695;
 357.44638; 319.94611;
 1020.006; 321.79288;
 376.13776; 324.25436;
 492.7377; 343.85159;
 843.59521; 350.54691;
 237.39795; 358.47937;
 369.21625; 359.8703;
 10.58019; 361.66379;
 558.39008; 364.48196;
 785.31982; 365.75571;
 177.62373; 369.0192;
 751.70386; 369.55933;
 978.63098; 370.85175;
 2.9689281; 373.51218;
 122.80274; 378.36371;
 826.2442; 378.88217;
 1013.5693; 394.47046;
 1019.9655; 402.56253;
 144.64719; 411.57394;
 1013.1182; 412.83209;
 597.70038; 418.93262;
 77.596359; 421.19745;
 1020.0497; 424.522;
 75.683907; 431.12152;
 303.82217; 438.4957;
 603.2652; 442.93033;
 1013.6777; 443.89447;
 133.54103; 447.12073;
 322.34457; 448.65805;
 1019.9649; 451.80829;
 10.320285; 463.95532;
 96.394112; 463.55548;
 2.9739971; 472.66187;
 40.495773; 478.74371;
 219.32747; 480.15573;
 320.96323; 479.88907;
 72.279411; 480.81058;
 10.725745; 486.43622;
 575.33734; 489.14255;
 184.2937; 493.37946;
 969.03229; 497.57693;
 31.687317; 506.24252;
 753.52753; 509.17621;
 807.36865; 516.52533;
 835.8017; 518.59827;
 232.9622; 541.0686;
 1013.7031; 541.42566;
 9.4717169; 547.93768;
 189.55322; 551.14642;
 802.22803; 557.03015;
 354.70111; 563.00397;
 257.34305; 581.71271;
 95.791; 583.41486;
 369.61594; 591.78467;
 37.590626; 598.05164;
 1013.7798; 600.47766;
 288.1293; 608.10046;
 1019.9615; 607.76825;
 394.03369; 617.47095;
 513.23242; 626.56934;
 8.5418577; 630.41235;
 2.9999683; 637.75494;
 636.92267; 638.61169;
 513.4726; 641.33978;
 177.61401; 642.55933;
 1013.8201; 642.20966;
 258.64432; 648.59637;
 1019.9723; 651.55133;
 11.870122; 651.83752;
 401.38876; 663.31671;
 1013.5559; 685.15289;
 1020.0624; 694.33276;
 453.5676; 697.17523;
 9.1383886; 699.89148;
 115.2416; 702.36505;
 304.11752; 702.84503;
 640.25543; 702.53638;
 2.9643116; 706.58844;
 344.0054; 713.83142;
 537.26044; 722.90051;
 9.1820288; 725.25867;
 242.03844; 727.02551;
 294.60086; 727.86902;
 287.4126; 729.91644;
 2.9589274; 731.82153;
 8.9841805; 764.93964;
 295.54279; 789.55115;
 281.03546; 791.14819;
 8.5483818; 793.0329;
 49.522545; 795.32721;
 2.9612765; 800.15137;
 287.06216; 800.32507;
 405.94; 811.9353;
 274.66977; 819.68109;
 370.86368; 819.98468;
 447.82108; 826.10913;
 1012.4478; 825.63348;
 79.0075; 827.68555;
 482.23438; 828.68726;
 249.61581; 829.71954;
 120.22208; 838.33533;
 357.51843; 849.7265;
 210.12256; 857.87036;
 147.4313; 869.72858;
 280.02026; 870.10455;
 433.22446; 882.56555;
 885.78204; 881.49353;
 806.8573; 889.03015;
 1013.3209; 898.49695;
 144.77829; 900.24731;
 11.609067; 901.29266;
 740.24493; 905.06677;
 3.0092971; 908.62457;
 9.229599; 918.29083;
 383.33032; 935.70416;
 41.684238; 956.46539;
 108.3165; 957.45996;
 301.76315; 969.36981;
 446.05975; 977.31531;
 119.28249; 987.44409;
 492.50339; 987.95795;
 1013.5076; 989.80267;
 1020.06; 996.47845;
 779.508; 999.46051;
 467.60364; 1002.6926;
 879.02911; 1016.483;
 9.8627367; 32.26733;
 517.79602; 44.836918;
 79.301788; 57.710293;
 95.380196; 70.122871;
 1012.4406; 107.02119;
 3.9274151; 116.44684;
 58.318539; 157.45053;
 3.83005; 215.48172;
 1019.1091; 322.0657;
 3.784431; 352.94199;
 3.78356; 373.57761;
 122.5453; 377.77975;
 1012.9316; 393.80789;
 597.94458; 418.87759;
 1019.1452; 425.60321;
 1019.0868; 452.41403;
 1019.1152; 488.04352;
 461.15244; 490.22598;
 3.8970351; 502.03534;
 1019.226; 506.93317;
 393.56451; 531.02869;
 1013.5085; 541.42377;
 3.8041003; 561.48499;
 1019.1144; 608.6095;
 1019.1189; 630.77985;
 513.79736; 641.91199;
 1019.1394; 651.67297;
 1019.2469; 694.03058;
 303.17917; 703.3399;
 1013.0291; 702.52759;
 3.737174; 706.95752;
 9.7257462; 724.55109;
 3.7782393; 732.90918;
 3.8561494; 773.66077;
 8.6993504; 792.41492;
 190.66327; 793.21027;
 1019.1674; 798.09131;
 511.1915; 850.7489;
 385.71713; 876.11157;
 3.8484492; 909.39221;
 426.62717; 926.58582;
 878.64899; 1015.5313;
 164.65021; 7.725749;
 10.474794; 10.697191;
 1009.6332; 11.052526;
 1018.0604; 20.95402;
 4.9342141; 22.292236;
 453.78583; 22.73274;
 32.391685; 27.037302;
 943.33795; 27.699347;
 515.67926; 32.46434;
 1010.2234; 33.311787;
 454.8988; 34.095486;
 110.29778; 52.533672;
 27.315737; 54.765564;
 112.63309; 66.73848;
 52.709354; 71.483948;
 877.19464; 75.798416;
 917.85461; 76.158211;
 935.08569; 77.530113;
 706.27985; 79.11927;
 1012.2019; 85.435799;
 430.9841; 91.018478;
 933.58337; 93.123322;
 1018.1321; 97.605995;
 676.2619; 98.996971;
 10.363111; 101.35841;
 137.30666; 101.06918;
 958.22424; 107.9548;
 207.66696; 109.88271;
 136.77699; 113.69767;
 441.22061; 114.02527;
 738.24323; 116.0236;
 926.1261; 119.06279;
 14.818894; 122.83641;
 637.35657; 124.17665;
 76.011307; 125.42628;
 977.37494; 128.75241;
 1010.5407; 129.23763;
 991.69281; 137.91757;
 43.916485; 141.89061;
 945.51868; 145.85681;
 809.92334; 149.92085;
 681.20239; 155.01225;
 277.57596; 156.08177;
 342.12576; 159.92468;
 42.355873; 165.05621;
 540.68616; 164.89955;
 807.20795; 165.76291;
 671.02313; 166.31493;
 850.34839; 166.86108;
 766.74969; 168.8096;
 1009.1655; 170.03915;
 82.922714; 173.30486;
 345.72452; 173.62318;
 481.89636; 176.18352;
 10.372533; 177.77716;
 309.50998; 181.27151;
 111.61832; 181.81021;
 39.238789; 183.99818;
 158.42023; 191.89713;
 106.49267; 195.25006;
 770.56793; 196.25345;
 830.86926; 197.01068;
 259.50659; 200.40433;
 799.52728; 202.47366;
 11.043586; 203.87393;
 471.49396; 203.6716;
 160.52922; 206.66302;
 372.83072; 210.67897;
 711.67413; 210.83368;
 181.62668; 216.08228;
 13.08373; 225.11208;
 141.35602; 225.29741;
 417.72195; 227.25829;
 222.39906; 229.3213;
 104.86594; 231.43745;
 184.7912; 230.66666;
 913.53314; 231.31328;
 1012.068; 230.84319;
 519.60754; 232.98972;
 9.2746058; 238.28189;
 952.26563; 242.74496;
 227.53206; 244.63919;
 826.62604; 244.539;
 784.95642; 247.20163;
 185.3401; 248.11444;
 751.461; 248.71008;
 520.35803; 250.11438;
 4.8385649; 253.65152;
 285.58057; 253.71533;
 952.98547; 257.36523;
 1018.0411; 258.41562;
 73.449562; 258.58566;
 307.68143; 260.37198;
 356.56894; 260.52789;
 781.50952; 260.24438;
 858.53168; 260.36923;
 826.62; 260.62979;
 966.94385; 266.30368;
 926.32123; 267.54282;
 540.27863; 269.33246;
 26.723717; 269.59387;
 592.40442; 270.3649;
 1011.3719; 271.12732;
 453.46899; 273.91013;
 485.90833; 273.54843;
 845.6958; 274.10693;
 791.88892; 284.20993;
 4.8840761; 281.52463;
 1011.2651; 282.39508;
 38.338013; 282.61221;
 114.20996; 282.14963;
 513.7381; 283.68335;
 937.43848; 286.04507;
 192.76671; 287.28842;
 395.34534; 287.62604;
 422.49136; 290.16864;
 853.37769; 289.74454;
 71.348442; 292.88129;
 557.94922; 293.24747;
 801.1601; 294.35455;
 103.66294; 295.1618;
 1018.1699; 294.56277;
 479.37411; 298.98468;
 189.36827; 300.55447;
 168.81146; 301.41568;
 12.565572; 301.67072;
 441.39304; 302.60278;
 256.07043; 306.71121;
 355.49036; 306.89621;
 553.9342; 307.33719;
 864.43964; 306.36194;
 1011.9926; 308.95898;
 823.87756; 311.41672;
 22.623821; 314.12329;
 168.12733; 314.75204;
 407.07776; 315.12073;
 869.49127; 320.12839;
 356.53305; 321.45435;
 83.715683; 323.2966;
 375.17783; 324.75781;
 434.75284; 325.30502;
 828.15796; 326.18967;
 465.77768; 327.32693;
 161.49223; 329.7236;
 489.59225; 329.73944;
 201.8472; 333.84018;
 846.59601; 338.16052;
 944.54126; 339.56097;
 622.16315; 341.75781;
 418.38074; 342.52634;
 645.51984; 342.47171;
 914.08472; 343.43256;
 493.58133; 344.94275;
 695.44128; 346.52933;
 366.90891; 348.54648;
 253.97224; 349.78967;
 565.52411; 351.22983;
 990.3161; 350.88733;
 845.25452; 352.43652;
 99.647667; 355.25607;
 914.34521; 357.34735;
 238.30756; 357.88293;
 979.18372; 358.83063;
 521.98364; 360.52304;
 12.040676; 362.49579;
 372.64426; 362.64865;
 500.12494; 362.35251;
 833.20313; 362.42783;
 784.2572; 363.76776;
 60.538475; 365.15527;
 828.25531; 365.40115;
 1010.4529; 365.48022;
 560.62524; 366.60312;
 750.42511; 368.04172;
 178.58414; 369.25833;
 982.2395; 371.44437;
 69.437523; 375.11346;
 280.87964; 375.6185;
 500.23831; 378.32715;
 671.72833; 379.68362;
 827.17871; 380.05658;
 187.20081; 382.5477;
 358.68057; 384.35834;
 213.2551; 385.44635;
 1001.8998; 386.21332;
 853.3587; 391.40363;
 804.8053; 392.72476;
 294.77045; 395.1142;
 674.64587; 395.70819;
 185.7137; 397.74847;
 708.04987; 397.39102;
 767.96295; 398.22815;
 36.285149; 398.47644;
 651.60156; 402.55762;
 1018.1082; 403.36752;
 256.42911; 407.24014;
 808.38867; 407.1329;
 313.97922; 409.49802;
 847.9577; 409.35715;
 965.33484; 408.8804;
 457.84039; 409.95557;
 31.177343; 412.06323;
 145.46185; 411.68201;
 536.05609; 414.19821;
 1011.9144; 414.54388;
 886.17572; 416.90561;
 488.56921; 418.64694;
 78.701576; 419.86658;
 811.48547; 422.38934;
 387.86002; 423.78479;
 420.26373; 426.2085;
 880.25653; 429.37192;
 132.62595; 429.80557;
 209.34822; 431.14563;
 602.47711; 431.05264;
 772.98029; 431.7074;
 75.399506; 432.93411;
 718.85168; 435.96671;
 867.41821; 435.86377;
 256.99017; 436.82919;
 303.61041; 437.31561;
 813.3382; 438.95844;
 32.502361; 441.73059;
 1011.9428; 441.44257;
 134.34413; 445.1113;
 602.76086; 445.43124;
 771.9187; 446.04547;
 491.86389; 447.77509;
 749.82886; 448.45142;
 322.38586; 448.97693;
 830.52332; 452.15445;
 4.9029675; 452.83408;
 37.649708; 454.90805;
 405.62827; 457.40106;
 310.43872; 459.13943;
 97.125473; 462.21933;
 11.333695; 463.00983;
 982.54254; 462.48145;
 731.4837; 468.19214;
 236.87651; 471.52823;
 4.8247452; 475.63876;
 782.97314; 474.44852;
 39.016766; 475.73154;
 986.11774; 477.16364;
 1011.6497; 477.49985;
 217.66763; 477.71875;
 321.84534; 477.99133;
 73.450462; 478.58621;
 515.72327; 479.20981;
 839.92517; 479.39429;
 126.83139; 481.04016;
 145.42955; 480.77048;
 389.23624; 483.18527;
 540.43323; 483.22058;
 11.529517; 488.28207;
 233.06358; 487.85464;
 575.97351; 489.81326;
 71.917969; 492.51831;
 182.21413; 491.69464;
 273.21286; 495.93301;
 969.24774; 495.78467;
 135.50792; 498.74768;
 653.8866; 497.48331;
 905.99469; 498.04596;
 547.61493; 500.70441;
 34.228386; 504.01697;
 206.4615; 506.76096;
 753.79126; 507.46887;
 625.73254; 513.51324;
 105.47632; 514.5686;
 464.17526; 517.0318;
 836.3537; 517.3374;
 40.139637; 518.66864;
 147.04584; 517.79822;
 806.52289; 517.92609;
 368.42816; 518.98389;
 699.69629; 522.03741;
 1011.335; 522.17493;
 356.61069; 522.75366;
 287.20178; 525.03705;
 910.17212; 526.29614;
 232.86682; 537.9541;
 345.56461; 538.42401;
 883.55219; 538.03424;
 570.24072; 539.46448;
 10.833181; 547.47339;
 521.78497; 547.58472;
 670.79114; 547.78278;
 813.979; 550.58728;
 190.59695; 553.11993;
 883.43494; 552.5752;
 1017.9678; 553.41779;
 801.05951; 555.73663;
 852.67694; 555.97235;
 148.35652; 559.16455;
 354.3475; 562.11346;
 811.89844; 566.93164;
 695.97717; 569.82617;
 93.045319; 571.02466;
 1011.3821; 571.02789;
 501.00281; 575.09521;
 757.48193; 575.55994;
 46.944313; 576.85339;
 255.14365; 578.03857;
 332.28088; 580.0097;
 290.68735; 580.55212;
 563.98676; 581.36346;
 353.31064; 582.28644;
 94.48317; 585.9563;
 14.557063; 587.20129;
 368.4129; 590.09186;
 284.46912; 592.79449;
 443.09637; 592.42322;
 516.61633; 593.41968;
 186.20033; 595.99152;
 37.009651; 597.56354;
 1011.8875; 598.55267;
 61.925571; 599.86615;
 302.98282; 600.48773;
 959.90228; 602.24249;
 747.8233; 603.19299;
 926.14008; 603.03143;
 288.30215; 607.59296;
 169.94182; 609.96295;
 396.74576; 614.12524;
 926.25598; 617.07001;
 265.31885; 617.78326;
 631.24463; 617.82385;
 513.04468; 624.73779;
 832.75507; 624.6933;
 10.257449; 625.81555;
 400.05844; 628.41541;
 99.488823; 629.62402;
 730.48102; 633.98639;
 115.63194; 635.69751;
 733.12372; 636.67871;
 635.97687; 638.29498;
 4.858458; 641.20935;
 1012.748; 640.8642;
 791.81061; 641.89008;
 178.46263; 644.04395;
 846.15497; 647.07739;
 258.10556; 648.00336;
 350.38663; 652.28369;
 14.338906; 652.74011;
 552.97668; 655.44476;
 138.37547; 656.28436;
 181.59341; 656.53387;
 402.6514; 660.4718;
 126.08517; 661.80902;
 280.41351; 665.89319;
 995.33917; 666.64453;
 939.2998; 669.76807;
 1010.3558; 669.0249;
 214.48967; 669.60712;
 205.27271; 671.56384;
 891.07556; 672.34467;
 126.60252; 677.42151;
 653.20966; 682.67261;
 83.543793; 685.3515;
 1011.9371; 685.9361;
 321.00363; 693.11304;
 9.9877253; 695.27692;
 453.91684; 695.20483;
 554.01495; 697.099;
 255.49126; 698.55701;
 865.66406; 698.83112;
 375.25345; 700.43713;
 640.79779; 701.02686;
 115.43434; 702.75958;
 961.70526; 702.95886;
 165.11961; 705.29639;
 74.403137; 712.0481;
 344.26141; 714.742;
 536.6969; 720.87695;
 240.823; 727.9621;
 292.54633; 728.51788;
 347.3031; 729.73328;
 722.09747; 735.89758;
 369.63278; 739.24261;
 318.22836; 759.00769;
 508.09381; 761.23956;
 35.622097; 761.85663;
 10.094264; 763.28107;
 353.64816; 766.42529;
 835.20752; 773.36151;
 252.86061; 776.45013;
 185.86115; 776.71368;
 432.37555; 783.57513;
 651.34985; 786.4552;
 175.18115; 787.53882;
 548.07336; 788.63574;
 686.08508; 790.55115;
 583.67639; 792.33582;
 50.396175; 794.37531;
 782.99725; 794.77307;
 705.48425; 797.09796;
 228.34851; 801.38751;
 287.11258; 802.62335;
 862.53534; 803.14856;
 562.69165; 804.84985;
 580.23157; 806.83484;
 945.04767; 806.71716;
 405.4809; 812.47778;
 500.48846; 812.25177;
 199.12241; 814.66443;
 882.32648; 816.13599;
 276.1561; 818.15271;
 369.94376; 820.68646;
 217.45799; 820.40558;
 448.40527; 825.22339;
 1010.6085; 825.48376;
 483.0394; 825.15955;
 79.290405; 827.33722;
 502.31094; 826.80847;
 332.1174; 830.05225;
 744.49518; 829.91754;
 247.48044; 831.04279;
 859.39441; 835.53387;
 124.04517; 837.56317;
 598.32288; 841.90167;
 803.6568; 843.47125;
 357.85571; 851.17505;
 675.78638; 851.20184;
 56.979874; 857.00964;
 594.00305; 857.09363;
 211.17841; 858.04559;
 650.96625; 859.14563;
 801.18262; 859.57068;
 558.40558; 862.47705;
 891.27844; 866.29443;
 175.63564; 867.11761;
 878.6106; 868.45599;
 148.23038; 871.83215;
 638.96643; 872.34656;
 279.84268; 872.67371;
 736.3147; 873.59143;
 77.14959; 876.17102;
 10.823807; 876.84326;
 37.173744; 876.78723;
 529.93085; 876.98499;
 432.56335; 880.96716;
 482.22131; 881.30963;
 163.09723; 882.46899;
 885.94226; 882.5047;
 161.09628; 886.86847;
 512.81744; 887.89044;
 4.8172922; 890.06537;
 805.13477; 890.17456;
 1011.5684; 894.36566;
 184.23833; 896.38049;
 13.459621; 900.151;
 145.19604; 900.21478;
 415.32669; 903.00458;
 88.73674; 903.99115;
 739.91809; 904.81207;
 616.67566; 905.83771;
 434.92706; 913.45636;
 12.007436; 920.17987;
 504.55887; 922.56555;
 572.94836; 925.69513;
 842.49646; 925.54443;
 208.33401; 927.7511;
 791.81482; 930.76782;
 688.50012; 935.20789;
 446.46655; 935.98981;
 381.94583; 937.14307;
 535.19543; 936.6347;
 236.9276; 942.17725;
 358.73438; 942.47137;
 132.71837; 946.88348;
 797.31122; 947.57257;
 909.99268; 946.93231;
 745.44574; 948.90717;
 608.00403; 949.85956;
 73.702827; 955.29645;
 41.294758; 956.18774;
 104.25294; 957.00537;
 522.26184; 959.40021;
 533.81622; 960.96991;
 667.95905; 960.7179;
 302.23956; 968.28809;
 612.17914; 968.4939;
 753.2063; 972.40356;
 228.62733; 976.28687;
 446.32278; 975.24365;
 941.27124; 980.88922;
 119.00522; 986.57782;
 1010.9434; 988.2326;
 493.34686; 988.6228;
 528.77771; 990.68085;
 777.04315; 999.0954;
 66.552574; 1000.8525;
 465.73203; 1001.2717;
 243.50862; 1002.5435;
 717.53656; 1003.329;
 176.93971; 1007.3595;
 274.172; 1007.2612;
 599.79974; 1007.5039;
 13.418613; 1008.8356;
 438.19965; 1011.7436;
 775.45721; 1012.5367;
 693.80316; 1012.7722;
 844.65002; 1014.9836;
 1008.4407; 10.615079;
 943.80847; 27.441994;
 1003.9224; 36.115417;
 111.30027; 51.60033;
 19.891088; 53.550468;
 112.26435; 67.065712;
 876.85449; 75.822968;
 706.64124; 78.649246;
 137.27621; 98.567589;
 676.58722; 101.57807;
 207.42795; 109.03406;
 439.12137; 114.17382;
 16.16247; 123.22636;
 637.14978; 123.31817;
 976.8714; 129.39558;
 993.65314; 136.95798;
 680.5155; 153.68889;
 540.59485; 164.80293;
 767.26398; 169.00047;
 1007.549; 169.53941;
 112.01047; 181.37102;
 311.88943; 187.56947;
 38.890614; 183.66971;
 158.67722; 191.33023;
 830.88452; 196.09476;
 799.41107; 202.17162;
 471.30966; 202.9944;
 141.73677; 224.81871;
 412.20941; 225.06474;
 184.37222; 231.29709;
 860.05939; 244.89778;
 183.69463; 247.33212;
 956.03046; 252.45131;
 285.91003; 254.62636;
 5.7987499; 254.76132;
 952.89551; 258.03131;
 1017.1767; 258.78311;
 781.44495; 260.80981;
 540.34869; 268.4624;
 5.7549157; 282.11566;
 113.72628; 281.82971;
 191.15668; 284.53897;
 396.10974; 287.42859;
 866.7193; 303.91946;
 1010.8608; 309.39359;
 408.00186; 315.16867;
 552.05475; 321.25394;
 356.11169; 322.09592;
 868.9848; 321.25345;
 83.868279; 323.0054;
 490.20123; 329.84784;
 846.89142; 337.6131;
 913.5708; 342.77856;
 495.75967; 345.27927;
 990.48822; 351.14636;
 978.79297; 358.68616;
 13.238517; 362.61032;
 372.29745; 363.32916;
 830.5813; 363.3768;
 560.6275; 370.28748;
 980.46594; 373.11005;
 499.89246; 378.58539;
 827.18903; 380.75394;
 187.33011; 382.54675;
 359.40829; 386.3877;
 674.52924; 397.64966;
 767.67944; 397.83405;
 652.29578; 401.98996;
 256.43991; 408.04901;
 807.95282; 407.5318;
 30.412216; 412.97351;
 535.04633; 414.27258;
 78.793999; 419.60364;
 300.17252; 421.2735;
 811.55072; 421.47281;
 132.21298; 429.79221;
 773.04639; 431.00992;
 256.91577; 436.65558;
 135.46992; 449.01419;
 602.77313; 446.14871;
 772.75781; 446.79504;
 36.875702; 455.51822;
 982.85944; 461.08716;
 97.415543; 462.03476;
 732.41229; 468.83252;
 39.043106; 474.77414;
 218.52707; 476.71445;
 321.64224; 477.50696;
 73.466675; 477.95715;
 385.50867; 484.23248;
 541.43359; 484.12628;
 12.022482; 487.94031;
 230.58702; 492.24329;
 182.44475; 491.21799;
 576.17401; 490.56546;
 272.87286; 495.97668;
 34.86858; 507.2775;
 206.78978; 505.92358;
 40.024391; 519.51379;
 1009.8129; 521.1001;
 979.28955; 545.11981;
 522.36444; 547.82404;
 884.15619; 553.26031;
 813.04437; 571.315;
 1006.9044; 572.20453;
 332.41498; 579.46777;
 352.43338; 580.22772;
 443.74936; 591.62469;
 62.420635; 599.52075;
 299.25616; 604.89569;
 928.44305; 602.06305;
 169.0565; 609.56018;
 927.32086; 618.26935;
 11.002684; 624.72876;
 401.27847; 629.1972;
 554.06744; 696.36823;
 375.84674; 699.89441;
 74.143471; 712.38928;
 344.01501; 714.62738;
 1015.114; 716.80951;
 536.51703; 720.2887;
 317.98361; 759.19543;
 508.27286; 761.33289;
 835.06769; 771.68677;
 287.02734; 803.66254;
 200.64833; 814.68726;
 366.38196; 821.8551;
 277.6716; 820.02203;
 223.91562; 822.17108;
 483.09381; 824.69293;
 332.40295; 830.49805;
 247.23875; 831.59668;
 1017.1343; 861.63104;
 175.0397; 867.0694;
 148.62144; 867.78229;
 11.572492; 876.42371;
 802.93341; 887.71399;
 1010.9381; 894.10468;
 14.584608; 899.55304;
 144.57285; 901.84729;
 13.139157; 920.70502;
 504.93143; 921.65656;
 573.49469; 925.05719;
 381.47601; 937.88403;
 132.88847; 947.55493;
 104.70516; 959.49561;
 612.22949; 972.15405;
 754.86676; 978.28967;
 446.78339; 974.64832;
 694.52618; 1012.0931;
 775.55676; 1013.2402;
 843.73578; 1017.0076;
 1015.1461; 22.124851;
 7.8448653; 24.884567;
 148.24887; 82.112267;
 837.58429; 94.679184;
 933.67969; 96.688858;
 963.88464; 107.22677;
 930.23346; 118.98676;
 76.162506; 126.26581;
 1003.6538; 134.43774;
 44.453632; 145.95419;
 943.9978; 147.32184;
 809.49213; 147.02667;
 777.40186; 149.27231;
 213.56499; 158.10405;
 669.34314; 169.9146;
 43.924603; 165.18436;
 851.61249; 165.50421;
 809.00433; 169.67162;
 340.16998; 177.72058;
 366.51611; 185.44621;
 855.84003; 188.72702;
 260.69; 198.62904;
 157.96021; 210.00932;
 709.83649; 213.11327;
 183.65758; 213.58278;
 33.527462; 217.51584;
 258.84543; 221.89297;
 224.7157; 226.76846;
 870.24689; 227.47646;
 916.44232; 227.57779;
 519.72321; 230.23764;
 13.958755; 231.472;
 286.29715; 234.30463;
 824.30664; 236.85216;
 956.05225; 237.82272;
 228.01859; 246.81833;
 101.00071; 251.72003;
 754.40643; 251.60524;
 520.13696; 253.69101;
 307.22452; 263.53845;
 415.28723; 263.43921;
 826.90704; 262.60318;
 356.2738; 264.09991;
 31.84293; 264.45493;
 928.93829; 265.80356;
 486.2988; 272.32193;
 797.14319; 276.90652;
 1007.1319; 276.76907;
 39.35648; 285.65015;
 931.27655; 287.96649;
 422.03741; 288.93436;
 853.26373; 290.69363;
 69.899071; 291.78253;
 555.86157; 293.5885;
 101.66082; 298.45389;
 16.05407; 298.80569;
 800.33411; 298.9202;
 355.39084; 304.10278;
 438.21375; 306.26633;
 840.60663; 317.77567;
 829.41998; 327.45535;
 1015.1436; 327.41107;
 328.28299; 329.83597;
 435.99615; 329.68106;
 465.18378; 328.47211;
 161.79558; 333.12628;
 204.87025; 334.09549;
 646.18414; 339.21027;
 945.34686; 340.39078;
 250.17697; 348.57907;
 563.37103; 349.28113;
 99.701126; 353.43414;
 159.32646; 358.09134;
 416.90836; 360.39246;
 500.29013; 360.69553;
 648.37347; 360.79315;
 749.46136; 365.69769;
 1006.1356; 367.48309;
 252.62769; 370.43671;
 670.99902; 376.13748;
 211.6514; 386.31784;
 851.42981; 388.28574;
 804.74927; 389.41989;
 711.02643; 396.61331;
 41.856659; 398.97812;
 189.83795; 400.19531;
 499.9957; 400.95361;
 847.59918; 406.5188;
 964.20093; 412.25851;
 213.2982; 431.79623;
 629.90576; 435.20169;
 32.939312; 439.70868;
 304.48389; 440.19983;
 447.79968; 439.81082;
 811.31799; 441.39261;
 490.83801; 447.00815;
 833.93384; 452.84326;
 309.63586; 460.06311;
 495.91269; 467.0481;
 234.6425; 469.59589;
 785.15289; 471.89145;
 836.11505; 479.83218;
 983.33679; 479.79767;
 133.90552; 480.39499;
 51.79356; 483.40323;
 734.2912; 490.18332;
 653.5249; 493.58597;
 972.14032; 497.30374;
 907.79474; 500.91144;
 547.86029; 503.24963;
 754.13684; 505.91476;
 573.40826; 507.04807;
 186.88695; 512.02063;
 103.37067; 513.96179;
 835.6344; 513.7049;
 362.39459; 517.55463;
 624.69861; 518.4126;
 806.53613; 515.20093;
 908.11615; 523.66724;
 701.65405; 525.10413;
 287.74036; 527.89056;
 837.32703; 536.9566;
 569.32056; 537.64185;
 669.18573; 548.81091;
 808.14447; 549.95831;
 192.45354; 554.00635;
 854.02563; 554.15112;
 1015.0009; 554.46637;
 151.01312; 560.35315;
 354.16211; 561.52728;
 632.6759; 567.82117;
 95.066315; 568.69928;
 961.25684; 572.06403;
 757.75739; 575.42969;
 255.4722; 577.18213;
 563.86707; 579.46063;
 91.736549; 589.5528;
 20.464128; 583.59637;
 38.737167; 598.70233;
 959.8786; 598.73077;
 747.85706; 605.72662;
 395.58279; 612.38519;
 1015.096; 616.13782;
 349.64334; 619.11334;
 978.61053; 622.87286;
 101.87811; 627.08081;
 634.45941; 637.83203;
 733.37408; 638.18646;
 791.48639; 639.79242;
 844.79138; 645.46368;
 20.214104; 654.5376;
 350.4859; 654.51056;
 551.26019; 654.03021;
 404.7995; 662.67371;
 209.72314; 673.85052;
 280.27151; 671.28967;
 378.20779; 671.50348;
 893.43958; 671.58551;
 698.26233; 675.86145;
 127.57948; 678.94916;
 920.59729; 688.85706;
 498.98004; 692.13763;
 1005.306; 693.0249;
 452.34229; 696.99274;
 865.46533; 699.75714;
 961.42798; 704.04895;
 114.04797; 705.23187;
 165.33931; 705.51825;
 236.32654; 708.17279;
 390.61887; 714.34094;
 868.27612; 721.10547;
 245.95503; 727.73486;
 291.8761; 725.99805;
 344.61206; 732.36658;
 45.934711; 733.07556;
 369.67612; 735.66418;
 356.98077; 765.0816;
 34.917538; 765.48914;
 251.4312; 778.44238;
 744.42444; 784.9469;
 432.70834; 786.47992;
 289.63098; 786.64752;
 550.01556; 789.68671;
 582.35883; 789.25079;
 51.896362; 797.60699;
 225.53969; 799.89105;
 253.09003; 799.60815;
 946.35229; 805.18207;
 863.40063; 806.34784;
 497.63739; 812.42145;
 152.50163; 819.49158;
 1006.6682; 828.08063;
 743.13672; 829.2251;
 859.90741; 837.17383;
 125.05083; 838.61749;
 598.50348; 840.3927;
 803.47357; 841.06976;
 433.75983; 844.21411;
 674.99017; 850.03705;
 214.16916; 858.5567;
 561.2301; 865.07001;
 279.46277; 870.90918;
 736.56183; 871.73743;
 887.65234; 886.36816;
 512.3725; 887.85925;
 162.0504; 888.61523;
 186.16116; 898.99408;
 86.071114; 906.7854;
 279.23154; 913.35126;
 439.90286; 914.10205;
 689.98462; 913.83807;
 208.38406; 930.56726;
 763.40045; 931.60547;
 687.14471; 934.00653;
 444.44653; 938.62872;
 237.37752; 942.1485;
 912.10107; 948.43243;
 796.78992; 951.77289;
 41.388096; 957.27258;
 526.03033; 957.82996;
 664.95215; 962.27191;
 76.888687; 972.17773;
 942.16943; 983.2381;
 1005.5856; 989.03888;
 118.25978; 990.10925;
 493.9603; 993.68365;
 65.44886; 1001.2554;
 18.165533; 1002.9889;
 176.17538; 1004.3834;
 603.48859; 1003.9459;
 713.43353; 1006.5913;
 753.45135; 1009.0176;
 928.104; 73.57048;
 273.79312; 159.37636;
 414.58014; 183.62238;
 27.040098; 190.64911;
 769.41699; 192.60838;
 853.81158; 265.76553;
 261.24094; 304.07697;
 63.611492; 369.81476;
 36.69857; 378.14368;
 95.492523; 380.20673;
 960.59326; 388.16397;
 873.97406; 412.99747;
 581.23962; 422.55127;
 629.21637; 441.40021;
 379.22806; 474.46729;
 511.19116; 485.32236;
 463.07559; 520.26367;
 31.029766; 576.8941;
 632.03333; 620.086;
 836.81836; 628.20746;
 908.96802; 628.34296;
 405.56018; 638.0307;
 135.78687; 660.48254;
 937.45618; 673.86658;
 570.23651; 809.18774;
 205.94719; 811.8512;
 1012.1688; 856.02502;
 163.36324; 863.09406;
 643.28326; 869.09418;
 196.526; 873.90955;
 617.99255; 907.40088;
 795.3728; 927.5376;
 610.75824; 948.91321;
 748.95758; 954.51251;
 859.25934; 192.00793;
 104.27568; 256.9176;
 27.434374; 263.0816;
 328.50638; 332.02643;
 721.57996; 369.98111;
 246.07967; 377.74866;
 614.46759; 379.90427;
 204.41788; 395.43524;
 302.41666; 401.97485;
 505.16827; 406.21655;
 137.98541; 421.93362;
 134.48184; 451.60074;
 302.04523; 469.89059;
 789.05182; 471.2478;
 136.52208; 475.34735;
 231.5968; 476.62286;
 156.39056; 497.91336;
 153.59113; 527.8363;
 239.31754; 532.39508;
 1012.3314; 549.67474;
 161.46654; 557.63251;
 98.332069; 575.96832;
 1004.6486; 584.47894;
 1012.3084; 618.36865;
 939.23071; 644.10065;
 1002.1075; 675.30121;
 727.8222; 732.02856;
 341.04062; 736.80823;
 25.559143; 763.73529;
 693.55591; 789.92548;
 863.45624; 802.39154;
 251.59456; 805.51831;
 494.11697; 814.27197;
 152.55774; 820.27203;
 883.19708; 861.61285;
 195.16386; 901.7002;
 19.711195; 914.26801;
 204.31055; 923.96399;
 947.64441; 1012.3553;
 705.17761; 1013.6818;
 173.05806; 1014.5406;
 318.9126; 288.50681;
 622.61133; 289.04987;
 271.89151; 304.93256;
 115.96098; 539.80634;
 228.03386; 560.26044;
 619.49316; 571.04529;
 12.749007; 953.836;
 664.68262; 911.66034 
