 598.64966  44.908321 
 788.24084  49.055077 
 897.29871  51.536251 
 285.24023  53.464432 
 320.39191  54.757149 
 869.04987  54.573242 
 634.23248  59.181816 
 586.09845  59.620213 
 835.00232  59.819729 
 937.05701  61.968033 
 947.22223  70.480736 
 301.12518  71.033379 
 868.89966  73.766434 
 470.92819  76.573578 
 167.69167  80.074249 
 736.90466  81.288651 
 924.08612  83.180992 
 968.57031  84.248184 
 835.20142  92.338181 
 884.53064  94.673973 
 477.19965  96.833206 
 868.6275  97.358093 
 569.5932  101.92166 
 740.83478  101.67714 
 768.97858  103.68466 
 400.49023  105.6526 
 875.73431  107.27467 
 437.2861  114.61319 
 776.62128  116.2665 
 840.50012  117.62024 
 215.80946  118.83325 
 618.36041  118.35753 
 154.50336  128.36478 
 591.19031  129.93652 
 903.89337  130.39087 
 194.28297  132.07625 
 411.7041  132.71028 
 896.36115  132.68404 
 424.10941  134.51088 
 248.38947  138.0583 
 91.67791  139.09135 
 820.36835  139.25018 
 207.3705  140.2627 
 614.57971  146.71915 
 360.41064  150.17946 
 395.89883  156.18143 
 50.815693  157.21867 
 267.46191  160.1122 
 302.57962  160.76065 
 848.66504  160.58867 
 207.9183  165.06688 
 380.85281  167.36438 
 129.54768  169.92543 
 338.05115  172.06024 
 286.96262  172.64497 
 73.278519  174.71088 
 393.25253  175.28781 
 520.18408  174.91956 
 931.9679  174.74042 
 621.42712  176.31149 
 96.146248  181.27502 
 940.90314  180.69556 
 666.38666  182.45122 
 42.755207  186.27512 
 546.88989  187.93306 
 332.00275  188.51387 
 216.82657  190.50357 
 412.04831  192.3293 
 558.08636  193.80627 
 704.51898  194.68736 
 538.40369  196.77051 
 694.86908  196.9201 
 243.13557  197.75845 
 961.67035  199.13867 
 140.55624  200.8521 
 390.32919  200.93002 
 663.47662  204.23123 
 202.04434  205.16745 
 398.23691  205.90242 
 74.453362  207.41319 
 477.65033  207.02705 
 693.11621  207.04773 
 638.19019  213.47791 
 962.22522  212.77432 
 207.96606  214.65964 
 82.678162  216.88953 
 542.84613  217.89749 
 669.64917  220.68434 
 273.84702  221.54378 
 282.1297  222.95473 
 313.14633  226.70259 
 814.31873  227.96886 
 334.23581  231.11227 
 694.54071  231.5993 
 972.828  232.59915 
 193.65437  234.87738 
 671.42957  233.97864 
 584.28711  234.44568 
 328.89981  237.89893 
 678.12195  240.24049 
 946.20837  240.81042 
 283.20633  241.74321 
 312.79691  247.26224 
 966.97546  247.79323 
 583.36835  248.51062 
 557.31763  249.58934 
 459.74326  250.98598 
 488.16837  251.60117 
 915.7063  252.76605 
 230.85571  254.32607 
 519.42975  254.64664 
 219.82437  255.6539 
 90.826607  257.16 
 464.15082  256.67422 
 626.06915  257.26883 
 553.65533  257.7912 
 889.59827  259.27063 
 244.66937  260.39935 
 526.2019  259.97269 
 721.53009  259.64444 
 471.22842  266.32175 
 62.936832  267.28113 
 376.20184  267.22314 
 550.39575  268.96628 
 517.73602  270.18942 
 778.53259  270.80298 
 752.03015  272.75916 
 162.48347  277.90546 
 245.81281  278.24677 
 704.5448  279.12683 
 641.94501  279.57169 
 111.95751  280.88016 
 726.82782  282.95816 
 945.01825  286.03329 
 443.69589  287.09369 
 288.12222  288.44946 
 566.24518  289.39032 
 810.0047  290.32474 
 877.53296  289.48315 
 966.76685  290.03729 
 801.84851  291.7728 
 562.00012  294.49847 
 880.96594  294.33295 
 408.43448  294.69141 
 839.45935  295.44427 
 869.71234  297.35815 
 54.666637  300.56473 
 349.44815  302.2077 
 125.37968  302.56821 
 379.76013  303.23874 
 763.0174  304.15765 
 688.99512  306.97873 
 568.4469  307.73526 
 501.91641  310.21021 
 699.8017  311.44278 
 147.36923  311.8353 
 160.04204  312.96161 
 318.33447  315.39459 
 529.42432  315.3295 
 240.13495  316.99402 
 412.8493  318.00458 
 659.59381  317.73743 
 770.19922  317.84897 
 839.72064  320.55917 
 442.88477  321.79205 
 339.28235  323.56552 
 807.52136  323.59811 
 645.77209  326.71234 
 677.07147  326.78931 
 436.41397  328.1785 
 469.25751  328.1412 
 221.02892  328.96353 
 248.00311  329.57993 
 785.82123  329.50406 
 742.60406  332.73843 
 587.32233  334.43735 
 233.76744  336.01578 
 919.06464  336.14291 
 325.15549  336.73972 
 363.70276  337.97516 
 725.31378  338.00067 
 469.16391  340.7493 
 948.4986  341.39633 
 511.5437  341.94406 
 293.78699  343.62064 
 399.06369  343.52209 
 408.83356  346.48605 
 611.48627  346.56168 
 956.91162  346.38269 
 978.58508  347.24234 
 797.70233  347.66528 
 731.05109  350.15091 
 86.864304  352.75183 
 97.580971  357.25946 
 164.9075  357.04819 
 744.50958  357.96216 
 332.97394  358.53577 
 657.75232  359.45496 
 584.69226  360.00394 
 964.62811  360.40857 
 238.29037  361.67477 
 682.92474  362.08398 
 602.0647  363.72751 
 904.2995  363.64478 
 432.83151  366.80362 
 841.03174  367.29337 
 803.05981  368.45352 
 909.72162  369.97217 
 441.70148  370.69043 
 513.12408  372.55869 
 668.79926  373.22037 
 138.45839  376.57532 
 750.80609  377.27118 
 773.29431  379.0405 
 361.06085  379.64682 
 919.50745  380.76169 
 546.83997  384.12286 
 145.36957  385.40747 
 853.14502  385.15491 
 159.77855  386.28293 
 517.26025  385.59204 
 49.756611  388.98083 
 327.00851  391.29883 
 732.50183  391.79825 
 722.35632  394.80927 
 539.33368  398.25705 
 460.90497  399.09146 
 360.27603  400.01093 
 778.49103  401.39804 
 395.17786  403.6604 
 119.78769  406.21481 
 779.86548  412.01688 
 268.66913  412.40533 
 498.81003  415.82474 
 266.29156  418.36273 
 885.77417  417.922 
 313.91412  421.18817 
 584.18988  420.72772 
 173.6834  422.16785 
 754.72284  423.21948 
 245.27367  424.22153 
 576.61902  424.26245 
 794.02972  424.42841 
 139.34888  427.39859 
 268.69543  427.02478 
 445.09384  429.15622 
 551.6076  427.10666 
 297.04855  432.65204 
 797.62415  433.13547 
 276.72296  435.91339 
 593.01221  435.86502 
 243.79907  436.9798 
 520.05493  441.19666 
 775.72089  442.75217 
 288.82803  445.24075 
 971.74158  445.86633 
 733.78992  447.46225 
 576.64709  450.22391 
 859.0119  453.31467 
 704.61389  454.15656 
 144.85425  454.80716 
 488.37589  455.12955 
 775.48639  454.59781 
 244.86176  456.3353 
 379.55792  457.68991 
 48.168335  458.88885 
 118.92467  463.20825 
 126.73347  463.13211 
 802.96405  465.09344 
 54.159996  466.42825 
 107.29012  467.53577 
 950.86389  469.03723 
 791.70465  469.72885 
 703.57977  472.9451 
 778.93109  472.86441 
 666.77582  473.61777 
 326.91183  474.80148 
 715.58698  475.63812 
 823.82208  478.20374 
 287.80615  479.8569 
 408.40176  480.05811 
 278.51678  484.64236 
 756.22052  485.02847 
 251.89597  487.01553 
 743.83704  488.14404 
 112.61325  490.06989 
 341.52759  490.18588 
 821.63342  494.13248 
 595.27014  497.94275 
 631.36725  499.03577 
 763.00201  499.21811 
 761.74445  499.88739 
 584.85522  500.82266 
 600.83246  504.10779 
 169.89287  506.25204 
 563.24323  508.06516 
 746.27582  508.08978 
 952.13269  508.05109 
 896.18909  509.68088 
 746.99188  519.57275 
 468.19418  521.13953 
 698.97729  520.91479 
 59.306152  522.02612 
 222.39279  521.75269 
 656.21741  521.54553 
 534.19586  526.30957 
 636.51996  527.2359 
 671.38226  528.21423 
 374.51743  529.74951 
 185.51405  530.50134 
 864.49896  531.83966 
 631.9267  535.9325 
 383.9346  537.48383 
 572.8728  538.1593 
 423.21759  542.59729 
 160.88246  544.4856 
 291.76102  543.91083 
 375.13275  544.19946 
 390.74722  544.8667 
 648.86133  544.63306 
 584.7489  546.23541 
 416.14346  547.11786 
 332.11899  547.84924 
 644.19641  551.11273 
 882.89648  552.14417 
 577.96234  553.72833 
 486.08621  554.51111 
 50.609661  556.27899 
 843.96368  558.71625 
 933.9295  558.99548 
 490.80624  559.62134 
 914.13568  560.35205 
 942.51648  560.20599 
 259.31528  563.44763 
 446.17111  567.3819 
 747.06042  567.39514 
 940.46869  568.85742 
 428.91904  571.35083 
 257.17474  572.35187 
 192.60028  573.33472 
 107.74471  575.02277 
 377.60706  575.70551 
 437.96469  578.62091 
 960.79749  585.42584 
 928.69727  585.77368 
 117.33298  591.07404 
 689.21796  593.36877 
 882.66016  596.43701 
 106.81544  599.54102 
 135.92599  599.66309 
 115.37757  604.32129 
 816.60907  604.27332 
 385.55167  609.56262 
 479.39871  609.29437 
 940.92603  615.73999 
 851.05975  618.09998 
 387.27798  620.32184 
 111.11931  621.23322 
 163.2585  620.85645 
 632.88678  621.11987 
 146.50029  625.43994 
 753.03241  626.15918 
 635.02167  629.79321 
 252.51181  632.02533 
 222.73111  633.97363 
 329.16052  634.3772 
 172.0276  638.48785 
 308.35208  637.54956 
 152.87233  639.82062 
 395.14267  639.56287 
 240.08345  640.54791 
 623.67017  642.07825 
 793.94659  643.922 
 399.66757  644.7854 
 49.016354  647.48315 
 384.56302  651.18774 
 788.92053  652.0246 
 866.52435  656.34747 
 55.339844  658.2334 
 257.95197  662.93744 
 975.75824  665.1936 
 365.93719  665.86157 
 511.54504  667.69385 
 966.71313  671.02094 
 260.80811  677.61871 
 688.03467  680.89581 
 803.56396  681.41498 
 116.78709  685.2724 
 98.034599  686.51727 
 382.26492  689.67285 
 674.68506  691.11597 
 688.74896  692.633 
 292.7843  695.42914 
 70.835197  702.97943 
 356.90421  702.62329 
 387.93704  703.83691 
 514.04779  703.94611 
 94.897942  706.03625 
 808.57874  707.12427 
 283.505  709.80841 
 825.25024  711.58472 
 362.96857  713.11871 
 190.44992  713.93634 
 392.43799  715.46558 
 816.73218  716.24451 
 682.9527  719.24792 
 123.15633  743.22418 
 817.14777  747.92224 
 74.232704  751.00476 
 319.64594  751.55798 
 945.97192  751.88123 
 640.90179  755.08398 
 846.82446  756.55103 
 483.21552  759.17261 
 610.60883  766.06958 
 772.11115  768.70099 
 918.1142  769.87958 
 888.47815  772.33649 
 326.54932  772.92035 
 332.60635  774.72778 
 472.54099  774.83698 
 58.544621  777.68982 
 733.56451  779.17627 
 884.77179  780.2113 
 257.27933  783.36206 
 763.36176  788.56512 
 557.79309  789.93524 
 778.65417  789.96741 
 971.54028  790.86145 
 487.79904  792.35632 
 63.970287  793.91974 
 880.85852  796.20892 
 732.17737  801.5603 
 545.74921  803.69781 
 294.91425  805.31934 
 462.64359  805.96173 
 797.69366  806.79376 
 951.52698  806.74548 
 422.78778  810.38379 
 576.20001  813.6662 
 507.10449  815.00311 
 958.41235  814.41144 
 217.62257  815.75537 
 407.05814  815.96716 
 561.40173  815.61597 
 974.62122  819.49225 
 540.00531  822.7915 
 58.332603  823.76892 
 310.88019  826.27051 
 946.46979  826.25183 
 677.56165  830.90015 
 895.49158  830.76672 
 349.07062  843.27728 
 247.15927  847.59534 
 978.172  853.5611 
 632.06085  855.60791 
 128.81232  857.01703 
 252.96542  857.1344 
 621.41376  857.11365 
 778.47522  860.07361 
 826.49695  862.21838 
 206.25558  863.86688 
 128.63428  865.1532 
 90.161491  867.09351 
 837.57379  868.62323 
 822.89404  870.99359 
 830.12878  876.03503 
 571.98865  876.74573 
 957.23224  879.84656 
 168.74416  881.54138 
 582.6886  886.05438 
 939.53809  886.48785 
 914.61853  888.31262 
 93.032875  897.39148 
 702.67902  898.26904 
 648.34418  899.50635 
 830.09973  900.36938 
 153.36974  901.93781 
 787.73633  902.19604 
 841.02557  901.89386 
 498.31741  902.86292 
 797.57343  905.08453 
 487.15753  906.0993 
 785.7644  906.90973 
 68.374054  910.25183 
 803.58588  910.6261 
 493.69107  914.57373 
 688.27362  917.42072 
 948.69641  920.09784 
 809.95563  923.42859 
 471.23093  924.32709 
 326.65289  928.72302 
 316.24966  929.93896 
 641.76294  930.37518 
 977.45435  936.78485 
 908.69489  937.89966 
 98.78064  943.62134 
 263.30179  944.9126 
 223.09055  946.83447 
 940.81097  954.59979 
 410.72455  955.64221 
 160.27881  957.03778 
 668.64667  958.1933 
 148.22914  962.42169 
 295.04413  964.43628 
 668.73505  963.64746 
 940.47791  963.84045 
 66.825813  965.7478 
 764.07684  966.16772 
 348.37625  969.71204 
 84.428436  971.10437 
 449.33252  972.6925 
 746.3916  973.67859 
 791.09003  973.72406 
 379.31512  974.56409 
 610.06464  974.95636 
 530.38202  976.77704 
 755.38489  977.05438 
 630.63965  52.770687 
 558.79041  54.968349 
 904.16235  61.02523 
 311.29233  63.190685 
 832.09082  67.048386 
 799.80463  68.025063 
 398.13617  68.525002 
 311.5708  70.097969 
 376.17221  70.001427 
 315.20416  79.154007 
 138.2422  94.932205 
 97.678314  103.0786 
 190.99242  104.27531 
 755.18951  116.72369 
 360.49063  125.3813 
 131.28545  132.34531 
 106.91075  158.96613 
 89.249237  162.72307 
 644.0163  168.33087 
 190.21616  169.63985 
 552.49506  184.96365 
 521.12958  193.33812 
 894.55798  204.29515 
 542.74261  206.16878 
 90.139687  206.39899 
 121.18275  210.14774 
 581.07947  209.58482 
 446.3916  210.72176 
 156.5498  215.69151 
 301.50262  219.4015 
 703.63293  219.28143 
 187.16302  219.76289 
 813.71741  220.91771 
 724.61798  221.32434 
 76.407684  228.06332 
 202.65997  228.64867 
 61.583855  233.60181 
 122.57718  235.61241 
 161.65858  242.97264 
 206.87019  246.53145 
 135.58388  251.00562 
 372.46655  255.01617 
 190.21111  266.88995 
 569.78143  275.21567 
 415.33749  279.02887 
 198.69006  280.03156 
 191.56012  281.26218 
 969.46448  282.36771 
 63.386322  283.20285 
 204.43007  283.91034 
 910.15369  287.68582 
 59.003727  288.62204 
 280.70557  293.30115 
 115.30184  293.57809 
 497.39362  294.43509 
 892.95166  292.53125 
 121.80392  296.79956 
 878.56067  298.06012 
 354.71017  299.68484 
 78.560493  301.95255 
 75.476448  308.02042 
 140.69173  315.36325 
 282.35577  316.05338 
 901.63251  315.98898 
 698.6283  319.30795 
 728.48639  318.75906 
 746.68677  318.9317 
 84.951591  322.42371 
 413.54291  332.73727 
 245.78673  336.26022 
 617.86859  337.76169 
 348.60364  349.62445 
 292.74713  352.27692 
 295.29639  357.8215 
 92.465698  358.80997 
 200.92857  360.52719 
 294.96307  372.94254 
 306.73682  378.37363 
 713.52222  385.05148 
 358.39615  387.29099 
 399.05283  387.02344 
 773.56036  387.76785 
 353.29755  393.9252 
 449.6236  399.72153 
 948.70148  404.98712 
 237.8573  405.18173 
 569.4436  405.65176 
 952.37842  410.13864 
 835.43463  427.50397 
 110.33068  428.07281 
 583.31696  430.30701 
 950.09564  433.73764 
 170.00327  435.75391 
 286.28995  438.12823 
 574.34039  440.31628 
 176.97096  447.23401 
 425.01273  447.69586 
 802.08557  447.83554 
 687.64014  450.2186 
 617.28735  453.8569 
 673.37036  455.5748 
 226.69043  457.46692 
 923.52917  456.5856 
 56.948437  457.86145 
 491.54803  463.48587 
 86.016502  467.0228 
 934.27026  471.31961 
 789.35974  476.42844 
 330.14996  481.30582 
 337.41785  481.58939 
 529.09778  481.97861 
 569.27759  483.39539 
 535.96533  489.20822 
 444.28833  489.75476 
 375.05969  490.90015 
 281.78848  492.99686 
 915.63843  502.39941 
 207.1519  512.47906 
 224.2363  510.05688 
 968.92767  513.44183 
 282.33658  529.90668 
 294.60217  531.50562 
 690.19922  531.60925 
 595.966  532.92371 
 714.87036  534.91425 
 333.10657  539.02484 
 353.78702  539.02258 
 256.28949  549.65594 
 427.01205  550.00586 
 941.73547  550.16296 
 298.59369  558.06384 
 758.77869  575.578 
 275.06824  577.97278 
 404.14667  583.97614 
 356.24246  586.25897 
 578.18463  585.83954 
 732.67993  590.29047 
 957.69525  593.30939 
 740.46204  598.92224 
 477.57706  600.24316 
 362.39896  605.9162 
 292.41586  615.35358 
 450.79718  621.45441 
 90.083977  627.5592 
 78.346428  636.29761 
 456.7424  635.66943 
 471.04904  640.03534 
 756.35571  639.93262 
 346.06308  640.92145 
 407.45236  645.14178 
 358.32059  660.60107 
 613.29102  666.00781 
 747.93945  666.30347 
 399.04718  667.19562 
 318.34247  675.66779 
 627.55499  676.46985 
 853.13739  681.64429 
 138.73753  692.20313 
 881.60876  725.16138 
 228.74089  726.46313 
 281.42358  733.36688 
 740.60022  745.41595 
 580.08411  749.71472 
 399.96729  756.50549 
 410.29251  759.22626 
 879.97467  759.24408 
 237.74927  760.26282 
 945.67981  761.31323 
 279.93423  765.65082 
 452.63068  762.60956 
 343.84534  781.60956 
 876.93317  802.05865 
 441.08783  817.97961 
 577.89197  821.1579 
 832.66498  821.3111 
 413.97885  823.65033 
 376.54633  825.88763 
 43.965553  830.18579 
 283.25519  830.62183 
 187.61372  832.45386 
 276.58304  834.41064 
 306.10162  834.22571 
 403.17065  836.04993 
 224.18385  845.04156 
 43.470745  846.50934 
 126.91623  855.51251 
 675.67676  864.58997 
 415.28836  876.25604 
 327.95828  877.49066 
 147.09416  878.36981 
 402.8895  877.92804 
 216.08472  890.927 
 145.67479  899.66589 
 660.63849  915.03314 
 593.17682  917.44208 
 418.4314  918.09753 
 573.11346  925.13037 
 514.59192  943.84369 
 447.92386  946.68945 
 107.54655  952.7533 
 44.294262  954.50507 
 112.92964  958.50598 
 849.83173  959.63971 
 155.34288  961.51038 
 54.570786  966.66382 
 739.52643  968.73029 
 858.30975  969.82697 
 869.43616  973.40936 
 252.39606  977.3573 
 69.311111  58.634445 
 587.0957  59.427811 
 635.01276  59.443577 
 389.53339  59.645565 
 204.82959  62.178242 
 750.15997  61.77256 
 770.23077  61.72789 
 350.06165  62.894642 
 958.16498  62.895939 
 914.89661  63.756298 
 288.71463  67.593834 
 610.67267  69.185616 
 301.08401  70.935486 
 447.75131  70.935944 
 766.38336  71.174294 
 948.0332  70.535492 
 352.37936  72.260063 
 389.31631  72.268372 
 857.54327  72.550644 
 323.60019  73.31353 
 869.00769  73.041298 
 905.29053  73.449409 
 801.62695  74.844582 
 470.20419  76.878876 
 810.58191  77.787857 
 548.72083  78.884529 
 97.053253  80.401024 
 609.86877  79.923782 
 167.94678  80.706329 
 924.09229  81.354446 
 737.5564  81.783813 
 352.83456  84.08374 
 129.30632  87.377548 
 769.8067  87.061668 
 121.47367  89.045708 
 810.20654  88.776199 
 578.41144  90.285072 
 340.92535  91.707779 
 835.24164  92.091248 
 76.228401  94.39344 
 883.71545  93.993362 
 477.57419  96.033516 
 763.57446  96.37928 
 602.99829  97.345337 
 129.19206  98.106163 
 868.84253  98.070755 
 116.69721  99.276146 
 187.29358  98.867378 
 306.05197  99.122162 
 418.66245  99.7313 
 570.43195  100.71291 
 742.78033  100.8084 
 932.61719  101.08824 
 170.28455  102.94717 
 769.87512  102.79389 
 875.99359  103.33062 
 810.70117  104.78387 
 400.8075  106.02818 
 601.57837  107.85975 
 293.88733  108.84915 
 941.6228  109.38229 
 179.30469  110.11199 
 758.88586  110.30799 
 902.33569  109.96253 
 767.7052  112.47326 
 535.07855  114.06802 
 438.30566  114.79694 
 776.99835  114.91599 
 283.7652  118.12755 
 293.81921  119.38298 
 381.69189  118.82304 
 421.81573  118.78051 
 801.41138  118.90473 
 216.43686  119.74825 
 564.31689  119.83334 
 619.28204  119.73045 
 272.76425  121.12001 
 904.42505  122.27367 
 133.68744  124.31242 
 533.802  124.97975 
 557.75305  124.84651 
 203.52541  125.65442 
 611.24774  127.29517 
 154.39354  129.03268 
 590.24072  130.39658 
 949.62531  130.20242 
 60.506248  131.06308 
 564.47595  131.43465 
 224.84334  133.05 
 653.48138  132.67361 
 194.4201  133.60002 
 424.543  133.56279 
 472.4144  134.41382 
 283.35938  136.28722 
 163.11082  137.56555 
 820.97705  138.46931 
 249.1508  138.71959 
 929.19763  139.08356 
 208.44019  139.69505 
 124.57392  141.51353 
 583.95337  142.43614 
 624.68872  141.62569 
 653.05505  141.78529 
 175.53183  143.22011 
 869.8327  144.06546 
 889.10144  144.25119 
 796.81995  144.60953 
 115.99704  146.30997 
 157.6723  146.47141 
 919.45703  146.04196 
 272.45569  146.91731 
 614.61188  147.04161 
 880.00824  147.14243 
 242.46674  148.23209 
 338.94601  147.84966 
 360.1644  148.40839 
 508.39111  150.2916 
 557.89246  149.886 
 258.22946  150.73643 
 383.91678  150.97014 
 124.47219  152.43387 
 295.45749  151.90645 
 474.91019  151.61363 
 599.72107  153.92447 
 285.44943  155.75987 
 322.4975  155.51851 
 367.78284  155.88716 
 932.06995  158.44246 
 588.85681  158.6136 
 115.4921  161.317 
 192.00076  161.09019 
 267.35815  160.66862 
 303.12402  161.21289 
 848.005  160.82744 
 880.03058  161.11063 
 207.90474  164.42198 
 889.45673  165.42346 
 219.1104  165.75943 
 325.29141  166.47643 
 86.192978  168.62659 
 381.18042  168.71143 
 351.88864  170.8613 
 548.59344  170.95172 
 876.00879  171.30547 
 287.00195  171.72542 
 471.42633  171.65721 
 336.99316  172.61836 
 864.98389  173.33488 
 199.9391  173.97859 
 209.4472  174.12877 
 403.51373  175.25098 
 931.16144  175.1414 
 73.292152  176.12563 
 393.45273  175.69308 
 264.06424  177.58995 
 296.68298  178.24695 
 361.55865  177.70705 
 309.69797  179.23332 
 632.78235  179.34431 
 163.93077  179.70146 
 940.93341  180.14821 
 667.67957  183.17044 
 474.20386  184.16023 
 672.43152  183.58192 
 862.95959  183.72179 
 929.3031  185.9557 
 330.85861  187.18872 
 547.9295  187.47156 
 605.74945  187.83841 
 949.16455  190.4234 
 412.1376  193.06909 
 471.76053  192.57661 
 511.54034  193.41606 
 631.42273  193.47554 
 323.0679  193.76227 
 705.54651  194.02686 
 401.42618  194.59474 
 928.68439  195.40535 
 539.41821  196.34482 
 243.18259  197.51997 
 695.21204  196.91199 
 904.04303  197.6748 
 139.66582  200.77826 
 578.94598  201.06842 
 437.79556  202.58334 
 888.22906  202.39439 
 127.33365  202.89398 
 663.44305  202.8541 
 951.72974  202.92506 
 202.98021  203.98695 
 413.50366  204.11951 
 449.90976  203.96242 
 708.0965  204.31105 
 398.47067  205.49998 
 531.43341  205.34436 
 477.46777  206.71706 
 74.533569  207.87144 
 551.03033  208.19287 
 623.24396  208.11143 
 693.4472  207.68503 
 220.83849  209.09544 
 514.46777  209.09116 
 672.8006  208.90466 
 904.40692  209.50919 
 128.22041  212.45795 
 706.14691  212.27139 
 961.9549  212.26401 
 270.64255  212.79965 
 97.345406  214.47539 
 638.6416  213.77382 
 207.56982  215.79147 
 328.83676  215.98122 
 68.928734  216.9614 
 80.955452  216.56955 
 401.49857  217.12389 
 572.13989  218.03532 
 221.91786  219.45773 
 544.69977  219.12381 
 670.13007  220.17725 
 193.41106  221.10512 
 612.88556  222.41156 
 87.559929  223.31944 
 272.47171  222.98302 
 282.93875  223.90367 
 641.46942  224.72586 
 407.72098  226.14578 
 313.62592  226.98805 
 385.15515  227.16724 
 625.01306  228.40359 
 245.94753  231.24541 
 281.76862  231.04892 
 462.18448  232.30643 
 695.09674  231.79988 
 683.39209  232.80466 
 193.30278  234.10724 
 397.01123  233.82919 
 483.41809  233.8882 
 644.41125  233.72006 
 672.18848  233.51898 
 541.36676  234.91508 
 926.2735  234.6873 
 255.49252  235.47845 
 583.1875  235.85486 
 311.40112  237.04266 
 552.43518  239.83627 
 99.160645  241.43237 
 142.00731  240.72786 
 407.73145  241.08197 
 914.07098  240.48758 
 945.78088  241.22876 
 508.0513  241.78468 
 678.43848  241.96892 
 283.25934  243.01926 
 400.20026  243.13522 
 592.31134  243.37439 
 638.14374  242.729 
 497.88464  243.78694 
 423.51746  247.49783 
 526.72412  248.25525 
 620.65479  247.93463 
 313.83994  249.23262 
 245.56862  250.89626 
 929.51208  250.50867 
 164.24442  252.33008 
 186.39227  251.98419 
 488.14209  251.98488 
 557.09009  251.93796 
 914.95117  252.26524 
 460.65494  252.72351 
 508.82407  252.90938 
 228.67444  254.32106 
 204.95949  256.25696 
 221.3031  256.0246 
 626.00269  257.27454 
 518.05341  257.76129 
 889.45758  259.08752 
 444.13986  260.05652 
 721.52478  259.98871 
 144.7339  260.57797 
 432.28378  260.94049 
 577.45752  264.0928 
 957.38519  264.43692 
 182.24571  265.32324 
 62.74873  266.19632 
 227.33812  265.57877 
 325.15649  266.22107 
 200.03505  266.9393 
 467.55646  267.39871 
 703.10071  267.33691 
 826.8335  267.23965 
 947.83466  266.63516 
 551.25891  269.05356 
 917.8446  268.62805 
 161.47932  270.1066 
 518.22974  270.384 
 562.4566  270.19864 
 149.10455  271.16232 
 735.62561  270.95734 
 777.91199  270.77814 
 168.4711  271.60492 
 480.54507  273.04575 
 137.799  274.88806 
 229.68719  274.93777 
 202.29004  275.76538 
 365.64713  275.46344 
 407.70386  276.28406 
 495.62363  275.94568 
 288.97437  276.54248 
 954.88544  276.92459 
 242.8875  277.78049 
 432.58194  278.17694 
 642.1864  278.45389 
 703.59338  278.72794 
 908.4873  279.12186 
 111.15061  281.25171 
 127.49053  281.73471 
 502.93524  282.2211 
 492.78351  282.60657 
 726.67407  283.22586 
 220.89494  284.74188 
 631.1311  285.05194 
 191.78119  285.6037 
 269.34601  285.72791 
 943.89948  286.54214 
 423.12646  287.98105 
 442.51923  288.41968 
 516.92908  287.8298 
 287.25293  288.56021 
 471.28113  288.58447 
 591.62762  288.50848 
 811.85437  289.71735 
 122.51453  290.73566 
 146.86235  290.66367 
 565.00519  290.65176 
 73.023041  292.17853 
 799.83832  292.08972 
 133.57582  292.65222 
 635.9259  292.7085 
 647.30707  293.40579 
 792.9436  292.58102 
 879.87006  294.42227 
 62.869587  295.43201 
 343.38925  295.13605 
 840.43256  296.12656 
 935.6496  296.20828 
 516.93848  296.98779 
 202.24844  297.74545 
 525.88873  298.13379 
 437.13184  299.41321 
 856.24042  298.71368 
 592.12561  299.77097 
 350.47406  300.97711 
 887.09296  302.08881 
 83.581543  303.12982 
 378.80389  303.12701 
 508.80881  304.93509 
 763.03821  304.96967 
 314.96323  306.12073 
 135.41872  306.81375 
 166.44743  307.20557 
 568.20538  307.16296 
 660.01147  307.64066 
 740.50732  308.12585 
 844.41089  308.4805 
 934.11438  308.37274 
 60.26474  309.54813 
 88.638725  308.7334 
 206.22641  310.51334 
 250.47935  311.47726 
 699.76404  311.19125 
 754.05121  312.91763 
 383.008  314.40775 
 529.90814  314.36087 
 769.05225  316.43915 
 239.62286  316.97995 
 400.43283  317.38376 
 412.82751  317.10641 
 471.81702  317.797 
 660.51697  317.85638 
 711.61981  317.66629 
 840.14679  319.47464 
 442.89429  320.26923 
 566.75751  320.43692 
 232.99136  323.35535 
 376.84576  323.23239 
 452.29358  322.77042 
 337.87329  323.60895 
 550.81891  324.51483 
 805.95581  324.4278 
 180.04926  326.17163 
 676.87933  326.42459 
 762.68616  325.73636 
 645.5434  327.45926 
 907.44818  327.24527 
 200.57408  329.04623 
 469.15247  328.5361 
 617.74811  329.12286 
 708.40863  328.91763 
 786.3338  329.37186 
 221.19046  330.8251 
 449.64706  330.84927 
 532.52655  330.8205 
 800.28058  331.2572 
 109.16947  332.25287 
 588.84497  333.24283 
 741.09631  332.76297 
 864.41443  332.58908 
 839.67041  334.31577 
 963.77454  334.76086 
 234.10907  336.14035 
 394.10785  335.9559 
 682.71771  336.05695 
 326.21802  336.56491 
 918.88135  337.33292 
 344.905  338.52078 
 727.19281  338.96445 
 289.18219  339.68661 
 362.86661  339.74524 
 906.39459  339.74054 
 446.91251  340.85736 
 734.1012  340.59579 
 62.724018  342.32028 
 810.73572  342.05566 
 75.185951  342.62033 
 514.23199  342.99228 
 698.50879  342.86743 
 778.78644  342.8985 
 949.9588  343.02167 
 400.31641  343.52173 
 158.37859  344.99832 
 407.96484  345.18509 
 417.83823  345.30936 
 587.2265  344.86218 
 954.79559  345.15503 
 172.23546  346.46585 
 610.75555  346.25076 
 797.90942  346.51126 
 873.37109  347.41006 
 119.40659  348.19315 
 758.50714  348.28915 
 602.96271  349.10977 
 884.74402  349.56961 
 367.17169  351.07544 
 731.54407  351.02725 
 86.310097  352.58444 
 278.73291  352.87195 
 677.07513  352.86493 
 526.52625  353.97769 
 548.32068  353.78595 
 937.25928  354.85159 
 918.159  356.14584 
 165.33453  357.31152 
 352.12256  356.48877 
 95.679604  357.70123 
 435.56641  358.15488 
 744.35144  357.84399 
 331.54001  359.38098 
 534.61847  358.87085 
 585.29352  359.45874 
 888.05029  359.13547 
 965.3205  359.08649 
 656.95953  359.76385 
 776.16559  359.90341 
 327.9838  360.54633 
 475.0119  362.33456 
 603.73309  362.23669 
 904.66089  362.21765 
 154.80618  363.27127 
 239.26942  362.89899 
 315.96494  362.66306 
 682.67267  362.96326 
 144.66927  363.64886 
 840.78052  365.39246 
 446.61911  366.03864 
 495.67331  365.92429 
 91.214165  367.35696 
 225.63255  367.89658 
 258.4838  368.28543 
 625.65204  367.92911 
 803.07605  368.83145 
 870.0675  369.31943 
 684.32776  370.25858 
 104.93169  371.32388 
 188.96211  371.21716 
 215.11267  370.68936 
 284.63354  370.45721 
 442.45413  371.17853 
 510.96051  371.3577 
 782.09363  371.17316 
 909.56158  370.7037 
 669.33124  372.88727 
 339.30716  374.04276 
 816.29364  373.99466 
 835.33752  374.42587 
 288.58466  375.29044 
 435.28748  374.59232 
 482.52716  374.54999 
 351.70554  375.63776 
 713.33185  376.33551 
 751.0481  376.49741 
 800.57062  376.03732 
 137.82346  378.19998 
 773.96088  378.3053 
 886.13867  378.21692 
 110.35185  380.23453 
 152.20941  380.16272 
 504.64261  380.38995 
 919.37933  380.33179 
 662.02197  380.64606 
 685.56665  381.24188 
 699.42511  381.41461 
 875.09808  381.05746 
 243.90219  382.37286 
 490.21759  381.52408 
 791.59277  383.14755 
 158.02109  383.71231 
 170.4048  384.07422 
 215.34161  384.22897 
 547.58203  384.28265 
 852.96875  384.94122 
 59.672569  386.16083 
 291.67297  385.9826 
 494.86414  386.0289 
 519.05927  385.76462 
 336.20779  387.17267 
 363.59402  387.24692 
 347.22513  388.03802 
 841.57727  388.60623 
 506.30392  390.1716 
 631.99634  391.2514 
 732.28735  392.07721 
 938.0553  391.87979 
 700.59741  392.38669 
 713.03168  392.54153 
 452.93365  396.78168 
 547.81091  398.0939 
 844.3512  398.45764 
 460.9563  398.51895 
 560.0589  399.7662 
 186.79797  400.5603 
 359.56656  401.32462 
 625.80731  401.23914 
 776.90033  401.12173 
 112.33638  402.51303 
 274.71082  402.8526 
 937.71179  403.58133 
 395.05179  405.13632 
 305.37509  405.71475 
 232.33632  408.53098 
 940.21338  410.27704 
 624.18561  410.7048 
 879.95361  414.18002 
 408.46579  412.54669 
 612.25629  413.43124 
 780.38519  412.89169 
 829.41229  413.28375 
 533.78351  414.12738 
 500.40662  415.03671 
 266.66245  416.39664 
 395.89249  415.56232 
 107.88217  417.21405 
 884.67139  416.97717 
 509.78815  417.97723 
 583.29919  419.94742 
 143.29074  420.45697 
 315.36618  420.82495 
 952.0824  421.38876 
 85.743973  422.3811 
 172.42653  422.0311 
 357.31805  421.77374 
 244.65955  423.36142 
 367.35916  422.78613 
 702.4411  424.26416 
 434.06537  425.02567 
 612.86108  425.3425 
 139.77267  425.72284 
 337.02197  426.10138 
 552.24969  427.27628 
 269.01715  427.93872 
 445.90228  428.32898 
 887.66058  428.32489 
 256.29523  429.34637 
 100.89852  429.57159 
 651.10156  431.28107 
 795.51489  430.7356 
 296.60303  431.5957 
 764.45038  432.41422 
 366.89221  432.62668 
 517.17432  433.38519 
 82.881767  434.21103 
 206.18874  435.93381 
 276.50098  436.13144 
 332.8515  435.82962 
 529.77228  436.04568 
 244.94525  437.12384 
 151.95674  438.23795 
 727.50092  437.40582 
 688.12805  440.44095 
 305.62424  441.36108 
 404.48703  441.30948 
 98.494911  442.65057 
 466.44876  443.77829 
 659.18201  443.77795 
 775.6637  443.91107 
 585.2478  446.3504 
 619.52222  445.93161 
 734.00665  446.57718 
 210.49402  448.60101 
 167.08107  449.79758 
 562.45392  449.646 
 184.74788  451.15607 
 339.66449  450.8999 
 576.00238  451.75085 
 652.97803  452.28281 
 844.24377  453.02838 
 70.216461  453.65848 
 82.270409  453.87653 
 145.53612  453.76816 
 487.49023  454.21414 
 704.21863  454.35287 
 776.34131  454.56961 
 244.07292  455.92825 
 854.87811  455.70782 
 608.49152  456.62088 
 378.03613  458.49335 
 710.96594  458.73471 
 427.1106  462.16037 
 125.573  462.85257 
 449.16022  463.28741 
 916.92786  463.76767 
 936.64648  463.96765 
 899.29535  464.72205 
 162.15919  465.78967 
 65.653671  466.77432 
 107.1356  467.56808 
 941.02203  467.78055 
 949.87762  467.92426 
 526.59808  469.15521 
 791.96283  469.00162 
 849.91626  468.69748 
 860.38666  469.35852 
 704.80591  470.98557 
 484.83527  472.5441 
 666.59265  471.92755 
 326.32547  472.88138 
 780.27594  473.61151 
 122.49679  474.60373 
 226.36382  475.12701 
 235.48181  475.36603 
 521.23706  476.31912 
 760.17511  476.47681 
 834.34741  475.69473 
 398.13303  476.64178 
 573.07654  476.89545 
 725.73785  477.36142 
 943.24115  478.26114 
 481.9635  478.93243 
 449.80774  479.66925 
 372.89319  480.65256 
 408.38443  480.7923 
 286.63565  481.66089 
 279.78387  482.86972 
 873.677  483.79108 
 755.90662  485.44785 
 252.41154  486.87131 
 385.30975  488.18222 
 707.32806  488.05002 
 646.5191  488.95853 
 743.4729  488.61063 
 525.73163  490.03946 
 110.91319  490.64154 
 269.42987  490.98264 
 466.76474  495.41721 
 172.65915  496.34949 
 832.04517  495.7099 
 291.30438  497.56497 
 533.92627  499.19193 
 632.32452  498.62183 
 370.69623  499.76007 
 126.28176  500.78342 
 218.27869  501.15445 
 397.08725  500.96765 
 586.23712  500.556 
 924.08002  501.01468 
 645.30701  501.58099 
 210.82234  502.58557 
 602.10297  505.10107 
 154.17242  506.71634 
 169.46715  506.93433 
 562.01788  507.84744 
 909.1405  507.61847 
 953.34558  508.05167 
 386.58707  508.93976 
 747.8222  508.50964 
 763.89624  508.81906 
 898.8786  509.15594 
 236.8468  512.38013 
 828.03491  512.24243 
 279.54077  512.75989 
 303.07565  512.85767 
 315.74515  512.75073 
 355.07343  512.55078 
 481.07071  512.78033 
 720.25079  514.62848 
 401.64786  516.0022 
 549.71313  516.24561 
 921.60815  516.11169 
 748.66144  520.25195 
 468.41641  520.77985 
 655.54041  521.20355 
 60.034859  522.30975 
 223.02841  521.73346 
 252.61241  521.71979 
 479.17053  522.02911 
 610.60992  522.54364 
 912.46667  523.23505 
 790.63794  524.19104 
 848.59344  524.42926 
 300.39673  525.40875 
 533.76941  525.04425 
 346.28827  527.07733 
 713.01117  527.14435 
 103.70621  527.76526 
 117.2665  527.95215 
 413.44128  528.00684 
 783.71063  527.84015 
 828.00635  529.25336 
 184.00301  530.43542 
 566.58752  530.13531 
 637.34406  531.39362 
 61.040203  533.44891 
 368.9238  533.47137 
 864.86359  532.54083 
 399.3876  533.67725 
 285.80371  534.95551 
 327.53748  535.40845 
 632.04517  534.93872 
 883.78729  535.69562 
 127.29823  536.68188 
 299.31885  537.46997 
 479.62283  536.88684 
 105.39233  538.26703 
 343.28659  538.11908 
 383.94391  538.07471 
 828.10022  537.75714 
 115.95753  539.32794 
 573.94427  539.37506 
 803.14948  538.97809 
 441.3447  541.07184 
 689.1817  541.13593 
 184.32959  542.02252 
 375.76077  543.2923 
 648.01508  543.026 
 160.57341  543.72485 
 291.59311  544.67389 
 753.89233  544.84863 
 416.76733  546.41632 
 463.67947  545.92432 
 584.32825  547.25568 
 331.74393  549.20978 
 436.80197  550.24994 
 627.67688  550.13513 
 504.81165  551.10126 
 125.98495  552.35571 
 209.12764  551.87738 
 404.67297  551.71783 
 644.32104  552.26416 
 817.33252  552.69299 
 884.33179  553.53223 
 65.428589  554.99011 
 345.44019  556.17999 
 413.93259  557.00391 
 488.94412  557.41638 
 936.33032  557.29651 
 214.0387  557.63666 
 289.53754  558.14893 
 842.73126  559.12067 
 501.1012  560.95483 
 606.70923  560.80225 
 913.78241  560.57288 
 581.8847  563.12653 
 189.02243  564.24994 
 304.92014  564.10809 
 200.88303  564.80609 
 321.48416  565.70953 
 565.85474  566.67682 
 214.73631  569.02747 
 333.57715  568.88037 
 747.21008  568.64746 
 256.9968  569.7901 
 428.61484  569.7486 
 939.98773  569.72028 
 66.880104  570.99731 
 343.18552  571.21088 
 226.22601  572.17688 
 765.82953  572.591 
 203.23003  574.29938 
 312.18301  575.00989 
 377.00919  575.05707 
 708.19989  574.64056 
 300.29791  575.61353 
 320.67596  576.17444 
 452.25223  576.18481 
 242.4342  578.3299 
 267.24622  577.61597 
 395.20422  578.09656 
 438.24487  578.92139 
 498.39063  578.83728 
 253.99591  580.13403 
 639.24506  582.30676 
 715.90161  582.51709 
 959.93518  584.29437 
 587.0459  586.45215 
 930.75897  586.39362 
 453.29819  587.06573 
 465.72049  587.23956 
 264.11432  588.47327 
 943.46588  587.9895 
 116.44232  588.65405 
 573.21082  588.97559 
 399.64322  590.05627 
 286.86597  593.70941 
 580.94092  594.08588 
 690.18127  593.53522 
 816.31311  594.0246 
 106.11876  597.4967 
 882.59845  596.7099 
 368.54056  598.23029 
 543.40222  597.92883 
 648.37695  597.76392 
 136.5415  599.40186 
 466.37122  599.04871 
 277.45245  599.19781 
 487.51846  600.45709 
 962.49945  599.85858 
 296.31384  600.80853 
 316.2822  601.48077 
 711.43896  601.25934 
 725.31189  601.44806 
 351.37244  601.53229 
 858.70587  602.51343 
 832.82336  602.87244 
 902.38409  602.6106 
 115.50362  603.92462 
 583.06122  603.81927 
 204.66666  604.93079 
 259.65726  604.89349 
 549.73431  605.24042 
 816.38672  604.95563 
 228.39528  607.36798 
 883.22552  607.79468 
 672.10687  609.29028 
 241.64929  610.19708 
 387.21194  610.2829 
 478.53574  609.8064 
 962.29504  609.69757 
 286.78635  611.43402 
 301.09717  612.27155 
 314.01764  612.76202 
 792.49164  613.46954 
 859.71161  613.28143 
 77.859398  614.20056 
 581.39734  615.15991 
 341.11017  615.72095 
 940.75397  615.79285 
 597.11621  617.45331 
 402.99268  617.5993 
 840.38269  618.53107 
 111.2713  619.33765 
 426.78262  618.80682 
 632.65155  620.28125 
 161.35106  620.78711 
 388.6868  620.74921 
 211.20743  622.74487 
 60.963478  625.17938 
 613.72559  625.14148 
 148.26544  626.27478 
 319.16904  627.3313 
 448.5657  627.35303 
 866.30585  627.07043 
 134.76482  627.9668 
 362.86609  628.27728 
 460.92993  628.44965 
 397.69778  630.18884 
 899.24207  629.68225 
 633.84509  631.25415 
 252.00673  632.42877 
 291.40128  632.20941 
 223.22249  634.42737 
 331.28473  635.28656 
 405.72641  634.77313 
 307.15793  638.15582 
 152.4437  639.98712 
 319.30179  639.70502 
 240.82919  640.58447 
 624.09802  642.40576 
 277.81979  645.98151 
 792.63721  646.26837 
 145.42719  648.44513 
 311.95831  647.93097 
 480.57614  648.56396 
 339.40344  650.49847 
 734.52362  650.11108 
 788.92426  649.9574 
 350.25504  651.05853 
 741.88666  654.51343 
 97.501137  655.34216 
 557.62506  654.55322 
 849.93549  655.27722 
 869.28253  656.68396 
 69.915405  657.8634 
 494.1911  658.12708 
 520.95782  660.46307 
 259.37268  663.32513 
 365.33478  664.64276 
 432.8295  664.62927 
 288.95105  667.38892 
 511.07162  667.33789 
 625.77435  668.21906 
 178.84389  670.30878 
 418.28845  669.89972 
 356.55011  670.74335 
 137.59579  672.25635 
 340.79654  672.77759 
 726.24323  673.50842 
 425.63364  674.44745 
 750.99078  674.16199 
 762.59052  673.56525 
 125.39422  674.60938 
 260.98969  678.0578 
 189.25099  679.73315 
 569.32092  680.41302 
 246.57149  680.90167 
 687.59229  681.13086 
 804.08099  680.87122 
 633.60864  682.2262 
 87.71563  682.79858 
 389.61456  682.83832 
 743.68683  684.64215 
 435.15259  686.21637 
 98.977997  687.25769 
 116.96809  686.52545 
 382.73111  688.54749 
 396.63803  687.6947 
 674.51233  690.70508 
 688.84961  692.41071 
 752.26422  691.83051 
 363.259  693.13666 
 600.41437  692.94019 
 72.597748  694.48053 
 292.61353  694.9035 
 194.052  695.74646 
 613.74408  696.8006 
 81.542839  697.4621 
 417.13647  698.1192 
 949.14709  698.75867 
 267.14972  699.98029 
 325.17371  700.13562 
 282.78696  701.07751 
 341.66611  701.26245 
 60.062653  701.99298 
 355.87451  703.3075 
 71.436775  703.86572 
 386.9917  703.57172 
 513.58002  703.54071 
 95.856133  706.13721 
 318.65558  705.61255 
 608.58942  706.06689 
 682.01453  706.10992 
 161.06979  706.56628 
 540.27509  707.28351 
 808.61292  708.22406 
 296.58817  709.78943 
 266.67862  711.44592 
 283.81931  710.84827 
 825.33453  711.10883 
 327.70139  711.90753 
 190.51151  713.37006 
 362.69894  713.27899 
 452.05002  713.67834 
 508.0863  713.76215 
 392.51868  715.15436 
 816.92474  715.57391 
 228.87355  716.76013 
 416.5567  718.05731 
 559.93329  718.77881 
 683.13916  719.59705 
 251.8548  720.81616 
 940.20221  721.38397 
 825.8631  722.28113 
 241.42242  722.8924 
 58.262936  724.33691 
 848.91107  725.23151 
 194.78517  729.06671 
 309.70016  730.27881 
 207.28059  731.9151 
 358.96548  732.22626 
 116.17608  733.72583 
 843.62793  734.11273 
 403.12561  735.15784 
 93.189056  737.06256 
 575.8783  736.59521 
 361.29327  740.47052 
 852.05353  740.54541 
 122.98945  742.23798 
 390.44431  743.71399 
 401.49634  747.11163 
 446.2287  747.30359 
 423.03815  747.91156 
 816.85645  747.99432 
 372.56915  749.59076 
 830.23083  750.08173 
 71.703339  751.25012 
 320.21439  750.98456 
 408.92932  751.06427 
 362.32611  751.62903 
 945.91235  751.56219 
 287.42514  753.40472 
 571.98425  752.69696 
 251.97852  754.94263 
 846.82196  756.57208 
 146.39197  759.12079 
 209.36362  758.76324 
 931.83545  759.76166 
 483.56519  761.84717 
 200.57254  766.02893 
 612.06097  765.72028 
 942.30035  766.29456 
 489.47665  767.39148 
 736.20514  768.14587 
 772.14545  768.97687 
 342.776  770.13904 
 327.61151  771.81097 
 472.84973  773.47668 
 623.74316  773.89716 
 107.25928  776.34119 
 213.87471  775.76337 
 793.06976  775.57684 
 59.097248  777.08289 
 436.66559  777.21118 
 652.06183  777.82068 
 307.89066  778.67505 
 883.75549  779.01862 
 276.20456  779.68726 
 732.80273  779.69568 
 264.41757  780.49213 
 800.86969  780.69025 
 258.54559  783.48303 
 320.23477  782.77789 
 642.63367  784.46167 
 853.99011  785.56506 
 966.11456  785.59772 
 634.13623  787.52014 
 765.44574  787.07617 
 72.822952  787.61835 
 660.69653  787.70325 
 675.45392  789.48584 
 133.7894  789.68799 
 558.97101  789.70947 
 778.27936  790.8161 
 820.06061  790.77032 
 489.18845  791.97742 
 188.98021  793.30396 
 242.28729  793.96075 
 879.50958  795.59985 
 292.15887  796.49805 
 452.26361  796.83643 
 109.66422  797.77533 
 570.33466  798.30206 
 222.86859  799.83685 
 252.34387  799.02594 
 470.77353  798.64764 
 85.010109  799.97009 
 732.02039  800.94 
 430.04657  802.1828 
 145.79132  802.66302 
 177.28227  802.90662 
 239.07773  803.14948 
 304.94675  804.1087 
 546.19037  803.68439 
 774.28864  804.66925 
 294.44211  805.37476 
 316.34979  805.93298 
 411.98996  805.711 
 462.38535  806.30096 
 951.93536  805.88324 
 440.62421  806.87366 
 797.16632  806.8504 
 514.77271  810.3584 
 567.58459  810.28546 
 875.73334  809.59241 
 325.61304  811.27362 
 349.43115  811.4267 
 422.7529  811.13745 
 496.82983  810.86414 
 846.27448  813.28271 
 95.678368  813.64142 
 376.25052  814.16107 
 538.79419  814.09436 
 86.150963  814.63177 
 506.72775  814.59729 
 551.18414  814.97552 
 957.96747  815.45746 
 279.51309  816.15546 
 636.21417  816.3255 
 407.37494  816.87756 
 562.67712  816.6662 
 397.70566  818.0083 
 249.60027  820.76385 
 150.96277  821.51611 
 58.586117  823.2887 
 197.46736  822.70819 
 540.79932  823.98438 
 598.21161  824.75562 
 946.63245  825.48425 
 130.492  826.38623 
 142.37787  826.42767 
 310.84256  826.06006 
 404.75409  825.9433 
 112.76596  827.35327 
 489.67557  826.97742 
 733.18793  828.43396 
 432.58823  828.74414 
 896.01062  830.10785 
 66.208069  831.19196 
 677.19604  830.62506 
 801.06567  830.81683 
 79.987076  832.68378 
 910.72455  832.72552 
 196.27315  833.73224 
 509.32727  834.90375 
 918.81958  835.85468 
 254.22543  838.03058 
 284.05649  837.59692 
 408.28583  838.01733 
 529.48627  837.57635 
 580.25763  838.37543 
 604.02325  837.51245 
 427.07892  838.76379 
 398.15698  841.16132 
 758.29761  841.32294 
 470.78568  841.93768 
 274.97589  842.51276 
 349.44958  843.36023 
 595.51361  844.43817 
 910.68793  845.35223 
 67.862122  845.54828 
 670.53003  845.76337 
 247.16415  847.88806 
 438.72839  847.84772 
 541.3855  849.02063 
 737.18506  849.87543 
 237.95361  850.66394 
 872.82892  850.67584 
 919.7132  852.08295 
 107.54858  852.8064 
 292.35739  853.66077 
 199.47011  854.63367 
 458.98047  855.11176 
 948.49591  855.02454 
 228.16191  855.58911 
 601.82471  856.33691 
 630.15424  856.21606 
 624.54132  857.11194 
 172.61617  858.40076 
 250.37776  858.40723 
 323.1539  858.06152 
 542.93549  858.38776 
 779.47876  859.74915 
 788.02606  860.72772 
 204.10576  862.62598 
 314.36667  863.4679 
 163.2722  863.83075 
 825.95758  863.81677 
 129.08829  865.99005 
 268.40613  866.00439 
 725.27277  866.04565 
 901.92255  866.2431 
 88.268707  867.8924 
 599.58374  867.86829 
 633.72321  868.0105 
 439.50479  869.00195 
 838.14252  868.82446 
 330.32629  869.58472 
 139.84956  871.427 
 306.78836  870.89209 
 197.82339  873.21136 
 493.95636  872.94287 
 539.8504  873.16125 
 487.02969  876.30182 
 124.09151  877.29901 
 179.87312  876.7702 
 314.6185  877.05432 
 573.60919  877.34387 
 829.80634  877.46759 
 548.09943  880.2135 
 653.58667  880.2655 
 918.45734  879.97003 
 134.2348  881.06281 
 517.46765  880.94916 
 170.45206  882.01563 
 531.17249  882.45703 
 884.5932  884.20654 
 904.74603  884.45074 
 108.78959  884.48895 
 264.22086  885.67859 
 581.96521  886.40326 
 722.90509  885.7489 
 97.955727  886.95831 
 119.98522  887.45447 
 688.73944  886.65173 
 941.18756  886.74432 
 859.49158  887.61163 
 204.22551  890.49365 
 284.21994  890.56775 
 239.9048  893.2345 
 160.27467  895.05865 
 616.00293  894.83344 
 432.39938  896.43774 
 586.51428  896.17059 
 128.56303  896.97461 
 93.308685  898.39294 
 101.36164  898.8924 
 171.88812  899.0285 
 649.26691  899.33051 
 702.31616  899.3808 
 64.567558  900.25873 
 465.7485  900.05438 
 535.27911  900.40009 
 831.14233  900.78839 
 314.95621  902.02374 
 688.4613  902.42761 
 153.42072  903.15771 
 499.11176  904.43927 
 786.96906  904.82385 
 873.52399  905.2384 
 487.20847  907.40442 
 300.26004  910.1084 
 470.71329  909.87103 
 68.854332  910.59485 
 120.28241  910.99646 
 486.14331  913.37231 
 458.0849  913.75476 
 708.27533  914.34912 
 826.57813  917.08221 
 617.2088  917.68677 
 570.01123  920.27948 
 642.20209  920.04907 
 703.88483  920.51141 
 848.19244  919.67999 
 948.26465  921.48792 
 502.69397  922.84204 
 834.44873  922.96265 
 243.6385  924.12677 
 485.05988  924.08643 
 694.23798  925.2038 
 883.00159  925.36261 
 155.84695  927.18518 
 315.39502  928.78986 
 326.82571  928.94403 
 894.51642  929.53259 
 642.1026  929.83093 
 652.89624  929.86322 
 954.50201  930.47614 
 145.36494  931.92145 
 524.49756  932.26135 
 133.59375  932.86987 
 371.95853  933.01984 
 429.86301  934.70874 
 505.03766  934.81555 
 124.15555  937.42114 
 909.47681  937.45984 
 602.51312  938.35278 
 777.07037  938.12268 
 317.04855  938.80774 
 425.15366  938.97089 
 148.80222  943.37762 
 264.97742  944.00537 
 408.44144  943.68787 
 433.7988  944.19879 
 684.17676  944.75952 
 151.90521  946.34717 
 714.9469  946.66351 
 904.21448  947.53741 
 831.7915  950.08075 
 147.49794  951.61383 
 644.01447  951.03973 
 508.88675  951.93781 
 846.70581  951.84973 
 627.06049  952.66022 
 326.92145  953.94257 
 590.22412  954.32025 
 409.61041  955.38403 
 941.91913  954.52454 
 85.176414  956.24194 
 685.7691  955.7381 
 122.47186  958.43945 
 159.76192  957.73419 
 753.84723  958.03906 
 669.23553  961.53107 
 446.13873  961.5636 
 857.96741  961.53296 
 803.45959  962.69965 
 294.72607  964.47809 
 653.55426  964.02142 
 609.47278  965.20947 
 940.85345  964.82684 
 110.50617  965.66064 
 559.06879  966.24744 
 582.64478  965.86456 
 314.51617  60.647614 
 376.37369  66.47332 
 310.8013  71.680298 
 580.1524  209.82376 
 159.1097  237.20108 
 907.8786  291.34525 
 227.31471  451.1788 
 923.67535  453.14319 
 293.57944  556.27197 
 398.17142  665.7431 
 278.7399  762.6532 
 127.30133  86.476471 
 350.75961  84.929306 
 423.71591  88.027893 
 808.29639  89.351051 
 834.92133  90.970688 
 404.80472  93.223251 
 573.05511  94.497063 
 476.24112  95.16098 
 186.51602  97.55349 
 745.04236  98.632294 
 127.07378  100.75005 
 169.96899  100.38568 
 870.14594  101.51337 
 935.34283  102.66527 
 811.5033  104.11241 
 293.28165  106.84089 
 901.15247  109.09548 
 601.46942  110.80589 
 179.28838  111.75109 
 532.44208  111.06381 
 439.64694  113.69946 
 384.67853  116.78059 
 926.37506  115.54032 
 278.20465  118.38963 
 422.35272  118.1114 
 799.89258  117.90669 
 132.63408  121.5215 
 295.47394  122.84346 
 559.09796  121.27206 
 615.96094  122.4407 
 214.62004  122.74862 
 199.64313  125.38105 
 369.56592  126.13078 
 221.84044  128.81955 
 535.66284  127.60139 
 423.89621  132.39268 
 159.40407  133.7388 
 565.15051  134.04024 
 282.3006  135.05614 
 474.30231  135.41895 
 207.8468  140.7373 
 315.63052  140.87938 
 119.48074  142.52953 
 246.71501  141.75479 
 584.79303  142.11951 
 227.39308  144.436 
 361.0209  143.58141 
 796.95068  143.56737 
 922.35931  143.88193 
 271.09879  145.21161 
 885.45184  145.30615 
 335.58023  147.05392 
 505.60605  147.95239 
 157.205  150.38768 
 294.27448  149.44409 
 867.4906  148.79318 
 321.87689  151.19078 
 381.15607  151.69238 
 257.51611  154.2352 
 476.57257  154.57443 
 123.29596  155.82698 
 347.80099  155.11441 
 930.68439  156.43114 
 366.47415  157.07082 
 587.30939  160.29007 
 846.65002  161.03902 
 189.83966  161.72925 
 211.14288  161.37302 
 885.19971  161.74052 
 86.088875  168.21265 
 320.832  168.12422 
 379.24747  168.61409 
 286.83417  169.71634 
 860.80255  171.58078 
 200.56908  174.01131 
 338.72845  174.72023 
 469.95087  173.42407 
 876.71667  173.36418 
 929.48688  173.78284 
 262.258  176.39665 
 356.50293  175.80113 
 399.52777  175.85309 
 634.66656  176.87537 
 308.71295  181.85085 
 667.29236  184.07579 
 607.96674  185.72141 
 549.24176  187.67064 
 510.42249  191.03931 
 627.79401  192.7888 
 321.26315  193.77463 
 901.7511  195.64166 
 930.20569  196.54596 
 128.75624  200.57329 
 576.71143  200.2903 
 662.83405  200.04753 
 604.91052  202.94255 
 889.07813  202.34822 
 450.20221  204.96159 
 220.45775  206.52252 
 554.50165  205.61189 
 705.26257  206.43681 
 475.96658  207.74042 
 91.13192  210.41734 
 269.17111  210.97995 
 514.64636  208.94089 
 622.8551  210.21193 
 637.83905  212.65657 
 903.22382  211.8394 
 123.56835  213.94788 
 329.01062  214.04227 
 540.82147  217.39511 
 191.67284  219.96756 
 217.25627  220.88622 
 611.89813  220.13269 
 499.21509  221.88484 
 405.54315  224.51971 
 87.716209  227.50423 
 285.47003  227.10777 
 624.99084  227.80832 
 677.17792  227.74295 
 245.37125  229.43735 
 485.63391  232.97162 
 926.23407  232.20323 
 539.54352  233.92537 
 192.07784  235.11855 
 460.58224  235.45169 
 695.71887  235.56763 
 554.70685  237.74921 
 912.08246  239.40785 
 403.89413  242.55789 
 96.639786  243.9938 
 423.37039  246.90569 
 494.47076  246.27354 
 618.28918  245.047 
 525.71625  248.93382 
 314.61584  249.78954 
 930.09387  250.12582 
 183.39885  251.98744 
 371.14157  251.81668 
 505.72888  252.01564 
 556.16443  252.87952 
 160.40999  253.79726 
 459.77612  254.38963 
 913.68146  253.13527 
 226.757  258.12842 
 625.08313  257.77988 
 142.56741  259.59668 
 573.96729  262.8049 
 720.66205  261.83209 
 702.1228  266.17957 
 470.0043  267.37753 
 732.31274  268.49652 
 199.51041  269.96204 
 555.92987  269.90097 
 821.63495  269.16513 
 147.59996  272.92358 
 163.35933  271.17084 
 214.11986  271.72388 
 780.55164  271.17761 
 288.8653  274.74869 
 139.99722  275.16278 
 408.80722  275.31943 
 432.36871  275.68506 
 639.94659  275.94089 
 907.1676  275.4574 
 493.7056  279.0899 
 109.18941  280.6644 
 702.02252  279.23355 
 188.0325  283.91522 
 268.39621  283.91248 
 438.80667  285.09244 
 515.17737  284.33292 
 726.96844  284.54102 
 220.76585  286.41626 
 471.14813  287.07986 
 146.42096  288.15506 
 421.17474  288.90057 
 561.80334  288.69836 
 590.18488  287.3512 
 812.48572  288.33359 
 134.90981  292.18042 
 879.00702  291.92343 
 934.29401  292.68826 
 281.75455  293.4599 
 344.96042  293.7782 
 633.44464  294.12057 
 841.99237  293.83673 
 202.19698  296.29877 
 851.80865  296.7356 
 377.26215  300.04037 
 315.94339  304.54074 
 886.50452  304.72354 
 136.15623  306.17334 
 164.42525  306.57376 
 565.63678  306.14941 
 760.55054  306.5025 
 505.418  308.06348 
 843.86469  308.78455 
 697.92737  309.61716 
 932.99902  309.1582 
 207.30428  311.57236 
 245.29024  313.71561 
 279.9064  314.80591 
 406.99472  314.94467 
 472.24658  313.79456 
 236.45879  318.76044 
 442.01154  317.82196 
 551.14209  318.84299 
 178.59599  323.65967 
 336.53671  323.91934 
 564.41364  324.3678 
 905.25958  323.51172 
 757.08655  324.98935 
 802.11731  326.48694 
 203.82072  327.32169 
 446.45349  327.68716 
 589.74512  328.13599 
 107.32846  331.07758 
 217.07051  330.68488 
 865.29187  330.43997 
 685.32947  333.92798 
 736.54962  333.64151 
 236.62303  335.72803 
 290.03058  341.00092 
 360.52463  340.24493 
 908.2356  340.00787 
 403.87222  341.32608 
 456.23953  341.76474 
 162.65494  344.22998 
 515.49542  342.93671 
 119.07367  346.80658 
 796.2865  346.21225 
 604.52478  347.95114 
 548.76276  352.48917 
 674.30481  351.99634 
 729.97754  351.74823 
 93.637161  354.22931 
 277.50366  353.65619 
 350.79932  354.59497 
 389.47885  353.9726 
 503.63  353.52213 
 916.4798  356.4603 
 652.41058  357.54013 
 743.79138  358.87619 
 329.50092  359.55292 
 441.41269  361.54019 
 473.81693  362.14514 
 840.15228  361.83347 
 147.41026  364.11035 
 682.17188  365.48065 
 777.47162  364.68793 
 868.56494  366.78168 
 88.667389  367.51761 
 232.0721  368.50299 
 255.1156  367.53873 
 188.39955  370.58258 
 287.58649  372.33011 
 456.42075  372.85229 
 806.74011  371.89276 
 814.80682  372.30704 
 507.63788  373.14996 
 712.86536  373.29391 
 776.75488  372.92624 
 338.49121  374.76215 
 700.00714  378.34824 
 917.96185  377.44421 
 496.55386  380.34299 
 153.32965  381.23856 
 682.36359  382.5556 
 789.92615  381.86517 
 871.9942  381.77197 
 213.55643  383.19821 
 549.70599  384.44183 
 361.68027  386.12042 
 842.18762  385.69757 
 291.2507  388.57245 
 936.25323  389.36426 
 627.31177  394.53125 
 345.4888  396.24411 
 456.18457  395.55215 
 421.23615  399.20184 
 843.90686  398.94147 
 186.18617  400.17496 
 775.30804  400.40189 
 110.76053  402.17709 
 356.69888  402.03839 
 559.28442  401.45108 
 304.03696  403.2027 
 379.43674  403.97089 
 393.77716  408.88651 
 438.11176  407.10104 
 827.18201  410.22458 
 265.75912  412.10318 
 610.15234  411.21304 
 421.3577  413.37561 
 503.56323  415.07547 
 103.43377  418.59924 
 169.21797  420.94556 
 244.85162  421.14343 
 361.2901  420.3945 
 581.74786  419.97406 
 141.52856  422.13843 
 900.27026  423.80988 
 299.76947  425.75095 
 436.05704  425.23889 
 610.92682  425.5975 
 257.9017  428.41101 
 794.45441  427.25244 
 268.96408  429.5199 
 886.00842  430.66431 
 518.84802  432.48157 
 649.48083  431.21762 
 205.07625  434.27725 
 365.46329  435.83478 
 826.72015  435.89282 
 246.89272  437.31677 
 306.36554  439.84579 
 731.95483  440.25269 
 98.444557  441.94205 
 151.23544  442.58521 
 774.57318  442.53754 
 619.08173  444.44269 
 339.10974  448.89542 
 210.27043  450.58936 
 240.76245  452.89658 
 325.54581  452.77548 
 483.8093  452.2825 
 574.03552  452.479 
 652.76337  453.33871 
 847.83154  453.0267 
 122.4787  460.35764 
 704.35699  460.75562 
 367.6572  461.30893 
 913.63306  462.80856 
 165.93204  464.33737 
 422.66687  463.94843 
 526.72217  464.19406 
 108.50804  466.89435 
 664.59662  468.74011 
 792.26605  468.82959 
 847.85706  470.85989 
 322.86002  472.53128 
 398.18988  472.28741 
 229.56793  474.46838 
 571.17059  474.34329 
 125.8154  475.89276 
 177.66246  476.02542 
 447.67416  478.66483 
 831.4325  478.08319 
 283.14346  480.26401 
 873.44818  483.17505 
 256.92493  485.66672 
 408.49158  485.11276 
 643.59998  486.45395 
 708.25256  486.59296 
 268.96054  488.40558 
 386.62927  487.30118 
 524.16345  490.77606 
 109.28977  491.38028 
 465.09656  495.38019 
 588.5614  498.80807 
 761.28314  497.25101 
 922.16779  499.1835 
 215.23599  502.77686 
 545.4549  501.19019 
 556.9458  504.51788 
 749.6402  503.60776 
 903.5946  506.6582 
 382.90738  508.14639 
 168.13222  509.74445 
 316.68207  510.34024 
 826.31598  511.01083 
 278.53979  511.91898 
 302.16373  511.66916 
 476.48999  512.53802 
 573.69238  512.40961 
 400.3378  513.17242 
 468.2572  517.97064 
 548.20758  518.11401 
 917.63776  518.58533 
 253.07973  520.91882 
 609.0191  520.9917 
 717.65326  520.3468 
 224.84787  521.7793 
 677.3573  521.8222 
 102.14413  523.46381 
 531.59875  523.6073 
 783.78528  523.99945 
 345.88116  525.74359 
 848.57361  526.2196 
 565.34686  529.29175 
 282.58725  531.98022 
 634.84277  531.74402 
 860.00427  531.7757 
 128.9136  533.60956 
 299.50693  532.94714 
 327.01389  534.55383 
 372.09406  533.30896 
 399.17914  535.17603 
 479.22617  535.33813 
 182.2054  537.25519 
 341.93201  537.74768 
 110.45142  539.8623 
 752.9104  542.6142 
 418.50366  544.90125 
 462.33011  544.49225 
 316.6803  547.28906 
 503.56873  547.61328 
 582.35535  548.36011 
 193.46748  550.2674 
 436.27609  550.61713 
 210.73936  552.6944 
 816.03851  551.8537 
 883.51782  551.90106 
 344.41531  556.07263 
 487.79459  555.41852 
 415.11188  560.56128 
 841.14832  559.74658 
 305.12747  562.55328 
 501.37292  562.02209 
 322.58423  563.7403 
 564.87909  564.71344 
 189.10941  564.8551 
 258.4725  566.27228 
 580.00354  565.88495 
 747.48602  567.24493 
 213.70529  569.70374 
 286.19733  570.27753 
 763.42725  569.55487 
 342.15106  572.8584 
 449.47461  572.61383 
 300.33517  576.1651 
 709.55182  575.91461 
 316.46271  578.03101 
 394.4859  577.56616 
 577.08691  584.68518 
 936.66473  584.71246 
 114.17806  587.08484 
 264.24347  587.62775 
 452.05246  588.66675 
 285.78009  591.3302 
 690.55219  591.81787 
 818.50732  591.45422 
 299.12836  595.18231 
 368.07306  596.72742 
 384.01828  595.84778 
 133.14554  597.1297 
 545.85358  597.92578 
 276.2865  599.35663 
 315.89023  599.66077 
 462.44043  600.414 
 721.92542  601.55353 
 829.9339  601.53241 
 856.54938  600.94806 
 886.15192  601.82794 
 116.09219  603.87067 
 202.12737  604.99103 
 579.80566  603.992 
 897.02679  603.22089 
 812.11218  606.10748 
 359.21317  608.23578 
 868.43555  608.95746 
 289.00455  610.95422 
 313.5105  612.7077 
 400.32446  615.26563 
 159.18544  618.9809 
 425.20285  617.4267 
 629.66589  618.04657 
 838.68481  618.3446 
 208.38138  620.42084 
 614.64117  623.00085 
 451.67142  623.90808 
 136.12782  626.10297 
 299.61536  625.27167 
 362.21451  626.21826 
 865.50598  625.91711 
 316.92889  630.97662 
 432.04959  632.37689 
 248.07961  633.3822 
 225.388  636.70923 
 404.91486  637.66669 
 623.08801  639.7312 
 149.23181  641.34149 
 276.4877  645.53705 
 786.89856  645.6571 
 339.31046  648.02246 
 478.35675  647.49823 
 290.82922  650.60022 
 445.43506  650.03168 
 735.72015  649.96008 
 95.769295  652.94733 
 848.07898  653.40942 
 871.39136  654.09344 
 557.41888  655.86188 
 258.45621  661.54346 
 362.50897  661.28491 
 513.06024  665.06018 
 289.65036  666.81439 
 624.25134  666.71094 
 422.75836  670.39319 
 133.07971  671.11444 
 341.09882  671.87488 
 723.38574  671.18097 
 762.0058  672.12689 
 357.45306  674.54749 
 304.73233  675.19269 
 804.03015  676.8454 
 187.73886  677.23218 
 260.64474  679.28693 
 563.82983  680.25934 
 86.457397  682.14551 
 630.08344  681.7699 
 388.83865  684.84314 
 434.50409  684.73865 
 349.12527  685.724 
 118.52808  687.18848 
 747.37085  687.604 
 673.99847  689.08588 
 362.56934  691.23578 
 601.33704  692.57922 
 288.51111  694.48016 
 194.67215  695.7019 
 266.8829  698.48651 
 319.74829  702.20972 
 337.36237  701.01685 
 95.837425  704.47723 
 162.78079  704.11694 
 354.90533  703.2793 
 396.48486  703.66748 
 539.67267  705.85626 
 607.99432  706.83234 
 112.48759  708.90729 
 509.57672  708.37378 
 493.25638  709.36334 
 809.78534  709.25897 
 283.80222  712.776 
 305.91406  711.86023 
 327.38022  712.97937 
 453.81833  711.35968 
 227.95157  713.88568 
 416.83636  714.30359 
 265.26559  716.32373 
 683.8031  719.052 
 252.71944  721.88904 
 848.38367  721.98529 
 825.55255  723.57391 
 308.90839  729.27264 
 116.36687  733.29138 
 359.1254  734.8194 
 92.593819  735.65735 
 573.41418  737.10236 
 851.48102  740.78656 
 396.72623  743.07959 
 447.45544  745.29004 
 814.09363  746.33331 
 286.67218  753.99158 
 211.26523  756.15643 
 845.72418  756.68146 
 145.549  757.99371 
 487.27441  763.56543 
 832.98883  764.29852 
 735.73309  765.9707 
 199.42865  767.33618 
 330.008  769.39032 
 621.40094  770.95245 
 771.53088  769.80139 
 655.76196  772.51147 
 106.48219  774.08154 
 215.5186  773.61578 
 308.47485  775.35944 
 435.32312  775.66888 
 882.74274  776.13959 
 278.4057  778.10199 
 794.63123  778.49384 
 260.22479  781.11896 
 321.10321  783.5957 
 852.70227  783.31903 
 634.35095  786.66284 
 675.02246  786.99188 
 132.651  788.27698 
 658.78058  789.01605 
 777.50769  789.84186 
 242.15256  791.52368 
 109.7353  796.46399 
 453.24017  795.67493 
 567.18756  795.98969 
 223.77776  797.6369 
 429.51602  799.97711 
 175.79608  802.09021 
 239.17418  804.13812 
 311.69031  803.45325 
 410.62637  804.12103 
 772.82654  804.45941 
 547.18427  810.70184 
 91.819626  812.31403 
 508.32355  810.97974 
 566.03967  812.04761 
 375.19983  814.50067 
 634.01996  813.10797 
 843.51099  813.21808 
 279.06519  815.77136 
 833.46289  816.96515 
 249.09863  818.55426 
 196.39427  820.53436 
 134.56392  823.43817 
 145.64331  824.71094 
 389.53925  825.11981 
 432.04254  826.39532 
 584.03589  825.53064 
 597.90613  825.09009 
 487.11389  828.58545 
 676.09052  828.54205 
 909.41046  829.57776 
 239.33324  832.02295 
 505.2681  835.97119 
 403.45901  838.14343 
 579.74243  838.10858 
 761.01263  838.84174 
 252.36005  839.12 
 469.26285  840.46234 
 272.06076  842.57495 
 594.51965  842.66272 
 437.19412  845.69751 
 669.7467  845.73828 
 906.98383  846.74927 
 734.28876  848.16486 
 106.86225  850.93933 
 238.26746  849.12762 
 291.39337  852.16498 
 627.23462  852.66833 
 598.6593  854.50482 
 199.46977  856.00952 
 783.0025  857.91687 
 251.44727  859.00946 
 313.73032  862.05157 
 165.78426  863.17889 
 721.16974  864.04858 
 825.25116  863.17987 
 88.15229  866.94757 
 837.59222  866.27203 
 292.76428  867.36249 
 437.33539  867.54913 
 599.55768  868.03247 
 632.39783  868.04138 
 141.26251  870.81573 
 490.27533  872.88513 
 122.57296  874.28101 
 192.77246  873.74634 
 541.93219  873.37323 
 176.35825  878.07434 
 516.44568  878.27869 
 575.1524  879.11438 
 653.10791  880.95789 
 134.4767  882.75165 
 262.98752  883.01721 
 903.95221  882.99738 
 102.34155  883.07513 
 531.13586  883.75165 
 501.02243  885.45239 
 722.16327  886.10046 
 141.44151  887.89923 
 284.31201  888.55634 
 205.4455  890.63849 
 485.36819  890.88513 
 798.59937  889.31549 
 238.37996  891.68085 
 163.60225  895.22205 
 467.00568  896.84991 
 97.339615  898.258 
 126.9186  899.11035 
 535.79382  900.40662 
 691.03247  900.42621 
 832.45599  899.68713 
 314.94379  901.56659 
 699.93848  901.24139 
 742.63806  905.47705 
 786.36194  905.25616 
 324.12329  908.2088 
 301.84808  909.35632 
 487.65015  909.20349 
 457.42395  912.72552 
 704.69122  913.09753 
 616.4447  915.15442 
 501.70114  918.74158 
 848.06189  917.51422 
 570.71326  919.61725 
 642.66449  922.19806 
 833.44092  922.36456 
 155.36281  924.58075 
 242.16945  923.53247 
 485.83594  923.95844 
 890.01978  927.76001 
 324.47723  932.2113 
 370.52466  931.98108 
 909.5614  932.46881 
 127.18432  933.71454 
 775.69537  933.54742 
 428.52008  934.9361 
 504.64868  935.10815 
 602.57178  935.94489 
 350.56851  176.03119 
 275.49606  508.0816 
 179.9402  116.25986 
 278.27655  115.84703 
 421.04446  117.06806 
 800.35358  119.30103 
 203.35162  123.12836 
 616.67896  123.68415 
 296.37448  126.72708 
 161.61961  134.05745 
 284.67816  134.37033 
 471.81061  135.11401 
 269.88281  140.5844 
 586.13336  140.45947 
 208.57646  142.13712 
 246.72964  141.00356 
 801.08521  142.75549 
 117.60149  143.03175 
 226.23732  144.12653 
 887.25769  143.67818 
 324.07938  146.38022 
 382.35934  150.38367 
 506.79053  150.27632 
 871.05389  151.62024 
 479.15253  155.90739 
 257.60562  157.26758 
 210.82043  160.41658 
 885.97168  159.73695 
 848.51111  163.06631 
 587.53247  163.8094 
 321.21176  168.17308 
 378.29077  168.46973 
 636.09174  175.75423 
 877.24109  175.60361 
 401.04044  177.2811 
 468.7189  177.47365 
 307.94135  182.53122 
 608.97083  183.32167 
 666.67902  183.75027 
 548.48218  188.37944 
 510.94031  191.03052 
 899.63379  194.00983 
 129.78737  200.79541 
 578.68933  200.93745 
 218.85745  203.5497 
 448.80838  204.09167 
 474.32919  206.60194 
 556.60449  206.05954 
 518.27106  208.6028 
 704.9837  207.87433 
 625.92023  210.53679 
 327.49524  215.50816 
 539.75269  216.5504 
 902.87897  214.91803 
 191.07153  218.71072 
 213.29349  221.35417 
 402.17908  223.98978 
 290.10873  226.17221 
 494.81824  225.44661 
 676.61829  225.43076 
 625.24084  227.24321 
 193.97934  236.35281 
 460.77179  235.44698 
 554.79199  236.46323 
 696.7085  236.07306 
 403.82413  243.89146 
 424.2222  246.05206 
 620.53125  245.02643 
 369.97205  250.63028 
 494.00027  249.22675 
 524.73792  251.03548 
 551.97491  251.40359 
 183.44536  254.45934 
 458.72818  255.13789 
 142.2326  258.53003 
 229.0201  257.7764 
 726.96155  263.95401 
 700.55615  266.77414 
 472.11389  267.66537 
 556.94318  269.77902 
 213.11697  272.80435 
 784.63129  271.55182 
 287.19897  273.64862 
 410.00003  273.95767 
 637.99268  274.5961 
 144.13831  275.62158 
 434.82773  276.50986 
 184.46811  283.09436 
 270.04443  283.61398 
 474.18869  286.87808 
 565.60675  287.20297 
 590.52606  287.42853 
 729.40442  287.16995 
 421.08276  290.69809 
 879.82782  290.04834 
 817.45538  291.07556 
 345.21515  293.55399 
 845.05957  293.07071 
 202.94019  295.32599 
 283.79459  296.26212 
 634.09015  295.70731 
 377.00537  300.09058 
 316.39709  304.34122 
 758.55048  305.1745 
 117.40586  307.27332 
 136.24252  307.03973 
 561.12463  307.97427 
 696.19824  310.22351 
 883.58954  309.53357 
 215.04547  312.12161 
 471.15955  311.55795 
 405.31555  315.01031 
 240.64212  316.66373 
 625.57312  316.08041 
 906.32281  320.0239 
 445.52628  321.65515 
 334.07266  328.54221 
 757.37585  327.57605 
 801.15344  327.43777 
 211.0164  330.36707 
 564.47247  329.40836 
 865.7525  329.31744 
 734.66669  333.54343 
 688.54999  336.2377 
 357.2955  338.94168 
 290.38171  340.53857 
 239.72595  341.01492 
 457.4209  343.7821 
 517.0672  343.11594 
 164.15599  345.04529 
 579.258  345.29691 
 675.00305  348.96771 
 602.53198  349.47769 
 549.67603  351.95447 
 795.9007  351.25882 
 728.74945  354.10733 
 499.05447  354.89664 
 330.18259  358.09949 
 653.65607  357.91812 
 439.85657  361.48145 
 473.73077  362.11942 
 148.9494  363.87329 
 685.09424  363.54437 
 870.2511  364.93332 
 236.33076  366.97476 
 776.80463  367.91333 
 288.76779  371.89993 
 809.90985  371.56592 
 456.09427  374.62067 
 505.78668  374.57434 
 340.45212  376.0899 
 703.95532  378.11371 
 713.04694  376.93542 
 268.0137  382.76392 
 153.157  383.17801 
 363.82059  384.25607 
 552.06024  384.6871 
 681.17206  383.71155 
 871.14191  384.81454 
 627.55939  393.99643 
 458.51575  396.52997 
 348.33362  398.01575 
 775.05475  402.35678 
 559.60516  405.62897 
 267.39771  409.52347 
 825.76904  409.43539 
 421.6355  413.30984 
 880.53619  413.15125 
 244.71222  418.10208 
 166.80316  419.89603 
 363.74957  420.74402 
 903.93561  420.36255 
 144.26929  422.17456 
 581.45837  422.50616 
 438.03745  425.71365 
 608.94025  426.12717 
 264.46634  432.26904 
 795.05811  427.49347 
 650.38611  432.01059 
 205.64595  433.89975 
 561.80334  433.03665 
 829.05536  433.71667 
 885.72485  434.8512 
 254.25296  436.07172 
 309.52963  438.52054 
 735.03345  437.44217 
 182.99292  439.32431 
 152.10352  444.67975 
 618.27673  446.2796 
 232.4653  449.75027 
 574.23767  452.14032 
 645.76227  451.40948 
 849.70227  452.4848 
 210.86983  455.19803 
 119.54089  460.35123 
 417.37628  462.38281 
 524.52155  463.33105 
 703.76355  463.27274 
 168.64267  466.75763 
 366.68149  464.79337 
 400.57407  468.92114 
 790.25977  472.01541 
 324.49219  474.42703 
 570.94482  473.83743 
 447.7121  477.75491 
 875.30157  483.14285 
 367.38907  485.76874 
 387.65607  486.53232 
 642.14783  486.2327 
 267.97705  487.32538 
 310.0015  493.46594 
 351.43048  494.21555 
 465.04147  495.76773 
 589.51825  498.36542 
 783.69885  498.09909 
 547.41095  499.78583 
 753.14874  499.87671 
 216.7619  504.16586 
 903.7854  504.93076 
 169.50377  511.64261 
 376.21713  511.43967 
 400.17679  512.46619 
 473.55411  513.80939 
 547.6532  520.56335 
 679.73163  520.29236 
 716.44629  520.07727 
 784.65424  522.59912 
 127.70791  528.5191 
 853.59479  528.89032 
 286.634  530.94525 
 564.64423  529.16901 
 327.30264  533.56775 
 375.14594  533.87915 
 635.97241  533.4635 
 181.19765  535.16327 
 397.9043  535.5509 
 416.89291  545.99261 
 502.38422  546.41968 
 316.87988  547.15155 
 582.19208  548.9917 
 211.36353  551.92523 
 343.69998  556.31647 
 365.05414  554.93372 
 842.43793  562.26434 
 413.3418  563.88385 
 190.42793  566.78809 
 325.94366  565.28613 
 758.45825  569.69678 
 448.00244  571.54236 
 711.44574  575.68909 
 300.38464  577.07825 
 394.88025  578.32983 
 317.89145  580.62897 
 577.86322  585.69727 
 263.75504  588.37012 
 131.12541  594.25269 
 454.24857  593.9491 
 367.08499  596.08307 
 384.40884  595.37793 
 717.15405  600.73285 
 827.1037  599.53375 
 890.88098  601.48822 
 201.94855  604.52032 
 291.56497  611.29596 
 395.49335  615.6156 
 157.34525  619.71912 
 209.14462  620.53375 
 621.48474  619.14905 
 454.54153  624.43579 
 864.7168  626.73297 
 296.61868  628.9469 
 245.2542  634.36389 
 316.77863  634.67743 
 425.96429  636.33484 
 228.54507  637.55731 
 625.50385  639.32086 
 146.56282  643.74774 
 276.37418  644.17804 
 786.31586  643.16309 
 293.47964  649.2002 
 736.26898  649.51587 
 362.93942  660.78668 
 560.82416  660.25055 
 512.25323  664.45142 
 289.89594  666.58917 
 624.24115  665.86334 
 424.59583  667.87903 
 131.10645  672.15442 
 340.73282  671.71564 
 722.77435  671.59448 
 186.53993  675.32855 
 271.2814  676.29205 
 388.52917  684.95538 
 436.83917  684.70697 
 676.93146  688.4928 
 747.67627  687.0694 
 602.63501  692.3512 
 285.88831  696.54614 
 271.73404  699.14844 
 333.53629  699.85413 
 394.79932  705.09973 
 304.07175  710.37024 
 416.73056  710.59198 
 489.42215  709.47015 
 812.20508  709.53668 
 456.28378  712.33191 
 227.77713  713.66577 
 269.23557  718.97864 
 684.12372  720.63959 
 847.59387  719.64362 
 828.47974  727.77966 
 309.03464  729.50604 
 117.26736  733.9303 
 359.2243  734.56018 
 573.43976  736.60858 
 399.69803  742.01575 
 813.24408  744.50269 
 307.28012  754.14081 
 213.90567  756.92859 
 285.1998  756.21552 
 147.18636  757.57935 
 487.62735  764.17804 
 838.39014  764.28766 
 735.17902  765.72754 
 332.19604  768.94098 
 197.97673  769.34534 
 618.76019  769.26221 
 657.06635  769.57245 
 309.53577  772.98346 
 772.09448  771.73682 
 434.43491  775.56836 
 455.78204  776.18542 
 794.46069  776.80505 
 883.24036  775.74792 
 280.78922  779.24359 
 258.99527  781.35382 
 852.3631  782.58722 
 323.50183  786.67285 
 634.70093  787.77167 
 656.22186  790.90527 
 779.52716  790.784 
 562.37476  794.05267 
 455.33521  796.20331 
 224.55319  797.36768 
 175.582  803.15704 
 259.12817  804.74774 
 312.74393  803.27563 
 410.43665  804.53271 
 506.53574  809.76404 
 546.56494  809.72388 
 633.8537  812.30255 
 374.89377  814.46143 
 566.49188  815.22986 
 837.71472  815.21637 
 279.11435  817.26965 
 196.34277  820.6731 
 415.914  821.76788 
 141.5174  825.11536 
 599.0979  825.94025 
 676.28253  827.96411 
 904.45966  828.16943 
 488.0069  829.59729 
 403.94821  838.56213 
 578.59143  837.95483 
 763.07813  838.12103 
 249.54451  840.76099 
 272.04303  841.80707 
 239.50858  847.82019 
 669.35291  847.7326 
 906.35547  849.7962 
 628.57642  851.40491 
 198.97769  856.16083 
 783.86743  856.07202 
 167.60677  861.76971 
 315.87503  861.19452 
 828.50018  862.64441 
 221.87349  864.68091 
 722.09149  863.25153 
 437.25937  867.85468 
 600.00824  869.70123 
 489.64359  872.96655 
 543.58929  873.71655 
 516.52783  877.03369 
 181.86243  879.73328 
 577.04803  879.82263 
 904.39728  881.85406 
 531.27521  884.62421 
 500.35645  885.47272 
 207.18365  891.82214 
 237.61533  893.70538 
 164.22084  896.00696 
 465.89215  898.21973 
 833.2179  900.69525 
 536.39929  901.53998 
 695.62592  901.55511 
 316.71744  906.71906 
 344.88214  175.82079 
 401.31839  176.57602 
 297.31961  223.23445 
 401.92224  246.16859 
 492.20453  249.42912 
 181.66942  255.75665 
 230.72426  255.17091 
 727.24683  261.79172 
 560.52533  264.66998 
 424.03568  268.99918 
 793.1792  269.47595 
 635.14148  271.62009 
 279.81619  275.76038 
 179.21385  287.04156 
 563.12531  288.50842 
 845.44348  292.77533 
 419.69269  294.64862 
 632.91382  297.32263 
 755.77405  304.08466 
 691.54376  307.23505 
 237.59326  316.4679 
 217.57924  328.78516 
 801.39282  326.67709 
 339.70752  331.44601 
 656.01251  360.08368 
 238.20187  366.43533 
 344.37262  376.68256 
 503.02332  375.72501 
 708.23413  376.31445 
 551.56421  382.5907 
 678.90704  387.10312 
 343.21207  404.29684 
 262.04483  409.60126 
 425.9855  412.81882 
 364.60071  419.24704 
 575.85999  426.12219 
 207.03697  433.49823 
 824.31976  434.2081 
 177.75348  439.79666 
 259.39716  438.76028 
 849.57745  452.19589 
 407.46057  464.4491 
 702.63525  462.69357 
 520.74762  466.3465 
 172.39748  473.02057 
 790.56897  470.18887 
 324.7196  474.42981 
 271.52774  482.77332 
 752.43408  497.21216 
 216.28497  502.82629 
 183.71259  507.95016 
 263.63129  512.35065 
 397.82495  512.82855 
 690.62921  523.28589 
 703.51819  522.61285 
 288.63214  532.0755 
 635.1991  533.15436 
 498.97116  546.88123 
 207.65947  553.17706 
 336.05716  557.35516 
 446.05148  570.25153 
 711.07568  575.33447 
 455.13165  596.92395 
 825.30286  596.55157 
 714.65271  604.60571 
 394.5553  616.47247 
 456.17114  627.88043 
 236.0645  634.24567 
 316.27905  635.71106 
 785.43933  640.50085 
 508.11362  661.72742 
 427.75021  663.62677 
 186.20308  674.14569 
 443.39502  685.72534 
 602.65576  691.78577 
 276.11551  696.76031 
 330.14655  699.44928 
 815.63293  707.06903 
 358.43814  734.02441 
 401.74066  741.20648 
 281.16129  755.33063 
 487.55994  764.91125 
 325.67316  768.47552 
 620.41907  766.15277 
 778.18286  770.62823 
 254.38235  782.69757 
 283.6347  786.42072 
 230.48225  790.94049 
 643.55261  790.75488 
 555.50891  797.7464 
 171.52792  803.35809 
 836.2265  813.60571 
 278.53403  816.78369 
 673.73444  826.427 
 242.47684  841.85254 
 403.79672  838.4483 
 345.30698  378.02924 
 259.52521  411.26166 
 271.77786  482.9361 
 393.98376  515.64471 
 458.66989  635.57697 
 323.33319  769.49542 
 486.86523  766.61963 
