 865.65143  47.281551 
 102.24738  52.774998 
 873.90082  60.168243 
 881.60455  60.564335 
 619.29614  66.912003 
 885.45917  68.006134 
 546.40009  82.375435 
 667.51038  81.973595 
 535.97723  85.11924 
 570.50946  96.240967 
 665.40063  96.587639 
 558.76398  96.809547 
 167.08331  97.866837 
 702.35089  100.54955 
 695.57275  101.18228 
 682.25293  111.18896 
 274.58847  134.30042 
 679.67279  136.26695 
 497.95636  136.39449 
 719.68652  139.56129 
 712.54639  145.14694 
 261.71878  145.2749 
 560.13556  148.19931 
 647.04944  150.76503 
 728.61804  149.76746 
 250.82729  150.55141 
 351.40625  154.1788 
 235.67278  155.16643 
 552.81299  158.67607 
 590.45587  160.09344 
 976.52924  161.36307 
 344.69254  166.42813 
 397.5499  167.31165 
 947.20569  168.23161 
 903.86664  168.32144 
 991.21808  172.24487 
 605.88263  174.11092 
 940.43188  173.66913 
 972.03766  175.90778 
 382.62186  184.04626 
 361.96237  195.84999 
 441.93762  219.03432 
 421.51849  228.53824 
 892.49725  258.66956 
 936.85144  272.5448 
 190.77431  278.62695 
 177.42221  277.93948 
 808.18304  292.52145 
 792.28937  316.95889 
 787.18335  329.9548 
 660.62732  336.08337 
 635.00024  337.01096 
 641.74536  342.73386 
 732.34625  383.76401 
 866.74756  416.69183 
 873.93219  422.13193 
 304.27725  424.65836 
 41.007553  426.70062 
 50.511677  429.57324 
 288.79916  429.70172 
 395.78317  435.21799 
 55.943165  437.13928 
 280.28696  437.87341 
 390.65256  439.1752 
 47.706131  443.95172 
 410.57358  449.20139 
 982.13843  450.70096 
 994.62665  450.6586 
 879.9657  486.60309 
 964.73273  494.2847 
 842.31665  502.45306 
 853.45325  506.4455 
 848.28265  517.21985 
 799.45422  547.4762 
 768.06421  552.04816 
 758.51428  553.79333 
 793.03955  555.05286 
 781.74597  555.01483 
 274.39331  556.05438 
 742.84015  557.60107 
 728.18744  562.90625 
 749.86078  563.37311 
 271.1257  564.72229 
 722.32397  565.57306 
 733.0733  566.70416 
 596.29584  569.84912 
 729.07281  570.24152 
 721.61536  573.0329 
 727.41449  574.02704 
 618.10809  576.00763 
 962.85059  576.99127 
 609.29279  577.74127 
 956.06885  578.46271 
 317.40378  579.56573 
 624.47589  580.07465 
 364.87234  581.30347 
 373.05322  580.74133 
 620.05597  582.95795 
 633.29132  586.06018 
 713.20276  595.60852 
 336.55243  596.78174 
 235.01601  597.00891 
 327.62851  597.31714 
 643.57977  597.39856 
 230.44495  604.46844 
 705.25867  607.37665 
 687.51483  607.81128 
 233.49701  610.66364 
 239.06697  612.28363 
 307.36276  614.16742 
 852.16766  625.99487 
 162.75664  642.28333 
 979.32019  683.77924 
 62.264465  688.07391 
 821.13654  687.50439 
 605.52539  689.71857 
 56.974121  696.10333 
 417.41159  700.25885 
 442.64432  704.1507 
 59.518513  705.67126 
 65.313217  706.71161 
 427.50104  707.09558 
 436.65698  707.28839 
 532.96619  706.77332 
 525.78601  712.64349 
 440.75589  714.45282 
 540.50806  716.39374 
 46.896515  718.15552 
 531.50262  720.31885 
 257.14694  720.00092 
 59.300377  723.27643 
 477.09766  721.47223 
 66.745895  723.44855 
 196.00604  722.51752 
 451.88318  724.07654 
 489.22293  725.10089 
 542.5636  726.00909 
 463.24933  725.99017 
 471.41824  729.33722 
 165.86722  734.03461 
 750.98633  746.77167 
 210.8295  769.38806 
 204.13049  769.52716 
 223.82132  770.63428 
 209.09195  773.85852 
 231.08331  774.612 
 46.964367  778.15338 
 237.32458  785.40192 
 87.167328  790.36774 
 229.87541  800.08118 
 81.233124  799.07953 
 976.78973  805.38055 
 163.09785  810.32288 
 169.46991  815.03638 
 158.20226  824.61127 
 47.879902  845.42126 
 816.00006  846.27307 
 734.18573  860.99945 
 333.09952  872.026 
 342.97241  873.79675 
 332.42752  880.64612 
 71.209274  881.42084 
 327.58154  882.91718 
 51.075439  885.19061 
 326.07413  885.77899 
 659.15265  886.28308 
 332.11905  888.24683 
 352.34915  889.95135 
 994.92279  893.20679 
 308.34015  893.9201 
 342.79578  893.50616 
 61.861912  895.8172 
 976.91101  904.31653 
 308.90759  908.05444 
 307.8678  910.65167 
 600.28998  917.76245 
 616.62067  931.15326 
 628.4278  937.45428 
 816.92755  936.79193 
 608.28033  943.84247 
 801.44226  944.12189 
 810.40002  945.89001 
 631.81586  949.79565 
 615.72809  949.492 
 797.99921  952.30664 
 458.85175  959.60559 
 419.18478  971.76678 
 425.10419  972.13586 
 450.72275  971.68341 
 432.95313  976.20062 
 482.91437  977.90979 
 490.36884  982.80902 
 495.02277  983.22498 
 740.44684  983.28003 
 781.06921  983.81531 
 484.72659  986.08307 
 488.90277  990.25409 
 188.77029  53.81929 
 907.96375  83.192932 
 564.26147  103.57221 
 765.63965  104.30714 
 755.12793  107.82341 
 860.44305  112.44453 
 785.64899  116.72468 
 581.77057  129.5542 
 151.47687  130.99634 
 159.66692  136.02512 
 707.37384  136.04572 
 283.97501  137.77292 
 668.74078  137.58017 
 291.78763  139.84921 
 687.16278  142.15855 
 644.11292  142.6506 
 676.6629  143.28304 
 319.69312  143.96814 
 274.03827  145.06699 
 546.65057  144.5995 
 657.70343  146.49304 
 798.51947  145.77188 
 336.01947  149.7717 
 550.99817  155.86031 
 621.52222  158.59973 
 632.98834  161.03287 
 232.22713  163.4472 
 922.43994  167.70152 
 223.75938  168.9727 
 959.75244  170.20131 
 911.51489  175.96091 
 339.01239  180.49466 
 591.28418  188.9075 
 775.23724  192.85521 
 770.18701  200.95534 
 373.24442  205.46129 
 582.45636  204.66481 
 581.01349  226.58463 
 352.01178  246.75392 
 582.11407  253.07686 
 333.77942  261.31427 
 825.73834  260.75146 
 735.14081  264.26025 
 193.25436  268.70377 
 732.07587  273.57321 
 810.70941  279.33887 
 155.51044  284.65933 
 50.0084  317.47772 
 62.826645  317.34653 
 49.948143  329.30807 
 778.55542  343.39169 
 738.98029  369.83722 
 711.15533  399.09973 
 721.78076  399.4147 
 44.030743  416.85666 
 663.89203  424.2879 
 257.21564  434.58752 
 408.40436  449.40417 
 51.946068  452.6279 
 415.26218  454.13998 
 871.41772  487.31915 
 971.47522  500.6745 
 947.74072  503.40076 
 854.57788  518.08496 
 800.17499  519.35486 
 72.480141  520.4151 
 545.52625  528.5152 
 96.343643  533.35651 
 526.22437  533.49091 
 845.0116  533.8512 
 465.17413  540.41199 
 827.64288  539.48145 
 90.977264  541.99237 
 297.37711  542.90222 
 281.66971  550.42957 
 464.83289  550.33972 
 623.96991  562.44543 
 89.454926  564.24896 
 238.38123  580.15234 
 963.48206  582.31061 
 180.71049  594.60742 
 227.36627  594.46057 
 634.64783  599.58276 
 702.4798  599.54242 
 243.75154  600.74432 
 261.14474  613.82648 
 670.54315  613.57892 
 882.80811  616.29126 
 263.67346  622.75641 
 292.90701  627.40497 
 328.18347  627.15887 
 775.71985  634.38293 
 52.302658  645.52753 
 65.794327  651.03485 
 470.17673  655.04608 
 139.64232  670.01953 
 806.49554  676.33337 
 43.959839  677.17731 
 262.03342  699.00781 
 571.26312  703.50061 
 453.00482  707.09558 
 607.26917  710.71497 
 502.70264  711.6225 
 454.30014  717.71204 
 494.49939  718.26532 
 512.19568  719.27368 
 564.5083  724.87256 
 205.90541  729.39612 
 247.62732  730.97675 
 651.82867  737.14557 
 209.25786  743.01666 
 884.73083  743.89246 
 890.50616  752.64844 
 740.39233  760.40948 
 732.08453  760.94653 
 203.69019  767.1286 
 345.5217  769.97791 
 416.87723  780.83966 
 906.05786  784.86023 
 245.27719  790.8858 
 88.709045  802.07227 
 822.29541  837.80884 
 131.94946  839.19293 
 47.086906  855.08276 
 972.18109  858.16614 
 56.218822  859.23615 
 46.409042  860.11682 
 63.08186  875.24109 
 45.472649  879.2605 
 968.93933  885.28027 
 300.96136  887.78839 
 298.76437  899.47437 
 661.03308  900.94281 
 598.68091  910.97717 
 225.13266  920.5824 
 55.818108  923.8222 
 56.491421  929.07092 
 579.47968  934.98224 
 827.50854  937.91943 
 875.37671  945.92786 
 839.00055  952.53699 
 450.72171  958.03326 
 118.04685  970.36407 
 780.05658  970.93103 
 749.17535  972.13776 
 756.04297  977.50671 
 420.5354  980.58942 
 535.74554  85.475548 
 167.91974  98.044434 
 703.02399  100.1656 
 681.96942  111.03462 
 936.70435  272.60989 
 847.63818  516.84705 
 720.89124  573.63092 
 313.43961  577.88794 
 705.15851  606.92072 
 62.167545  688.98218 
 65.28154  707.10248 
 542.71997  726.43896 
 47.561493  778.51947 
 237.25255  785.12921 
 333.23587  888.66559 
 599.70599  918.37756 
 616.31219  931.0965 
 450.5213  971.07147 
 419.28275  972.33783 
 872.64679  60.476803 
 881.87604  59.763142 
 580.94702  64.737076 
 586.40277  78.083359 
 546.02393  82.479507 
 907.16193  83.654175 
 557.63177  96.075508 
 664.83264  96.899132 
 238.90251  101.93658 
 767.63727  102.40932 
 561.35175  105.49271 
 746.19507  111.04541 
 860.18781  112.15251 
 785.81213  115.67513 
 581.83331  129.43956 
 150.27534  130.65424 
 432.20358  132.81157 
 275.81235  133.53326 
 160.73985  135.31264 
 497.9054  135.36818 
 706.81024  135.62451 
 667.10321  137.89061 
 721.79987  139.9767 
 291.79883  142.11238 
 644.35425  141.54034 
 318.95029  143.14127 
 675.81262  143.87198 
 261.7861  144.73798 
 305.33566  144.58711 
 712.11707  145.47035 
 657.27533  146.41815 
 798.19885  145.82845 
 273.28354  147.24666 
 336.32782  148.46388 
 250.65242  150.22028 
 535.65515  149.73593 
 567.43555  150.27606 
 729.14954  149.61522 
 646.80243  151.3268 
 350.78122  153.05603 
 235.0575  154.57587 
 408.05521  155.90227 
 621.32306  159.12872 
 215.29842  162.52562 
 354.4501  166.12903 
 852.08881  165.81308 
 904.04974  167.24706 
 396.67819  167.58682 
 922.29199  167.94815 
 947.01526  168.01384 
 224.4843  169.46442 
 851.00922  169.63145 
 961.23059  170.11578 
 606.01477  173.44334 
 621.40247  174.65831 
 911.57227  175.68452 
 778.85016  176.65346 
 324.46887  178.20334 
 339.05008  181.47835 
 382.79285  184.88794 
 769.20081  185.83224 
 591.83252  188.70836 
 775.87665  192.43727 
 362.71625  195.10245 
 769.82599  201.1669 
 584.04175  204.27188 
 373.36856  205.78247 
 442.2348  218.95148 
 581.87  226.59131 
 421.9137  228.28151 
 351.7085  246.48492 
 582.38556  253.50739 
 334.04523  260.82391 
 734.49707  265.21033 
 833.26746  265.21051 
 193.2821  268.21851 
 827.26495  269.10065 
 177.04822  277.51471 
 190.18945  279.0672 
 810.06555  279.72998 
 155.58856  284.86108 
 735.54272  291.37674 
 807.99042  293.14282 
 798.29755  294.64206 
 114.80733  296.87177 
 91.912956  306.93729 
 801.05634  310.42722 
 80.231506  314.603 
 791.82617  316.99744 
 58.922615  321.58942 
 779.58264  322.88684 
 69.01329  325.67725 
 787.36945  330.06985 
 693.79926  332.60886 
 635.31311  336.6792 
 641.51636  343.72269 
 758.72034  354.30634 
 738.315  370.3432 
 732.1911  384.05383 
 273.62506  389.43512 
 722.86127  394.72052 
 722.32196  397.68167 
 711.29224  398.76794 
 696.73462  405.4527 
 224.72658  413.92691 
 866.40771  416.91437 
 874.01587  422.41565 
 304.47665  425.17029 
 663.57996  425.01685 
 288.51996  429.30597 
 245.57895  434.49051 
 257.75763  435.65338 
 281.01273  438.12686 
 392.4776  438.3584 
 406.58572  449.64413 
 416.00708  454.34238 
 951.52826  459.96234 
 879.10474  486.7099 
 872.18481  487.97406 
 941.94781  494.15555 
 883.48297  495.72775 
 962.80035  495.5929 
 842.55469  502.28012 
 947.28918  504.00296 
 853.84528  507.39096 
 539.77002  512.04504 
 964.64221  515.08148 
 811.94592  518.00629 
 70.702744  520.34332 
 799.66663  519.65515 
 545.42059  528.3656 
 534.86133  529.97009 
 97.063461  532.94562 
 525.35352  533.56091 
 845.52985  533.00262 
 480.92886  538.57251 
 827.43835  538.95325 
 464.7789  539.75378 
 297.02322  542.16205 
 90.229843  542.54718 
 312.0885  547.16125 
 800.17511  546.93542 
 464.71692  550.46936 
 569.39746  551.26581 
 812.10278  550.98962 
 758.18695  553.63361 
 275.50668  555.18872 
 781.04224  555.07843 
 792.2818  555.97638 
 742.07727  557.43286 
 624.29358  562.23358 
 750.32086  563.36084 
 88.570236  564.50079 
 271.30557  565.52881 
 487.53043  568.89734 
 597.08972  570.2312 
 729.97882  570.93207 
 609.84125  577.64795 
 955.5592  578.22278 
 238.72874  578.84106 
 373.0755  579.73633 
 363.19205  581.27655 
 621.19244  582.15112 
 963.67352  581.95917 
 181.43546  583.29285 
 329.74359  586.4552 
 575.93634  585.8988 
 632.27216  588.23273 
 180.45401  594.17859 
 226.37758  594.87415 
 235.64134  596.30902 
 713.25458  595.69147 
 326.83823  596.65332 
 337.08771  597.1983 
 642.79095  596.75366 
 704.00897  603.50415 
 229.62582  603.92145 
 687.36761  607.31927 
 261.1312  612.7782 
 307.86877  613.68933 
 883.03711  616.2182 
 329.23654  625.51416 
 852.9657  625.59003 
 293.33682  627.75269 
 775.8432  633.83032 
 469.66522  654.83252 
 163.51213  661.04822 
 138.13776  669.87634 
 806.14215  677.70807 
 839.04913  678.14886 
 822.33136  687.27924 
 606.02734  689.74713 
 405.58218  693.24377 
 262.19247  698.8924 
 417.17844  700.62494 
 570.27954  703.55603 
 438.23734  706.37451 
 453.57309  705.86346 
 532.56146  705.59039 
 427.00681  707.40399 
 502.80566  709.85657 
 608.10785  710.84564 
 524.60431  713.63196 
 442.0845  715.93793 
 541.55151  715.76447 
 454.07852  718.44623 
 493.78372  717.68646 
 511.56042  719.45648 
 257.35501  720.69812 
 477.72354  721.13483 
 530.33337  721.40088 
 195.9041  722.16614 
 58.705933  722.88934 
 66.903358  724.70087 
 462.64005  725.59271 
 487.64413  725.74152 
 564.84192  725.6861 
 205.46359  728.63495 
 471.51852  730.26556 
 248.97807  731.5741 
 164.85286  733.59875 
 651.73676  737.24615 
 891.39899  751.32623 
 731.99536  760.83246 
 741.30072  760.70062 
 202.5882  765.99591 
 346.08032  769.47028 
 223.18187  769.677 
 210.98967  771.37549 
 231.45418  774.8067 
 418.16745  779.21136 
 424.68307  779.02423 
 905.81299  785.11456 
 209.02072  786.13385 
 87.975418  789.7265 
 181.36664  791.38428 
 245.30264  790.65454 
 414.61304  792.02124 
 921.12555  796.2149 
 80.552246  799.26996 
 229.97751  801.09082 
 396.2084  800.99432 
 154.66618  803.63885 
 375.539  805.1853 
 152.76486  810.10126 
 162.95804  810.26245 
 913.44318  811.15985 
 170.24846  814.06097 
 157.99792  824.14178 
 74.939728  825.47137 
 126.18755  831.86273 
 813.53668  837.46313 
 133.19102  838.81415 
 242.02269  840.95001 
 145.82913  842.35046 
 815.93756  845.953 
 733.60931  861.12732 
 332.74594  870.99542 
 342.53275  872.92371 
 62.844826  875.93323 
 71.99353  881.30414 
 331.80212  881.18921 
 300.13467  886.77509 
 658.35876  886.82178 
 353.68732  889.54816 
 342.58209  892.1626 
 651.50928  893.27991 
 309.80411  894.18268 
 61.496929  895.36389 
 298.81708  900.22308 
 661.46893  900.94037 
 309.12036  907.80426 
 598.82208  909.82837 
 288.38641  915.38 
 225.98225  920.59625 
 625.26001  929.27643 
 579.32422  934.86041 
 817.0332  936.07355 
 628.78589  937.61523 
 828.36334  937.95618 
 608.42474  943.46979 
 810.30792  946.0733 
 874.24084  947.44397 
 615.75903  950.17084 
 630.68085  950.57819 
 798.15662  952.78735 
 838.34344  952.96057 
 450.07874  958.08984 
 459.07639  959.35004 
 852.61346  961.97339 
 718.51166  574.09393 
 65.665901  705.4671 
 555.92493  91.697891 
 236.42076  100.39768 
 767.87415  100.54127 
 559.76453  108.03728 
 857.6532  112.13303 
 468.74841  114.33201 
 161.76875  131.32462 
 277.54001  132.35147 
 429.71317  132.63075 
 306.49118  141.57152 
 255.71733  144.2957 
 292.00903  144.5536 
 795.75623  145.06664 
 537.45068  145.9493 
 709.21136  146.58946 
 335.07291  147.0571 
 564.7605  147.78215 
 653.64069  148.40169 
 271.78326  149.19278 
 727.54218  149.80142 
 866.15973  148.95747 
 232.79211  151.86353 
 350.10345  151.02237 
 645.64166  152.87534 
 550.245  156.62186 
 618.00708  158.84911 
 634.23785  159.85272 
 902.17639  164.03627 
 849.1651  166.42421 
 872.71234  166.87218 
 227.9639  167.98996 
 393.67215  167.61708 
 355.62762  169.70805 
 779.86572  175.0659 
 324.49146  175.93416 
 620.0686  175.3856 
 338.57263  182.72322 
 384.18384  188.19955 
 590.71942  188.58096 
 361.06271  194.69357 
 588.32245  207.54301 
 370.86731  207.2697 
 442.81384  218.14673 
 370.3136  219.21187 
 583.76892  224.57124 
 583.09485  252.25935 
 733.11157  266.31369 
 832.17004  266.26511 
 749.38062  273.18802 
 175.0394  276.02432 
 189.6441  280.50095 
 156.75781  281.54642 
 733.12109  289.82919 
 807.85693  292.73935 
 91.082237  304.1066 
 800.94525  307.73325 
 788.33099  315.56845 
 786.69208  330.02832 
 693.39172  331.88443 
 603.36212  346.49094 
 755.77612  352.74191 
 735.64661  369.46533 
 273.62167  389.24136 
 723.29095  393.40546 
 708.81641  397.29645 
 692.19153  406.9216 
 864.19379  415.72824 
 304.35809  423.71429 
 661.35474  426.11014 
 317.14352  434.12665 
 253.79752  437.30374 
 392.34052  438.08893 
 404.75882  447.6619 
 872.45831  486.62997 
 891.4884  487.41531 
 839.24683  500.19009 
 854.94458  507.99332 
 536.90448  510.69794 
 811.55981  517.87164 
 529.87195  529.91876 
 844.54053  529.40863 
 98.547447  531.3443 
 460.83466  536.10162 
 823.34814  536.86334 
 88.109985  543.64807 
 800.10022  543.93793 
 310.9418  548.15692 
 276.68143  552.0022 
 756.06897  551.06171 
 779.67517  553.48151 
 739.36591  556.56567 
 792.36688  556.84595 
 320.32025  560.61462 
 766.22583  561.95282 
 594.65521  567.95819 
 730.76831  571.15582 
 240.49403  573.95886 
 608.27014  576.15173 
 623.34747  576.73145 
 310.45761  577.89691 
 359.13412  580.35791 
 631.68658  586.24207 
 177.64392  589.07446 
 324.67862  590.69489 
 641.30499  596.19604 
 225.68159  597.06635 
 338.63397  597.83582 
 703.60126  603.74609 
 258.60486  607.46564 
 686.32361  607.80322 
 307.59995  611.84125 
 326.57751  624.04382 
 291.67828  628.36487 
 773.05847  634.24615 
 466.32434  653.25244 
 161.27165  660.65723 
 136.3996  667.64343 
 838.9519  675.52069 
 804.47864  678.42413 
 822.95111  687.48273 
 406.08099  692.56348 
 414.47159  698.29718 
 563.63141  697.08728 
 438.46225  703.40015 
 454.65054  703.80664 
 501.90833  705.39777 
 425.05542  707.60046 
 607.13733  709.07898 
 543.56128  712.19928 
 487.40466  715.78259 
 478.0148  718.73163 
 193.44151  720.8288 
 453.24957  719.62799 
 508.0629  720.3515 
 206.88106  726.02496 
 562.77856  726.7204 
 162.89693  729.96228 
 248.62305  731.14771 
 470.27164  731.98224 
 649.39789  735.68585 
 726.63629  759.84424 
 199.37093  764.23273 
 343.81998  766.81189 
 222.24956  767.61261 
 133.80428  770.54175 
 209.91367  771.30133 
 231.64919  773.77185 
 418.42044  775.8623 
 332.78012  779.92542 
 437.9808  782.82623 
 369.88562  783.88092 
 901.54834  785.16577 
 89.793701  788.28864 
 207.38104  787.24994 
 181.73416  791.31714 
 413.90402  793.79742 
 228.47626  798.63599 
 151.57593  805.37244 
 373.41959  807.02631 
 912.75189  809.18152 
 371.83871  814.06488 
 156.21432  821.87952 
 724.98303  833.56018 
 132.64622  836.5141 
 812.62885  838.55731 
 239.459  840.39355 
 145.65843  843.28223 
 258.46805  861.03967 
 331.68359  867.36163 
 329.5925  882.05774 
 239.14305  887.13251 
 355.29791  886.13208 
 654.73822  886.69421 
 339.75781  891.5177 
 296.08319  897.31268 
 308.63611  905.39197 
 600.35223  904.92297 
 618.86884  912.17462 
 625.67529  924.97626 
 815.82648  932.90265 
 829.96118  936.05792 
 717.79449  577.38452 
 163.26595  127.4058 
 276.20782  131.09789 
 428.23587  131.79254 
 309.79706  140.10052 
 251.42743  142.29459 
 793.37024  144.96777 
 332.2558  146.48933 
 231.27547  148.1685 
 270.4664  150.76604 
 292.23843  149.48801 
 351.55023  151.43538 
 870.59064  160.21512 
 550.2049  158.36681 
 639.08905  159.19809 
 614.93793  159.51262 
 870.94891  162.90726 
 901.54083  162.28818 
 848.52869  166.04042 
 229.8557  171.95706 
 357.40262  172.78119 
 219.4742  175.23799 
 321.85947  175.73834 
 622.39215  176.17609 
 780.94275  175.59239 
 192.72081  181.01979 
 590.25739  187.71242 
 387.33072  190.34604 
 369.54324  212.13229 
 387.67773  226.71318 
 584.58966  226.50528 
 823.09772  249.965 
 583.0011  252.95087 
 733.46185  265.91379 
 833.87286  267.40594 
 751.1886  275.86014 
 169.18335  277.99438 
 298.78635  280.08765 
 189.91017  284.49597 
 591.92133  287.45596 
 731.49286  288.74088 
 232.2923  290.7514 
 258.71878  291.138 
 802.10211  305.38708 
 807.77673  313.53668 
 251.70934  332.16077 
 693.62329  332.5116 
 784.0376  331.8721 
 791.43781  334.10895 
 602.74078  343.82596 
 626.41669  346.47955 
 676.03278  347.59775 
 736.86212  366.75409 
 595.5097  371.60474 
 238.48543  381.30652 
 727.88873  392.05652 
 239.08664  416.83685 
 691.599  426.92471 
 659.95355  427.10632 
 318.49695  434.79614 
 251.98952  438.60425 
 390.83521  438.28549 
 219.90454  440.20547 
 406.55936  447.414 
 422.06433  452.55981 
 633.87012  467.71478 
 891.58551  489.01819 
 834.95563  500.08664 
 881.9314  500.15369 
 857.4743  505.86768 
 812.62219  519.61176 
 843.2785  527.59943 
 527.76318  530.27173 
 460.82736  533.89618 
 751.66937  548.5094 
 740.74664  557.02441 
 277.38174  551.23529 
 780.33502  551.04279 
 313.7135  554.36646 
 794.74719  556.14075 
 765.45892  561.19458 
 593.04126  565.8504 
 192.34946  568.60358 
 238.86037  571.99725 
 277.04272  573.63177 
 624.50916  574.66943 
 733.36444  573.7951 
 607.72882  577.33801 
 307.33261  580.14044 
 357.03595  579.88977 
 380.61417  580.60419 
 322.93976  589.88214 
 226.37505  598.15057 
 341.2865  598.89581 
 641.89276  597.82751 
 257.62051  603.07678 
 696.08063  606.77832 
 307.6015  612.02924 
 324.61765  624.07239 
 398.93701  625.60419 
 291.44562  630.36304 
 774.04651  635.31476 
 463.22067  652.9079 
 160.30836  659.70544 
 748.65039  664.02979 
 135.53781  665.79749 
 409.07104  694.76514 
 834.57697  693.79333 
 438.30206  699.92548 
 457.46216  702.88568 
 250.70065  703.1153 
 498.96686  704.54309 
 586.69342  708.89703 
 425.08337  710.19891 
 546.72577  710.49377 
 606.396  709.62469 
 626.65179  708.77869 
 188.83926  720.73242 
 509.26755  721.30817 
 451.59955  723.73877 
 163.64447  727.80737 
 207.92917  727.8291 
 562.08179  728.82465 
 248.11655  731.74408 
 649.6452  734.88928 
 470.47568  734.76587 
 723.05695  759.46936 
 133.20328  768.66797 
 341.71552  767.36053 
 746.82611  767.57245 
 209.19968  770.21527 
 416.53961  774.34052 
 366.41953  778.28943 
 738.57996  782.01105 
 438.83514  784.38806 
 898.49628  786.39026 
 413.61325  796.51324 
 228.44864  798.20294 
 372.74524  811.39294 
 155.92924  818.76355 
 394.95953  817.97314 
 182.96118  820.66321 
 176.33771  822.73431 
 722.13  832.41205 
 812.22101  837.10406 
 741.60449  841.40302 
 237.03778  844.28943 
 148.26543  845.505 
 829.68506  846.73987 
 256.33618  859.27112 
 331.49948  865.40521 
 327.54492  882.29327 
 237.25137  885.92743 
 358.14035  886.52032 
 655.29553  886.16522 
 292.43188  890.94641 
 339.2475  895.41425 
 330.82816  897.53979 
 599.97803  902.3501 
 248.65706  905.71356 
 308.43893  904.74658 
 785.03888  313.42499 
 187.16309  175.18958 
 223.72305  177.01395 
 784.16559  176.58342 
 390.19492  190.67923 
 263.11673  204.30598 
 789.10748  205.91281 
 590.34882  211.80412 
 362.90497  216.04099 
 812.72174  243.75684 
 585.89319  253.29866 
 729.80139  282.37653 
 259.28201  286.83484 
 177.41615  300.09436 
 225.1255  293.84348 
 805.29449  302.76416 
 598.72296  335.9863 
 754.88837  343.83792 
 628.69067  349.02167 
 678.99243  348.42957 
 242.33427  377.83093 
 230.88992  379.54626 
 235.95306  412.11353 
 199.90643  418.88846 
 410.77347  432.59134 
 211.46378  434.06226 
 317.06818  437.93372 
 251.82484  440.21271 
 645.90729  448.9585 
 429.59595  451.68573 
 548.37469  489.16934 
 827.38251  499.17227 
 835.65204  525.34003 
 460.63235  527.59576 
 278.7132  544.7699 
 314.50256  555.99371 
 231.27361  564.24078 
 203.05832  570.6712 
 350.13278  573.69666 
 736.12372  577.36761 
 269.91962  577.55408 
 386.073  581.38983 
 169.68805  589.01544 
 595.84094  590.45752 
 259.88608  594.85223 
 308.41983  601.2973 
 640.14233  598.05396 
 689.43317  605.1311 
 390.74332  622.27142 
 777.93427  632.32458 
 287.98898  635.87146 
 699.2157  637.08026 
 456.24982  650.46497 
 743.72119  661.39648 
 184.4935  675.01721 
 721.20184  679.76837 
 405.73373  693.87335 
 828.46619  691.65735 
 491.09598  702.10205 
 249.18604  703.20374 
 550.9115  703.20087 
 606.74408  706.45325 
 633.85114  714.96521 
 177.42278  720.66559 
 515.57013  722.26086 
 580.98859  718.0246 
 473.03418  738.36145 
 676.81995  753.8385 
 713.11511  758.90753 
 334.94418  764.87354 
 623.05585  760.98328 
 407.15024  772.89484 
 365.78619  779.07959 
 740.4776  778.73663 
 438.48245  791.61218 
 412.14822  803.23364 
 374.06039  807.86499 
 579.51666  820.28418 
 719.69452  821.28558 
 182.18227  823.0235 
 397.51938  825.28522 
 745.24872  837.76154 
 771.31964  315.61978 
 217.98221  589.65668 
 594.22485  249.96936 
 589.24762  269.93469 
 264.36801  275.98322 
 602.45435  282.23956 
 736.28229  341.6503 
 592.01111  334.28802 
 742.46796  347.49191 
 632.44733  350.03592 
 678.5213  351.66092 
 245.9565  377.12323 
 555.84619  381.1893 
 600.18518  414.45959 
 407.82065  427.54776 
 254.75519  443.27817 
 317.49631  443.8046 
 438.08585  448.32864 
 636.45856  455.19534 
 436.987  464.70355 
 412.29858  475.29779 
 458.87061  523.85327 
 281.04684  538.08087 
 318.55829  557.32141 
 350.63464  572.73859 
 394.97958  579.87714 
 267.47028  583.15363 
 740.79181  583.08557 
 307.65619  596.68994 
 599.6427  594.9184 
 641.87408  599.04572 
 688.82483  599.34314 
 557.20483  615.51581 
 784.10107  630.26239 
 700.73322  640.46344 
 448.97397  650.89038 
 733.37006  668.45453 
 413.97861  695.25787 
 489.63409  697.55023 
 549.52649  698.47931 
 244.6347  713.13464 
 635.18884  721.09052 
 578.73004  724.87152 
 478.00412  744.05933 
 707.34375  756.16553 
 330.67734  763.83307 
 402.52777  775.58636 
 742.14539  777.68494 
 367.22043  779.26044 
 655.28076  350.47131 
 587.1474  416.60593 
 420.95834  473.02472 
 457.00778  531.55475 
 341.66748  578.93823 
 576.2182  605.7854 
 436.44904  640.3288 
 464.38052  536.86108 
