 49.219875  32.259674 
 50.181103  38.418941 
 812.72906  38.647774 
 813.09802  45.539543 
 58.746037  52.978798 
 66.92337  54.078144 
 73.50338  58.34726 
 960.479  60.751747 
 75.114998  67.622879 
 608.20074  70.670639 
 86.309494  71.845253 
 946.6748  73.272499 
 85.8405  78.343056 
 621.71655  79.357475 
 94.486786  80.663513 
 792.48932  81.194786 
 784.08179  84.428246 
 837.58356  83.944244 
 86.842613  84.980179 
 632.70728  84.248169 
 254.09233  85.485939 
 649.38104  87.07077 
 91.136986  89.807961 
 807.27051  91.519196 
 854.91211  93.365715 
 274.86047  95.718819 
 103.20856  98.987709 
 143.29311  100.6023 
 96.776169  103.71114 
 121.45148  104.75428 
 107.2922  107.57201 
 279.0011  105.40184 
 476.86935  105.0117 
 147.74124  108.46786 
 82.136177  109.86224 
 266.64185  112.42515 
 93.272736  113.89736 
 276.61575  114.27316 
 484.81931  115.70106 
 94.534523  121.00354 
 64.513474  126.69257 
 99.364952  128.64995 
 83.850021  130.40903 
 62.152054  131.84288 
 102.70805  136.45554 
 99.112358  139.93401 
 881.63501  144.58031 
 99.099403  149.99767 
 110.39613  149.0004 
 883.89435  151.43085 
 893.4408  150.96954 
 683.35095  158.65659 
 109.38167  160.77086 
 669.599  161.47575 
 884.23248  162.45377 
 984.87494  169.51067 
 69.490089  172.21423 
 990.4964  174.33427 
 895.91779  178.69537 
 66.299942  179.99092 
 110.74634  186.50644 
 658.25854  193.65141 
 97.43737  199.17278 
 76.459671  202.46489 
 680.65375  201.85976 
 702.9527  202.58803 
 104.71384  205.24376 
 70.934151  209.61317 
 93.510895  215.2085 
 69.554169  217.8243 
 85.376717  223.51213 
 81.726311  230.97466 
 87.063812  237.08 
 53.553238  250.35492 
 51.67746  255.30859 
 854.52606  255.90573 
 85.396355  259.00049 
 671.61395  260.31226 
 791.21613  259.62625 
 863.83234  262.07089 
 691.98395  269.88904 
 88.678795  280.44821 
 78.792099  281.50739 
 860.6676  280.80298 
 420.38403  286.6026 
 432.01898  287.99304 
 868.64758  289.25238 
 73.393478  289.66257 
 76.373703  294.7872 
 445.84695  296.80103 
 59.854195  300.83337 
 64.499283  306.66 
 922.46259  307.99243 
 822.11792  314.7377 
 809.42487  316.07846 
 188.06467  328.03583 
 832.40503  345.80084 
 269.34372  354.26846 
 941.9292  354.35825 
 260.72321  355.48303 
 325.90494  357.79254 
 317.31891  361.02423 
 257.90576  361.90555 
 929.36163  362.1734 
 260.08197  367.16241 
 831.80481  366.64767 
 490.10101  372.08188 
 496.92746  373.65976 
 876.01666  382.91751 
 929.10248  384.60529 
 945.02045  389.07288 
 119.9715  389.30228 
 950.07513  393.15155 
 493.77637  392.09146 
 909.03265  399.05112 
 148.3213  405.03738 
 335.65921  406.06097 
 328.83014  425.22034 
 922.64429  429.5918 
 931.23053  431.2493 
 334.88144  431.92844 
 59.262142  436.31842 
 119.75689  439.04541 
 45.721542  441.65771 
 60.39801  444.10178 
 122.15689  446.3399 
 364.9483  443.7283 
 929.31592  444.83157 
 117.05387  448.1265 
 189.3338  450.34415 
 370.60876  449.69452 
 129.15736  457.28787 
 130.87646  465.42133 
 126.71027  477.09564 
 110.5849  480.77304 
 725.66528  493.55457 
 725.66425  502.34305 
 742.81189  512.6062 
 307.47366  560.4939 
 308.81616  572.3905 
 314.51514  579.53351 
 320.8035  582.21332 
 311.4437  587.39557 
 870.875  597.68591 
 752.38434  598.12384 
 89.1408  601.26764 
 842.25964  601.03064 
 828.93323  605.58771 
 812.81433  607.54327 
 121.67693  606.17383 
 109.22392  608.87726 
 78.156448  610.95276 
 106.60561  609.78296 
 114.8397  611.2793 
 76.009186  611.77417 
 317.18762  612.01538 
 522.34241  613.45007 
 126.79821  615.03418 
 108.75432  615.91943 
 320.03561  620.43085 
 329.49384  619.68939 
 111.73344  627.45624 
 524.56232  628.65442 
 334.78571  631.47296 
 120.14304  632.46265 
 528.1767  640.24365 
 951.23822  640.4137 
 532.57709  641.80469 
 367.64917  651.52875 
 533.73303  652.19836 
 376.76498  653.04047 
 365.59537  660.67651 
 374.37955  664.85638 
 531.75018  667.47925 
 368.2326  672.77112 
 969.00732  683.26038 
 436.70563  697.46399 
 606.7381  707.25873 
 552.08636  707.95233 
 612.49878  710.17096 
 600.54425  711.61249 
 607.70917  715.44806 
 612.73651  716.28864 
 603.13379  716.94507 
 626.01123  718.07275 
 578.05524  719.56274 
 564.08954  720.74713 
 813.48236  722.20978 
 639.09277  727.54059 
 814.13025  731.2345 
 646.33484  733.96362 
 100.86083  736.12463 
 653.02466  746.04968 
 106.04158  749.57825 
 660.3681  754.94067 
 670.07556  754.86542 
 135.44952  758.83777 
 732.15454  758.85754 
 121.08807  760.22223 
 736.1908  769.77441 
 724.50793  771.96832 
 768.51654  777.25281 
 709.95081  780.90894 
 131.92664  795.71301 
 138.53256  798.16235 
 131.38567  801.55518 
 140.95894  802.07819 
 929.82678  818.95746 
 928.16583  820.04181 
 932.30951  826.6427 
 956.65723  830.54089 
 862.92291  831.70422 
 971.89563  836.89117 
 258.59442  840.26111 
 643.43646  845.55029 
 486.34711  845.73328 
 816.82251  847.13336 
 964.4101  858.63513 
 258.78088  861.33966 
 243.59677  863.20953 
 320.58313  865.01538 
 48.658871  868.18469 
 244.0992  872.31848 
 261.44269  874.43909 
 51.239197  877.14893 
 65.337296  881.96307 
 255.18057  884.77588 
 67.799736  890.62775 
 747.06299  894.74762 
 752.6167  898.92487 
 917.29889  905.6283 
 388.09232  906.30554 
 137.84706  917.94037 
 119.1004  929.69031 
 147.03224  949.40265 
 147.96678  955.98993 
 199.20476  958.32977 
 451.88965  959.51685 
 49.083668  967.5025 
 681.32935  980.20831 
 673.12946  980.71741 
 242.44859  984.28186 
 298.41711  989.80487 
 373.97293  42.606602 
 371.09769  52.617702 
 303.6398  58.199188 
 949.69281  59.783493 
 589.92072  70.214966 
 599.78839  73.5784 
 770.48975  81.940117 
 806.98218  84.057617 
 284.7981  91.752831 
 457.50793  92.42334 
 640.42114  93.894943 
 263.72845  94.700516 
 652.15411  96.699486 
 110.30387  98.796265 
 268.0202  102.7634 
 655.56403  104.03402 
 849.11047  104.05714 
 840.73285  109.03709 
 494.16174  111.14375 
 85.898933  118.87297 
 262.63422  121.15224 
 670.73236  127.90147 
 180.46423  129.41046 
 677.40198  144.37508 
 655.36774  166.29305 
 886.57922  170.20372 
 895.38837  170.03502 
 223.54317  180.26382 
 974.4024  186.05165 
 50.290813  203.54169 
 229.06445  207.15401 
 658.172  208.37831 
 218.90147  208.61172 
 612.84796  218.73941 
 200.81807  221.65485 
 99.354736  225.91309 
 77.704903  252.73637 
 119.24447  259.33133 
 77.992393  263.03397 
 408.05435  266.67099 
 859.35931  289.42395 
 816.17334  302.06555 
 236.53888  310.98114 
 850.45764  319.38782 
 152.27159  327.99429 
 284.56326  345.87158 
 266.36978  346.81067 
 810.89148  364.82248 
 793.11139  368.05063 
 853.84546  368.67734 
 880.19385  375.41418 
 859.60468  378.69238 
 775.58905  381.28928 
 273.11224  385.16895 
 900.10065  390.91666 
 755.82025  399.31876 
 495.099  400.61673 
 900.78259  400.9079 
 908.72705  408.30405 
 149.10042  416.95349 
 283.51678  418.21985 
 926.42773  419.97775 
 302.54053  420.6683 
 978.00385  438.3396 
 208.65567  440.65262 
 305.93726  444.96542 
 174.90727  449.93674 
 127.66019  486.41357 
 460.77716  494.13358 
 977.22681  495.92355 
 452.74435  500.38812 
 928.12726  500.15439 
 926.18658  508.29205 
 916.69635  509.81876 
 845.58356  523.52551 
 836.65747  527.23499 
 505.27737  536.39142 
 521.55206  547.91589 
 208.5472  550.55719 
 677.11005  571.50116 
 375.92831  571.70361 
 906.71558  590.57727 
 88.793167  591.86572 
 727.33466  591.73822 
 78.633675  597.56555 
 317.40866  599.98279 
 733.39032  600.16925 
 125.8203  623.68024 
 545.90045  630.0155 
 343.52795  630.1424 
 354.51105  645.32312 
 525.04498  662.06763 
 403.9982  680.43054 
 383.22513  688.88263 
 536.52844  698.75183 
 421.41971  712.742 
 626.18689  726.89191 
 692.05438  737.27722 
 94.72261  743.10767 
 131.53081  751.40045 
 430.10648  763.64661 
 761.90247  771.36835 
 694.22192  771.65057 
 137.04546  789.04559 
 891.54523  822.20636 
 955.73315  822.60339 
 262.1412  834.47528 
 232.49382  835.32715 
 799.56781  840.17914 
 868.00031  841.23724 
 576.11615  843.12256 
 469.22232  846.6875 
 971.35852  850.01703 
 816.46906  856.63635 
 576.82147  861.60309 
 671.07849  862.97565 
 593.52533  869.4408 
 310.19955  875.55316 
 748.46692  902.96838 
 115.89335  927.6629 
 118.47415  936.03253 
 121.22788  944.02191 
 457.39059  952.06384 
 571.71295  956.44885 
 462.57169  958.92853 
 201.05415  970.58917 
 86.312462  71.660988 
 807.27374  92.418396 
 99.510262  128.69888 
 880.93341  144.14958 
 894.05914  150.8613 
 109.56403  160.54445 
 87.978455  280.81555 
 76.044777  294.96716 
 929.04907  384.22385 
 945.11615  388.44009 
 950.74976  393.49564 
 126.86066  476.9364 
 109.06517  617.04761 
 367.96918  673.17139 
 599.6665  711.43506 
 121.396  759.65729 
 257.73212  840.24084 
 258.70703  861.10065 
 146.94463  948.87878 
 303.97842  57.799038 
 399.83548  58.785965 
 589.92291  59.815086 
 948.93048  59.643936 
 960.93243  60.70414 
 74.720612  68.147972 
 421.54468  70.067612 
 608.52966  70.282227 
 589.51666  70.785568 
 838.03015  73.314453 
 946.32312  73.750244 
 853.90222  75.553497 
 621.74323  79.176628 
 85.806175  80.350029 
 94.977592  80.360054 
 611.31744  80.685684 
 791.47162  81.137245 
 770.99365  81.965286 
 253.24092  84.241966 
 633.12006  83.955009 
 807.34473  83.509682 
 836.89404  84.029884 
 88.328781  88.250633 
 650.99518  87.578964 
 947.51746  87.749947 
 285.56708  90.956558 
 457.67865  92.46669 
 855.24811  93.409111 
 637.95966  95.014473 
 274.26913  95.552551 
 841.29437  96.152306 
 104.27324  97.604424 
 144.19724  99.909195 
 476.93445  104.30573 
 122.43974  105.17635 
 279.62585  105.3457 
 654.71649  104.90839 
 82.977325  109.30495 
 108.74327  109.42762 
 840.6344  108.53888 
 148.43167  109.62718 
 494.46317  110.86249 
 96.820869  112.72434 
 265.99518  112.54577 
 277.25082  114.32961 
 484.25888  115.69885 
 661.27661  117.46792 
 85.699196  118.87579 
 114.59753  121.33162 
 95.129181  122.37419 
 261.67584  121.94593 
 671.07245  126.95941 
 83.32003  130.34285 
 179.90877  129.89949 
 101.26591  138.34706 
 678.13593  143.92908 
 111.63596  148.81273 
 99.2061  150.50133 
 883.87091  152.20482 
 647.97076  153.32326 
 683.88092  157.43329 
 884.37177  162.30615 
 654.5108  166.92462 
 675.77893  169.52054 
 69.64946  171.24895 
 885.71375  171.22415 
 108.61147  176.72615 
 222.36961  178.02895 
 895.50385  179.33633 
 66.503754  180.09349 
 82.222626  186.94035 
 111.63966  186.91087 
 659.11682  194.26297 
 96.717834  200.32663 
 680.18127  202.43681 
 701.97968  202.1338 
 718.70734  202.89447 
 105.14626  205.62509 
 229.83247  207.25362 
 751.98853  206.68288 
 217.98346  208.06659 
 69.496277  209.1125 
 658.04547  208.66464 
 102.88663  216.41963 
 612.75793  218.34792 
 68.664375  218.57367 
 199.79471  221.02798 
 85.492645  222.9279 
 99.440933  223.64871 
 87.094086  238.94005 
 114.39641  245.58488 
 453.92172  250.04614 
 78.134422  252.20306 
 853.75323  255.78505 
 401.05701  258.05304 
 791.82147  258.96161 
 83.680634  260.18909 
 671.94934  260.49564 
 863.86627  261.63715 
 76.248611  262.75604 
 407.58447  267.68564 
 692.08636  269.96216 
 898.9491  277.1524 
 79.81797  280.26654 
 860.37268  279.69397 
 63.192867  282.11926 
 420.59232  287.54138 
 432.15909  287.74902 
 856.11267  288.21918 
 892.4527  290.11121 
 445.59375  297.35706 
 804.80835  297.04291 
 59.492096  300.55762 
 245.36406  304.61713 
 63.715797  307.93137 
 236.50526  310.84073 
 446.9783  312.31107 
 810.93976  313.32602 
 850.71924  319.35956 
 825.4892  321.65741 
 151.1528  326.93292 
 174.00262  340.43182 
 265.90399  346.21509 
 286.05243  345.79477 
 260.34598  354.20105 
 270.27249  354.43384 
 327.79016  358.65854 
 316.81006  361.67114 
 929.0343  362.25427 
 811.46796  365.48074 
 832.49768  366.29266 
 351.20398  366.88199 
 794.18512  368.98355 
 853.11749  368.87701 
 492.99866  372.80814 
 881.33502  375.15414 
 840.18866  379.21045 
 775.89679  381.78015 
 875.68549  383.1546 
 274.02209  384.60355 
 119.83359  388.21692 
 886.05579  388.35431 
 898.71393  389.7291 
 492.8378  390.79822 
 910.3288  398.88892 
 756.01227  399.54507 
 495.1936  401.20221 
 899.86792  401.10715 
 334.47342  401.91269 
 963.3576  404.32587 
 148.40015  404.9675 
 149.88965  415.93915 
 283.44153  418.48331 
 925.81348  419.26584 
 337.85245  419.91525 
 304.04385  420.92526 
 328.48868  424.79666 
 921.98047  429.3526 
 334.71381  432.41751 
 932.2561  433.29749 
 59.55302  436.04218 
 85.934921  437.99567 
 119.41103  438.01349 
 208.7406  440.60367 
 363.83762  442.23904 
 61.205929  444.41089 
 307.68661  445.17789 
 929.53534  445.11777 
 119.50406  448.18268 
 371.42188  449.29898 
 174.72466  450.76779 
 188.65981  451.12622 
 108.25308  456.10355 
 129.32866  456.2533 
 130.71246  465.94211 
 110.17815  481.38812 
 127.92109  486.18988 
 461.35049  493.31873 
 725.98901  493.41223 
 928.02032  499.46454 
 452.42938  500.1257 
 940.80078  500.85001 
 724.81189  502.87274 
 472.51013  504.73682 
 926.94763  508.68332 
 916.17004  509.56653 
 87.053505  516.18732 
 844.37579  523.43011 
 453.02441  529.21423 
 504.86905  535.7785 
 768.7995  536.73944 
 513.27252  540.95557 
 825.78931  541.25031 
 305.14084  546.6972 
 521.3468  547.89917 
 209.07706  550.34497 
 307.1283  560.50824 
 375.28375  571.23737 
 308.42047  572.11053 
 676.36237  571.9599 
 316.26132  580.29169 
 519.44666  580.74945 
 713.02118  584.88031 
 311.20059  589.27081 
 882.06512  590.39746 
 89.032959  590.66772 
 863.33331  591.06348 
 326.18817  591.66028 
 727.67548  591.69666 
 766.84247  594.16052 
 829.06421  595.01697 
 199.65285  595.79596 
 901.25464  597.12201 
 78.450562  598.09729 
 752.01666  598.32062 
 870.65692  597.83594 
 792.80133  599.46997 
 906.89771  599.1228 
 59.605633  599.71613 
 316.96484  600.19672 
 734.96655  599.89661 
 841.75732  600.74261 
 89.745667  602.7807 
 852.62939  603.74292 
 122.10242  605.17493 
 828.5636  605.55658 
 813.23431  607.39532 
 496.79602  608.34296 
 216.23459  608.58722 
 79.144173  610.91699 
 113.45424  610.8363 
 247.25153  612.01715 
 127.17212  614.26611 
 522.79749  613.88287 
 234.91479  617.37677 
 330.14258  619.69501 
 319.38321  621.14911 
 126.64646  624.38586 
 112.19492  626.45941 
 524.82782  629.1394 
 546.12347  630.28809 
 333.48584  631.37085 
 354.94717  632.10205 
 121.19755  633.10797 
 529.58954  640.73364 
 353.03336  644.46136 
 366.56851  651.43359 
 377.43997  651.24316 
 531.99738  652.26978 
 364.46704  660.43567 
 375.48569  665.0177 
 531.59808  666.41394 
 403.65378  679.75885 
 382.69943  689.19617 
 437.12088  697.95746 
 536.86145  698.23273 
 552.61658  707.39624 
 422.12512  713.18384 
 608.04395  716.20697 
 625.39966  717.66602 
 564.3999  719.21393 
 578.57404  719.78076 
 813.16162  722.15204 
 626.62793  727.14465 
 638.86395  727.27032 
 813.98743  731.38513 
 85.192146  731.99585 
 691.31958  737.15265 
 95.388046  742.43445 
 85.26664  743.57855 
 652.50464  745.57031 
 699.41125  745.53003 
 106.36082  749.69 
 131.1972  750.7876 
 659.22821  755.06384 
 670.83142  755.03479 
 135.60384  758.67609 
 732.44019  758.87366 
 429.37079  763.70697 
 675.85144  766.97375 
 735.85883  770.25 
 694.25299  771.39258 
 761.47748  771.90112 
 767.8089  776.92114 
 710.21649  780.76184 
 588.38733  792.30334 
 139.09796  798.84589 
 142.87039  814.02228 
 835.52496  814.89484 
 929.7757  818.18158 
 892.28369  822.17627 
 955.73657  821.78906 
 932.19019  827.80145 
 802.61279  830.04413 
 863.75134  830.52905 
 956.19733  831.1167 
 263.25128  833.98291 
 231.90405  835.06927 
 798.7832  840.3053 
 463.29745  840.57147 
 867.82281  841.90149 
 574.78021  843.51019 
 644.54498  845.58923 
 815.37848  846.93713 
 469.78925  847.62561 
 816.76447  856.62408 
 963.83319  858.43701 
 801.15363  860.55493 
 577.58435  862.19904 
 243.97031  863.09985 
 671.35309  862.78516 
 827.31238  863.41534 
 310.37466  863.80615 
 319.65225  865.22064 
 265.53928  866.60437 
 594.95782  869.26776 
 243.519  872.78418 
 261.65277  874.90558 
 310.4841  875.75659 
 65.493965  881.11792 
 253.46428  884.56885 
 79.453125  888.90857 
 68.128853  891.68658 
 746.94708  894.16864 
 748.46765  902.96112 
 387.87598  905.95905 
 916.93311  905.80103 
 893.11914  909.29456 
 115.61333  927.02399 
 117.93462  936.57733 
 457.65298  951.70007 
 573.12128  956.52234 
 198.48468  958.02411 
 451.99576  959.17804 
 931.90955  962.65942 
 877.82721  142.46524 
 76.102669  294.57263 
 950.86316  393.60825 
 842.28864  523.71753 
 596.70807  710.28955 
 85.699654  85.997124 
 652.03699  88.870117 
 287.26431  91.565804 
 460.15479  91.619141 
 105.65656  94.047157 
 268.88422  95.412964 
 633.98212  95.527992 
 825.41138  96.226974 
 841.22583  96.015793 
 144.64377  97.255051 
 475.46173  101.61855 
 123.38382  106.41761 
 650.6131  108.26292 
 481.3678  116.2591 
 662.77478  116.82391 
 113.34904  123.09052 
 258.06409  123.01312 
 177.28192  129.93536 
 102.28469  137.43098 
 676.94904  142.19803 
 96.372116  150.78223 
 113.46799  150.12207 
 882.39557  150.80447 
 649.0647  152.46089 
 220.39259  156.62418 
 684.01794  156.26425 
 884.63159  161.95306 
 652.22314  167.74985 
 109.47667  173.60963 
 672.34943  173.12477 
 218.80403  176.55803 
 891.72729  179.06436 
 85.093719  188.87254 
 657.7851  192.73253 
 107.87703  198.77213 
 698.11951  200.36842 
 677.10883  206.13229 
 749.388  205.13283 
 215.04257  207.75824 
 230.88017  207.78807 
 654.65814  207.88177 
 101.53642  221.27863 
 788.53027  223.571 
 87.055817  240.51668 
 452.30606  250.4301 
 863.08191  259.44385 
 403.02277  265.49698 
 692.15405  270.15649 
 898.29749  274.43536 
 860.59985  275.94446 
 916.1189  286.23306 
 852.21179  288.77225 
 889.68768  290.31824 
 445.43573  296.30884 
 807.85291  295.85199 
 236.37236  307.47092 
 445.43576  312.80679 
 808.2442  313.14615 
 824.34668  318.47217 
 150.77702  324.40549 
 172.14043  339.45477 
 289.47028  344.21564 
 261.90582  347.65585 
 329.69308  358.04282 
 809.76526  364.32397 
 850.24976  366.52225 
 490.97934  372.91464 
 792.90399  374.83691 
 275.24106  378.54376 
 859.21936  378.94177 
 354.20193  380.56982 
 120.25781  384.83435 
 875.11951  383.84598 
 492.05884  388.46875 
 350.80521  396.75125 
 331.8443  400.61734 
 756.10406  399.82416 
 146.71249  402.70285 
 151.46906  416.25647 
 280.93274  418.0455 
 331.98599  418.95554 
 304.10754  419.87885 
 918.18665  428.1965 
 117.29955  434.94281 
 334.24115  434.47668 
 84.928329  438.61292 
 360.56396  439.14951 
 306.80087  442.40109 
 927.47699  444.4866 
 118.82461  447.36328 
 174.33424  451.36508 
 129.57285  454.37994 
 105.284  456.45889 
 130.7019  465.68417 
 109.65229  479.12509 
 460.01923  488.38586 
 711.81873  491.28833 
 528.01093  530.07092 
 765.88757  535.14075 
 509.84821  537.71954 
 823.61798  538.81207 
 847.29993  540.36139 
 304.33649  546.69598 
 192.21571  547.30298 
 208.6114  546.8938 
 306.34824  557.20288 
 374.26605  568.14056 
 305.77252  571.20813 
 673.01215  571.41077 
 211.93257  577.93317 
 317.4686  578.99042 
 708.66559  581.86737 
 85.705788  587.75635 
 725.71094  589.71307 
 328.41119  592.37543 
 764.0484  592.18073 
 195.17148  596.37402 
 790.69464  595.85083 
 737.2514  598.17853 
 839.84308  597.77673 
 868.86993  597.86591 
 190.03062  599.33362 
 905.29541  599.47046 
 122.77119  602.39276 
 313.99417  601.2887 
 854.18317  602.22247 
 87.67276  603.73993 
 827.30316  605.33191 
 110.58695  610.37335 
 249.03181  610.3847 
 521.98828  611.49207 
 232.66814  618.45642 
 332.32401  618.68457 
 316.30292  621.38068 
 110.29642  624.1322 
 351.02194  625.64716 
 523.77545  627.42548 
 255.77171  629.69714 
 357.48257  628.97491 
 123.64532  631.95502 
 533.42627  639.13287 
 349.65195  643.29871 
 531.39771  651.7597 
 377.75388  664.73389 
 529.77258  665.5835 
 398.54791  674.05853 
 379.71103  688.83289 
 549.88788  707.35248 
 420.96747  711.94269 
 623.56451  714.95764 
 564.76868  716.47339 
 606.77197  716.58179 
 811.815  719.97638 
 638.17535  724.52155 
 624.98279  727.8764 
 636.64618  739.26678 
 651.85907  743.83246 
 699.24988  745.63446 
 106.27245  749.17639 
 672.11639  753.56604 
 656.92456  755.81848 
 731.20502  755.5235 
 428.17682  761.15656 
 692.12518  768.13501 
 735.05695  771.64301 
 762.30786  772.36462 
 711.64404  778.21606 
 773.59888  787.10535 
 586.0863  790.93555 
 139.76979  798.00073 
 834.23157  812.15454 
 929.13116  814.44958 
 142.89012  816.25366 
 891.34119  821.98297 
 863.58929  826.67749 
 930.75177  828.36169 
 266.46097  833.37653 
 839.6662  834.06171 
 460.52597  837.20209 
 571.88837  842.64343 
 796.02136  841.2301 
 866.90375  841.82953 
 645.35779  844.50189 
 812.56042  845.68805 
 275.64633  852.05603 
 466.90039  851.47937 
 244.01878  860.58124 
 315.82983  862.89111 
 827.65405  861.90845 
 267.60394  864.68195 
 576.76202  863.67474 
 595.66919  868.19122 
 241.5789  873.37573 
 252.88449  882.72437 
 401.85809  882.39807 
 913.41901  904.90063 
 891.60809  908.37048 
 113.35555  926.07117 
 877.94366  141.1636 
 593.75763  711.29376 
 146.56577  115.76121 
 666.56934  117.97065 
 477.77646  119.46217 
 254.51256  123.49935 
 175.29124  130.63142 
 309.23434  135.31084 
 676.26764  139.71574 
 221.87746  154.51047 
 500.82538  155.91554 
 683.64801  157.534 
 517.59753  176.40622 
 672.08795  175.64719 
 218.33597  177.21912 
 887.38007  178.6264 
 481.6933  197.16283 
 699.10455  201.1266 
 749.1308  204.07657 
 211.13556  210.00844 
 383.48828  209.18488 
 651.13934  208.60378 
 676.98822  209.59961 
 789.24792  220.9695 
 649.29816  234.10461 
 853.38513  239.27608 
 407.91129  241.54341 
 862.76752  258.86966 
 400.94409  265.52563 
 898.14862  273.62494 
 849.40619  289.43631 
 262.46036  304.25208 
 237.45277  305.45511 
 806.43011  314.33432 
 445.20035  315.22269 
 151.59654  322.07962 
 172.31177  338.74133 
 290.84277  341.43741 
 260.93683  347.27728 
 331.32938  357.70578 
 774.27448  364.74573 
 809.52051  363.99466 
 846.21722  364.83212 
 311.06277  371.07745 
 488.67029  372.28433 
 277.63394  375.95236 
 874.43292  383.8801 
 122.2226  383.31442 
 350.43436  394.28149 
 494.0101  389.31689 
 144.13396  399.91473 
 755.62292  401.06845 
 496.07639  407.38861 
 150.67827  418.31766 
 279.65616  418.40173 
 331.40195  416.9917 
 303.65347  419.31879 
 195.91985  432.82468 
 334.54825  437.17722 
 360.39944  437.74103 
 305.61551  440.97211 
 119.26204  446.45123 
 173.05028  451.55008 
 705.39587  470.03021 
 460.30487  486.73248 
 711.27173  494.11731 
 351.26089  497.86884 
 843.7959  522.96191 
 740.82251  531.14203 
 509.20331  536.36176 
 764.33649  535.85602 
 822.56097  537.06879 
 846.47852  542.72791 
 207.90974  544.12518 
 305.68011  552.13953 
 373.7226  565.46051 
 215.896  570.92871 
 671.64679  570.7514 
 303.4483  572.47516 
 320.13544  576.5611 
 622.25629  577.55762 
 723.87238  589.55463 
 330.76093  593.49872 
 766.03265  593.78363 
 742.13153  597.82147 
 192.26233  599.09045 
 858.34302  600.83057 
 123.94729  602.4328 
 309.67459  601.80914 
 906.68567  602.08905 
 825.44617  609.84888 
 248.85849  608.16418 
 522.79968  609.63513 
 855.83209  609.54639 
 201.75209  618.34735 
 232.05196  619.37842 
 338.45795  620.79779 
 502.14258  619.55121 
 314.0885  621.66095 
 521.9519  627.98969 
 125.34562  632.92682 
 254.69318  631.94403 
 535.32446  638.38544 
 347.6911  644.74579 
 380.44202  665.28107 
 529.25983  666.92627 
 378.56137  689.5188 
 407.51654  696.9328 
 551.62646  709.92798 
 421.33557  711.74432 
 559.58667  714.91296 
 624.89771  714.64386 
 606.54083  718.51294 
 637.12708  721.68329 
 433.8512  727.15131 
 636.21588  739.19519 
 654.90436  742.46814 
 699.17279  746.97083 
 730.04041  752.87122 
 658.547  756.79468 
 428.13501  761.01642 
 693.71265  767.60431 
 735.90533  773.14728 
 117.2062  777.63959 
 711.00549  777.28076 
 772.80554  788.27032 
 547.88483  792.39648 
 584.90002  791.72723 
 140.45576  796.75525 
 837.25299  810.4895 
 721.55554  815.8269 
 143.2935  820.94873 
 890.91687  821.35028 
 862.96857  824.37531 
 267.21478  832.21796 
 170.21333  834.30383 
 458.59152  833.99579 
 841.03632  833.33905 
 792.74213  842.86993 
 867.07886  842.69238 
 569.26215  845.9303 
 465.5332  853.8288 
 247.88013  858.3468 
 448.49554  860.617 
 316.13715  862.36151 
 577.62286  870.6355 
 400.66727  879.4104 
 405.21793  900.22284 
 863.03973  381.64905 
 838.03717  594.20081 
 519.83191  174.70094 
 752.30103  198.38879 
 642.50879  207.29778 
 382.63702  213.26753 
 677.62775  212.20839 
 206.41083  214.61298 
 435.79974  216.93468 
 376.65842  230.34457 
 407.45169  237.29257 
 204.54477  260.47507 
 398.13779  267.30545 
 825.48828  296.22092 
 232.38754  300.25455 
 268.06036  322.77612 
 441.39606  316.9928 
 798.32996  316.31015 
 288.68738  332.10492 
 260.52917  335.8143 
 336.03348  354.77386 
 846.21161  356.7634 
 174.96519  365.99924 
 302.96515  369.06271 
 283.95663  371.55801 
 790.32062  378.87436 
 504.17886  384.24091 
 845.53247  388.70602 
 349.2179  391.52515 
 756.79541  403.11227 
 308.64056  416.08243 
 272.23831  419.9234 
 359.76981  430.94989 
 194.56296  434.332 
 377.13379  461.38593 
 700.60699  464.69366 
 463.75543  483.30438 
 347.38501  490.09811 
 709.7251  497.80957 
 549.55084  526.30396 
 751.54169  536.43024 
 823.51471  534.5343 
 203.22664  538.77319 
 303.75839  548.44904 
 368.8107  559.58362 
 211.28639  571.51318 
 643.17767  572.48236 
 792.19574  590.90863 
 195.37106  597.76221 
 243.17357  599.83777 
 527.30835  601.24481 
 223.56049  621.00323 
 349.0712  619.15137 
 194.21596  628.22784 
 313.47107  627.18243 
 503.7883  629.87634 
 247.51671  635.54968 
 351.09952  651.96082 
 387.0369  664.80768 
 525.77393  665.87506 
 396.54007  699.37915 
 554.48694  708.98499 
 421.93524  711.21027 
 605.7746  724.16254 
 535.11365  736.34796 
 433.03894  739.54517 
 723.68549  746.24261 
 426.41135  752.72638 
 317.74451  762.35419 
 707.17023  769.99298 
 740.08734  772.28668 
 515.16034  779.10205 
 425.93295  789.10278 
 546.50623  787.30835 
 586.82605  793.0542 
 766.5517  790.65253 
 718.76526  805.07269 
 834.43896  809.59296 
 269.86102  825.68988 
 448.04153  823.03308 
 780.63519  843.3598 
 838.43677  592.27283 
 389.07837  757.65546 
 396.75809  272.42526 
 437.08603  319.84634 
 346.4913  348.19666 
 295.3381  369.70071 
 509.17889  383.914 
 347.73672  392.92926 
 313.73483  414.53217 
 752.93774  415.85681 
 474.56131  420.21536 
 359.43152  429.49109 
 697.00702  457.99673 
 387.86734  468.5094 
 467.28116  480.37292 
 707.54749  504.61127 
 638.54541  515.84351 
 744.46912  536.99127 
 676.55017  545.60791 
 367.33707  553.49994 
 304.83157  556.58392 
 779.09802  576.73193 
 633.70789  578.04779 
 782.30255  591.07373 
 240.65263  596.36499 
 351.11417  616.51288 
 310.15411  629.48505 
 236.96013  639.19086 
 391.5683  662.15063 
 390.34854  701.91809 
 557.05713  703.41614 
 605.75018  728.48291 
 535.30811  737.96014 
 425.28711  744.14655 
 706.22351  761.7749 
 312.36578  764.18878 
 543.70258  785.96722 
 482.61523  417.20853 
 344.77411  427.68591 
 457.21573  483.11749 
 629.36249  510.67776 
 360.45584  540.95209 
 363.69891  609.79181 
 479.02359  624.15356 
 397.53302  647.20233 
 460.73486  491.60388 
