 906.59698  37.959949 
 880.93036  38.656769 
 900.47607  40.23452 
 912.53534  40.802544 
 244.3456  44.082047 
 889.18591  45.286945 
 892.49695  45.488701 
 902.49396  45.860577 
 907.33051  47.340366 
 874.36853  47.7994 
 914.02521  53.323532 
 917.20526  56.119938 
 923.93988  55.722389 
 931.23346  60.751236 
 917.84351  66.95182 
 931.31793  69.332336 
 922.50928  73.664619 
 962.79712  88.960022 
 694.40314  92.128487 
 620.09393  94.286674 
 609.08783  95.551315 
 343.49478  98.312744 
 328.8396  106.73086 
 317.11847  110.07707 
 629.79572  110.72565 
 301.80988  111.8578 
 641.29968  112.26751 
 739.35535  114.87207 
 940.68213  115.13319 
 633.95337  118.19162 
 946.39215  129.30943 
 734.81958  129.00261 
 415.50092  131.16286 
 953.85193  131.21233 
 770.45923  139.45621 
 956.45135  139.07828 
 563.09973  139.25349 
 763.99329  139.61421 
 406.79855  142.08345 
 748.95868  146.20236 
 458.61606  152.32233 
 621.30438  161.25519 
 441.06253  166.02631 
 613.00879  170.64076 
 419.18649  173.89996 
 707.05658  179.21878 
 780.7406  180.71561 
 772.67816  184.97072 
 787.68066  192.32739 
 662.77979  195.06557 
 65.785202  199.20491 
 60.064728  204.12444 
 54.092052  208.71523 
 471.44153  216.8441 
 222.74573  222.77206 
 235.65617  225.80626 
 43.501751  225.45377 
 957.0116  241.14532 
 992.31677  252.51506 
 56.543079  255.02878 
 49.908451  261.04245 
 43.122814  267.0654 
 33.28767  273.16333 
 862.89752  327.04926 
 930.43414  327.67291 
 62.171402  345.64825 
 841.56628  346.56839 
 71.417427  349.94327 
 971.4386  349.3989 
 39.945507  351.17004 
 75.589981  358.45068 
 663.09424  360.36551 
 66.233353  363.7872 
 688.36774  364.17181 
 668.84161  367.28635 
 821.51862  368.02484 
 813.96997  379.97992 
 803.78729  390.57373 
 305.92963  391.74353 
 296.47888  398.11179 
 410.88647  415.49316 
 404.56412  418.7674 
 751.00336  423.39426 
 420.7045  431.68851 
 877.57233  479.07562 
 883.61694  485.72415 
 270.0401  513.56128 
 265.23514  521.54449 
 985.09583  532.9903 
 308.31308  544.33069 
 223.9339  547.03333 
 878.21155  550.40955 
 218.20171  553.52527 
 354.71606  554.14856 
 838.38092  559.38391 
 220.21529  560.2157 
 225.25171  562.92145 
 315.44901  563.04895 
 324.23157  564.34387 
 848.6759  565.54736 
 960.31702  572.72174 
 841.92267  574.67358 
 292.70544  576.20819 
 847.65076  577.36542 
 144.71956  579.35974 
 584.4234  582.86835 
 44.542156  589.08191 
 595.95593  593.16962 
 605.05957  593.0321 
 756.86346  595.43237 
 747.33215  595.40753 
 730.70831  596.66315 
 788.47644  596.33044 
 609.61707  598.41663 
 715.58893  598.94269 
 606.24731  599.85931 
 709.39862  600.67816 
 769.79987  600.55719 
 117.50071  602.32672 
 781.164  602.53998 
 736.86493  603.20844 
 618.26678  605.19873 
 719.91992  603.73193 
 715.3067  606.29071 
 38.118885  606.56927 
 707.50476  607.85974 
 615.03265  608.85785 
 31.388397  614.95789 
 626.30646  618.39276 
 32.699474  623.26074 
 38.020096  625.52118 
 695.3114  628.5097 
 667.65692  636.51208 
 685.48346  639.07208 
 30.528458  640.02106 
 36.033371  641.7771 
 937.367  653.96082 
 164.1373  663.62054 
 171.38051  663.91974 
 132.1221  670.02563 
 224.32495  672.07983 
 385.67343  680.388 
 826.77045  682.67078 
 394.44495  688.9342 
 409.70251  688.76154 
 403.70288  690.49579 
 406.1716  698.39557 
 572.76605  702.93219 
 498.32553  706.78479 
 415.59464  709.6842 
 163.89926  708.68964 
 170.60252  712.15942 
 44.853016  711.83167 
 440.83197  711.56744 
 490.20618  711.40485 
 426.80881  714.38727 
 451.95767  717.20966 
 38.381664  717.37238 
 168.6205  715.94067 
 182.91701  716.04047 
 433.79749  718.48553 
 504.20428  717.5108 
 494.56329  720.05707 
 37.711739  721.00879 
 189.35689  721.25586 
 504.51611  727.61206 
 193.41571  732.97357 
 785.84314  737.79956 
 116.03526  744.74506 
 183.68338  746.15979 
 121.56936  750.47009 
 109.0257  757.6275 
 994.92865  758.52307 
 825.25  760.27655 
 942.15479  761.65356 
 706.1153  784.14642 
 189.86441  825.82074 
 957.63312  829.83099 
 272.85022  834.87469 
 282.24295  838.37317 
 270.35477  843.422 
 266.22482  844.24219 
 262.99576  848.85541 
 269.1546  850.56177 
 244.86226  852.07733 
 288.39789  856.18677 
 278.95505  857.63745 
 243.2583  865.40326 
 753.00195  893.42645 
 669.96198  893.73163 
 591.4953  905.47632 
 528.16614  926.35785 
 381.67648  942.83209 
 541.69153  942.37305 
 340.26419  947.79443 
 552.3631  950.58929 
 353.3002  954.83887 
 371.44565  953.47064 
 531.30841  953.60016 
 537.85345  960.41217 
 553.71765  963.25708 
 402.03323  965.29486 
 935.08313  967.7417 
 409.72375  971.17755 
 920.93573  970.46985 
 402.54816  973.50684 
 406.08652  978.10297 
 901.3161  978.3772 
 259.76791  982.63824 
 737.44531  983.76624 
 246.51123  987.1308 
 255.64479  987.69818 
 720.72943  987.78058 
 252.07246  990.23883 
 730.72284  990.05621 
 716.48804  993.98419 
 866.42523  49.599594 
 882.90497  54.955647 
 222.72137  73.637733 
 230.42679  79.953423 
 657.39948  83.869934 
 351.86713  103.38496 
 359.22662  106.75761 
 340.84665  109.66503 
 371.87479  114.22135 
 386.03287  115.5913 
 753.8175  116.12993 
 401.14676  124.27163 
 416.16534  143.87576 
 646.75647  146.82825 
 398.9014  154.97876 
 609.48486  155.59267 
 821.19196  155.62315 
 975.95099  157.73578 
 610.15619  165.26091 
 730.9873  169.82288 
 849.93634  169.81561 
 705.7691  170.65306 
 769.15015  174.80106 
 718.43652  176.73271 
 737.79071  177.09593 
 650.01123  178.46109 
 924.04126  178.01981 
 680.02625  182.87949 
 428.22217  185.56007 
 691.93768  186.45985 
 614.83423  189.70953 
 60.976101  190.67422 
 51.741722  201.1884 
 857.30621  200.4749 
 645.72363  206.85713 
 493.59149  210.69405 
 239.95268  216.26086 
 634.4826  220.91916 
 400.30652  222.3941 
 200.34039  225.53636 
 55.300171  235.92365 
 822.04877  235.59114 
 90.286072  239.60304 
 103.17549  241.56055 
 629.1911  242.34862 
 826.20251  242.98711 
 975.41901  243.56599 
 98.682716  245.04659 
 819.87921  249.87158 
 963.37164  249.89352 
 88.049133  251.41766 
 107.99236  250.97577 
 68.433907  256.28726 
 60.23988  262.3768 
 625.71027  268.8089 
 59.828522  298.19974 
 774.39966  306.20303 
 769.84637  314.63272 
 863.93756  318.79227 
 67.198997  336.17493 
 52.806305  351.78534 
 61.647869  355.47946 
 69.290161  372.79596 
 262.59732  388.7041 
 322.28018  389.3223 
 274.10602  390.87909 
 727.82117  434.83755 
 737.64813  436.85681 
 426.09171  437.80035 
 713.13  439.53262 
 77.157066  443.22424 
 676.35858  451.41098 
 98.503906  460.36243 
 91.706551  467.76035 
 86.323151  489.58084 
 230.25777  530.95508 
 460.45834  531.35437 
 541.72784  533.36426 
 170.87416  535.31067 
 521.46814  534.94092 
 458.66022  540.94 
 216.98599  543.17163 
 869.52954  549.92273 
 231.79324  552.33069 
 319.39813  552.77185 
 362.81638  554.57678 
 247.08208  567.89221 
 794.02454  568.68774 
 47.786419  571.02087 
 942.51001  578.52948 
 966.26038  579.659 
 613.13763  580.52063 
 275.71594  587.04376 
 835.60986  590.71973 
 310.50809  592.92767 
 817.6181  593.24286 
 617.32593  618.71356 
 684.08099  630.74066 
 445.29181  645.26563 
 233.33594  652.02917 
 943.99597  658.99927 
 172.32896  672.47516 
 750.03717  677.70276 
 858.56042  678.38281 
 213.40314  681.18634 
 419.51782  693.66675 
 419.2395  703.37714 
 536.95313  710.12811 
 458.41345  711.3869 
 476.28983  715.45044 
 44.544849  723.24414 
 571.53076  722.63861 
 772.85077  724.53412 
 526.59351  730.00256 
 610.22778  757.39734 
 380.7843  760.50214 
 80.708862  767.42926 
 349.79401  775.7973 
 685.04645  795.06018 
 693.42249  795.78699 
 843.25269  796.83527 
 964.2757  832.73596 
 238.41466  844.84625 
 287.31253  845.79675 
 852.3374  848.62878 
 234.29976  855.84674 
 157.96814  863.87659 
 855.25208  875.70587 
 760.55353  886.22266 
 43.839394  894.651 
 527.46082  919.53546 
 590.84094  920.14191 
 904.61914  932.17377 
 373.72394  939.97162 
 504.45212  939.75043 
 340.26108  956.88336 
 896.75433  958.37085 
 763.64587  138.97002 
 771.13409  139.09763 
 748.70496  146.00233 
 54.731384  209.20279 
 803.83478  390.80426 
 841.27228  574.56757 
 715.99713  598.18781 
 706.6604  608.35883 
 685.40625  638.48029 
 426.54871  713.6214 
 504.58594  727.9682 
 193.44824  732.77112 
 270.1763  851.32458 
 527.54309  926.88123 
 541.51697  942.2135 
 371.39941  952.77063 
 901.95044  978.19299 
 314.58401  59.154392 
 931.65662  60.295956 
 916.92828  66.804337 
 932.21826  70.523026 
 221.64261  72.986145 
 921.42981  75.43251 
 231.36127  79.506035 
 657.11401  82.801949 
 619.64484  94.280457 
 608.56891  95.947304 
 660.34216  97.003311 
 344.99423  97.650185 
 329.11252  106.0983 
 359.26642  108.01309 
 317.13983  109.80122 
 628.7475  109.86774 
 301.22345  111.48956 
 339.56436  111.06624 
 371.96268  113.83607 
 385.51538  114.62152 
 754.13342  115.31979 
 940.9422  114.94939 
 279.98135  115.50525 
 309.63974  117.7504 
 631.31927  119.39021 
 401.81201  123.06724 
 287.65482  124.08125 
 499.0383  123.99364 
 734.27893  129.28497 
 945.1745  129.1929 
 415.20773  129.90973 
 954.34534  130.30023 
 563.27509  138.13031 
 416.43243  143.18503 
 646.93866  146.74567 
 385.06039  149.96272 
 457.81702  152.22731 
 834.61786  152.36708 
 398.48099  156.06816 
 812.2168  157.14349 
 597.62274  158.64491 
 628.92151  164.7388 
 441.06329  167.0007 
 612.20343  167.85602 
 850.02637  168.72475 
 706.05304  169.73729 
 728.67609  169.78757 
 419.80411  173.6526 
 768.83911  174.45053 
 718.20642  176.76257 
 923.7467  177.92285 
 706.65887  179.67715 
 782.66943  181.51089 
 680.39716  182.93073 
 772.0863  185.25266 
 428.16824  185.88399 
 60.550056  189.94395 
 788.42639  192.19255 
 663.05255  194.46826 
 64.891754  199.93723 
 856.92871  200.58472 
 646.45813  206.85378 
 493.97583  210.70119 
 239.96838  215.89313 
 471.90131  216.59361 
 635.87646  220.83618 
 222.42754  222.2468 
 399.97263  222.12253 
 200.19675  225.55777 
 235.22728  226.14209 
 832.61145  227.86461 
 906.6123  229.43399 
 157.8882  230.42293 
 821.44672  234.91628 
 133.33607  236.36748 
 90.378487  238.92558 
 104.71987  239.95357 
 957.47974  240.23187 
 120.89344  242.3504 
 630.01959  242.22359 
 826.93732  242.48685 
 819.51648  250.02095 
 963.63019  249.7338 
 107.71365  250.93117 
 87.878281  252.58112 
 340.54132  252.84842 
 67.933693  257.05316 
 625.89069  269.25482 
 60.267704  297.48669 
 774.05817  306.42139 
 864.17688  327.17862 
 770.07855  332.84558 
 845.25476  334.20605 
 67.368874  335.22919 
 61.426003  345.79849 
 841.50311  346.76553 
 831.22595  347.70126 
 72.117081  349.3378 
 298.23047  349.60071 
 76.764633  357.95544 
 663.63824  360.05838 
 65.861336  364.10474 
 831.32556  363.66028 
 245.75006  365.05872 
 721.68665  366.49026 
 668.24207  368.18829 
 821.08954  367.90814 
 807.90625  371.38177 
 68.759926  374.47681 
 814.29529  380.07327 
 262.51675  388.638 
 322.41321  389.85904 
 305.62582  391.21545 
 274.43756  392.05881 
 296.98831  398.47794 
 782.06543  398.8988 
 758.95691  411.2515 
 406.17255  418.3786 
 750.44788  423.68982 
 418.4675  431.50198 
 727.86371  434.44891 
 738.54755  435.13501 
 426.90317  437.995 
 712.04785  438.50415 
 75.64106  443.11319 
 675.73621  452.17783 
 99.28363  460.16016 
 90.794365  468.19485 
 877.23584  479.23038 
 883.6051  486.16589 
 85.457756  489.81686 
 294.75928  503.76733 
 309.43433  511.42517 
 271.56232  512.94489 
 538.96881  516.33539 
 265.36185  522.28687 
 230.80072  529.74921 
 460.28708  530.62262 
 530.83795  533.19458 
 541.66705  533.19843 
 170.98796  534.40295 
 520.85474  534.83447 
 953.22791  536.87079 
 458.42239  541.06726 
 304.60132  541.79407 
 216.0696  543.34833 
 224.75592  546.33917 
 870.21777  550.22174 
 877.41736  550.5119 
 217.31207  552.85822 
 319.60416  553.04266 
 352.92288  553.86517 
 363.06549  553.70825 
 838.66132  559.22205 
 561.3009  560.16614 
 880.5816  559.69299 
 314.57285  562.65216 
 324.55835  564.79694 
 848.99841  566.16431 
 247.01154  567.04205 
 793.49854  568.84119 
 804.93536  570.43933 
 958.37701  573.74298 
 293.59595  575.77222 
 941.84326  579.10406 
 966.14648  580.24622 
 585.01593  583.34521 
 275.841  587.39661 
 836.06104  590.02246 
 312.02969  591.5177 
 596.56488  593.09137 
 817.24243  592.69629 
 956.74084  592.95184 
 561.57202  595.32391 
 746.91522  595.0498 
 729.97333  596.37531 
 789.23108  596.09473 
 142.83986  597.32068 
 607.26251  599.53595 
 769.29999  600.51392 
 115.7688  602.1637 
 801.01068  601.96088 
 737.40179  603.26776 
 780.28894  603.12769 
 616.78131  607.14233 
 716.11401  607.06427 
 625.67206  617.74225 
 695.2959  628.84729 
 667.61426  636.03101 
 444.86584  644.83026 
 233.26352  652.0332 
 936.9386  653.59436 
 944.20374  658.81714 
 163.86276  663.59729 
 131.27139  669.32703 
 375.65274  671.39648 
 172.23781  671.63574 
 224.31419  672.74377 
 750.07843  677.28149 
 858.99487  678.52405 
 385.25107  680.5672 
 214.62384  681.87164 
 827.67896  682.32648 
 393.96823  689.19446 
 405.31149  689.99066 
 420.38052  692.47113 
 407.06683  700.10388 
 573.33563  703.0318 
 418.6387  704.79791 
 468.32275  704.38867 
 498.17474  705.64307 
 162.85849  707.95105 
 535.87347  710.15057 
 441.49429  711.41742 
 457.5603  710.7063 
 488.95325  712.06396 
 169.84695  714.88934 
 182.43774  714.96936 
 475.20227  715.6134 
 505.42993  717.14478 
 450.68622  717.95599 
 433.77072  719.29016 
 189.7112  721.54907 
 493.27634  720.78082 
 571.78912  723.8457 
 772.68396  725.7522 
 137.67546  729.24701 
 165.47569  728.58234 
 526.44012  730.74744 
 804.89374  731.95398 
 303.94974  735.8515 
 105.59914  737.93634 
 786.66504  738.00641 
 200.47922  739.82751 
 106.16986  742.39343 
 116.02567  744.49573 
 183.60536  747.18097 
 122.67136  749.44214 
 108.81132  757.19427 
 610.12732  757.24963 
 372.97113  758.34369 
 379.68924  759.30353 
 942.06488  760.99304 
 82.019272  767.49255 
 367.18076  770.16095 
 93.726082  773.18951 
 326.23529  776.52618 
 347.36292  775.74591 
 188.8103  788.56696 
 684.91431  794.9917 
 694.17566  796.12103 
 843.8858  813.00531 
 272.64923  833.80304 
 282.06653  837.53217 
 237.89005  844.01245 
 269.57224  843.83539 
 852.04926  848.84235 
 246.13176  852.30139 
 234.24493  856.43524 
 289.888  855.82037 
 278.44562  856.47491 
 865.08618  862.26587 
 158.72134  863.92981 
 243.17773  865.65979 
 854.65479  876.06464 
 752.06726  884.27039 
 753.02307  893.10901 
 669.38873  893.73767 
 905.94159  901.67798 
 590.57397  905.80902 
 582.60321  911.21887 
 527.82678  918.4588 
 591.00592  920.19775 
 905.08771  932.62225 
 504.5162  939.42615 
 373.11581  939.88812 
 550.68555  941.90906 
 381.79657  942.71936 
 552.68921  950.71429 
 531.64734  953.16602 
 340.42349  954.29968 
 325.88629  954.71686 
 353.89014  955.00604 
 896.48779  958.42908 
 537.83636  961.31934 
 913.77936  960.65454 
 552.32269  964.04327 
 56.919521  275.46719 
 704.00391  608.65961 
 684.32599  634.93976 
 618.31635  92.464645 
 346.56216  97.0401 
 658.52167  98.490479 
 708.35461  99.623352 
 323.13162  105.12595 
 627.73053  105.68953 
 299.05899  108.69576 
 337.69504  112.62015 
 358.3306  112.24451 
 373.39911  111.20155 
 537.87714  112.49928 
 291.67468  122.96346 
 400.50906  121.60574 
 628.74854  121.80114 
 496.21426  123.45727 
 414.50436  128.13676 
 416.76065  146.61208 
 385.41525  147.94145 
 117.03725  149.81371 
 834.96515  150.61673 
 454.71725  152.07043 
 397.65088  157.38451 
 626.64441  161.94545 
 610.93585  168.30002 
 441.65024  170.62434 
 417.98856  172.80093 
 711.13422  178.69872 
 921.27759  177.82838 
 705.90674  180.20093 
 677.01898  182.31747 
 425.40076  186.92172 
 692.85022  186.03876 
 768.57239  186.05977 
 786.4339  192.3562 
 854.32318  199.71861 
 645.0741  206.60226 
 494.78174  209.86853 
 922.68958  216.05141 
 219.93333  220.73354 
 639.61456  225.73372 
 201.41293  223.13092 
 833.76697  226.81851 
 234.20192  227.51022 
 903.34924  229.82187 
 133.03847  233.50786 
 926.96582  233.94135 
 632.33453  240.54625 
 97.14727  242.44409 
 108.32927  250.54189 
 86.624886  254.71449 
 626.57196  268.39087 
 772.19354  307.8327 
 787.22144  317.42755 
 868.43762  325.33081 
 767.50079  331.19461 
 841.35413  346.48758 
 297.95093  349.49518 
 832.0274  361.29514 
 630.02155  364.18848 
 721.19147  365.60394 
 817.87665  365.96301 
 813.89331  379.99152 
 322.20554  388.59503 
 270.33871  393.13037 
 779.60376  395.40054 
 333.11362  400.98825 
 756.5553  409.89056 
 406.48566  417.90671 
 416.95532  429.42441 
 725.51495  432.75885 
 740.13379  432.31955 
 707.38733  438.77826 
 673.3186  452.85757 
 700.70673  457.20624 
 100.93613  459.03 
 88.20649  469.01843 
 875.11603  477.78696 
 272.94476  510.25635 
 306.94025  512.52991 
 536.06628  514.78833 
 233.37132  525.45874 
 314.15964  525.99359 
 456.8006  526.34967 
 168.69859  529.31073 
 526.18677  532.21368 
 542.56635  533.90173 
 301.51749  541.67834 
 214.51517  545.57574 
 870.40387  549.35522 
 348.76584  552.81891 
 889.32196  552.96436 
 313.86642  555.85614 
 835.74377  556.80865 
 245.28651  561.52643 
 325.67538  565.81006 
 849.68787  566.99506 
 805.28284  569.59406 
 292.73007  574.37915 
 583.07458  581.06488 
 835.98853  586.13995 
 274.22806  587.90753 
 309.59998  589.6925 
 813.617  590.40118 
 595.07129  591.48193 
 745.24689  592.42529 
 610.17877  594.63501 
 789.59106  593.50122 
 727.46075  595.04474 
 140.03056  597.31421 
 114.20828  599.87769 
 767.81372  599.14844 
 800.05542  602.27216 
 753.18787  604.78864 
 779.8042  604.30542 
 616.52368  605.44507 
 716.46478  607.78015 
 623.92084  617.04608 
 666.40643  636.46393 
 442.18961  642.38031 
 161.3719  661.78174 
 130.00223  665.53473 
 173.63947  669.51874 
 375.70367  671.49695 
 382.81519  677.76086 
 747.41272  677.10144 
 213.80603  681.60864 
 391.84824  688.99646 
 405.71994  687.35352 
 421.68427  690.37122 
 93.847054  700.57764 
 468.09695  699.94769 
 159.78253  705.70154 
 417.30603  706.38544 
 529.84595  702.84082 
 450.56696  707.38324 
 442.15753  709.10889 
 181.89857  712.6842 
 168.88609  714.565 
 507.58026  714.30725 
 471.32712  715.99127 
 189.79727  720.57056 
 432.00266  720.91693 
 570.81226  722.47882 
 770.62708  726.20862 
 137.72458  729.71478 
 163.81715  729.77216 
 804.91351  729.66406 
 301.56772  732.76013 
 524.625  731.67908 
 787.22552  738.16382 
 182.4102  744.62653 
 288.63522  743.90594 
 107.40334  754.43787 
 324.37836  754.74243 
 373.5303  755.11847 
 607.78394  755.54303 
 391.44495  765.57947 
 365.91876  772.05377 
 92.844444  774.46039 
 320.58264  785.42389 
 186.44623  787.56299 
 679.82227  793.06366 
 200.89627  811.52942 
 271.86655  830.10156 
 177.60669  833.82794 
 267.7789  844.19312 
 848.00757  848.32623 
 291.95557  852.61743 
 231.6244  853.49615 
 275.86908  855.45758 
 242.60809  863.62415 
 664.6709  865.66827 
 854.3291  873.79193 
 750.71204  885.35687 
 764.32813  895.47308 
 586.56708  905.47058 
 529.77081  914.28387 
 587.91498  921.37292 
 547.27899  924.1377 
 903.91534  931.24902 
 357.07352  116.66478 
 398.24799  120.43389 
 494.75449  122.40134 
 627.45532  124.34293 
 293.99649  127.68795 
 415.94571  128.21674 
 254.69824  129.31877 
 282.51776  129.57503 
 118.93616  148.43561 
 383.33188  147.7482 
 417.66351  150.34518 
 832.76837  152.76355 
 610.68469  169.84923 
 444.50107  173.11674 
 673.65082  182.59804 
 695.93457  184.32495 
 423.22473  191.16066 
 851.51367  199.00288 
 645.41956  206.55603 
 438.54141  208.71878 
 664.01563  207.95442 
 214.35651  222.59926 
 835.86023  227.49345 
 902.90515  229.03616 
 132.09277  231.4789 
 234.10768  232.36011 
 273.81882  245.50864 
 299.79602  249.69218 
 626.41199  268.22159 
 183.36778  277.55411 
 286.48129  289.11917 
 628.64215  303.93375 
 772.51886  307.55173 
 862.35406  308.0575 
 788.4671  320.53699 
 869.93195  325.4259 
 764.62152  330.04391 
 264.1272  335.10425 
 115.01711  352.27103 
 834.01843  357.98389 
 629.61377  361.53436 
 721.30658  366.7442 
 258.07394  370.40189 
 652.68414  369.01898 
 701.22125  378.23856 
 236.91577  390.97961 
 268.22739  394.24948 
 334.21432  401.88705 
 404.84354  417.78738 
 418.9064  429.90234 
 723.54095  434.117 
 744.12897  433.43146 
 432.54855  437.38815 
 671.88324  453.51819 
 703.38513  458.91077 
 639.10394  490.19196 
 273.61197  509.58176 
 186.83057  512.03149 
 308.40033  518.23431 
 231.8428  523.34943 
 457.36148  524.1192 
 269.30615  531.84668 
 524.10376  532.02472 
 210.66862  543.82928 
 298.18127  543.09271 
 346.68011  552.00635 
 312.5524  554.51941 
 245.14595  556.93793 
 370.43152  556.14148 
 831.12793  555.52142 
 888.59814  555.10822 
 327.58633  566.80676 
 852.15204  565.69629 
 806.24469  571.35559 
 292.47662  574.52747 
 582.17706  578.7193 
 835.07587  584.03003 
 273.5719  589.03601 
 307.64294  589.53546 
 740.2019  591.53192 
 594.41809  593.58722 
 611.76508  593.49457 
 728.93018  595.21338 
 139.24576  596.20715 
 768.80389  597.29071 
 380.02985  603.46228 
 752.39557  604.4646 
 781.86255  603.83594 
 718.41785  610.86432 
 624.23718  618.7901 
 683.01691  635.37402 
 675.98108  638.02142 
 439.5289  640.85168 
 221.12263  654.44482 
 130.86032  663.1178 
 157.31537  661.65387 
 174.22095  671.57953 
 377.53296  674.24719 
 748.01031  678.6861 
 213.2388  682.2876 
 406.4621  683.96002 
 390.40393  690.427 
 424.13342  689.99872 
 465.66898  698.28485 
 452.31659  702.29034 
 717.83655  702.38452 
 415.42902  708.86987 
 168.29237  714.07849 
 511.00397  713.37225 
 472.29016  716.73297 
 486.22595  717.97131 
 551.00952  718.06171 
 570.10638  722.75378 
 432.25726  723.74103 
 590.20551  725.33984 
 299.12848  732.82709 
 523.62372  733.71808 
 790.51489  738.77368 
 182.48172  744.26801 
 323.03491  748.64948 
 799.14508  747.2002 
 371.65457  753.37433 
 608.07465  754.58917 
 133.83069  759.38574 
 392.3309  768.23303 
 365.02612  775.29865 
 322.15533  782.52832 
 183.7023  791.078 
 676.02423  792.29956 
 342.28223  793.06171 
 698.86078  803.98126 
 198.93596  809.30011 
 688.08246  816.86353 
 271.89197  827.98431 
 176.24812  832.22253 
 265.37796  844.51337 
 229.28755  847.82092 
 845.25055  849.59949 
 183.88312  853.48907 
 294.63809  853.62976 
 274.68875  858.84869 
 241.83752  862.62585 
 662.68433  863.77435 
 854.39764  874.54364 
 679.78809  876.07941 
 750.45691  883.54431 
 766.22339  895.76678 
 587.4696  905.17834 
 335.37527  115.32395 
 814.70972  363.45422 
 447.53537  174.58199 
 605.66113  175.60352 
 668.08746  179.71028 
 703.76495  183.97289 
 415.13699  193.99336 
 846.44379  193.34885 
 672.65851  207.64012 
 208.2005  219.24745 
 838.43561  229.40785 
 641.92365  229.91867 
 221.31532  244.29668 
 266.34531  245.62598 
 302.32492  245.70125 
 838.46002  256.2706 
 628.69995  267.70108 
 176.56995  274.10907 
 765.12323  326.30118 
 256.1322  331.79187 
 268.09317  332.37994 
 627.00726  353.2334 
 838.0097  355.67725 
 219.76743  364.73782 
 256.58725  365.54337 
 654.06464  371.64011 
 704.89368  379.38931 
 229.2085  382.72617 
 779.05682  389.30347 
 267.23236  395.69339 
 332.45453  404.87555 
 426.14355  415.60953 
 441.36578  437.3316 
 653.04993  472.62427 
 550.37976  495.69305 
 275.5697  503.80972 
 195.72775  514.17462 
 224.77919  514.75116 
 457.37454  517.8587 
 311.00827  522.22192 
 261.43909  534.68042 
 341.75519  545.01721 
 248.09386  549.33081 
 375.61298  557.96094 
 823.8739  554.00018 
 295.94614  565.80756 
 827.15869  581.47986 
 268.75101  594.72601 
 372.53809  599.19885 
 581.08429  602.99622 
 720.17181  614.36694 
 622.73572  618.76361 
 670.86487  634.70721 
 432.3031  638.23975 
 219.51755  654.29883 
 673.4939  667.65784 
 376.61099  672.20428 
 752.258  676.50977 
 457.10782  695.78479 
 712.87146  699.05774 
 516.38141  707.15131 
 478.73941  720.1684 
 570.62592  719.64221 
 686.91003  719.31018 
 433.55762  727.1637 
 543.07233  727.07373 
 292.82492  730.15924 
 596.23236  733.39117 
 791.33124  743.33051 
 320.28525  749.37909 
 362.10406  749.86469 
 388.6124  775.90143 
 324.59793  780.14056 
 363.53308  779.6983 
 630.63507  779.47467 
 579.67664  773.7915 
 661.76361  786.04559 
 344.90271  800.67072 
 198.16103  808.48865 
 689.40643  814.76343 
 169.71176  829.75806 
 271.77469  827.28705 
 524.01874  827.27716 
 222.61125  840.62805 
 839.69727  846.61493 
 809.10974  360.7587 
 310.79276  237.93835 
 647.24603  234.91679 
 258.74963  245.8179 
 627.94537  260.15216 
 636.81427  282.90997 
 633.24792  300.51993 
 246.5471  339.26566 
 620.78088  349.82175 
 656.19855  374.04617 
 702.20758  382.86438 
 764.5415  388.19708 
 268.57132  402.29544 
 332.10257  410.64774 
 614.57013  431.4064 
 603.50366  434.30856 
 420.55789  460.43536 
 290.53754  484.27457 
 642.9364  481.60535 
 277.47162  493.41174 
 551.3634  493.12292 
 456.15256  514.65405 
 312.1897  523.94055 
 259.3692  539.83087 
 341.40961  544.35461 
 384.72159  557.83356 
 295.43488  562.81378 
 582.63788  610.06598 
 623.93433  619.7049 
 724.8772  620.57172 
 673.39941  630.37787 
 423.72733  641.17853 
 675.53375  671.14886 
 758.78363  674.53564 
 382.27899  674.66431 
 457.13318  690.52264 
 516.99713  702.60638 
 703.53864  702.99481 
 288.87866  728.91937 
 538.98566  733.94965 
 435.73077  734.00751 
 597.00616  741.37695 
 319.14355  749.6153 
 357.23978  749.354 
 380.08276  787.79785 
 604.35443  344.25931 
 600.5636  432.19702 
 429.33762  456.97986 
 453.61963  521.54962 
 558.63269  615.60944 
 413.64795  626.01544 
 460.99268  529.08148 
