 482.81323  3.8703928 
 835.19525  4.2798758 
 841.02942  9.0305433 
 865.84955  47.391666 
 102.28509  52.802029 
 874.87561  59.458439 
 881.33026  60.860935 
 17.492271  68.297348 
 5.7373891  79.613937 
 535.94843  85.191414 
 559.65417  97.106285 
 702.46332  100.47222 
 682.22418  111.15369 
 274.34061  134.88809 
 497.99509  136.79749 
 712.9162  144.71397 
 261.70053  145.73648 
 646.98279  150.22627 
 728.22253  149.78726 
 250.95769  150.79973 
 351.88062  154.80096 
 235.11581  155.92166 
 1016.7582  168.36345 
 991.22858  172.34302 
 936.80981  272.53796 
 190.77448  278.27396 
 177.87119  278.53259 
 808.08179  292.14322 
 792.74017  317.05063 
 787.78564  329.35458 
 732.26721  383.414 
 1015.2567  391.44397 
 1021.9935  391.9075 
 866.49817  416.29654 
 874.22198  421.91614 
 40.925991  426.70456 
 50.262424  430.52399 
 288.58548  430.31409 
 396.15469  434.37167 
 55.409996  437.02811 
 390.02563  439.56342 
 47.791206  443.59631 
 982.16461  450.45602 
 848.14886  517.13953 
 799.28174  547.87482 
 782.15167  554.96265 
 273.03223  556.9306 
 743.1347  557.65814 
 728.19934  562.77625 
 271.11002  564.29504 
 733.09082  566.8349 
 721.48334  573.11383 
 608.9848  577.65759 
 956.14374  578.71429 
 365.81268  581.73279 
 619.43518  583.1698 
 634.3324  584.9978 
 336.51331  596.38025 
 230.87378  604.74237 
 705.21417  607.27594 
 851.01971  626.97485 
 5.0201888  628.33734 
 16.768513  654.27185 
 27.265287  660.9809 
 19.661711  661.80383 
 62.211082  688.16644 
 417.63403  700.14795 
 441.97778  704.39526 
 59.38245  705.59906 
 65.280632  706.81616 
 427.58408  707.20105 
 435.70535  707.82727 
 257.13623  719.89874 
 60.518112  722.17834 
 476.84552  722.06305 
 66.357376  723.08344 
 195.85506  722.85834 
 542.56116  726.02496 
 471.54504  728.75586 
 751.03534  746.77295 
 210.60178  767.91803 
 204.01311  769.13104 
 224.03352  771.1969 
 209.20575  773.7713 
 230.93036  774.5473 
 47.087589  778.20544 
 237.3327  785.3299 
 86.534454  790.66022 
 229.58342  799.35156 
 81.718689  800.14368 
 169.30943  815.31842 
 158.42783  825.23969 
 47.792267  846.13898 
 734.25391  860.93036 
 333.71698  872.70306 
 332.96286  880.15405 
 50.802525  884.48071 
 332.29831  888.34088 
 994.93793  893.17065 
 307.69839  893.62543 
 343.0853  893.89056 
 62.142849  895.71686 
 27.99481  897.15155 
 600.18573  917.8653 
 616.5462  931.164 
 628.229  937.70221 
 608.08746  944.23169 
 810.76282  945.48236 
 615.5318  949.21777 
 797.77777  952.06458 
 458.79138  959.31799 
 450.64923  971.56879 
 432.75275  975.94934 
 490.50769  982.68884 
 740.54065  983.2619 
 781.01794  983.97858 
 189.94572  2.9027283 
 484.10474  2.7528331 
 834.89972  4.8595343 
 490.55023  6.3777747 
 503.69238  5.7669606 
 840.45966  9.9383945 
 373.83228  11.349831 
 973.12659  14.80243 
 1010.6159  19.854042 
 362.55261  20.639696 
 348.55899  38.149044 
 865.6051  47.192951 
 188.82048  53.742092 
 1004.1168  58.646503 
 873.83118  60.138569 
 881.60773  60.563881 
 885.56738  67.85218 
 16.887978  69.041016 
 5.927351  78.938988 
 546.43353  82.475243 
 907.97784  83.336479 
 535.72729  85.530052 
 32.358971  91.82653 
 558.54901  96.78109 
 665.38092  96.567154 
 703.12958  100.14032 
 695.45905  101.08983 
 12.532062  103.29985 
 564.22589  103.52526 
 29.350178  105.99221 
 860.48535  112.31894 
 151.38414  130.84935 
 274.63574  134.25842 
 159.66112  136.11667 
 497.94635  136.30597 
 668.61572  137.67792 
 291.89145  140.04655 
 719.76477  139.65752 
 687.1972  142.07875 
 644.34424  142.53709 
 676.53064  143.23392 
 319.50449  143.87642 
 261.84555  145.33656 
 273.92719  145.11703 
 712.46765  145.11482 
 798.36182  145.72327 
 336.15991  149.65617 
 728.85919  149.65167 
 250.75919  150.63559 
 646.99396  150.78284 
 351.48425  154.17458 
 235.69359  155.26953 
 552.75671  158.50116 
 621.62689  158.65115 
 590.57104  160.09399 
 976.47955  161.61995 
 994.87494  164.56317 
 344.71979  166.49371 
 397.38141  167.44466 
 903.86365  168.40778 
 922.5769  167.84077 
 947.13275  168.35951 
 1017.4845  168.03992 
 959.88983  170.41866 
 990.91339  172.65494 
 1009.7433  172.97849 
 605.88824  174.11957 
 911.40057  175.71342 
 971.91388  175.80659 
 339.03833  180.6144 
 382.65024  183.97925 
 591.50653  189.04517 
 775.30139  192.68144 
 362.28784  195.62465 
 770.20953  200.89224 
 373.45514  205.42368 
 582.66492  204.48351 
 441.85797  219.07872 
 581.07965  226.46381 
 421.56436  228.58322 
 352.07941  246.86855 
 582.02399  252.97289 
 734.92712  264.27969 
 193.32907  268.73621 
 936.7182  272.63797 
 12.468122  274.39273 
 732.02777  273.44534 
 177.43356  277.99686 
 190.65962  278.50842 
 18.464546  281.849 
 155.52966  284.78738 
 3.5211284  288.10095 
 808.0838  292.66742 
 2.8367043  312.3681 
 49.965351  317.56003 
 62.894924  317.40558 
 792.3111  316.95911 
 69.410072  324.95349 
 49.863178  329.44073 
 787.11133  329.96344 
 634.95343  337.03659 
 19.522522  338.31665 
 641.67511  342.74112 
 8.0384531  353.00961 
 30.381557  380.39548 
 732.2547  383.81277 
 1015.4485  390.064 
 1021.2922  392.50806 
 711.48651  399.09293 
 721.72235  399.40045 
 43.988312  416.84076 
 866.81616  416.80759 
 993.28473  421.22882 
 873.81903  422.16916 
 663.8869  424.3801 
 304.20511  424.82764 
 40.65033  426.69003 
 50.569157  429.51086 
 288.76764  429.7121 
 257.29315  434.57056 
 32.465374  434.54175 
 395.6745  435.42609 
 19.251438  436.10727 
 41.527149  436.453 
 55.947807  437.12933 
 280.58459  437.73825 
 390.7728  438.96146 
 47.698124  444.0351 
 982.33093  449.33691 
 408.34808  449.4433 
 993.23065  451.45908 
 415.30234  454.17148 
 871.44403  487.51526 
 879.98102  486.61499 
 964.38647  494.88416 
 971.52655  500.55499 
 842.51764  502.54129 
 947.72906  503.32373 
 853.38062  506.60074 
 847.58258  516.78809 
 800.20612  519.49323 
 5.9896231  520.53296 
 72.199883  519.70026 
 96.245567  533.34564 
 525.95953  533.45203 
 845.12634  533.86011 
 827.65277  539.59558 
 465.15515  540.42584 
 91.139648  541.85559 
 297.58032  542.89728 
 799.57794  547.49078 
 464.72519  550.18237 
 768.12274  551.96283 
 758.61517  553.91071 
 781.63098  555.07037 
 792.76288  555.18079 
 274.73019  556.03748 
 742.7406  557.62054 
 624.0484  562.49878 
 749.65472  563.30432 
 271.1604  564.72852 
 596.61536  569.86572 
 729.17505  570.27075 
 720.8064  573.68921 
 609.49384  577.70679 
 956.06433  578.44464 
 238.50098  580.07819 
 364.66833  581.21741 
 372.91165  580.27954 
 963.40424  582.20874 
 620.19043  582.89447 
 633.14075  586.44598 
 180.6463  594.69537 
 227.32649  594.39746 
 713.24768  595.86096 
 235.02728  597.00555 
 327.55045  597.42847 
 336.67401  596.70331 
 643.53284  597.25366 
 634.84595  599.63873 
 230.39873  604.46466 
 687.54675  607.44647 
 705.16504  606.85132 
 5.9827127  610.57562 
 261.19037  613.68787 
 307.39609  614.25519 
 882.90833  616.4436 
 852.2981  625.93591 
 15.046912  627.45422 
 293.10574  627.30823 
 328.40533  627.01373 
 6.1619387  629.18573 
 27.128649  644.83801 
 65.841248  651.05334 
 16.611902  653.8269 
 470.16354  655.0567 
 28.063953  661.42883 
 19.871824  661.5545 
 139.31657  670.2829 
 806.56256  676.59863 
 43.927044  677.34961 
 34.202148  678.31018 
 979.35223  683.70282 
 41.936462  684.70319 
 821.32367  687.31458 
 62.15715  689.24567 
 605.65735  689.85962 
 56.970005  695.81293 
 262.2897  698.76318 
 417.40952  700.35248 
 571.20691  703.64801 
 65.277473  707.14404 
 427.45898  707.07019 
 436.65372  707.32886 
 452.95679  706.95319 
 532.86713  706.44403 
 607.24097  710.83289 
 525.72266  712.75281 
 440.74359  714.57397 
 540.70679  716.53131 
 454.44824  717.18823 
 512.02966  719.17218 
 257.103  720.04456 
 531.24738  720.59302 
 477.1503  721.42633 
 59.251766  723.28351 
 66.804871  723.63177 
 196.11354  722.38068 
 488.99658  725.0965 
 564.63635  724.79944 
 463.25455  725.95258 
 542.73126  726.41644 
 205.79449  729.36902 
 471.44598  729.40894 
 247.74451  731.25519 
 165.73344  734.01935 
 651.91718  737.27075 
 890.57056  752.28491 
 732.16925  760.95123 
 740.41718  760.4281 
 203.58028  766.69232 
 210.89214  769.8222 
 346.07169  769.8103 
 223.76088  770.45007 
 231.11667  774.55829 
 47.582066  778.5509 
 237.27008  785.17059 
 906.17462  784.90479 
 87.245682  790.29083 
 81.235886  798.9599 
 229.96977  800.33099 
 88.605995  802.37048 
 41.019863  809.07275 
 162.92368  810.59332 
 169.54901  815.04993 
 158.28484  824.44727 
 822.35388  837.90283 
 132.00816  839.19275 
 47.822845  845.32214 
 816.10461  846.3031 
 47.173855  855.22626 
 972.36444  858.45306 
 56.119579  859.3869 
 46.501015  859.70245 
 734.16357  860.95691 
 333.06567  871.96423 
 342.99002  873.68457 
 63.210041  875.50317 
 45.277714  879.37512 
 71.245544  881.24274 
 332.3215  880.66901 
 51.103378  885.21399 
 659.0556  886.36389 
 301.03522  887.52448 
 1008.4247  888.15033 
 333.39755  888.67334 
 352.49423  889.97943 
 342.79993  893.36877 
 994.81677  892.98395 
 308.38574  893.95471 
 61.813316  895.89587 
 27.687063  896.95233 
 299.07184  899.50659 
 661.15991  900.67993 
 15.062281  904.84088 
 24.495102  905.38141 
 308.94601  908.19006 
 5.1483932  910.26324 
 598.68103  910.84869 
 14.200479  913.62158 
 599.60895  918.48804 
 224.90396  920.5484 
 55.878448  923.7807 
 56.288689  928.31909 
 616.31329  931.05371 
 579.51782  934.93073 
 628.46552  937.37982 
 816.93976  936.78925 
 827.54559  937.81299 
 608.4137  943.78363 
 801.53778  944.07373 
 810.44208  945.79791 
 875.37256  946.07501 
 615.61566  949.56335 
 631.56879  950.08252 
 797.96704  952.28314 
 838.87396  952.56476 
 450.78854  958.06616 
 458.83737  959.55823 
 450.49832  970.97626 
 419.30707  972.47058 
 749.15717  972.31348 
 433.0607  976.36249 
 756.32123  977.45966 
 482.99515  977.80426 
 420.51346  980.30817 
 491.06442  982.49902 
 741.73987  982.55768 
 780.34949  985.33997 
 1021.1392  995.23053 
 1000.4133  996.2215 
 348.22482  1016.8486 
 352.41504  1021.5892 
 504.02322  7.5260954 
 849.29993  8.2228432 
 840.04315  11.612162 
 865.99103  46.904228 
 999.81616  49.631676 
 190.21669  53.505169 
 881.83612  60.018799 
 12.645322  102.90686 
 746.13989  110.97577 
 581.82361  129.51326 
 706.67206  135.96519 
 261.87991  144.80421 
 712.15259  145.3353 
 729.22369  149.58942 
 646.84338  151.19946 
 234.96248  154.53026 
 994.10187  164.12801 
 396.65973  167.64534 
 922.22327  168.12895 
 947.06036  167.98116 
 1017.7731  167.88696 
 224.49266  169.33139 
 911.58624  175.63971 
 382.81647  184.57281 
 775.75452  192.5076 
 769.95093  201.054 
 442.29611  218.97386 
 581.92358  226.56123 
 351.7919  246.68413 
 1012.2161  263.52063 
 193.35559  268.05881 
 807.87701  293.58472 
 798.46954  294.82382 
 49.793808  316.98755 
 792.0083  317.02026 
 779.56439  322.94821 
 787.3476  330.04465 
 8.0391264  353.84711 
 694.19214  406.70663 
 866.62781  416.93747 
 993.75165  420.70248 
 51.030785  428.86423 
 288.64899  429.63016 
 281.00812  437.98306 
 47.423447  444.30457 
 416.1655  454.30762 
 875.90216  487.08957 
 941.82373  494.34805 
 971.74194  500.62668 
 799.88312  519.55585 
 545.39996  528.26385 
 525.29169  533.6427 
 464.73663  539.85712 
 297.06091  541.97784 
 464.61987  550.30566 
 569.46533  551.20404 
 758.22583  553.62195 
 742.1308  557.53424 
 750.45557  563.16046 
 271.37808  565.34601 
 373.00711  579.6546 
 963.75854  581.8299 
 226.41228  594.87311 
 325.45166  593.01868 
 337.34543  597.30829 
 883.14948  616.43536 
 852.76166  625.53046 
 3.7919967  662.6134 
 33.83194  678.62396 
 805.97473  678.04382 
 822.61029  687.26074 
 570.09619  703.4519 
 532.61481  705.87292 
 427.0015  707.40833 
 524.69385  713.63727 
 477.61133  721.24939 
 529.94885  721.58014 
 195.85559  722.08411 
 66.909973  724.68292 
 487.41333  725.92334 
 471.5383  730.32324 
 164.47943  733.1748 
 891.63971  751.2077 
 729.96509  761.43384 
 202.3013  765.89606 
 231.40723  774.70807 
 80.568184  799.16364 
 229.98753  801.22327 
 40.956196  809.07745 
 133.69411  838.64917 
 48.00227  844.53436 
 43.843906  880.20508 
 331.6752  881.34222 
 968.49609  885.24438 
 300.08716  886.68872 
 1008.8195  888.77411 
 661.43848  900.82104 
 14.250681  904.81311 
 15.332193  914.05359 
 226.10248  920.78705 
 810.33044  946.05701 
 874.49445  950.88885 
 615.67621  950.24182 
 630.59668  950.43048 
 749.38617  971.18744 
 733.73468  974.41473 
 758.05237  977.26837 
 420.28723  978.45135 
 405.49069  980.74939 
 741.84265  982.51019 
 1000.2867  996.21008 
 1019.2496  997.93018 
 352.66409  1021.2681 
 374.81503  10.120434 
 1010.1919  18.021181 
 361.21356  21.889624 
 863.3009  32.7346 
 291.46658  34.77343 
 349.20129  37.043827 
 283.96005  56.110691 
 599.51257  57.565197 
 1001.4788  62.486633 
 4.9010186  63.682835 
 580.51648  64.029411 
 15.362674  71.778831 
 635.12469  73.145378 
 585.80402  78.157852 
 545.93054  82.357597 
 906.3833  83.593681 
 32.386189  94.335228 
 706.9693  98.933205 
 238.54912  100.57102 
 768.71136  101.77991 
 25.46204  104.7299 
 561.63196  107.62529 
 860.34644  112.42278 
 278.86105  133.22942 
 431.642  133.41495 
 161.71054  133.9659 
 666.26544  138.924 
 643.65631  140.2897 
 723.07318  140.30086 
 292.18799  142.46613 
 305.61758  143.13818 
 675.70764  143.84467 
 797.63641  146.07858 
 336.47815  147.58461 
 537.3078  148.69905 
 565.19568  149.42035 
 866.47931  149.08835 
 350.26321  151.30377 
 551.48969  156.53154 
 620.57904  160.07133 
 633.63916  160.93782 
 975.59546  162.72841 
 904.35779  165.07173 
 851.49725  166.77867 
 355.48907  167.47733 
 961.7594  170.12732 
 1007.1213  172.73596 
 987.55713  174.33061 
 619.6098  175.03706 
 779.48749  176.07608 
 326.15085  177.40033 
 339.04294  182.68163 
 938.44489  186.46718 
 592.40247  189.47052 
 362.65958  194.92172 
 585.44208  204.89873 
 372.44302  206.80074 
 371.70688  221.83472 
 61.904877  225.27864 
 421.9689  227.82294 
 582.37207  253.92497 
 831.90234  266.41733 
 733.617  267.19226 
 750.50842  272.66113 
 11.440534  273.12622 
 177.19051  277.27927 
 189.57758  279.86969 
 18.651339  284.5784 
 156.71089  284.99799 
 4.8488131  286.64835 
 735.32086  290.57434 
 13.601699  294.47873 
 113.92115  296.84384 
 14.818578  299.51981 
 92.438896  306.89319 
 801.39197  309.89899 
 4.8780246  312.71585 
 805.05072  312.56888 
 80.211601  315.48087 
 14.934373  319.60403 
 58.92849  320.69434 
 69.448746  325.67007 
 50.262421  331.81607 
 695.55231  332.50708 
 31.332167  339.28262 
 14.710683  342.3284 
 24.319895  357.75946 
 6.9197226  372.95432 
 31.061613  379.45023 
 4.8371153  380.41885 
 274.06018  389.40247 
 723.15271  394.5535 
 710.71411  398.48816 
 1009.9727  403.57269 
 44.880939  414.63431 
 305.668  425.36456 
 663.11548  426.28354 
 38.392036  430.38892 
 316.92813  434.34058 
 16.303625  436.07455 
 255.78508  437.5127 
 393.67538  439.12021 
 981.73694  446.19913 
 405.30243  449.13876 
 993.81152  452.28339 
 51.253567  455.33102 
 950.38696  459.66321 
 603.75964  482.81674 
 892.13824  487.20917 
 961.62433  496.12637 
 984.12018  496.42688 
 883.29944  496.50015 
 842.28174  501.91327 
 947.04938  505.09265 
 855.14441  508.08936 
 539.33575  511.8833 
 964.89972  516.24701 
 812.43842  518.79535 
 67.419991  520.78564 
 4.3528833  522.10425 
 532.87439  530.93646 
 846.58063  531.33398 
 97.907295  533.03265 
 481.27475  538.16504 
 825.50397  538.36047 
 89.787376  543.39734 
 310.42493  547.45178 
 812.15674  550.97168 
 277.73846  554.14551 
 780.73071  555.1319 
 792.62018  556.92114 
 321.561  561.51349 
 767.6452  562.51959 
 87.455147  564.25061 
 596.6507  570.51331 
 731.37305  571.93213 
 242.69002  575.01221 
 610.07275  577.14392 
 312.37888  578.14545 
 361.31445  581.58087 
 622.15234  580.34869 
 181.77606  586.88623 
 574.99677  585.73743 
 632.16895  588.34882 
 180.23248  592.646 
 641.6897  596.28406 
 704.56958  603.23297 
 687.6427  608.10474 
 259.62378  610.1908 
 308.05304  614.17084 
 9.1406097  619.64124 
 279.60034  622.65771 
 328.20145  624.98566 
 293.12018  628.53973 
 774.89081  634.07214 
 26.553059  641.6922 
 52.945145  645.62384 
 468.08566  654.83948 
 30.969982  662.5556 
 162.48138  662.94348 
 136.918  669.43463 
 839.98181  677.07416 
 42.790691  682.44269 
 842.6026  691.79248 
 405.24515  693.14673 
 56.440636  694.8479 
 262.1965  698.78772 
 416.99899  700.88031 
 438.91431  705.36865 
 454.46973  704.94147 
 503.76407  707.72736 
 609.03021  710.7403 
 493.16571  716.94525 
 453.43466  719.00281 
 508.04846  720.4989 
 565.7879  727.67505 
 206.45097  727.21466 
 249.6405  732.03229 
 651.85059  737.33325 
 346.31534  768.41968 
 211.13457  772.54224 
 134.19432  772.67975 
 420.20514  778.41785 
 334.49649  781.14764 
 370.81689  785.37585 
 904.19501  785.87915 
 208.28348  787.26025 
 88.845886  789.7533 
 181.06989  792.34125 
 414.69949  793.90033 
 394.94696  801.44287 
 374.90286  806.10773 
 152.52022  806.75128 
 913.89221  810.01025 
 172.35919  810.34491 
 371.42313  818.08844 
 157.79381  823.94067 
 74.292717  825.15454 
 727.52808  835.4812 
 813.60712  840.85272 
 241.16359  841.34259 
 145.0997  843.75092 
 46.442593  856.77399 
 973.20648  858.93195 
 58.188118  861.21954 
 332.38535  869.71436 
 60.107521  876.39569 
 985.30103  886.59058 
 655.40771  888.19073 
 240.9895  889.53772 
 355.24075  889.5155 
 339.9982  891.42743 
 61.142349  894.22546 
 310.62592  894.00964 
 298.59088  900.21948 
 979.47089  904.59552 
 309.60532  907.50763 
 25.100443  908.99231 
 618.83154  913.6499 
 57.204872  926.05786 
 626.34052  928.06396 
 816.95728  935.3653 
 829.97009  938.12457 
 838.12433  952.98004 
 852.27112  960.89404 
 779.8125  970.33398 
 434.26035  976.37677 
 492.46942  982.32135 
 780.76239  986.33545 
 507.03909  989.55853 
 795.39166  1000.1656 
 385.68112  1001.3332 
 359.49533  1009.4639 
 752.98175  351.76978 
 867.22913  47.499161 
 283.57324  56.235592 
 1001.7884  62.960606 
 15.015226  76.326889 
 278.16077  133.68259 
 427.72409  132.1104 
 252.17027  142.23485 
 676.93262  142.95073 
 350.45151  151.29832 
 551.28564  156.8275 
 635.75549  159.02722 
 228.9389  170.32224 
 358.96783  173.63921 
 1007.1598  172.75392 
 622.29175  176.2567 
 322.96268  176.71773 
 592.5957  189.87381 
 574.64001  215.27017 
 583.9079  225.36385 
 733.797  267.09555 
 831.92712  267.35202 
 177.03566  277.14316 
 5.9186792  284.29163 
 734.66998  290.58063 
 802.47064  308.91141 
 788.73444  316.52325 
 57.249634  320.13034 
 49.878494  332.45282 
 13.844597  341.80917 
 735.69104  370.35126 
 693.07275  408.7905 
 37.279266  430.93314 
 16.337124  436.53973 
 405.32605  448.94958 
 67.034714  521.1673 
 7.7201915  521.36572 
 530.04022  532.16589 
 825.01721  537.79901 
 767.74152  562.64154 
 596.22314  570.12964 
 241.62767  574.30005 
 622.80615  579.01703 
 325.0383  592.39172 
 641.92395  596.13422 
 228.60927  597.99396 
 705.65979  605.36597 
 458.67166  704.72223 
 605.95911  709.96118 
 508.40567  720.61072 
 207.70749  791.21515 
 414.31195  794.62952 
 813.50372  840.70831 
 145.5045  844.42535 
 46.13559  857.01031 
 655.4906  888.02612 
 18.947582  918.10413 
 838.18945  952.96149 
 780.84991  986.71045 
 1018.1422  1000.2573 
 495.84137  15.62017 
 367.42642  17.007973 
 994.90771  45.279594 
 600.06934  56.652859 
 579.66229  61.125687 
 26.000347  99.237396 
 764.40784  103.29314 
 468.99719  113.24889 
 175.94386  146.32759 
 655.91772  148.29617 
 231.71796  148.9028 
 676.5191  151.19945 
 975.03558  158.69629 
 902.60486  161.91884 
 65.258522  225.2485 
 388.2897  227.08682 
 7.9613385  249.40913 
 946.62732  261.75381 
 1016.5178  265.59518 
 753.03131  277.65045 
 299.90857  280.79279 
 190.24101  285.40875 
 593.89691  288.66718 
 89.8312  302.62015 
 809.15674  313.12607 
 18.944803  321.24545 
 666.93506  320.51779 
 768.02789  332.11118 
 695.54279  333.34964 
 794.13745  340.3147 
 198.66663  416.72467 
 994.23566  421.29001 
 693.9032  427.61639 
 319.58762  435.68875 
 219.4144  440.83221 
 976.88898  442.36749 
 996.10858  451.897 
 893.08398  490.54355 
 835.72485  501.9007 
 946.08862  509.24258 
 843.99451  528.40186 
 550.45978  532.53931 
 312.20663  547.32031 
 814.84351  550.21729 
 278.39447  553.6449 
 714.00983  573.97223 
 717.78345  584.16034 
 220.80106  596.35919 
 695.80695  602.20984 
 309.93967  613.95648 
 7.5527949  622.81488 
 324.91837  625.40271 
 159.63225  660.0639 
 834.27319  695.18561 
 55.152561  694.91095 
 71.146263  707.01154 
 452.74197  725.19519 
 49.873016  727.40863 
 165.59552  728.57489 
 562.38208  729.61932 
 133.8687  769.77124 
 417.21051  774.88751 
 439.99088  785.03198 
 81.505264  799.92163 
 915.96466  812.66791 
 721.78815  833.45459 
 236.86293  846.24127 
 830.65131  848.28375 
 971.32477  860.97491 
 332.94788  866.50977 
 237.5766  887.60785 
 248.62076  907.17877 
 7.6891656  907.95227 
 22.921724  911.69855 
 703.53632  922.85626 
 992.95807  923.11969 
 608.07056  934.47687 
 432.38794  976.2337 
 740.68634  989.48395 
 183.85655  71.576752 
 862.37439  121.6216 
 671.05566  130.07756 
 792.23187  146.22806 
 294.04031  150.87904 
 612.28876  158.57256 
 226.13031  182.4449 
 597.92072  226.06879 
 371.33414  213.70573 
 819.336  306.36111 
 8.9256287  277.22781 
 734.59222  282.07919 
 42.937504  270.10822 
 816.95837  304.28711 
 252.28566  333.07217 
 6.4970784  341.17392 
 731.75311  365.17386 
 8.7647524  377.478 
 730.87073  391.9856 
 1013.3904  397.52542 
 234.93039  415.76688 
 68.504272  425.27057 
 17.749483  441.87106 
 970.26074  468.16254 
 883.28082  507.34683 
 862.22876  504.30701 
 784.72705  536.0722 
 745.24353  547.24951 
 302.13773  558.92279 
 762.04401  560.8465 
 278.36505  575.25281 
 385.23413  583.00891 
 25.116079  664.591 
 409.51031  695.33636 
 627.92133  712.06781 
 97.006828  790.25018 
 373.85266  811.36823 
 175.89127  824.88086 
 747.40155  838.05829 
 159.01413  852.51074 
 257.17072  859.59406 
 61.196247  872.48004 
 980.25934  882.87183 
 618.63013  911.96509 
 774.9527  965.05206 
 761.9754  998.31525 
 362.32443  994.20917 
 503.5968  6.2059999 
 374.12051  10.804488 
 482.55676  25.675194 
 867.57507  19.232935 
 10.714603  51.593536 
 165.12691  123.72186 
 238.70923  139.77798 
 712.62628  154.92114 
 399.76172  154.40515 
 850.83551  163.46513 
 1001.3451  171.85844 
 90.901764  227.91411 
 389.19949  228.74448 
 591.01984  253.23131 
 163.62163  280.34229 
 253.93365  289.78165 
 735.28455  292.22476 
 192.41095  293.20068 
 90.542885  291.1434 
 816.08472  307.4162 
 783.03479  308.13232 
 91.182732  309.66254 
 813.80701  320.95209 
 764.62677  328.92984 
 140.36847  336.38245 
 600.41492  339.8627 
 759.05273  341.7164 
 598.28198  374.08905 
 761.34839  374.40073 
 685.33905  409.06989 
 642.94464  411.47382 
 994.40704  419.66458 
 700.06921  424.06204 
 317.96222  448.96371 
 971.25183  442.04987 
 254.12877  442.99426 
 952.38538  455.48276 
 983.90363  468.51495 
 999.99408  481.04919 
 1012.9293  498.32367 
 281.73193  551.04327 
 314.86285  556.10809 
 246.00262  574.14191 
 950.50641  576.78973 
 349.92371  572.35034 
 124.96658  586.59015 
 690.12506  607.11194 
 31.022943  635.98969 
 749.96008  670.21045 
 434.7005  696.81091 
 74.261559  710.23102 
 491.96976  716.18109 
 579.05151  724.01477 
 449.4675  721.14752 
 176.54234  723.55579 
 500.79385  722.89984 
 517.34412  719.87067 
 500.15042  734.17096 
 368.21057  783.96484 
 71.849602  801.20862 
 75.03598  812.46667 
 46.921551  863.41809 
 334.60013  873.77423 
 361.33173  886.5448 
 6.4894924  895.26904 
 599.20703  908.54395 
 246.22198  912.86719 
 25.547607  921.79303 
 700.21906  923.21997 
 860.33209  966.29095 
 434.58347  967.94415 
 518.40271  996.50659 
 357.70941  1001.5456 
 174.11128  74.287376 
 575.88849  95.197289 
 190.43515  118.17226 
 551.29919  130.56216 
 785.34076  140.06671 
 975.65601  152.61214 
 264.30344  176.96756 
 253.77942  159.13824 
 901.66357  158.8452 
 964.12476  169.90755 
 782.26874  185.66725 
 990.76013  172.27383 
 360.19894  222.06509 
 12.326303  277.90903 
 38.97036  346.87659 
 631.00293  351.72061 
 667.01611  359.90634 
 727.70599  360.47525 
 248.69418  378.1958 
 13.109104  383.42148 
 744.92578  398.27579 
 43.124237  400.87863 
 88.857353  425.11899 
 644.64886  454.14139 
 768.14008  561.63763 
 268.13303  583.41266 
 599.50745  598.59406 
 635.79034  597.67871 
 312.9032  599.27997 
 184.85674  678.6955 
 823.48071  687.40979 
 548.9173  702.8974 
 60.954918  703.16077 
 491.31339  703.35181 
 541.57422  714.95087 
 82.185921  727.08295 
 487.91501  728.41534 
 480.16733  741.4317 
 402.42542  781.78156 
 155.28532  815.9845 
 718.53479  824.62549 
 401.67068  825.01428 
 40.418144  840.22534 
 287.69009  887.62488 
 307.83051  901.03125 
 633.53363  917.98407 
 806.85077  965.20203 
 159.94221  992.41522 
 818.76935  995.27686 
 1011.1931  1011.2571 
 973.13086  47.906563 
 315.48398  55.839298 
 7.9979219  103.38208 
 320.25662  134.26537 
 601.185  164.89983 
 641.98956  169.84991 
 991.58905  189.51389 
 146.28265  210.81865 
 819.4696  241.40657 
 581.36725  249.51413 
 155.63969  265.18671 
 785.34973  274.31586 
 196.49461  304.49545 
 604.56171  283.26685 
 244.24268  326.4957 
 800.88037  332.28128 
 597.07648  334.2608 
 684.18317  338.74402 
 766.03705  373.73929 
 697.62762  385.94388 
 589.12103  415.65427 
 411.39682  430.49109 
 961.58301  452.19449 
 1014.9733  471.14789 
 946.27478  531.92987 
 791.68396  556.54529 
 401.59854  582.82434 
 743.70593  589.58801 
 306.36768  595.61542 
 417.44315  697.01971 
 247.40929  713.65021 
 637.62994  723.9455 
 336.10837  768.36078 
 740.65527  779.73175 
 350.19937  799.34045 
 398.08426  802.10895 
 410.28351  816.56415 
 34.122456  856.47498 
 712.44946  956.62488 
 367.72711  974.29187 
 812.71808  975.76025 
 526.26428  985.04266 
 199.74706  1006.0999 
 847.45337  1009.3765 
 389.73077  1014.469 
 168.38083  70.608177 
 583.63342  100.45353 
 651.69812  122.59366 
 260.05896  124.44349 
 240.69348  131.10406 
 778.04913  136.8689 
 883.42847  157.18507 
 956.836  198.78214 
 345.63477  235.4111 
 794.68372  262.48022 
 737.60028  288.66827 
 222.75871  298.61566 
 819.37958  325.09808 
 748.1283  347.68207 
 764.62909  347.74115 
 176.04652  368.6203 
 607.1015  389.67041 
 711.33893  399.96725 
 1005.9933  404.13757 
 569.15729  429.06146 
 635.76068  442.04166 
 155.47101  460.9075 
 647.8988  462.26553 
 438.07959  469.66745 
 41.294605  487.32669 
 900.27832  493.38925 
 289.24091  525.89819 
 170.74471  546.62341 
 867.9928  558.49554 
 92.578957  559.04712 
 292.65302  581.27246 
 946.06421  583.31897 
 348.9101  583.52881 
 650.79413  599.16223 
 574.45673  735.75018 
 148.65523  803.53436 
 161.09662  859.68622 
 314.00064  869.18701 
 299.24207  878.77747 
 28.05559  879.63965 
 348.10144  922.09436 
