 290.52338  1.7815907 
 338.86661  6.0535975 
 326.80063  28.166792 
 893.27979  28.163038 
 309.78146  32.121059 
 514.48767  32.891232 
 514.75867  42.224934 
 499.39093  42.583202 
 286.36859  48.627483 
 506.98441  48.681091 
 279.32327  52.485012 
 281.42404  60.020275 
 11.028185  63.580185 
 13.68086  74.691238 
 243.26196  99.455025 
 260.76785  99.140755 
 169.70316  99.992767 
 49.006203  101.57292 
 226.68748  103.18624 
 243.49908  105.60819 
 958.09662  105.743 
 227.22443  109.1906 
 102.84393  112.12382 
 65.594513  121.92984 
 56.145767  135.04922 
 153.58769  137.67792 
 164.01535  140.89059 
 684.38336  141.85965 
 687.00897  154.45602 
 815.36768  177.23883 
 823.14862  191.75551 
 829.64624  201.33611 
 842.34161  211.95949 
 142.57678  217.64923 
 250.77943  237.37453 
 372.22003  250.80835 
 205.99153  252.95253 
 202.02487  258.63635 
 208.13766  258.99393 
 207.08015  272.90128 
 553.77063  277.15128 
 970.18567  278.25586 
 205.16954  280.22858 
 180.53561  283.24454 
 426.82291  283.88782 
 823.81061  286.9957 
 195.75211  288.35135 
 836.28802  291.58542 
 977.71564  294.96497 
 263.27237  296.23288 
 1008.0913  303.17795 
 1017.6902  320.56628 
 1015.8414  377.99615 
 562.49963  378.72955 
 85.063698  379.76831 
 418.23285  379.87997 
 568.72345  383.88654 
 1014.2977  384.42603 
 1022.0897  389.3186 
 789.47601  392.16455 
 111.94669  393.28577 
 114.98757  394.23294 
 1009.084  394.92468 
 118.84962  399.09851 
 126.27572  398.58987 
 110.61802  399.81351 
 106.78654  411.39771 
 1011.2733  414.20316 
 879.51453  432.48038 
 310.8154  451.16629 
 936.87537  461.02121 
 305.78067  462.23114 
 306.35535  470.20627 
 301.32864  475.78192 
 929.19  486.36459 
 291.98822  509.39346 
 41.971661  513.71088 
 62.828239  536.81097 
 45.197399  572.11169 
 307.05389  578.55731 
 891.94708  581.36859 
 936.88495  609.40558 
 464.55511  618.21655 
 950.63556  627.48572 
 460.63916  629.19769 
 464.90735  634.0354 
 461.89087  644.64673 
 908.99518  645.59717 
 906.58191  661.34052 
 128.25471  668.97858 
 103.77144  681.35272 
 117.76101  687.19568 
 99.962387  689.40857 
 113.41413  699.78015 
 677.44666  706.44873 
 452.36142  718.16711 
 488.7348  728.45007 
 499.98416  733.13647 
 496.95334  738.95612 
 507.52115  746.97589 
 740.71625  751.76929 
 752.82489  753.82056 
 516.8894  784.90289 
 207.23708  790.95929 
 1021.0299  796.6637 
 527.02081  800.88013 
 87.933388  818.23828 
 9.5627308  837.08881 
 565.60071  843.23853 
 668.06799  843.74475 
 664.04498  852.41736 
 93.621338  857.7774 
 457.89526  865.30286 
 137.47597  880.86255 
 145.87776  885.38715 
 821.9621  888.25751 
 930.00659  924.44336 
 34.118454  949.11249 
 938.57538  948.8515 
 933.35266  957.60272 
 523.99384  960.2699 
 937.77594  963.20911 
 654.59937  963.77759 
 34.128113  967.66864 
 29.274849  971.83533 
 718.78778  986.34949 
 23.164301  987.29047 
 718.77185  993.25873 
 936.388  998.70239 
 423.84052  1001.413 
 291.84668  2.6115217 
 339.58002  6.1237788 
 601.22095  8.1777611 
 297.26443  10.149642 
 501.63416  13.012114 
 416.1745  14.322782 
 558.64191  14.359519 
 623.65521  22.789108 
 289.42667  25.552082 
 612.1767  24.699562 
 505.49109  25.751217 
 970.71838  26.554256 
 280.37546  28.409262 
 327.23956  28.910618 
 309.11517  33.038322 
 514.49585  32.482876 
 524.82971  33.815105 
 275.56631  35.461647 
 505.12393  34.872875 
 625.82239  35.239529 
 312.49069  42.125614 
 498.92709  42.533188 
 513.67102  42.706284 
 619.94476  43.096298 
 286.76279  48.268372 
 506.87512  49.236774 
 279.60959  52.659218 
 2.804709  56.585674 
 281.07379  60.860809 
 11.458364  63.481861 
 19.148386  69.232689 
 265.62674  69.543449 
 13.222777  75.276985 
 261.05545  78.990761 
 268.17783  79.192986 
 32.624432  81.5429 
 39.186146  90.089752 
 825.13312  90.295258 
 30.487123  90.716263 
 171.28497  93.068481 
 252.28484  95.271858 
 297.79922  96.057968 
 259.81085  99.231049 
 821.5636  99.275475 
 40.43539  99.531288 
 169.36774  100.48318 
 49.303665  101.33649 
 225.89937  102.33085 
 409.74454  101.8929 
 419.16217  105.55927 
 243.1194  105.55508 
 959.35321  105.78219 
 226.66718  109.67124 
 103.54588  112.11391 
 89.710808  113.5648 
 93.565506  113.21063 
 907.56488  113.60571 
 69.33992  115.34538 
 674.24524  120.87148 
 64.977463  122.4241 
 91.088791  122.62122 
 76.657951  132.51799 
 27.55567  133.65808 
 23.872992  134.62993 
 55.917889  134.72852 
 154.85641  136.95219 
 72.608376  141.36964 
 164.46631  141.45593 
 684.63922  141.27463 
 152.98039  144.86884 
 686.57776  154.49863 
 696.41302  155.23259 
 291.93622  171.8924 
 806.81378  175.32341 
 815.90692  177.51331 
 823.12079  191.54625 
 124.16801  193.97626 
 830.1308  201.53229 
 233.61772  208.91211 
 843.24567  212.09608 
 832.89404  213.00388 
 143.31093  217.23967 
 156.96324  219.12805 
 999.013  222.40138 
 154.60367  226.82951 
 840.20129  230.02176 
 1002.4983  235.49037 
 250.63562  237.12216 
 381.71066  245.32039 
 998.59406  244.49385 
 544.51703  247.07033 
 245.21762  247.6519 
 372.37726  250.02031 
 1010.2203  250.9693 
 207.97592  251.92442 
 380.54657  253.34319 
 397.89609  253.82513 
 841.50238  257.87433 
 1006.5962  257.81766 
 205.92043  259.61334 
 950.58545  268.16022 
 545.26178  270.37982 
 207.74658  272.51172 
 839.216  275.61755 
 554.61737  277.5177 
 970.1759  278.57272 
 205.0649  280.43994 
 368.70709  282.18762 
 418.5954  283.29245 
 179.67661  283.63846 
 808.65369  283.53241 
 427.83835  285.4201 
 823.51257  286.75092 
 195.91985  288.27759 
 250.66797  288.88715 
 981.86041  288.349 
 434.48364  291.4429 
 836.95947  290.97366 
 562.18658  291.72388 
 263.15527  296.423 
 977.26239  295.84775 
 285.21744  298.05627 
 60.243546  299.62454 
 1007.7798  303.28021 
 745.97607  308.01285 
 798.19641  309.20392 
 360.82544  315.95691 
 1017.6857  320.345 
 790.28198  321.69202 
 375.77118  327.42139 
 813.02075  327.0285 
 998.08398  326.53302 
 412.41718  329.67416 
 831.67444  338.79803 
 396.49216  344.7077 
 367.23376  350.55396 
 398.54831  353.47836 
 93.793907  368.81174 
 106.35828  368.80576 
 775.54791  373.13376 
 100.95031  377.33646 
 1015.1075  377.07898 
 418.65555  378.56827 
 562.94617  379.23215 
 86.550453  380.07959 
 567.8139  384.02429 
 1014.4634  385.08179 
 420.5954  386.81265 
 788.75061  391.4238 
 1009.0623  394.84689 
 126.91907  397.75848 
 118.2586  398.64099 
 555.90723  398.35739 
 110.39728  400.82101 
 1007.3336  402.64124 
 552.96429  406.57025 
 1014.744  406.84985 
 126.88422  407.72873 
 107.41333  411.03302 
 1011.1425  414.62637 
 112.2588  419.85446 
 880.03461  432.2807 
 310.45959  451.185 
 936.49994  460.97247 
 305.69632  462.09695 
 231.42415  464.57272 
 476.41891  470.15842 
 307.11273  471.19656 
 941.47961  470.70593 
 466.70395  471.47699 
 300.44662  476.36798 
 929.42194  485.32693 
 299.73013  490.41678 
 867.44849  490.15677 
 923.80737  492.11456 
 293.36523  500.46841 
 35.737637  502.70856 
 291.37994  509.29953 
 300.01459  513.51483 
 41.377769  514.27704 
 298.55112  525.65076 
 827.45093  527.56348 
 493.43488  528.47546 
 872.75647  527.68915 
 62.558064  528.62744 
 805.71729  529.91248 
 49.967617  530.46063 
 844.42316  533.47443 
 779.55414  535.40289 
 62.638409  536.84973 
 861.42786  545.26056 
 308.42828  547.51465 
 879.33575  558.16541 
 317.08023  559.85327 
 324.02039  565.84802 
 310.37146  566.64648 
 45.56002  572.68579 
 316.17499  575.10229 
 899.2699  577.42908 
 306.69406  578.84283 
 891.45782  581.46906 
 948.06946  590.40375 
 897.61005  591.27271 
 311.88205  600.31622 
 908.25836  600.61182 
 705.93164  602.03809 
 333.79578  603.00616 
 470.11758  604.55878 
 701.59485  609.88977 
 904.27106  609.39703 
 912.20569  612.18329 
 464.45596  618.86761 
 948.8465  620.75104 
 711.22046  627.23053 
 951.15228  628.19464 
 461.19626  629.92859 
 482.07529  630.55676 
 353.48099  634.56909 
 332.79767  639.60681 
 460.50702  643.65948 
 908.59332  645.21698 
 624.95642  645.70166 
 448.12625  647.94794 
 107.88586  651.45117 
 451.39081  655.6377 
 906.80798  661.98248 
 134.80394  666.27515 
 127.42989  668.52625 
 104.09575  681.54688 
 117.92097  686.92822 
 785.37286  686.76825 
 314.87668  688.37457 
 795.10181  687.90283 
 99.530998  689.36621 
 658.5238  688.4903 
 659.94446  698.44 
 113.70078  700.01367 
 448.45822  700.85565 
 676.93091  706.28082 
 949.4306  712.28345 
 452.92975  718.08929 
 169.32809  721.24823 
 465.11728  724.22864 
 155.58482  725.6062 
 487.89334  727.76007 
 923.1192  730.01801 
 492.7308  735.35651 
 17.618191  741.48987 
 724.85242  744.37292 
 507.40588  746.5434 
 738.82611  750.32336 
 13.405175  752.61829 
 753.04047  753.44763 
 503.40082  754.53998 
 514.05188  761.68341 
 779.90417  764.93976 
 517.24902  770.56049 
 805.44775  778.2323 
 307.45612  779.47681 
 43.020699  784.84576 
 516.71405  784.41412 
 966.34064  785.3808 
 207.23824  790.81128 
 38.151031  792.65582 
 518.8797  795.90076 
 554.97742  796.47137 
 1020.9251  796.89142 
 527.31451  800.78552 
 1014.6274  802.25171 
 88.951279  819.48712 
 100.36112  824.90283 
 540.26654  827.23114 
 1003.4051  826.91223 
 401.44247  829.9494 
 96.401634  832.68842 
 579.06195  835.45435 
 9.8167524  837.16516 
 918.87384  837.68396 
 548.61353  843.15912 
 565.73157  842.74951 
 667.64752  844.24585 
 6.1434183  845.59979 
 576.89252  846.53699 
 912.89905  846.24548 
 393.8761  846.90961 
 663.80182  852.18805 
 922.76923  856.02551 
 92.476974  857.5686 
 598.625  861.00726 
 459.06696  866.40051 
 236.05777  868.98883 
 601.27057  869.36578 
 128.44208  869.46936 
 137.09412  871.60333 
 245.25598  873.61426 
 926.45398  880.05304 
 137.10158  880.66956 
 146.79143  885.52039 
 821.90613  888.15637 
 926.50958  893.65729 
 474.11478  894.83423 
 147.76859  895.99658 
 923.35535  906.0097 
 938.16107  908.07123 
 134.9715  909.77985 
 929.62408  924.02435 
 596.62531  939.26373 
 147.92984  944.50403 
 312.08762  947.01605 
 34.163097  949.49951 
 938.96838  949.48175 
 47.18837  950.36633 
 607.82159  953.94775 
 54.485161  954.65454 
 933.08698  957.12079 
 35.614285  959.43994 
 524.19928  960.22675 
 603.7027  962.07123 
 655.77075  963.51855 
 521.5434  968.30872 
 685.62817  969.80133 
 28.505772  972.50983 
 939.68958  972.22681 
 655.38135  974.64685 
 54.023567  984.40479 
 828.31403  983.85291 
 720.01447  986.04657 
 30.491985  989.01288 
 718.35938  993.89392 
 936.93738  999.14874 
 424.37476  1001.4159 
 740.88159  1002.0876 
 789.547  1006.9817 
 737.15802  1009.514 
 623.98505  22.602365 
 279.83765  27.004068 
 498.46622  42.336109 
 514.47412  43.00531 
 3.482913  57.637951 
 265.80133  69.517082 
 12.837181  75.239258 
 300.88965  82.069031 
 39.21796  89.416122 
 28.239103  95.35022 
 49.477482  101.39616 
 225.23076  110.12959 
 104.33191  112.15852 
 67.882225  113.8357 
 908.01813  114.85072 
 127.6059  135.39171 
 154.71072  136.51372 
 165.06219  142.07181 
 697.26398  155.16603 
 805.01868  158.21317 
 806.3468  175.92712 
 816.45276  176.63901 
 124.92454  195.3423 
 830.41687  201.3168 
 234.14326  207.59567 
 998.37305  222.86853 
 1003.0771  235.69032 
 250.73355  236.73631 
 381.22977  244.35835 
 208.6619  250.61304 
 1015.1317  266.31104 
 545.11115  270.92078 
 208.4119  271.84979 
 554.79047  277.25381 
 204.92738  280.68335 
 178.854  283.82367 
 418.0202  283.5517 
 285.12823  298.01096 
 445.61136  304.8891 
 746.05377  307.58102 
 998.06824  326.61319 
 831.22888  338.2547 
 397.02853  344.01892 
 397.84698  354.3219 
 106.79582  367.80283 
 1014.1771  375.5737 
 1014.1774  385.45654 
 421.61459  386.67792 
 788.71936  391.66824 
 117.09268  397.83505 
 1006.6335  403.17419 
 553.36255  409.69019 
 1010.5134  414.97839 
 305.3522  461.61899 
 477.10995  469.53751 
 466.5119  471.37216 
 31.878159  488.57916 
 36.898937  502.22763 
 290.38989  509.58881 
 300.2963  513.7749 
 901.40625  513.91187 
 297.49005  524.75897 
 502.32751  547.13171 
 316.37573  559.12787 
 324.88742  565.534 
 309.47711  565.72174 
 483.68304  574.86517 
 901.58472  576.86877 
 891.09808  581.50012 
 916.49768  637.70398 
 908.22614  644.81549 
 906.84766  662.22064 
 104.30608  681.58362 
 98.791794  689.40643 
 101.0591  704.17456 
 878.55414  708.07178 
 950.09143  712.37952 
 872.4834  715.49426 
 155.52896  726.07611 
 744.96716  742.02051 
 507.29919  745.96429 
 514.12769  761.05774 
 44.692394  783.30365 
 966.78973  784.95215 
 554.6568  795.98431 
 88.82386  819.75098 
 101.17335  824.85034 
 667.40479  843.93744 
 7.7437797  847.17834 
 912.88586  846.58734 
 393.93091  847.90759 
 922.354  855.68604 
 459.41129  866.86023 
 599.83453  865.16901 
 236.25574  868.97748 
 128.25037  869.57587 
 926.70331  879.89948 
 136.76343  880.60394 
 474.23721  894.96674 
 927.27856  895.10925 
 938.66669  925.92987 
 342.76904  927.06665 
 604.16443  931.66681 
 55.975449  955.11407 
 843.74127  960.78503 
 521.97772  968.50287 
 686.12439  970.0943 
 28.270494  972.73578 
 717.7254  995.30139 
 938.16681  1000.1306 
 741.28229  1001.5872 
 790.54083  1006.2953 
 737.01178  1009.9255 
 54.136684  1013.9845 
 344.89709  4.6958823 
 610.61359  4.5092373 
 576.94342  9.4678392 
 600.69409  10.554107 
 501.38312  11.419569 
 559.86578  14.082861 
 414.67697  14.821976 
 716.25879  18.028467 
 330.64511  18.477402 
 306.38098  20.51771 
 609.51471  25.576633 
 971.44763  25.905596 
 510.77054  31.049866 
 527.00641  33.882206 
 274.36362  35.52705 
 319.68427  37.29845 
 972.56854  39.716331 
 618.82916  43.437832 
 488.33926  48.859539 
 631.26776  52.237572 
 300.42899  55.551407 
 641.43945  62.58448 
 13.795683  64.128014 
 280.5123  63.809811 
 426.29306  74.850182 
 263.60745  79.851845 
 21.543396  80.640785 
 654.19196  82.562691 
 253.3513  94.483658 
 36.86974  100.42861 
 408.27881  100.86263 
 823.71277  100.90336 
 387.71402  102.10768 
 419.96951  107.19761 
 895.07147  110.95168 
 91.681313  112.60522 
 674.06403  121.98112 
 89.697891  125.69537 
 75.235466  130.54524 
 57.345432  133.76237 
 25.684534  135.29967 
 685.31317  140.93303 
 684.94421  153.59529 
 292.29703  169.4556 
 869.51971  170.86646 
 190.4402  184.24402 
 303.46216  193.26086 
 382.69809  198.53426 
 375.96631  199.56433 
 122.42332  208.13216 
 159.40424  208.65909 
 922.82617  208.92401 
 828.59924  212.70998 
 844.95667  215.62802 
 143.83624  216.61206 
 837.89758  231.0605 
 178.60381  233.91678 
 839.54114  244.22697 
 541.31702  246.11739 
 999.03113  247.67986 
 247.80722  247.97993 
 592.28094  255.45129 
 402.97067  256.8111 
 1004.2612  256.77551 
 203.41183  260.11136 
 188.52106  260.50003 
 951.76605  268.3237 
 809.99207  270.20465 
 840.94879  275.42084 
 969.03986  279.5849 
 371.97961  279.79745 
 806.7641  284.23856 
 430.2605  288.17838 
 981.80322  288.71921 
 250.08249  291.32654 
 561.69165  293.20255 
 1012.1556  293.05258 
 60.453007  300.79034 
 140.88672  301.92511 
 363.15829  302.05786 
 554.6261  305.89728 
 92.833206  310.09824 
 798.38013  309.57358 
 1005.7365  315.56491 
 359.52206  316.20493 
 441.97348  319.32687 
 789.28912  321.07068 
 412.85147  326.58334 
 376.95059  328.12296 
 369.09818  350.00131 
 871.64606  366.63675 
 92.951736  368.39822 
 776.66443  373.56821 
 418.18613  375.05084 
 99.601509  379.81482 
 87.571449  380.8909 
 563.52185  382.24518 
 217.06708  383.69626 
 230.85709  392.74341 
 128.48833  396.28943 
 555.56134  395.54456 
 219.47595  419.66656 
 113.36472  422.72714 
 185.32687  427.60779 
 198.76353  427.87735 
 315.57532  437.89532 
 206.85651  445.36108 
 309.79745  450.79062 
 197.55533  452.36844 
 217.91605  464.58212 
 234.2576  466.60712 
 941.6405  470.33185 
 7.718523  471.3027 
 309.30487  473.29037 
 875.21637  473.31577 
 869.19275  488.17688 
 311.96829  488.57614 
 919.36206  489.46262 
 298.33505  489.65967 
 364.0719  493.46829 
 26.190094  498.79813 
 878.36145  500.64178 
 965.00342  501.06885 
 952.59192  508.57336 
 41.616817  515.36188 
 974.89288  519.6709 
 815.31171  521.64941 
 307.3049  528.6532 
 827.5423  530.34705 
 844.00641  534.72412 
 498.75204  535.69507 
 779.37476  535.81378 
 318.47635  537.62622 
 517.41003  538.82422 
 306.42059  544.04028 
 877.97247  557.39429 
 966.0741  556.95331 
 862.70935  560.14636 
 879.86859  570.10535 
 46.328949  574.09363 
 318.17084  577.60425 
 450.53745  586.41632 
 41.355347  589.33508 
 896.43475  589.19147 
 557.08215  596.82916 
 906.59662  598.38947 
 309.66794  599.03687 
 335.04675  600.75012 
 469.61877  605.19287 
 903.9823  608.23938 
 464.7739  619.47937 
 464.46591  631.78851 
 333.53992  641.28259 
 458.0354  643.37579 
 622.55304  645.5506 
 451.86905  654.01465 
 915.24774  654.70184 
 721.08905  660.97296 
 138.62375  668.51526 
 647.59662  672.84296 
 136.0914  686.36621 
 791.56006  687.12799 
 314.08841  688.2821 
 658.71271  687.6601 
 769.03137  692.99927 
 961.04681  692.68976 
 122.0358  696.47015 
 664.38403  698.79614 
 448.14001  701.04742 
 789.33545  704.80225 
 689.46942  707.43683 
 889.97595  716.34271 
 456.33957  716.65955 
 166.72031  719.11249 
 922.35052  729.01093 
 491.73257  737.72528 
 17.128639  740.41431 
 739.71069  750.97894 
 13.206219  753.94086 
 503.70035  755.82751 
 776.91022  764.22369 
 759.45526  765.05945 
 304.27148  769.83423 
 507.49826  771.62445 
 231.25403  780.23749 
 516.69574  783.35522 
 912.48035  786.5517 
 438.0134  791.82581 
 38.956127  794.3938 
 515.89624  795.82007 
 930.25061  797.52551 
 557.55231  808.06311 
 526.00458  813.47693 
 541.01062  825.41675 
 1002.6954  825.43848 
 399.17697  829.33026 
 96.911194  834.69354 
 579.51282  835.01807 
 12.226293  836.69189 
 922.27771  837.54065 
 550.75708  843.9718 
 575.89581  846.49158 
 107.98277  854.75354 
 91.82016  858.2782 
 406.87881  863.24915 
 242.00032  865.0434 
 392.46851  867.89429 
 907.34692  874.28247 
 80.895218  875.45135 
 234.02682  880.41162 
 601.79016  881.64709 
 148.45087  885.23328 
 914.17371  885.17383 
 50.706352  890.14502 
 148.12079  898.2276 
 52.720963  902.82941 
 936.99854  907.03534 
 134.91959  909.12756 
 927.76733  921.05243 
 129.02699  924.04333 
 640.14349  934.79395 
 47.956722  939.84137 
 594.71747  939.65326 
 932.49115  939.90442 
 143.21881  941.78119 
 310.73529  945.01752 
 606.40723  951.78094 
 586.72418  958.20313 
 288.63464  958.65948 
 36.158207  961.43903 
 658.8078  962.17181 
 48.111423  966.15735 
 939.65967  971.40533 
 609.5354  973.58215 
 654.62012  975.46655 
 56.814556  983.22571 
 706.73114  982.76031 
 32.727612  988.16028 
 10.818525  1015.4728 
 16.279812  1018.5295 
 710.69598  723.26898 
 501.07614  11.855407 
 304.69119  19.044329 
 510.28268  30.658504 
 622.21832  30.842304 
 319.09613  38.342846 
 17.726696  62.021645 
 425.89224  74.84713 
 16.80559  78.747627 
 262.77539  80.500618 
 26.851511  95.905754 
 25.361122  135.29385 
 802.54572  172.77191 
 239.25906  208.69189 
 922.37872  208.49461 
 121.5182  208.83197 
 823.91895  212.12822 
 844.72479  215.48795 
 143.55856  216.58876 
 177.05763  233.20549 
 377.89832  247.32574 
 249.1042  249.09019 
 403.74408  256.38733 
 810.75659  269.94226 
 838.13208  292.89648 
 249.70071  291.71326 
 1011.4957  292.78262 
 788.16681  320.15533 
 401.80429  341.18512 
 95.548012  394.17459 
 555.62823  395.59665 
 217.15291  464.66367 
 938.32898  487.4397 
 869.0611  488.13388 
 313.35355  491.89447 
 292.43488  490.14355 
 495.36902  532.37378 
 843.71667  534.85663 
 783.12317  542.74811 
 867.65533  543.57568 
 306.79382  544.40137 
 500.87973  550.31805 
 877.73126  556.7171 
 469.89978  604.72314 
 465.16727  619.63495 
 465.66821  632.04126 
 333.17432  638.15155 
 646.46704  671.98938 
 792.44019  687.19391 
 693.71753  704.73132 
 166.99921  718.65991 
 13.473364  754.10712 
 738.91638  754.85486 
 760.46393  766.1416 
 303.68622  769.17444 
 507.539  771.88831 
 515.28381  796.49365 
 525.93878  813.88367 
 541.82404  823.92664 
 555.49261  844.28638 
 7.8913126  852.49408 
 91.334  858.3078 
 241.70612  864.89008 
 52.483177  903.33093 
 134.82735  909.02765 
 129.4313  924.63757 
 49.763622  966.5636 
 654.81464  976.4292 
 788.48645  1019.4639 
 346.10706  6.2046485 
 610.40417  7.5344243 
 412.3125  15.517492 
 334.79303  18.01627 
 717.91455  21.506359 
 642.34058  59.78603 
 216.78735  92.220764 
 254.46263  93.693886 
 225.08943  95.317314 
 33.290176  101.42402 
 243.58723  112.95383 
 814.4715  116.91455 
 152.002  137.94292 
 166.52856  148.58572 
 980.1142  158.82391 
 821.46155  171.7605 
 193.05453  182.58952 
 305.99951  190.12614 
 159.3472  206.98813 
 532.19147  210.25441 
 643.44415  225.60541 
 831.28943  232.63281 
 184.96651  258.5726 
 702.91571  262.76691 
 841.25256  270.90134 
 431.17758  289.03851 
 135.96193  298.59924 
 819.33612  301.42789 
 95.581635  305.40036 
 554.88898  308.38901 
 77.741852  322.4393 
 376.84067  329.58908 
 807.10706  334.6655 
 771.52222  340.90656 
 367.81253  347.88635 
 872.19653  363.31995 
 568.62421  364.82202 
 98.302979  375.98361 
 90.643723  380.91318 
 131.83324  396.46265 
 790.90839  399.03238 
 897.51978  399.87082 
 1006.8192  411.13754 
 191.32724  429.35864 
 938.85938  445.82465 
 236.88371  463.63712 
 914.35266  490.68961 
 966.90424  499.11298 
 976.37219  519.71527 
 856.00543  553.73816 
 746.1944  551.76288 
 860.92444  563.77429 
 881.34485  572.08026 
 305.56409  598.72412 
 908.01349  603.09766 
 895.06219  609.56372 
 710.06793  619.81232 
 719.45007  660.32098 
 959.51892  688.82977 
 667.08978  700.43658 
 785.50665  705.76666 
 452.93857  718.90656 
 460.11142  718.41394 
 753.0451  746.81116 
 735.1239  747.99274 
 233.39555  774.46692 
 225.37534  794.93793 
 82.333496  818.92798 
 106.69003  819.41681 
 578.86371  829.28558 
 924.50586  835.00488 
 577.96814  853.8396 
 108.19324  854.02747 
 931.98578  882.57428 
 601.03406  883.32532 
 235.4558  883.72223 
 661.73669  957.14301 
 286.00201  960.43463 
 683.14966  969.01453 
 941.74036  971.69812 
 59.968052  984.54187 
 922.52429  996.13251 
 737.72675  1008.7232 
 13.378743  1016.91 
 557.91504  8.6897163 
 475.349  54.623859 
 305.99274  59.825691 
 279.49051  60.096104 
 17.727077  87.746017 
 78.240372  129.25876 
 119.11383  218.6709 
 147.53629  239.217 
 537.23364  243.48601 
 380.47742  277.53424 
 431.09576  323.9585 
 125.63486  320.06232 
 103.32573  356.20758 
 535.3042  390.36884 
 315.94968  442.84528 
 188.82532  450.19293 
 10.80863  478.00656 
 45.604229  515.60785 
 804.98547  537.85223 
 876.33508  550.24121 
 662.69373  573.99866 
 894.66388  588.04291 
 917.73828  604.40137 
 905.09723  615.57166 
 136.01648  688.80481 
 776.62079  683.74402 
 449.82007  704.68262 
 923.58173  721.18805 
 484.35492  748.26678 
 769.41858  763.07843 
 506.54703  767.81116 
 758.46112  762.03558 
 139.119  769.78906 
 8.6791468  772.74451 
 513.8335  806.53491 
 74.319756  844.71124 
 388.48547  859.94751 
 129.7748  878.75555 
 932.54242  943.25018 
 635.42645  955.58722 
 657.16449  971.95923 
 929.7832  990.03687 
 341.8941  7.4249496 
 408.35254  7.9091377 
 492.48334  11.007898 
 598.43286  22.690065 
 305.85062  26.000814 
 721.65643  46.592472 
 23.10726  55.434734 
 649.49921  64.038811 
 95.440331  107.24828 
 230.21021  123.52116 
 965.28345  109.0246 
 155.42607  126.87027 
 619.04773  113.62403 
 144.11859  129.04089 
 156.9565  136.4352 
 372.9765  140.06635 
 513.32471  142.19669 
 673.62512  157.46947 
 827.87433  181.06589 
 380.0582  198.70638 
 151.22029  212.89342 
 954.19928  214.33315 
 685.68567  226.8951 
 562.14514  227.00797 
 979.26556  279.1265 
 279.02945  287.51935 
 980.24127  289.63113 
 460.25394  308.11127 
 69.76619  315.09531 
 81.108566  327.20844 
 838.02869  337.14978 
 898.21155  394.59866 
 222.84879  413.37643 
 382.09372  413.79871 
 196.44073  425.18997 
 584.83923  470.42627 
 293.31781  485.32245 
 937.56049  499.29132 
 306.42245  556.59924 
 33.902256  600.51477 
 893.76306  598.85834 
 459.29657  611.14978 
 326.7597  620.27106 
 634.41821  622.46942 
 724.21777  631.23389 
 690.95416  711.2818 
 454.07727  718.70929 
 750.73865  735.18158 
 751.31982  743.87213 
 716.45599  754.05566 
 517.98138  747.77032 
 402.47711  766.24298 
 915.89154  784.22369 
 804.60272  788.8349 
 231.64694  800.77588 
 579.44281  825.37799 
 552.2934  835.60754 
 391.22162  848.78821 
 576.5321  847.84558 
 583.73187  855.62213 
 55.126518  884.09308 
 914.08197  916.11383 
 946.10205  907.11847 
 638.97278  936.83972 
 523.82227  954.19244 
 587.28149  985.7536 
 628.37317  993.22272 
 718.09863  992.37189 
 10.603728  1013.3168 
 619.89307  1018.2637 
 801.0257  1011.2197 
 540.1911  35.329529 
 526.90045  74.063339 
 12.543383  86.572197 
 12.558777  91.139359 
 308.71841  183.9184 
 402.33493  256.88242 
 1005.4483  290.51462 
 387.44571  285.47256 
 552.32733  304.19604 
 761.43231  299.83749 
 389.11966  329.92053 
 423.58319  364.55344 
 993.06195  368.07565 
 72.742241  373.40958 
 92.758278  378.13916 
 231.00441  381.55536 
 993.79578  401.45703 
 79.887093  415.54987 
 550.35675  432.86774 
 188.53305  436.16226 
 183.86075  465.82394 
 205.73495  447.85587 
 898.98663  484.36057 
 320.55246  523.00708 
 29.945696  545.03864 
 532.67413  547.21594 
 698.68781  568.02893 
 682.1911  609.29559 
 922.93433  601.828 
 875.08752  596.90314 
 446.67807  607.51855 
 12.812009  614.23376 
 885.12366  624.26355 
 707.06342  653.75238 
 449.68225  648.50586 
 778.76385  691.56268 
 702.34161  697.12701 
 700.67584  743.00854 
 238.54874  765.62836 
 758.41144  774.75446 
 12.616175  777.60693 
 417.20477  777.76837 
 542.64417  788.97638 
 1007.7138  816.0697 
 595.22217  885.89514 
 931.08923  901.03253 
 656.3446  944.48431 
 688.79865  969.28094 
 55.779892  987.17712 
 804.04041  987.8941 
 920.55011  1006.2924 
 620.31329  4.9543476 
 327.26059  17.541483 
 598.49829  29.220528 
 30.503765  68.480247 
 233.30434  88.897453 
 94.959381  100.58639 
 881.32654  100.59066 
 751.09802  102.09263 
 70.156555  110.4072 
 959.90674  120.33499 
 796.77173  128.50969 
 649.24707  143.97481 
 666.98602  162.06642 
 372.74649  180.04596 
 666.36816  190.36111 
 838.91022  189.98027 
 846.67444  258.49573 
 993.44501  285.05573 
 267.30643  285.53049 
 574.28357  395.37018 
 421.47852  413.97327 
 35.379765  445.0275 
 230.56779  453.67709 
 15.045373  485.14172 
 8.5514078  504.41309 
 823.48956  545.21002 
 652.13495  575.91815 
 314.52591  608.53522 
 44.364841  607.17297 
 594.28815  614.74219 
 136.24706  699.83032 
 456.40524  702.50995 
 713.34143  713.96448 
 678.77209  727.14069 
 750.09186  738.12567 
 884.03754  731.3092 
 698.32648  737.96149 
 716.41956  737.19269 
 819.81049  767.05725 
 952.49792  775.20532 
 289.71524  783.02673 
 786.29724  793.67615 
 107.68016  798.13812 
 116.81646  841.75812 
 656.79626  1009.0551 
 650.98456  58.795139 
 977.14197  76.964104 
 391.87732  105.24758 
 687.70386  118.29815 
 39.879112  172.93803 
 855.80261  197.25244 
 980.79218  240.15218 
 526.41669  251.92197 
 398.64502  283.08554 
 534.34424  307.24838 
 970.89117  318.18594 
 382.79785  336.31393 
 409.72229  365.84515 
 986.76892  388.43704 
 197.96021  397.57306 
 528.91864  419.99744 
 135.10129  427.30087 
 201.49469  471.30573 
 968.71191  487.69678 
 928.80121  505.7034 
 866.17566  535.05127 
 802.12695  549.40076 
 35.793671  552.07294 
 928.18457  598.0517 
 444.43301  611.21667 
 17.592789  622.4267 
 692.44373  651.12329 
 448.90643  664.35443 
 752.68481  779.09326 
 926.96442  822.36334 
 523.01959  867.61243 
 900.22546  890.35785 
 595.22253  895.6701 
 952.10254  904.52203 
 502.76755  908.10913 
 907.6709  926.01892 
 588.86407  929.32581 
 634.11884  933.91675 
 651.18854  934.11755 
 568.02209  943.47803 
 516.54175  954.5625 
 806.14471  1006.5371 
