 832.21539  4.6914701 
 648.1402  9.3603296 
 878.44159  9.9200478 
 653.18829  13.805103 
 659.1521  23.688049 
 677.63342  31.104397 
 417.84436  76.268082 
 402.40298  81.957916 
 373.66901  82.608009 
 390.48569  83.037315 
 962.74335  86.883667 
 970.88159  87.83622 
 964.66559  93.349823 
 984.69  95.76371 
 992.08319  99.136879 
 978.18372  115.01836 
 982.14545  114.67217 
 950.4754  118.30181 
 989.07758  117.83241 
 680.86121  118.94463 
 968.39783  118.91795 
 483.75998  121.37585 
 977.82507  121.46611 
 986.99701  129.61984 
 996.03857  135.82916 
 698.87683  138.28571 
 989.91663  144.57378 
 100.73699  148.8051 
 993.15485  151.90649 
 627.2049  154.40787 
 277.98047  178.10287 
 290.1868  182.40422 
 831.88562  190.35641 
 809.24359  193.46252 
 1003.6462  196.26271 
 72.703918  210.41342 
 1013.2076  214.49078 
 762.83649  218.08546 
 826.69458  235.32236 
 839.33362  245.37381 
 98.604324  270.60281 
 106.24512  277.62198 
 108.87785  285.25922 
 99.377769  288.88428 
 329.98181  358.74817 
 429.89917  399.29236 
 422.25839  402.31018 
 865.93622  406.40186 
 842.77057  424.71201 
 993.28198  432.13629 
 833.58063  434.64258 
 763.20514  466.39438 
 272.38678  472.17154 
 5.7809758  486.01758 
 216.29701  502.88214 
 29.192738  523.67737 
 350.95139  527.34021 
 318.79102  530.93164 
 20.686327  538.94666 
 25.805044  542.15173 
 877.9361  543.15643 
 883.31842  551.18951 
 15.907897  555.05499 
 21.381189  557.58099 
 143.2679  601.64264 
 580.78613  606.92706 
 975.1496  614.81256 
 588.63226  615.49921 
 201.47957  620.02527 
 602.10278  622.16766 
 17.022411  628.27563 
 697.9939  633.58307 
 713.83289  633.76721 
 9.476573  635.11249 
 701.24817  639.07983 
 688.05164  640.99109 
 769.8067  643.91156 
 751.47021  644.52545 
 141.19456  649.45483 
 138.0898  654.38593 
 359.17209  656.42572 
 152.92358  657.03467 
 158.19911  662.51208 
 366.23328  666.28284 
 661.30731  667.41241 
 380.15582  668.77075 
 373.52737  669.77893 
 160.61481  674.68597 
 86.561867  679.43146 
 72.93457  685.30548 
 148.51936  685.3241 
 407.37213  697.28522 
 400.01413  701.67865 
 467.6123  723.44745 
 906.77124  726.48547 
 791.35107  735.96252 
 221.22516  789.84851 
 217.9095  796.69794 
 210.96112  798.27783 
 214.63127  804.08228 
 223.0421  812.98108 
 186.38788  813.84973 
 309.25116  914.09015 
 601.66431  915.75427 
 278.96072  920.55029 
 456.30164  923.49786 
 168.27246  933.67548 
 173.94109  938.06183 
 467.02579  941.4881 
 159.29378  944.20013 
 331.19659  946.82849 
 454.51151  950.91907 
 475.94949  951.55792 
 959.91479  953.31299 
 459.99817  958.09619 
 951.1795  969.69061 
 652.73694  1016.1966 
 644.7688  1021.2284 
 330.3992  5.3072257 
 832.23218  5.5573664 
 69.646072  6.5681496 
 647.28223  9.2752914 
 877.96783  9.580781 
 520.65472  10.6925 
 889.44476  12.483004 
 653.65662  14.026137 
 880.66394  17.68041 
 903.65759  18.083017 
 868.01178  23.388903 
 937.52325  23.641302 
 659.54138  23.387882 
 672.74402  24.621998 
 847.57043  24.560753 
 665.30402  29.10671 
 303.79865  30.388899 
 70.470917  30.662968 
 677.68823  31.477562 
 309.93423  38.259846 
 66.503708  61.893673 
 418.44818  75.704659 
 374.60883  82.188065 
 402.7272  81.491516 
 425.91135  81.82795 
 390.37906  82.842087 
 414.08569  85.191025 
 962.1394  86.082565 
 431.90726  87.661705 
 971.37854  88.458649 
 965.19928  93.925545 
 984.5791  95.78112 
 457.43704  100.15215 
 991.38129  100.31853 
 957.22083  109.63396 
 470.76691  111.40623 
 981.33527  114.0369 
 124.18111  117.76962 
 940.73486  118.29862 
 949.77625  118.35089 
 965.57281  118.33356 
 989.46222  118.02947 
 680.51868  119.26611 
 691.41602  120.0576 
 483.70038  120.65329 
 112.6938  126.65447 
 126.67821  126.81564 
 473.17105  129.86983 
 988.59723  131.31464 
 997.42609  134.5699 
 697.9516  137.6548 
 463.1181  141.44936 
 1004.1204  140.71983 
 989.40338  144.82729 
 700.97882  145.85506 
 100.84776  148.84201 
 522.4425  148.90765 
 1002.4333  149.49954 
 992.4823  152.41014 
 627.36011  153.92096 
 502.97775  159.33455 
 806.17175  160.79056 
 479.66232  163.57565 
 296.10077  173.94463 
 798.40564  173.98355 
 157.17181  175.20107 
 486.80368  176.31381 
 255.08698  176.5407 
 277.7182  177.4091 
 109.12545  180.28941 
 120.12608  183.45068 
 290.10211  182.60986 
 101.20936  185.02362 
 160.53957  184.41623 
 24.961994  185.40916 
 40.02253  188.01796 
 825.04187  188.66945 
 92.56517  190.22668 
 832.58923  190.33847 
 84.765129  194.15192 
 671.38232  193.69354 
 1003.4785  196.0069 
 36.378983  201.11548 
 452.40475  208.2831 
 706.39301  208.00281 
 762.63226  209.89288 
 72.512794  211.62473 
 1006.6696  210.92557 
 546.59442  212.70155 
 787.13715  213.45955 
 62.150089  214.27812 
 1013.6954  214.21683 
 524.20721  214.50554 
 799.40649  215.89212 
 735.78778  217.61128 
 762.67346  218.63588 
 792.66498  221.66821 
 1015.211  222.42834 
 104.71371  223.50737 
 803.2326  224.16637 
 715.94745  226.53249 
 834.68671  233.10593 
 697.32104  235.51985 
 826.20923  235.53583 
 839.93396  245.4729 
 683.6637  247.10956 
 976.46783  255.09889 
 104.99432  261.8382 
 674.74213  267.31522 
 98.366844  270.55118 
 74.9711  272.0415 
 106.8746  276.53995 
 95.876091  279.81616 
 109.32704  285.58887 
 99.35022  289.19461 
 666.59436  292.44754 
 866.16205  293.99759 
 100.36221  298.66632 
 868.84717  301.85559 
 998.16644  323.03961 
 1015.6397  329.00003 
 1002.6887  332.47888 
 33.361362  346.66809 
 299.2403  351.83078 
 806.26434  355.4491 
 330.42752  358.3143 
 346.69556  358.9462 
 320.34488  362.99738 
 800.55603  362.78601 
 96.328041  368.78015 
 114.0616  389.46021 
 687.58398  389.39038 
 106.4666  395.87167 
 692.09216  397.33841 
 429.02603  400.04169 
 423.12708  401.97345 
 865.66925  407.01788 
 435.89175  417.69821 
 440.44577  424.52289 
 842.44629  424.38416 
 993.21973  432.15521 
 832.99969  434.80191 
 6.1867642  450.43298 
 762.97412  466.72318 
 11.263988  471.18771 
 274.17792  471.96155 
 738.54022  473.88348 
 172.55022  476.21622 
 747.63196  477.95193 
 267.78574  478.99695 
 684.763  481.41101 
 231.83292  482.16037 
 6.436275  486.66428 
 216.47421  491.99405 
 222.82478  496.91446 
 215.82275  502.33292 
 5.9361205  505.15146 
 15.846587  507.15491 
 304.80969  507.7579 
 11.487722  513.58887 
 241.54193  521.75525 
 458.49927  522.55133 
 28.627956  524.82391 
 349.95627  526.46179 
 21.701286  528.81427 
 309.7532  528.94934 
 358.14468  528.17297 
 240.76697  531.01215 
 318.41055  531.39722 
 454.51816  531.55994 
 107.8028  533.17511 
 517.81964  536.81677 
 285.4657  537.73169 
 537.83508  538.93091 
 25.682667  542.47784 
 878.10632  543.6394 
 267.0802  545.30914 
 882.815  551.1814 
 14.473199  555.54675 
 300.11975  557.28082 
 21.661665  558.20813 
 995.29895  591.37476 
 571.7782  595.1153 
 600.36163  597.52472 
 110.76112  602.14624 
 143.52655  601.4599 
 581.13416  607.06647 
 150.0975  611.50146 
 858.12488  611.73431 
 866.53369  613.95844 
 975.69031  613.58704 
 589.60309  615.45844 
 825.99207  616.11707 
 780.41864  617.44409 
 985.28619  619.52832 
 201.3893  620.20001 
 600.53882  622.93713 
 834.74512  623.48633 
 189.07069  627.5069 
 17.735533  628.22852 
 826.0376  631.12091 
 9.4442158  633.96777 
 713.49792  633.65002 
 598.00531  635.99292 
 729.37659  635.54791 
 606.4353  636.85291 
 739.29315  637.26141 
 14.973088  639.92047 
 687.29089  641.31067 
 696.43658  640.75555 
 718.02161  641.31549 
 135.08539  645.7851 
 750.88544  644.45258 
 770.23676  643.59363 
 799.41644  645.79865 
 817.71521  646.23303 
 761.56061  648.39801 
 140.94028  650.97339 
 943.13531  650.59021 
 924.8736  652.72034 
 152.84178  656.29852 
 358.85669  656.48511 
 948.09491  657.97815 
 672.75549  659.40082 
 644.54974  661.59918 
 158.38445  662.63879 
 366.12366  666.29626 
 661.49261  666.82941 
 374.77072  669.599 
 81.938919  673.15198 
 160.54138  674.51605 
 375.85229  677.85291 
 86.768578  679.4754 
 73.003258  684.51178 
 148.52127  686.40546 
 387.45465  685.70856 
 43.109177  689.46338 
 393.319  696.18225 
 268.40088  697.54034 
 407.69827  696.76581 
 399.66455  702.29974 
 465.37665  701.34729 
 417.70956  704.37219 
 456.3638  705.34222 
 441.42294  706.65405 
 539.47028  710.86157 
 502.17245  712.26031 
 459.28937  714.46259 
 469.16849  713.6814 
 467.56747  723.84113 
 906.77734  726.14746 
 488.50015  729.79578 
 534.30859  730.70197 
 912.46643  732.19519 
 792.81097  735.33203 
 825.13116  736.75433 
 732.87347  767.29187 
 566.62225  771.6239 
 743.10345  782.47955 
 220.77509  788.93542 
 185.55524  792.43231 
 229.59589  794.0542 
 217.29617  796.86035 
 102.84605  797.58154 
 190.19301  801.06317 
 179.57829  803.17377 
 215.63344  804.81604 
 222.80916  812.40375 
 232.73552  812.55688 
 186.16113  814.1571 
 641.82318  823.58624 
 892.54358  833.03217 
 789.28442  903.20313 
 302.19174  910.08337 
 267.59033  913.25909 
 309.29654  914.2923 
 522.42493  914.08142 
 601.64655  915.70728 
 456.87823  916.40234 
 265.99649  921.07928 
 279.14044  921.28241 
 297.38196  922.23602 
 455.66238  923.88574 
 519.5639  927.82721 
 683.52246  930.02539 
 184.39172  931.0423 
 430.97318  932.26855 
 166.57889  934.18677 
 1015.4079  934.84833 
 175.1935  938.0401 
 325.67484  939.67322 
 466.90356  941.27075 
 138.20311  942.5304 
 151.30589  942.48468 
 1018.251  942.75531 
 93.400307  944.37244 
 160.07495  944.25677 
 331.42807  946.53534 
 455.02606  950.60614 
 476.14853  951.37488 
 958.74933  953.91779 
 459.99252  958.52234 
 950.64679  969.87683 
 954.32123  977.61542 
 934.64148  1002.3218 
 932.92303  1011.0761 
 949.49847  1013.1578 
 653.45135  1015.4188 
 636.4809  1016.8288 
 955.07483  1018.9807 
 662.80811  1019.77 
 630.4978  1021.2308 
 644.31439  1021.0751 
 69.086838  6.5438409 
 878.10889  9.2398024 
 521.35699  10.676959 
 653.93829  14.420412 
 869.11755  21.928169 
 677.77466  32.392712 
 66.34903  62.207859 
 403.03177  80.961906 
 353.02451  81.88559 
 374.17569  81.35704 
 431.06403  91.490761 
 989.92926  118.01473 
 1004.2573  140.509 
 988.77222  144.42592 
 100.95915  149.14145 
 521.72516  148.67606 
 991.43823  153.91983 
 501.83606  163.29254 
 144.74994  170.66989 
 296.08908  173.59831 
 708.53436  176.45688 
 255.1147  176.61453 
 26.977573  184.71989 
 1003.9896  195.91777 
 452.26987  207.89188 
 763.31244  208.96902 
 546.90625  212.71492 
 1014.4568  213.19826 
 785.14233  213.60136 
 869.80194  215.47827 
 773.92987  218.19121 
 762.23486  219.11612 
 791.53815  221.94676 
 823.77423  225.21782 
 825.85815  235.52289 
 840.49078  245.45438 
 675.20062  267.50241 
 107.41322  276.11688 
 98.935516  289.37158 
 865.63678  293.44217 
 869.41016  302.06857 
 1014.9058  329.15079 
 330.34082  357.93137 
 320.5741  363.27734 
 691.68713  397.92023 
 865.38263  407.36652 
 4.0582967  423.04736 
 842.30084  424.48071 
 441.29984  424.85696 
 828.14624  425.18591 
 832.97845  435.03387 
 299.97391  466.7963 
 738.72772  473.51038 
 267.80664  479.46906 
 215.66879  491.96503 
 458.49051  521.92273 
 358.49875  527.90149 
 309.20847  528.51819 
 318.83081  532.04944 
 454.39954  531.62518 
 517.34381  536.83484 
 538.00446  538.76202 
 877.98096  543.61127 
 996.26794  590.8656 
 109.89407  600.95026 
 143.25478  601.28595 
 213.78252  602.0163 
 862.22937  613.89166 
 779.99481  617.54675 
 599.07849  624.26807 
 712.60858  633.39722 
 8.8635712  633.74652 
 729.41608  635.13995 
 718.50806  641.35236 
 770.92346  643.49609 
 922.18805  642.57855 
 134.25166  644.94635 
 948.37189  657.84448 
 158.44218  663.01379 
 365.55176  666.4184 
 40.101963  680.11407 
 376.58957  679.59937 
 386.99335  686.21735 
 148.24443  687.12769 
 408.13617  696.64813 
 465.49597  700.81549 
 399.53967  703.05481 
 416.37784  704.84613 
 455.38336  705.45435 
 501.10925  711.83496 
 457.92139  714.88043 
 912.65448  732.17114 
 793.5788  734.88513 
 825.28589  736.69293 
 304.25082  743.71039 
 731.89917  768.51074 
 744.13837  783.02551 
 185.25447  791.51013 
 103.41277  797.75397 
 787.0863  866.49658 
 519.44916  928.01184 
 185.5448  930.6543 
 166.68629  933.77618 
 1014.1554  934.2337 
 175.70432  938.16321 
 150.43436  942.69598 
 160.01137  944.30487 
 96.715454  954.73126 
 459.88095  959.4599 
 473.29214  964.49548 
 950.43079  969.3974 
 653.86407  1014.5101 
 644.26831  1020.2647 
 663.06061  1019.9753 
 954.33386  1020.6065 
 536.47473  3.6035068 
 330.94971  4.7634015 
 644.59375  9.7829494 
 833.81439  23.018463 
 935.4079  23.119017 
 43.103645  29.769102 
 70.708191  31.224234 
 395.94852  31.201479 
 312.23447  37.395721 
 422.56351  76.582214 
 131.28111  87.043869 
 186.50845  89.000458 
 362.60895  90.892212 
 971.43195  90.609276 
 444.72089  94.592941 
 956.00073  108.40028 
 471.62173  110.14076 
 980.06891  112.14832 
 730.20667  113.35551 
 750.41394  115.08385 
 930.64075  114.9239 
 122.57591  116.04411 
 483.49527  117.93057 
 948.71686  117.87952 
 691.02655  118.81097 
 964.46796  119.85551 
 111.23849  124.2296 
 125.54436  128.16466 
 566.40161  128.25011 
 730.26428  129.80763 
 987.68561  130.38966 
 452.80432  133.2764 
 482.86374  134.31071 
 777.9762  141.71693 
 462.034  143.26537 
 697.12439  148.32784 
 1004.3902  152.65509 
 111.29298  160.90799 
 480.43253  163.03793 
 188.64784  173.50313 
 211.75493  175.1889 
 152.63316  176.92094 
 277.02237  176.56718 
 485.68118  177.3558 
 660.72455  178.22783 
 173.80594  179.53874 
 1006.3377  180.83411 
 103.49065  182.83557 
 288.68686  183.0722 
 77.973412  184.07356 
 139.34656  184.62357 
 120.21861  184.55385 
 160.0874  185.41833 
 686.70453  188.73436 
 480.21716  190.19633 
 671.23413  191.15279 
 88.15284  193.11427 
 106.81087  200.26675 
 37.023125  200.64343 
 84.249275  208.35846 
 44.53817  212.73088 
 75.012924  214.2861 
 525.10547  214.03952 
 892.97723  213.50948 
 60.375557  214.91566 
 734.63544  218.1207 
 105.34841  222.61012 
 746.81226  223.34077 
 52.266495  226.75195 
 729.55817  231.44153 
 837.46362  234.08742 
 698.40802  236.04822 
 685.92419  248.08292 
 50.800793  253.47168 
 672.27875  254.6554 
 976.63995  256.30966 
 106.17299  260.07941 
 50.575092  262.91867 
 905.31677  265.88272 
 72.368423  271.20145 
 879.27313  288.20645 
 969.30481  292.44611 
 666.42963  293.57571 
 98.950012  301.44501 
 330.55276  315.78091 
 999.73956  320.0835 
 1002.7234  332.9744 
 32.716995  348.05789 
 296.75488  353.84244 
 805.55743  356.46783 
 347.63828  359.88306 
 91.762276  367.82718 
 818.4267  368.24683 
 355.94177  371.99387 
 797.31049  380.08917 
 116.23074  390.22714 
 895.82629  390.17062 
 104.45469  396.99231 
 426.16339  402.49863 
 746.25702  405.7587 
 433.48196  415.59866 
 95.644142  416.62823 
 853.63501  421.10812 
 4.9411473  441.67639 
 772.08215  456.45435 
 11.40012  467.35864 
 277.6373  471.58743 
 719.52991  473.98026 
 749.91498  474.56549 
 310.09122  475.81723 
 314.02554  479.36896 
 34.892834  480.21475 
 235.99068  479.61386 
 683.48175  482.50308 
 8.8960791  488.47144 
 707.4823  491.18155 
 316.32019  493.49387 
 4.948904  503.91769 
 301.90082  506.05646 
 12.528859  511.64868 
 241.31335  518.14136 
 536.24634  520.6889 
 346.44022  526.60944 
 22.233326  528.03082 
 105.82646  531.15942 
 132.04066  534.63507 
 525.59076  536.35303 
 255.6559  536.83026 
 288.20059  537.14838 
 266.35593  546.01038 
 301.60355  555.03845 
 1018.9219  578.75745 
 571.66095  595.45398 
 546.04199  602.91272 
 582.30798  606.48907 
 151.19415  609.41956 
 976.31323  610.46613 
 941.96588  612.92017 
 593.23224  613.90601 
 826.06989  615.26361 
 877.65253  618.4881 
 791.94806  620.87347 
 985.42017  620.79156 
 836.93097  625.62952 
 959.09711  627.16571 
 20.811991  627.83954 
 68.40345  627.7135 
 190.17465  628.1947 
 423.14862  630.85742 
 742.82953  634.64154 
 605.19031  636.2265 
 697.81458  642.81409 
 797.84161  643.9679 
 819.50348  643.75659 
 750.12207  644.60883 
 347.96906  645.76001 
 734.59607  646.78741 
 760.93024  649.29095 
 780.90088  651.04114 
 939.99396  651.06036 
 140.15535  653.56488 
 922.80414  653.82129 
 358.52045  656.47223 
 960.60468  658.24408 
 644.22754  662.67236 
 106.46239  663.64063 
 661.79102  663.78607 
 73.877075  665.1861 
 133.67519  666.8443 
 377.56564  668.70892 
 936.53839  670.83563 
 392.41653  673.34631 
 72.537544  681.99536 
 438.55289  692.24426 
 268.90286  695.68677 
 53.5369  698.03436 
 253.04198  704.52222 
 438.21332  706.79669 
 471.94623  712.84644 
 717.0672  716.76965 
 286.59674  721.22583 
 145.81131  728.35333 
 334.85526  730.42792 
 488.25177  730.89948 
 534.75037  731.5434 
 282.55386  741.03015 
 276.11148  752.59576 
 566.43835  771.34088 
 763.91034  779.53967 
 220.76292  786.47491 
 215.80899  798.242 
 192.48941  802.89636 
 178.3752  803.68298 
 220.9734  809.47858 
 235.98619  811.66693 
 185.2968  814.5882 
 603.49438  890.2843 
 787.63483  903.49933 
 250.94992  915.18274 
 459.9519  914.87628 
 518.92462  914.68689 
 280.24316  921.82703 
 683.02008  924.83319 
 256.97784  926.53235 
 475.14432  925.95068 
 226.19139  928.20496 
 787.63324  928.71332 
 477.44705  941.05981 
 137.89149  943.33844 
 1018.9757  943.49591 
 92.765717  944.42438 
 332.53339  947.24396 
 115.77141  952.23944 
 344.53668  959.90979 
 953.64868  979.23639 
 826.70612  995.8446 
 934.39795  998.31067 
 933.74762  1012.4985 
 213.84584  1018.427 
 942.61932  1019.5474 
 532.63232  7.7104983 
 935.33386  17.648762 
 70.010475  30.637321 
 422.43326  76.334892 
 396.41159  81.921043 
 411.1969  89.204216 
 363.62662  90.919487 
 971.99701  90.884178 
 483.49295  117.83639 
 965.37842  123.45691 
 562.90424  125.45 
 452.59589  131.8298 
 1005.2025  153.39775 
 671.38873  191.70625 
 1014.0844  209.0943 
 728.68701  231.72478 
 697.98425  236.06627 
 672.0863  254.0249 
 679.20648  266.22678 
 93.357368  273.56174 
 98.245163  302.1088 
 806.30963  356.51031 
 90.819679  368.04678 
 818.87097  372.8457 
 433.69223  415.05872 
 5.8067617  443.66968 
 278.22177  471.50235 
 757.24725  470.0181 
 235.94969  479.37088 
 715.59332  498.36996 
 213.33818  494.96625 
 14.941931  510.53848 
 310.35608  522.68842 
 31.072695  541.55115 
 582.06152  605.97058 
 152.37515  610.01965 
 976.06079  609.99261 
 594.72144  612.64801 
 985.57764  621.00629 
 4.9673891  633.34888 
 605.50922  636.60992 
 819.38007  642.17865 
 73.910812  683.69727 
 438.20343  706.63623 
 477.83902  711.7851 
 534.71796  732.35406 
 186.93428  808.84229 
 202.60039  815.95563 
 630.95605  820.87152 
 518.14136  914.85541 
 682.61682  923.61969 
 188.68593  925.03699 
 332.76736  947.19781 
 475.23135  961.97693 
 453.39679  7.7891998 
 875.89862  8.0189981 
 832.19849  21.28916 
 869.24554  22.428585 
 190.01276  86.291031 
 128.30519  89.339478 
 980.36328  109.03087 
 729.39435  110.29115 
 750.16815  113.43608 
 608.20624  122.03705 
 125.67367  133.25363 
 482.45752  140.78436 
 986.99347  162.0976 
 153.40891  169.99503 
 188.08932  169.96138 
 1008.2413  178.31219 
 80.034424  179.48586 
 102.48648  182.30202 
 494.11041  203.17177 
 789.76984  215.50052 
 390.91092  219.91176 
 791.68842  229.53793 
 329.80774  253.77052 
 975.65735  258.79495 
 997.56488  316.81625 
 663.78021  328.94583 
 33.49028  348.66592 
 264.74936  347.77014 
 358.10068  373.92661 
 793.27716  376.27365 
 898.12402  390.94998 
 744.21442  406.43475 
 445.61292  424.3035 
 857.85388  425.90768 
 1005.2088  426.68765 
 812.33173  439.78506 
 511.85703  435.99542 
 817.21436  444.78738 
 798.35181  445.4053 
 673.28174  464.33069 
 217.37015  501.63455 
 105.71986  528.06482 
 521.32581  537.1402 
 284.78497  538.29437 
 298.37  555.00732 
 7.5110345  556.2627 
 27.565649  565.34015 
 366.11069  579.4024 
 994.82117  591.29224 
 111.39754  596.12299 
 1008.9921  611.14337 
 69.101463  624.42737 
 958.35492  626.12164 
 25.863251  629.7182 
 714.76917  634.65125 
 735.15277  646.55127 
 763.37073  655.03662 
 380.01956  660.90332 
 395.29242  674.21729 
 88.404381  686.2663 
 384.25656  691.84686 
 142.36111  731.90546 
 487.8931  735.05304 
 323.7009  745.68201 
 279.8237  747.24237 
 152.94286  754.75061 
 296.94247  760.07202 
 126.20517  770.52661 
 730.45331  775.92218 
 220.76509  782.84619 
 748.73877  786.4718 
 600.21881  886.63934 
 278.8013  919.52509 
 787.94635  929.6521 
 697.23798  935.51593 
 94.106636  938.37201 
 457.52847  942.31281 
 171.73082  942.77301 
 118.57472  952.45795 
 932.33911  995.53156 
 824.57886  997.00793 
 188.5777  1002.7949 
 86.611176  8.7395973 
 636.87671  25.355131 
 321.55563  26.245876 
 313.79803  31.502642 
 997.47095  69.16301 
 10.7322  112.21093 
 796.09686  205.45341 
 735.47827  218.38316 
 888.35345  215.95831 
 727.19958  243.75688 
 899.42108  259.25748 
 951.33099  299.44089 
 832.79541  415.43359 
 862.53772  416.77725 
 832.27496  427.37558 
 832.72974  450.94153 
 175.9949  467.81464 
 709.75012  469.62747 
 311.45438  485.05441 
 10.835822  491.05722 
 34.264061  548.80682 
 8.487463  636.66541 
 354.98517  646.6568 
 98.19426  687.05804 
 131.12901  794.03851 
 172.32848  794.34698 
 242.33412  813.58325 
 613.99957  902.58887 
 173.06609  924.88483 
 958.46063  977.94702 
 209.4021  1013.1883 
 865.72815  5.7889309 
 31.166908  8.839488 
 448.6084  10.665712 
 532.86719  10.610456 
 667.39221  32.831181 
 384.30829  70.781654 
 388.75241  74.134926 
 129.14441  84.397552 
 323.21249  86.476151 
 190.21124  92.568108 
 355.09241  96.139091 
 211.43004  97.143997 
 367.61124  98.031242 
 413.52786  100.55602 
 944.13483  105.52869 
 687.89362  110.45406 
 984.36945  112.80338 
 123.38383  141.98398 
 133.66885  141.18814 
 720.08392  143.44499 
 524.55353  146.90738 
 508.73413  172.17023 
 717.98175  178.42166 
 178.5049  163.35532 
 29.413078  191.46637 
 438.92993  212.46852 
 52.162468  218.00444 
 228.7748  221.12764 
 823.46741  245.40462 
 49.840729  254.45909 
 113.80561  248.02003 
 69.750458  279.06854 
 852.04407  296.96014 
 999.0578  323.14615 
 22.83959  349.9812 
 292.01971  356.93973 
 802.5835  366.21201 
 355.79126  374.35068 
 717.41455  386.61069 
 680.20337  397.70926 
 810.67242  424.08875 
 513.98145  428.83344 
 798.89563  441.72641 
 21.498039  460.38812 
 725.17438  475.40881 
 233.57497  471.20209 
 790.66827  473.63043 
 653.16119  509.57565 
 270.9158  504.22934 
 245.12611  511.22491 
 20.853764  534.89276 
 368.81882  535.84967 
 24.410034  554.612 
 37.334576  556.04578 
 363.94803  577.90668 
 201.37508  602.59045 
 1013.2276  609.04431 
 818.16913  613.34747 
 942.159  615.61493 
 979.2793  619.59515 
 147.67761  620.66504 
 963.63025  628.36737 
 27.691549  636.35718 
 811.26764  639.3689 
 703.87982  641.81403 
 770.60492  649.32166 
 701.48944  655.81061 
 373.22961  659.06262 
 768.99292  659.59076 
 655.24548  663.69092 
 74.677734  671.44525 
 379.03134  689.31293 
 400.08627  711.48877 
 445.80588  713.98322 
 283.48077  715.99878 
 430.98553  716.01068 
 900.18182  717.92334 
 150.87608  753.36847 
 220.12033  790.84888 
 210.41997  820.22729 
 283.22308  915.01447 
 138.15721  942.90015 
 301.04337  938.4682 
 691.51135  941.70148 
 112.54536  952.44434 
 550.36554  965.56494 
 352.79767  968.64233 
 932.91052  12.486219 
 904.28021  25.378071 
 54.148727  27.227821 
 677.9895  166.24074 
 1014.4539  166.52177 
 93.604523  169.341 
 122.98668  197.27313 
 772.57489  221.41429 
 755.12463  244.80533 
 146.68079  288.52621 
 863.56128  329.95834 
 666.15601  338.34695 
 259.28061  343.50494 
 1009.2654  355.86072 
 799.8324  378.92749 
 871.27991  386.67474 
 449.69247  400.17401 
 869.43573  425.81244 
 780.56293  430.20511 
 764.52692  444.88983 
 785.94086  451.13928 
 810.09723  475.89401 
 312.56729  490.86594 
 264.97275  493.6499 
 551.40765  508.67413 
 312.2175  516.15778 
 341.12463  518.49823 
 293.38876  529.66357 
 7.3828425  538.78186 
 148.94128  557.30383 
 1001.164  585.72357 
 965.77448  601.34851 
 577.86377  617.71552 
 12.724996  624.68036 
 598.39746  635.62323 
 868.43652  638.34033 
 991.51575  648.92242 
 666.58862  653.20343 
 426.80197  686.68695 
 484.00723  713.10083 
 321.0784  722.89893 
 505.1181  733.68481 
 283.45654  749.02679 
 303.88  745.92737 
 743.47253  786.84717 
 187.09656  815.51843 
 170.28026  956.54095 
 515.5567  989.56085 
 10.832721  43.880287 
 987.4989  73.777794 
 976.93512  73.829308 
 90.944199  89.43457 
 460.64877  90.762703 
 14.652823  107.87236 
 211.45464  110.4465 
 992.41901  116.00306 
 149.38904  129.19389 
 174.83702  167.01819 
 734.62134  202.96404 
 260.18549  206.1068 
 709.48517  207.35997 
 361.68152  212.67497 
 307.64319  211.67531 
 949.52875  267.83505 
 644.95569  279.79163 
 890.20361  286.3801 
 680.01471  320.23315 
 605.41077  404.81482 
 839.04382  406.71408 
 816.68829  419.90076 
 798.05756  432.41864 
 829.06696  437.58698 
 247.55399  501.49841 
 195.77724  610.31842 
 1006.2137  631.75513 
 1009.3471  637.7702 
 778.02246  649.5921 
 371.98572  654.63776 
 354.13864  656.72772 
 372.73831  669.3277 
 679.78601  686.85968 
 412.00882  721.22278 
 564.55029  774.39636 
 211.84778  836.87579 
 467.0896  833.85333 
 649.22583  845.43256 
 17.855484  845.75 
 603.8136  871.69269 
 129.33784  941.8985 
 241.61847  927.29266 
 298.20587  951.07477 
 363.49164  963.83221 
 214.3434  1009.3905 
 295.17038  1006.324 
 337.29233  1012.8797 
 922.24432  17.874147 
 339.67227  32.140667 
 396.1507  62.087666 
 324.52582  72.320694 
 956.66058  111.98159 
 524.75238  121.24744 
 84.806458  184.49232 
 123.65389  204.09174 
 699.9021  264.69754 
 253.52263  266.72882 
 271.04745  266.35501 
 986.55121  304.36902 
 73.317703  329.56979 
 888.70868  367.20505 
 646.12305  374.72101 
 347.35446  390.47696 
 459.0329  400.70023 
 553.89087  410.37177 
 103.34766  411.42633 
 631.58368  438.88629 
 468.80197  441.16183 
 610.83746  443.08972 
 799.45367  456.91553 
 227.61546  477.68033 
 782.65338  483.686 
 648.51477  491.45798 
 290.37057  532.08844 
 18.423882  527.55988 
 17.806005  548.35272 
 251.26993  559.61224 
 45.052143  560.73401 
 951.03387  608.18561 
 710.888  659.5827 
 656.8551  656.86682 
 906.95819  698.53589 
 270.36362  709.77521 
 266.46262  728.17236 
 321.6012  753.53436 
 183.16893  778.69922 
 212.64406  765.04431 
 239.70915  800.49695 
 193.78798  907.2226 
 192.80844  926.35187 
 173.05498  962.87878 
