[611.53699, 44.215328;
 574.72205, 45.492359;
 618.9566, 53.428135;
 528.43835, 65.249069;
 825.59589, 91.904312;
 551.44287, 110.32681;
 868.77423, 116.07953;
 379.90857, 117.83742;
 572.05151, 164.98174;
 575.25513, 177.49849;
 691.92255, 179.06064;
 694.96185, 186.76865;
 685.89532, 190.36461;
 742.85437, 191.62003;
 1186.3676, 204.99634;
 711.75171, 206.05528;
 1164.3007, 207.77972;
 1173.2131, 210.78139;
 727.6073, 215.38313;
 716.63342, 216.39294;
 1166.2974, 216.56845;
 211.48648, 226.91031;
 638.34827, 229.63135;
 632.89478, 235.9248;
 726.82935, 239.21593;
 637.45117, 249.6433;
 747.61499, 254.15154;
 364.06372, 257.38855;
 644.59503, 258.25418;
 996.75269, 259.09546;
 289.71124, 277.13431;
 357.90775, 287.6651;
 357.06262, 299.02979;
 347.6322, 303.11707;
 341.89282, 310.67856;
 1119.5438, 334.8414;
 478.92346, 342.35266;
 472.45746, 356.77603;
 722.3576, 365.88379;
 445.87323, 367.96066;
 692.90277, 371.1947;
 692.1369, 378.32816;
 299.70953, 419.54984;
 370.43066, 421.17224;
 358.59714, 424.57217;
 73.065285, 448.80627;
 47.124054, 454.51312;
 754.35626, 460.0126;
 357.50287, 549.37231;
 751.04083, 551.05786;
 757.04779, 554.46277;
 296.9353, 572.8819;
 780.08398, 573.5838;
 318.76752, 590.4743;
 69.485985, 591.151;
 776.81934, 595.08966;
 716.31726, 598.5307;
 83.660446, 602.5871;
 167.27448, 615.23364;
 156.61627, 626.33112;
 535.41119, 638.07697;
 1168.9175, 657.02582;
 390.09113, 660.66724;
 693.87946, 695.08093;
 144.9339, 719.16022;
 283.49234, 725.83142;
 708.54156, 756.64154;
 744.75092, 771.40302;
 207.77759, 775.18347;
 95.637642, 783.9472;
 765.64606, 784.36731;
 417.76605, 789.57916;
 174.50275, 824.86151;
 765.69135, 838.97485;
 1311.0944, 863.97107;
 1306.3417, 873.29956;
 781.28937, 890.63159;
 1054.3613, 905.87091;
 1198.9326, 939.87567;
 689.2514, 973.00812;
 685.51605, 981.43817;
 743.71466, 983.07941;
 1247.1794, 998.56122;
 1318.5023, 1030.738;
 177.87723, 1038.4468;
 1313.1146, 1038.9608;
 721.36377, 1060.4241;
 774.65399, 1064.4865;
 703.6236, 1067.0493;
 608.85693, 1087.7744;
 730.65533, 1094.2919;
 711.96021, 1102.9203;
 718.81305, 1120.825;
 1368.3809, 1129.559;
 793.27637, 1131.0586;
 725.38037, 1133.5101;
 110.39323, 1134.2284;
 1424.7657, 1136.2198;
 600.32269, 1164.611;
 726.52057, 1170.3269;
 148.146, 1172.165;
 714.0733, 1179.7711;
 733.96509, 1228.8595;
 735.70288, 1240.7443;
 737.27399, 1245.8451;
 758.58374, 1272.4102;
 1239.7684, 1277.8428;
 757.83398, 1288.5609;
 1398.1754, 1289.0225;
 1390.9877, 1296.4063;
 824.30865, 1318.6768;
 754.79321, 1334.7358;
 774.28186, 1341.4286;
 760.94745, 1351.839;
 767.34009, 1355.7241;
 782.4447, 1358.6119;
 797.99622, 1361.5667;
 765.49896, 1364.5095;
 1324.245, 1375.1904;
 624.66901, 1375.2513;
 767.41333, 1378.616;
 1342.7571, 1380.3684;
 767.99524, 1394.5332;
 787.71265, 1402.8433;
 778.1684, 1404.5177;
 1379.9067, 1413.4755;
 813.00879, 42.750153;
 610.6347, 59.105721;
 552.10657, 60.033127;
 779.65417, 64.110527;
 408.94662, 66.801865;
 750.12085, 66.886421;
 113.07984, 68.585487;
 523.08282, 72.446846;
 538.60272, 71.85463;
 553.00104, 71.536514;
 1044.1168, 72.265656;
 1394.7542, 73.142014;
 314.44016, 74.017197;
 674.63513, 79.97126;
 892.62299, 81.151833;
 1112.7213, 89.931145;
 1411.5308, 99.631889;
 753.18921, 102.14979;
 123.18582, 105.26956;
 540.99701, 111.83031;
 776.3858, 112.54582;
 202.68221, 116.34229;
 310.14725, 118.70882;
 860.59729, 119.2359;
 371.74173, 121.42991;
 66.042786, 122.93415;
 475.43198, 122.66171;
 340.71906, 124.06933;
 877.22302, 125.26359;
 557.63025, 125.79221;
 482.43951, 128.83919;
 397.28183, 131.83684;
 332.59851, 139.0453;
 315.22983, 141.34196;
 783.1236, 141.87276;
 385.64111, 150.77867;
 253.59491, 155.58846;
 748.2345, 156.2139;
 1124.9926, 161.30373;
 251.78259, 164.22301;
 305.93317, 163.57851;
 87.25161, 167.05997;
 1321.4294, 172.64262;
 366.94629, 174.1701;
 683.10034, 180.94084;
 1314.4922, 181.05403;
 895.74908, 188.70811;
 1175.4452, 190.69675;
 262.99368, 194.05292;
 440.39066, 198.26405;
 1194.0591, 197.53358;
 633.54102, 203.85674;
 701.93579, 204.09024;
 609.66132, 214.20407;
 640.22388, 216.6252;
 364.08429, 217.77946;
 842.92413, 221.7818;
 179.51797, 227.68146;
 261.08728, 235.7334;
 349.88019, 235.53006;
 196.90155, 239.79015;
 1122.5385, 240.02014;
 356.63077, 241.91042;
 374.15924, 241.4727;
 468.38736, 241.78355;
 639.62531, 241.59235;
 652.94946, 242.17302;
 915.3349, 242.21355;
 120.0653, 243.07397;
 1179.1671, 244.82816;
 705.43658, 248.63565;
 180.67657, 252.46144;
 800.30865, 252.00327;
 654.08478, 255.81783;
 479.73096, 260.96561;
 372.63474, 263.69113;
 59.365494, 265.43173;
 762.73431, 267.89011;
 284.99142, 270.91876;
 461.59137, 272.24429;
 219.98485, 272.84012;
 297.37561, 276.66034;
 754.02631, 277.20734;
 1164.8174, 277.01254;
 232.20786, 280.31891;
 222.88274, 282.76743;
 344.69116, 282.95413;
 1239.3854, 284.02664;
 704.10175, 284.55038;
 426.86328, 291.17804;
 80.322914, 293.35809;
 715.39807, 293.53796;
 754.97803, 294.09314;
 630.24738, 294.69373;
 337.09201, 297.61646;
 690.71112, 298.6521;
 674.7984, 301.4155;
 451.76428, 302.12256;
 1006.6177, 304.19351;
 363.42862, 307.41425;
 1342.2295, 307.99744;
 490.86505, 313.04245;
 1155.8698, 315.97998;
 758.56396, 316.8443;
 1273.9845, 320.55478;
 1409.0848, 322.69543;
 1197.0355, 326.93118;
 782.46759, 327.8732;
 182.98489, 332.12952;
 280.79196, 335.30676;
 766.24304, 341.72565;
 1232.4003, 344.38239;
 93.537834, 355.55222;
 386.43042, 357.17108;
 689.65277, 358.13486;
 773.20465, 359.03995;
 699.37305, 365.22412;
 653.91779, 367.09406;
 815.5946, 367.91193;
 84.09597, 375.24316;
 857.6969, 376.25311;
 678.11823, 376.81052;
 253.2252, 381.56683;
 1145.6876, 382.24091;
 469.70953, 385.72385;
 835.71063, 386.67188;
 696.05756, 387.60089;
 425.13177, 388.60562;
 715.75336, 392.17072;
 628.83051, 393.96649;
 741.14221, 399.25943;
 265.55783, 400.16742;
 423.93665, 400.94064;
 559.1532, 404.28683;
 702.24518, 404.41946;
 635.39941, 408.40781;
 107.2821, 410.73459;
 322.8671, 411.854;
 437.48431, 417.12766;
 729.01208, 420.97519;
 538.03278, 423.065;
 259.94131, 427.13202;
 831.86639, 431.29144;
 1306.7419, 434.70908;
 163.82071, 440.81216;
 415.02124, 442.08008;
 130.39862, 443.9928;
 718.97565, 444.72913;
 760.49542, 448.21515;
 481.70306, 449.98004;
 297.26721, 450.81662;
 639.53113, 452.27881;
 1298.5636, 454.29514;
 610.97852, 458.229;
 122.98267, 460.99652;
 349.60501, 462.47598;
 74.065361, 465.3837;
 119.03143, 468.87405;
 881.39362, 470.51599;
 569.8172, 475.90857;
 113.4013, 481.75708;
 191.79355, 482.93805;
 444.35553, 489.99753;
 749.11133, 489.5972;
 70.762245, 491.7887;
 410.52875, 492.32202;
 44.936672, 493.28891;
 106.46113, 495.80692;
 790.92517, 499.0871;
 451.79208, 502.48853;
 778.57373, 505.34274;
 222.65933, 509.08304;
 1064.8248, 508.79205;
 241.54683, 513.49432;
 632.07404, 513.68414;
 759.1637, 514.26874;
 74.55262, 521.32062;
 1245.8737, 522.61823;
 1297.8517, 525.95032;
 629.67224, 530.81647;
 747.92047, 533.60114;
 230.92311, 535.90411;
 621.16937, 538.44885;
 370.62158, 539.8587;
 679.68396, 545.03931;
 996.75903, 547.40363;
 527.23071, 548.651;
 1127.1313, 550.93488;
 1218.5654, 552.64636;
 1114.2432, 553.77673;
 364.84827, 561.86365;
 752.98322, 563.3349;
 783.37476, 563.3064;
 792.87103, 564.66748;
 90.072754, 571.65265;
 889.00665, 572.47955;
 705.53436, 577.2655;
 580.28442, 578.12177;
 688.20129, 577.87024;
 764.63892, 579.97034;
 796.38062, 580.09412;
 754.20306, 582.69421;
 470.93704, 586.69446;
 777.93567, 586.61108;
 656.74835, 588.95032;
 1358.9739, 588.94342;
 103.22242, 590.72681;
 960.33783, 592.46674;
 95.945023, 596.81091;
 142.35716, 598.18848;
 112.61727, 600.06525;
 249.7832, 599.6402;
 513.02136, 605.27026;
 708.16113, 604.94006;
 697.11139, 606.45569;
 605.55078, 610.604;
 739.98676, 612.32214;
 1136.5358, 614.81537;
 813.12543, 619.47357;
 911.56195, 621.67596;
 576.88678, 626.89893;
 742.69238, 628.23071;
 61.413036, 629.26196;
 712.64771, 628.59863;
 74.788391, 629.88623;
 1318.1842, 636.23761;
 155.98067, 637.06616;
 277.65591, 638.95862;
 1162.3685, 645.82385;
 105.48605, 651.23376;
 1176.9796, 658.58649;
 1319.1785, 659.92218;
 95.138832, 662.98029;
 105.18221, 662.84308;
 1254.3606, 662.58533;
 123.85203, 663.55237;
 330.39087, 666.28467;
 1152.2787, 665.92816;
 1168.9199, 670.15601;
 1165.8792, 681.43713;
 880.93811, 682.74042;
 1087.569, 684.02094;
 1097.3984, 684.73358;
 350.51547, 686.4046;
 1339.0554, 685.82263;
 448.25705, 688.57428;
 781.26678, 691.0943;
 238.54926, 692.72626;
 233.33495, 700.2511;
 685.82031, 701.00952;
 699.13214, 710.54224;
 728.08649, 711.68292;
 1133.7461, 714.64319;
 1401.713, 715.11102;
 1049.6509, 716.23712;
 1206.3787, 721.11279;
 977.40826, 724.21783;
 1312.8663, 732.98596;
 229.00424, 733.61786;
 149.75668, 735.16296;
 416.11591, 738.02606;
 652.20026, 738.60815;
 1146.2534, 738.89691;
 93.469337, 751.89832;
 385.40051, 754.89471;
 323.58737, 761.23938;
 717.66272, 762.35315;
 906.42297, 762.72955;
 102.97127, 766.02338;
 113.79732, 768.22125;
 771.86951, 773.59406;
 1404.0665, 776.73383;
 699.70117, 777.95563;
 697.95184, 789.80774;
 715.71582, 789.87128;
 770.30774, 791.63599;
 156.60866, 793.90332;
 724.24677, 796.33856;
 708.27673, 802.25433;
 1188.8992, 802.00671;
 145.8062, 805.97101;
 1348.3035, 808.20831;
 667.43134, 810.77509;
 756.27905, 814.13751;
 796.04291, 813.91351;
 207.63554, 819.81653;
 297.76379, 822.14001;
 763.07269, 821.68573;
 875.15942, 822.83502;
 623.20081, 825.11963;
 154.76498, 825.58643;
 164.29012, 825.51099;
 785.87762, 826.70233;
 485.81839, 830.69519;
 729.80182, 831.01355;
 289.78278, 837.85742;
 754.83649, 837.82953;
 1326.4071, 848.30084;
 1065.2592, 850.44861;
 165.15073, 851.95221;
 1318.2917, 852.07654;
 1309.6814, 854.7489;
 1318.7429, 861.53912;
 68.032066, 868.17676;
 771.66602, 874.29175;
 963.16229, 873.85492;
 760.58783, 880.18451;
 203.09134, 881.72156;
 210.55701, 882.99554;
 182.03622, 888.61487;
 717.64349, 891.58618;
 1088.4376, 893.84723;
 779.73657, 908.62042;
 1281.4965, 909.54395;
 142.22371, 915.80273;
 1087.8763, 917.35052;
 786.64368, 917.75555;
 753.77197, 921.25458;
 766.11047, 922.08459;
 1336.2067, 925.77753;
 1165.7356, 927.54706;
 286.94608, 933.84186;
 1215.5002, 933.95477;
 91.627533, 938.82855;
 780.30865, 938.77374;
 1180.2218, 943.9834;
 1151.9938, 949.80292;
 1376.9415, 953.81512;
 589.25897, 957.07959;
 847.64417, 956.54608;
 692.14685, 960.3078;
 597.58575, 961.23969;
 681.17072, 965.57043;
 710.30304, 971.64404;
 1057.9691, 972.83557;
 717.9007, 976.28986;
 312.38785, 979.27484;
 799.79388, 982.20392;
 716.73279, 984.73926;
 248.84557, 991.4173;
 708.97876, 996.41705;
 781.36401, 997.22076;
 448.3075, 998.09607;
 439.45404, 1003.976;
 814.2359, 1005.1675;
 1264.2755, 1006.9594;
 771.94897, 1015.6448;
 339.68707, 1017.4252;
 1331.3567, 1019.9498;
 206.16429, 1022.7277;
 773.6062, 1029.7075;
 202.97783, 1031.0657;
 1371.1182, 1035.8008;
 209.70319, 1038.432;
 700.14746, 1037.9646;
 1357.8341, 1040.7452;
 1160.2848, 1041.7397;
 775.98401, 1043.9296;
 365.36203, 1047.5601;
 696.34277, 1049.6781;
 429.05438, 1054.0886;
 193.72472, 1055.1738;
 772.07318, 1055.9664;
 266.86499, 1059.4551;
 1161.8184, 1064.1868;
 387.15784, 1064.6519;
 52.347851, 1067.5964;
 163.70944, 1073.865;
 736.27167, 1073.7866;
 447.16656, 1074.837;
 747.63104, 1080.2351;
 796.47583, 1081.1671;
 739.25146, 1086.5477;
 1268.3138, 1090.1833;
 862.69525, 1091.3887;
 157.75299, 1092.3738;
 792.7605, 1094.9784;
 1226.3398, 1099.7798;
 435.5838, 1104.1069;
 1254.8077, 1112.4524;
 784.13202, 1113.0344;
 296.88324, 1113.8496;
 721.74353, 1113.5757;
 121.97694, 1121.2396;
 218.61722, 1123.5769;
 650.03143, 1124.3981;
 725.62195, 1123.6957;
 747.54492, 1129.3218;
 120.07007, 1129.7131;
 1044.0242, 1129.7073;
 1113.9207, 1130.9927;
 972.71967, 1132.7035;
 736.77698, 1137.8359;
 631.51593, 1139.0739;
 662.01935, 1140.2209;
 217.63393, 1140.7639;
 181.19525, 1141.7198;
 788.48297, 1145.1909;
 742.24988, 1145.8263;
 731.06287, 1150.5614;
 885.24487, 1151.2831;
 742.18384, 1158.1788;
 432.19263, 1158.9181;
 730.39319, 1162.4177;
 1290.7244, 1163.8547;
 783.59985, 1165.3512;
 737.3689, 1165.5725;
 592.74011, 1169.4647;
 744.10266, 1170.8893;
 794.31445, 1172.9504;
 1164.1034, 1173.031;
 732.5213, 1176.0905;
 776.4071, 1177.3025;
 743.79724, 1180.3572;
 726.11554, 1181.2996;
 256.7868, 1182.8215;
 719.47119, 1185.2172;
 734.5813, 1186.5577;
 784.61017, 1186.9302;
 129.66328, 1189.4987;
 282.74915, 1189.4268;
 719.66571, 1194.618;
 978.87927, 1195.5272;
 727.83447, 1199.7441;
 523.53479, 1203.7096;
 819.70557, 1205.6975;
 556.93341, 1215.37;
 747.4386, 1214.7184;
 406.32791, 1218.5557;
 733.42834, 1219.5088;
 507.00653, 1219.5469;
 266.66672, 1221.9985;
 790.67279, 1223.5925;
 398.77634, 1229.2261;
 377.87143, 1234.9943;
 818.89465, 1239.6156;
 108.70984, 1240.5192;
 878.24353, 1243.1927;
 88.394478, 1246.3807;
 711.38855, 1247.1597;
 1182.4851, 1248.47;
 758.18665, 1249.887;
 1296.2295, 1249.6375;
 800.84943, 1251.9537;
 1258.6222, 1255.8523;
 825.89838, 1264.0726;
 130.5507, 1270.5155;
 815.40387, 1270.4369;
 319.75626, 1271.1794;
 1396.9655, 1280.1031;
 958.12671, 1281.1848;
 763.48285, 1281.8522;
 47.008404, 1284.5356;
 1081.082, 1288.0399;
 814.30322, 1290.2865;
 824.30334, 1292.6276;
 1339.3026, 1293.2803;
 753.50397, 1294.1595;
 1097.282, 1296.2429;
 821.1748, 1302.9353;
 355.85541, 1303.6268;
 830.09778, 1304.7181;
 1235.5195, 1307.2328;
 763.46106, 1309.2838;
 1266.7638, 1308.8844;
 1305.0483, 1309.8596;
 1297.9666, 1316.3549;
 749.73145, 1320.6733;
 759.3609, 1325.4045;
 1043.6083, 1327.9774;
 796.40143, 1332.2019;
 602.83307, 1335.7454;
 814.2644, 1336.0934;
 474.17261, 1336.9399;
 761.2262, 1338.4729;
 661.2561, 1344.443;
 791.4613, 1352.257;
 832.5517, 1352.1272;
 351.43652, 1352.593;
 360.13989, 1354.3281;
 496.81573, 1356.069;
 807.13275, 1356.3735;
 1188.7797, 1362.8739;
 59.02887, 1368.548;
 1116.9331, 1369.941;
 793.65741, 1373.2865;
 1333.9696, 1372.7465;
 1043.5259, 1373.9174;
 1002.2257, 1379.8821;
 615.28064, 1387.1813;
 780.25256, 1391.2424;
 793.21649, 1397.2687;
 203.49071, 1405.4575;
 1370.5725, 1405.1819;
 1353.5696, 1406.8834;
 919.86517, 1409.0065;
 967.328, 1409.6415;
 479.50894, 342.29254;
 691.59912, 378.98541;
 777.3031, 594.98956;
 753.79968, 1334.1194;
 552.25763, 59.513451;
 779.64771, 63.613419;
 528.74829, 64.93998;
 113.31612, 68.711235;
 553.33759, 71.026031;
 538.86945, 71.828781;
 523.17725, 73.334869;
 1044.4363, 72.554329;
 1394.6624, 73.192741;
 315.06555, 74.036713;
 674.93005, 79.726242;
 1112.2693, 89.881508;
 753.22583, 102.17102;
 122.95617, 105.07976;
 869.06268, 115.96962;
 380.16583, 117.60452;
 859.90802, 119.13297;
 371.44153, 121.65028;
 66.047844, 123.44154;
 340.75937, 124.09883;
 556.96204, 127.56795;
 482.56723, 129.24141;
 397.3053, 132.01247;
 343.38715, 136.10637;
 332.60281, 136.7077;
 565.61896, 138.73393;
 1117.8363, 139.04843;
 1132.8702, 147.72375;
 384.99457, 149.5564;
 254.24667, 155.40219;
 279.77121, 157.73276;
 1125.0834, 161.38336;
 571.91083, 164.97961;
 87.668739, 166.71608;
 233.97557, 167.69254;
 612.08185, 170.29774;
 1321.5094, 172.73441;
 367.39542, 174.41971;
 898.85388, 178.03442;
 691.79071, 180.13887;
 1313.8494, 181.05228;
 695.13531, 185.77965;
 115.62628, 188.20616;
 895.79407, 188.4967;
 685.55475, 190.61012;
 742.87115, 191.69775;
 157.49608, 196.56981;
 440.05835, 198.39006;
 145.36459, 202.51512;
 702.78448, 203.34491;
 633.93542, 204.09091;
 1185.9512, 205.23618;
 711.12323, 205.81186;
 1163.496, 209.14514;
 1174.3307, 211.42142;
 111.33929, 211.60788;
 610.63525, 214.87357;
 727.46289, 215.29762;
 639.65021, 216.23633;
 716.44208, 217.00401;
 1165.6643, 217.06575;
 364.29898, 218.00316;
 703.68103, 223.8118;
 79.269691, 224.82434;
 179.61742, 227.62007;
 639.0603, 230.18237;
 1126.8953, 230.89859;
 627.96124, 231.74693;
 261.71368, 235.49831;
 349.39581, 235.31404;
 631.60522, 234.92117;
 767.36108, 234.96764;
 726.19305, 239.88104;
 374.28003, 241.14595;
 640.14362, 241.38681;
 654.29169, 242.30193;
 915.70636, 241.741;
 120.23498, 243.01297;
 1178.7319, 244.66455;
 710.26855, 246.73518;
 704.83612, 249.03964;
 686.98102, 249.57118;
 799.92352, 251.07359;
 181.10989, 252.16914;
 654.72644, 255.41806;
 364.19226, 257.8476;
 644.19037, 259.03577;
 996.34125, 259.36374;
 479.92401, 261.11398;
 345.70416, 263.42755;
 372.72406, 263.48926;
 664.45044, 263.68179;
 59.593323, 266.0976;
 762.22595, 267.79288;
 284.47757, 270.41953;
 219.11095, 273.06598;
 754.03064, 277.27881;
 1164.5082, 277.0994;
 232.10661, 280.36761;
 222.45183, 282.86322;
 344.80829, 283.08899;
 704.1889, 283.5813;
 1239.3119, 283.66653;
 615.1134, 284.75931;
 357.98901, 286.92441;
 639.9046, 287.83768;
 426.63791, 291.15829;
 629.6297, 295.21976;
 715.68347, 294.7894;
 754.97546, 295.1759;
 162.83044, 295.71713;
 336.07657, 297.85898;
 356.77182, 298.90472;
 691.25507, 298.84674;
 674.3916, 300.95645;
 118.67965, 302.35709;
 347.02072, 302.82843;
 800.14667, 304.07202;
 770.74542, 307.78204;
 1342.0587, 307.74594;
 341.49017, 310.98907;
 758.39056, 316.82712;
 1361.2433, 317.99362;
 110.84415, 320.17307;
 1197.3237, 327.12671;
 782.36383, 327.81628;
 280.15826, 334.98297;
 1119.6208, 334.75262;
 705.46429, 337.10217;
 569.54718, 341.12021;
 1232.2338, 344.09573;
 780.4101, 346.17587;
 702.58252, 348.34521;
 93.753853, 355.68314;
 386.246, 357.28223;
 472.09949, 356.61786;
 690.10614, 357.77374;
 773.4101, 359.5354;
 1262.1454, 363.58566;
 700.61139, 365.56763;
 722.12891, 366.41217;
 826.91626, 367.49951;
 446.06082, 368.21469;
 815.08661, 368.12454;
 692.60553, 371.16901;
 857.28198, 375.4137;
 678.80975, 377.08539;
 253.09441, 381.20361;
 1145.6906, 382.20871;
 836.08807, 385.93625;
 1347.9589, 386.19876;
 1317.7372, 388.19504;
 425.41171, 389.25043;
 695.54974, 389.18665;
 735.95642, 391.13174;
 715.94604, 392.1615;
 629.47083, 393.26276;
 741.47327, 399.31015;
 423.71634, 400.94675;
 702.84998, 403.24268;
 636.15619, 408.99945;
 299.53635, 419.37268;
 370.73694, 420.19611;
 729.41217, 421.1041;
 1047.7241, 423.92639;
 625.58954, 425.75345;
 259.52118, 426.51999;
 831.7713, 431.02518;
 703.00018, 431.79721;
 773.97571, 433.46631;
 787.87598, 432.58441;
 415.53491, 442.19839;
 73.190239, 448.30008;
 759.77966, 447.90265;
 481.62323, 449.54852;
 738.06714, 449.50436;
 638.83539, 452.03052;
 610.90454, 458.45648;
 188.69229, 459.21518;
 754.52765, 459.49478;
 122.58934, 460.41071;
 1396.4535, 459.90509;
 349.3963, 462.33163;
 74.385597, 465.47144;
 293.33652, 469.29889;
 552.2655, 471.18567;
 809.58044, 471.10565;
 881.25574, 470.46405;
 570.01208, 476.05591;
 611.27997, 478.25162;
 191.82233, 482.90305;
 750.08813, 489.61545;
 70.104988, 491.04559;
 791.10541, 499.1001;
 705.22113, 504.8855;
 778.74847, 505.53735;
 223.02426, 508.88681;
 241.27223, 513.77374;
 632.2005, 513.8985;
 759.48273, 514.41388;
 748.49933, 517.95508;
 1245.2977, 523.24689;
 1298.047, 526.38788;
 741.80438, 526.57404;
 1260.37, 527.49054;
 629.66376, 530.86444;
 747.56445, 534.05457;
 621.39734, 538.2843;
 680.2688, 545.11096;
 774.24756, 546.56647;
 357.13254, 549.07306;
 1126.9406, 551.41095;
 1218.4003, 551.92871;
 785.2464, 552.59113;
 757.80823, 553.90088;
 1114.1417, 553.64423;
 1226.9823, 557.6153;
 272.99167, 560.7002;
 365.11438, 561.71008;
 782.57837, 563.41858;
 753.40918, 563.97192;
 793.1535, 564.13129;
 1012.2949, 571.06073;
 889.26398, 572.44379;
 780.40851, 573.72668;
 688.44873, 577.8526;
 704.57831, 577.92285;
 765.38092, 579.43329;
 796.73639, 580.14453;
 754.08228, 581.96082;
 806.53107, 582.73322;
 777.67548, 585.65088;
 470.80664, 587.23865;
 656.94714, 588.86542;
 1358.7625, 589.0293;
 318.7836, 590.53674;
 960.59015, 591.95343;
 701.56738, 593.46521;
 741.17114, 595.34235;
 96.092323, 597.08167;
 142.26308, 598.12463;
 590.30945, 598.89746;
 716.91949, 598.62244;
 112.17741, 600.23041;
 249.71497, 599.4234;
 84.969597, 602.95776;
 771.81592, 602.84149;
 495.06573, 605.00226;
 513.08887, 605.3515;
 708.32477, 605.26917;
 696.63824, 606.75189;
 605.91071, 610.7948;
 740.25073, 612.08368;
 778.56061, 612.33655;
 755.85712, 613.22632;
 168.16388, 615.38306;
 1137.4805, 614.9436;
 1174.7274, 617.9726;
 813.20007, 619.00238;
 911.74023, 621.24786;
 513.63947, 624.34943;
 760.50458, 623.66321;
 156.83345, 626.37756;
 576.38812, 627.38336;
 1119.7877, 627.2926;
 741.29236, 628.36292;
 711.62445, 628.64923;
 1303.9382, 629.70721;
 310.36423, 632.9588;
 156.00386, 637.61871;
 534.97375, 637.73853;
 277.49399, 638.72638;
 1150.6532, 645.5741;
 1162.3232, 645.62689;
 1370.2477, 647.4682;
 730.57208, 649.67212;
 1168.8508, 656.10773;
 771.54553, 657.92706;
 758.53375, 658.85175;
 1177.0988, 659.92566;
 1319.4214, 659.88757;
 390.00995, 661.37317;
 95.28389, 662.76123;
 105.19768, 662.53137;
 1152.0564, 665.75146;
 1337.0714, 665.9234;
 878.76843, 670.89136;
 1169.4006, 670.90405;
 1166.0061, 681.96344;
 881.58527, 682.88806;
 1087.2911, 683.93207;
 1338.7686, 685.97955;
 448.41901, 688.72198;
 780.74042, 690.77179;
 238.50041, 692.26031;
 1162.6018, 692.72339;
 693.9184, 694.70752;
 1141.5798, 697.5451;
 698.42938, 710.6391;
 727.99298, 712.01392;
 1133.7411, 714.81622;
 1369.717, 715.28143;
 144.48775, 718.9848;
 976.86115, 724.20587;
 723.87201, 728.00232;
 1312.1064, 733.43756;
 228.63293, 733.5072;
 415.80368, 737.57678;
 652.30695, 738.57562;
 1145.7174, 739.04285;
 472.23123, 751.87366;
 384.29861, 754.99957;
 707.70239, 756.65063;
 323.59854, 760.99847;
 905.37781, 762.20349;
 718.36957, 762.70789;
 113.01117, 767.84973;
 744.3288, 771.31842;
 761.51355, 772.23376;
 771.7041, 773.54767;
 206.54547, 774.60339;
 752.84003, 776.70203;
 699.87311, 777.61896;
 766.0744, 783.37958;
 95.54924, 783.82867;
 872.51147, 784.05286;
 417.81689, 789.91187;
 715.5307, 790.11115;
 771.35254, 791.72345;
 156.94688, 793.87299;
 724.60712, 796;
 305.55341, 797.47461;
 760.45453, 796.99487;
 707.60144, 802.28754;
 145.33257, 806.64008;
 1348.488, 807.72418;
 719.16583, 808.67712;
 1116.203, 808.62384;
 666.99341, 810.79175;
 756.01642, 814.18628;
 796.16162, 814.27167;
 726.88257, 817.58435;
 875.4809, 822.93896;
 154.5446, 825.4248;
 164.54485, 825.43628;
 174.48399, 824.94861;
 623.12781, 824.80072;
 786.04242, 826.75616;
 486.11588, 831.14648;
 729.9458, 831.18988;
 1275.1638, 835.46991;
 754.56915, 837.99054;
 221.14221, 841.87628;
 748.74365, 846.54785;
 1064.8887, 850.8681;
 717.64532, 852.41736;
 1318.1492, 851.88367;
 165.1889, 852.84778;
 757.31244, 858.30151;
 293.20181, 859.68542;
 279.71719, 860.69067;
 777.2243, 861.76727;
 1311.0656, 864.12769;
 765.92975, 871.16138;
 849.27972, 872.78192;
 963.17194, 873.16675;
 1209.156, 873.0976;
 770.84546, 873.67615;
 1306.0476, 873.52148;
 1038.0159, 874.62787;
 518.27277, 876.80792;
 207.821, 882.66016;
 181.19286, 888.40833;
 781.52045, 890.5614;
 717.61029, 891.62347;
 772.12061, 893.2915;
 1088.7474, 894.28955;
 1096.9442, 905.16241;
 1055.0171, 906.07477;
 779.94293, 908.03693;
 1281.1888, 909.24835;
 767.52075, 910.72076;
 142.40985, 915.76807;
 131.97513, 916.5257;
 1087.4027, 917.29395;
 786.73523, 917.7146;
 684.74731, 920.60205;
 754.58514, 921.92725;
 765.54614, 921.8772;
 1153.8385, 925.23254;
 779.69281, 928.07898;
 1165.233, 927.67627;
 286.29663, 933.72607;
 1215.8419, 933.78632;
 780.30902, 937.68085;
 1199.0062, 939.87781;
 1126.6116, 942.91559;
 1177.9127, 942.79437;
 847.94965, 956.27618;
 588.73492, 957.17078;
 790.02966, 958.40289;
 691.86188, 960.30646;
 364.02759, 962.56134;
 764.17352, 963.69684;
 680.44666, 965.32391;
 689.39978, 972.42572;
 711.57477, 972.10132;
 1355.686, 971.65698;
 773.64301, 973.37347;
 455.38269, 977.50385;
 312.67401, 979.55713;
 717.73114, 979.80829;
 685.85114, 981.8136;
 799.75232, 981.85016;
 743.65887, 983.11487;
 248.89615, 991.49365;
 490.98108, 992.97839;
 722.24066, 994.59393;
 781.95349, 996.85144;
 708.31085, 998.48425;
 1247.3545, 999.11835;
 439.59491, 1004.3564;
 706.88647, 1003.7433;
 814.15356, 1005.0206;
 1264.4734, 1006.7271;
 772.2334, 1015.0049;
 1377.4745, 1017.2972;
 340.09155, 1017.5569;
 206.15892, 1021.7524;
 714.84058, 1027.4487;
 1027.4783, 1027.3329;
 773.4314, 1029.7693;
 203.09065, 1031.3785;
 1318.4935, 1030.7382;
 1371.0059, 1035.5447;
 1346.7715, 1037.3114;
 210.02412, 1038.4071;
 700.91705, 1037.9237;
 178.05803, 1038.5005;
 1312.4867, 1039.7438;
 1358.1682, 1040.1362;
 1160.5135, 1042.2015;
 776.24933, 1044.1051;
 1089.134, 1046.1082;
 365.69104, 1047.6719;
 404.47574, 1048.2251;
 670.20691, 1048.1489;
 696.13525, 1049.5219;
 711.48773, 1052.9418;
 706.42322, 1053.8604;
 507.92429, 1055.0037;
 773.39752, 1055.2635;
 266.80786, 1058.9858;
 532.20313, 1059.7448;
 722.11499, 1060.7863;
 785.21063, 1061.4408;
 387.37796, 1064.0192;
 774.11737, 1064.9866;
 703.2403, 1067.0018;
 724.52686, 1071.7472;
 792.62262, 1068.2965;
 714.36707, 1069.0183;
 635.02997, 1070.9166;
 164.06038, 1073.5854;
 736.29565, 1073.6788;
 1392.8069, 1074.3812;
 447.32626, 1075.4719;
 603.9718, 1078.3577;
 796.77728, 1081.3678;
 214.6489, 1085.9146;
 738.62183, 1086.119;
 540.99353, 1087.5211;
 608.80438, 1087.837;
 862.6676, 1091.0989;
 941.20093, 1090.9171;
 792.61908, 1093.385;
 730.00055, 1093.972;
 571.14575, 1098.0535;
 1226.3823, 1100.1674;
 711.7041, 1103.2031;
 435.24475, 1104.9637;
 1255.1669, 1112.2661;
 721.82092, 1113.1873;
 784.64008, 1113.6655;
 123.52323, 1120.3632;
 726.19281, 1123.1106;
 649.79956, 1124.3763;
 442.30899, 1125.5994;
 775.75006, 1125.7177;
 737.07166, 1129.0642;
 747.42767, 1128.7418;
 1368.7994, 1128.9425;
 119.80747, 1129.8101;
 793.43066, 1130.6022;
 1113.4905, 1131.2211;
 972.41644, 1133.3019;
 110.42583, 1133.9592;
 650.94696, 1134.6382;
 725.00659, 1134.6808;
 736.92706, 1136.5225;
 631.71106, 1139.7169;
 662.42249, 1140.1758;
 766.2027, 1142.4097;
 1027.0175, 1145.3297;
 742.86139, 1146.1927;
 788.86719, 1145.8892;
 718.69531, 1149.6659;
 885.20404, 1151.3821;
 731.56085, 1151.6188;
 730.74066, 1161.4896;
 102.38277, 1163.7113;
 737.51044, 1165.6241;
 783.18671, 1165.7899;
 726.07471, 1170.7941;
 147.61577, 1171.6902;
 744.6203, 1173.2432;
 794.6413, 1173.0333;
 774.99475, 1176.9895;
 713.8819, 1179.438;
 724.66827, 1178.4213;
 744.33301, 1179.425;
 784.93378, 1185.9637;
 283.11884, 1189.2869;
 718.99158, 1195.1967;
 979.63263, 1195.5137;
 728.26178, 1200.3213;
 523.37061, 1203.8318;
 557.17371, 1204.9757;
 1241.4099, 1204.7051;
 819.54791, 1205.9708;
 747.10461, 1213.9022;
 556.74438, 1215.7606;
 658.15747, 1215.9059;
 799.67175, 1215.6012;
 406.02783, 1218.4534;
 734.11725, 1218.8286;
 506.8902, 1219.8059;
 744.72156, 1224.6167;
 792.35938, 1224.6694;
 399.02313, 1229.1981;
 733.80884, 1229.0179;
 378.37177, 1234.2784;
 1086.7925, 1234.7814;
 818.58978, 1239.9878;
 735.82025, 1242.4551;
 1365.9149, 1244.6454;
 760.07776, 1249.3428;
 1182.0758, 1248.5101;
 1296.2109, 1249.6268;
 800.76434, 1251.605;
 820.14709, 1254.238;
 747.54041, 1255.7134;
 512.17194, 1259.5482;
 764.38458, 1261.9309;
 826.37311, 1264.3862;
 130.16444, 1270.1161;
 319.72742, 1270.8054;
 815.85229, 1270.9058;
 757.5968, 1272.4838;
 1240.4844, 1277.6781;
 763.85968, 1281.6976;
 1081.0416, 1288.0587;
 813.82123, 1290.4868;
 825.10632, 1292.0386;
 754.3244, 1293.1953;
 1339.2578, 1293.5554;
 766.95752, 1295.2693;
 1097.4321, 1296.4141;
 1250.0083, 1295.6453;
 1390.8632, 1296.1033;
 820.99109, 1302.5118;
 355.77527, 1304.4841;
 830.48511, 1305.4196;
 1235.6643, 1306.739;
 763.23071, 1308.9606;
 1266.631, 1308.668;
 1306.0474, 1309.4827;
 167.16501, 1312.2249;
 1297.9017, 1316.4902;
 823.91705, 1318.6833;
 749.54791, 1320.6487;
 1311.3876, 1320.9391;
 759.76538, 1325.718;
 766.37836, 1331.7794;
 796.27386, 1332.1747;
 602.71405, 1335.9709;
 813.81421, 1336.3876;
 473.82578, 1336.5503;
 761.94421, 1339.2032;
 774.44348, 1341.3883;
 1331.6217, 1343.8633;
 709.2926, 1345.2305;
 791.98914, 1351.4297;
 760.70789, 1352.3;
 832.30701, 1351.7495;
 350.9613, 1352.533;
 771.72943, 1353.9908;
 361.20648, 1354.666;
 807.87042, 1356.2531;
 642.97839, 1357.764;
 782.7796, 1358.0546;
 797.63733, 1361.4021;
 765.02142, 1364.8124;
 1323.2068, 1364.5868;
 1036.6864, 1365.8441;
 59.404263, 1367.7203;
 1229.5178, 1368.7794;
 1116.9824, 1370.646;
 1043.6407, 1374.8988;
 1324.3812, 1375.1998;
 766.34973, 1378.2523;
 1342.6582, 1380.6509;
 773.24286, 1385.9042;
 780.04065, 1392.355;
 767.75153, 1395.7416;
 522.45874, 86.549324;
 1130.6689, 89.563835;
 555.02045, 129.01161;
 690.30133, 178.55658;
 114.42666, 187.79459;
 684.05157, 191.90752;
 1184.196, 205.0074;
 1161.6945, 211.88255;
 727.54254, 213.7785;
 638.56927, 216.66931;
 713.9743, 215.13974;
 700.21515, 227.23973;
 260.85638, 234.36609;
 767.80145, 236.10864;
 639.75458, 239.34483;
 724.75195, 240.17722;
 685.22644, 248.85429;
 704.6944, 247.94699;
 655.51849, 255.08263;
 641.66754, 258.87607;
 358.452, 284.65485;
 425.95435, 290.7428;
 714.56854, 294.6882;
 756.91595, 296.91586;
 355.82819, 297.6676;
 345.02942, 302.48035;
 769.5376, 307.03961;
 767.1441, 328.36551;
 704.72278, 342.86462;
 778.69843, 342.04999;
 826.74823, 365.6449;
 699.1861, 377.05661;
 770.91425, 386.03876;
 628.42712, 391.58075;
 691.03516, 392.37537;
 704.07397, 402.43591;
 780.90472, 401.7319;
 720.39532, 405.29465;
 772.75354, 429.46277;
 736.98688, 448.10852;
 776.1579, 448.18445;
 754.31042, 457.82834;
 707.66309, 464.75211;
 813.48572, 470.47589;
 749.79199, 490.25485;
 791.66595, 499.48355;
 705.52423, 505.29944;
 777.87634, 505.91058;
 764.3891, 518.48328;
 680.99353, 545.91919;
 1125.7233, 550.26453;
 758.51501, 552.85602;
 792.21777, 561.28723;
 780.2663, 570.94312;
 686.58636, 577.31671;
 702.71844, 577.50378;
 752.24036, 580.94849;
 697.57446, 594.4444;
 96.416138, 596.34216;
 771.47711, 600.63812;
 709.5824, 607.23438;
 754.43719, 609.43274;
 761.0741, 624.22534;
 738.0094, 626.20801;
 707.98022, 627.94336;
 1148.1338, 646.12695;
 1164.1842, 646.41901;
 756.88293, 657.24933;
 1319.3037, 659.69885;
 704.37921, 754.44385;
 718.51227, 762.31714;
 742.08386, 769.58179;
 698.67688, 775.53271;
 713.54413, 788.14917;
 705.45117, 802.14447;
 718.89392, 809.5575;
 794.25226, 813.82758;
 728.90912, 831.84412;
 1063.9329, 851.26501;
 756.45477, 858.29498;
 776.52454, 857.92242;
 767.94983, 869.89569;
 782.08203, 888.44415;
 767.81641, 891.96277;
 1087.2788, 893.15778;
 1096.7267, 904.71301;
 765.80975, 909.53448;
 786.37952, 914.20294;
 1085.7584, 917.0929;
 778.66479, 931.22205;
 1174.2585, 941.83423;
 691.41241, 961.08331;
 761.44086, 960.16437;
 790.07721, 961.98315;
 676.82501, 963.38708;
 772.36591, 971.2182;
 714.38556, 976.698;
 797.33527, 978.52753;
 722.54535, 994.31458;
 784.52087, 996.35944;
 706.64447, 1002.0794;
 812.78992, 1003.5546;
 710.68494, 1010.6057;
 772.29468, 1012.3818;
 700.46075, 1035.3549;
 1309.9149, 1039.7875;
 689.75482, 1046.7461;
 775.09247, 1049.9858;
 711.0766, 1052.4612;
 784.02283, 1056.3833;
 530.49603, 1058.1327;
 724.35968, 1064.8022;
 700.80573, 1067.0894;
 796.61462, 1077.9042;
 711.45551, 1081.3373;
 737.27649, 1083.9041;
 790.85254, 1091.8232;
 725.50763, 1092.9857;
 569.58453, 1098.5714;
 709.60272, 1101.9899;
 784.52576, 1113.895;
 722.33282, 1115.2734;
 792.23022, 1128.4382;
 736.84241, 1131.902;
 970.203, 1131.0455;
 721.95135, 1135.4498;
 715.70782, 1144.5764;
 745.38947, 1147.3656;
 729.92816, 1154.8809;
 736.46301, 1162.8522;
 781.43561, 1164.4016;
 795.49591, 1170.4052;
 720.12341, 1174.1664;
 770.20129, 1173.8407;
 745.80536, 1175.3204;
 784.70593, 1184.9022;
 728.78973, 1203.311;
 815.9726, 1205.277;
 729.97729, 1209.6116;
 796.80109, 1212.6075;
 743.9054, 1223.1183;
 791.16974, 1224.2212;
 816.70441, 1238.2745;
 733.17456, 1242.0153;
 801.13159, 1249.931;
 819.42413, 1248.9619;
 746.26874, 1252.1226;
 763.62909, 1258.9453;
 814.14447, 1269.9128;
 752.84473, 1271.3035;
 752.98218, 1292.1465;
 769.19415, 1294.3483;
 812.26099, 1295.5547;
 821.6413, 1316.8677;
 745.41071, 1320.989;
 763.57953, 1330.4158;
 808.65253, 1337.3943;
 776.23297, 1339.3889;
 830.68176, 1350.4442;
 772.17639, 1352.5686;
 758.65289, 1359.2968;
 795.63232, 1360.7847;
 777.60004, 1366.7189;
 695.70782, 198.52139;
 690.50092, 176.33636;
 685.77875, 194.81454;
 706.92444, 206.0071;
 711.88611, 213.07227;
 729.39404, 213.13904;
 640.44031, 219.13162;
 640.276, 239.34088;
 768.73212, 240.06285;
 725.54956, 241.60036;
 704.75842, 247.01494;
 658.26062, 256.19672;
 639.26935, 259.96497;
 714.50336, 295.19183;
 355.07153, 297.75647;
 761.52466, 300.37997;
 704.29572, 342.33377;
 779.57458, 341.44495;
 698.72247, 375.3418;
 768.54523, 387.59131;
 628.20605, 391.40646;
 688.92773, 395.35477;
 779.8642, 400.66913;
 704.81042, 405.05121;
 713.42816, 406.04849;
 774.70428, 424.02866;
 735.9162, 447.44968;
 754.59528, 457.85608;
 705.43982, 465.38092;
 750.35577, 493.46695;
 792.67639, 499.46014;
 706.53046, 505.9848;
 777.59625, 506.59058;
 764.39905, 519.11151;
 682.27808, 544.51355;
 758.49811, 552.49316;
 753.45935, 572.84906;
 704.45532, 577.27863;
 696.48376, 595.28491;
 774.38794, 595.86688;
 754.79193, 606.48145;
 712.06689, 609.35461;
 759.86945, 624.99969;
 738.98059, 626.45538;
 1166.2502, 646.26093;
 727.914, 681.09418;
 719.23663, 762.56744;
 712.41486, 788.61597;
 701.12378, 810.1701;
 723.84918, 812.16522;
 729.78333, 830.2243;
 757.98669, 861.9931;
 769.5307, 872.40784;
 688.01801, 900.88031;
 764.61871, 910.62219;
 785.29407, 909.9848;
 778.87549, 929.09186;
 690.34155, 961.12274;
 791.82294, 963.88098;
 772.88959, 970.02966;
 714.35632, 976.81995;
 694.70294, 987.14191;
 724.11865, 996.38629;
 787.52319, 997.66937;
 711.49384, 1008.334;
 690.84113, 1010.9607;
 773.37061, 1014.0698;
 699.95782, 1035.1785;
 704.23724, 1050.6312;
 712.18414, 1051.3696;
 781.80243, 1052.5923;
 696.25726, 1069.8766;
 800.11786, 1070.9949;
 712.08112, 1081.3593;
 782.34149, 1084.5062;
 790.37073, 1088.4696;
 725.96216, 1092.1821;
 708.18872, 1102.2074;
 740.31476, 1107.183;
 722.80499, 1115.918;
 783.92163, 1116.9218;
 792.76654, 1127.4506;
 737.50275, 1129.27;
 718.53503, 1137.7678;
 749.25793, 1149.0314;
 728.29883, 1154.7335;
 734.73639, 1160.9989;
 779.63837, 1163.0985;
 766.63959, 1173.474;
 715.65332, 1176.5228;
 784.34875, 1186.3141;
 727.70386, 1200.7753;
 749.51886, 1202.7087;
 743.60272, 1221.4174;
 760.17163, 1237.902;
 730.53381, 1240.4053;
 817.20441, 1240.0425;
 746.5675, 1251.7886;
 764.67548, 1257.6218;
 750.34766, 1273.877;
 771.73364, 1280.6093;
 750.67218, 1291.3376;
 770.27203, 1292.1311;
 811.25946, 1296.85;
 777.75928, 1315.4197;
 821.01843, 1315.9254;
 760.60797, 1332.4872;
 697.14252, 204.58875;
 640.83551, 232.84213;
 770.02808, 243.41302;
 762.42896, 302.53714;
 777.58026, 335.28207;
 703.05444, 342.53564;
 774.2746, 401.63632;
 712.63367, 404.02155;
 730.09979, 444.50146;
 756.3891, 460.38498;
 697.78943, 465.14291;
 708.72931, 505.9375;
 681.36951, 535.802;
 756.55231, 547.87653;
 709.23175, 571.88501;
 775.94897, 592.42456;
 716.84589, 609.16846;
 732.70642, 620.63049;
 730.53143, 683.01776;
 726.52356, 824.19141;
 754.32806, 859.56183;
 788.28424, 901.71478;
 762.58673, 916.82819;
 774.83081, 926.88672;
 789.55975, 964.93616;
 711.83655, 974.45026;
 678.84796, 998.48169;
 770.11365, 1014.063;
 701.75269, 1036.8534;
 711.49573, 1080.4713;
 724.12268, 1087.0844;
 735.77362, 1124.6752;
 735.68567, 1125.2166;
 710.5946, 1172.0699;
 783.51019, 1182.7354;
 728.30927, 1201.5193;
 721.78082, 1237.5042;
 811.6369, 1234.6045;
 747.0531, 1249.8878;
 742.66901, 1277.9063;
 644.27832, 233.96898;
 769.92908, 246.01123;
 760.49902, 307.10123;
 711.15314, 357.53821;
 698.03571, 358.49649;
 719.72223, 398.36139;
 776.22906, 400.13269;
 703.38092, 402.06702;
 730.92688, 442.03433;
 692.74658, 464.37079;
 758.98206, 464.49393;
 706.55365, 505.39297;
 681.26587, 537.20917;
 757.03058, 541.25793;
 705.46545, 578.67694;
 779.91449, 589.25555;
 731.07935, 613.02612;
 711.12872, 785.63342;
 721.10236, 813.85144;
 752.19958, 859.52716;
 788.14496, 960.1673;
 712.5448, 973.14655;
 765.71979, 1025.3715;
 700.97198, 1035.0162;
 784.03851, 1183.9215;
 728.68805, 1200.172;
 702.87494, 365.84207;
 764.68396, 382.22394;
 725.70966, 423.37589;
 766.81177, 474.9577;
 707.20599, 508.57767;
 763.70264, 549.69794;
 717.23065, 592.54346;
 750.20276, 858.71936;
 774.39636, 506.8638;
 775.27124, 542.39026;
 707.85486, 582.30878]
