[1112.0011, 76.951035;
 1141.1558, 99.838638;
 814.43939, 103.19411;
 1338.8342, 115.8546;
 308.37894, 121.77055;
 300.40225, 123.45016;
 789.90594, 123.32864;
 772.7243, 128.62146;
 763.57397, 130.74582;
 783.42285, 130.58577;
 1033.2377, 166.80869;
 235.3463, 170.48212;
 660.90369, 186.94548;
 713.39648, 233.82642;
 805.85175, 241.13843;
 847.87787, 242.92447;
 833.7157, 249.82697;
 433.55408, 251.29913;
 1041.7585, 257.98267;
 1104.1371, 259.04074;
 1034.4047, 260.94089;
 1029.5867, 284.66483;
 1113.6299, 288.19501;
 1111.0352, 298.99493;
 1120.0325, 304.97543;
 1291.7103, 320.18912;
 1104.7061, 322.47086;
 12.877325, 372.80157;
 41.857742, 376.53781;
 993.34247, 402.40237;
 304.77078, 416.60089;
 575.68738, 429.19897;
 76.777809, 457.20172;
 701.06445, 505.51474;
 864.97351, 591.53455;
 56.316933, 612.75336;
 757.76532, 707.95642;
 727.06055, 856.78192;
 554.50262, 942.51227;
 537.86334, 975.10046;
 528.55688, 1007.4435;
 489.81046, 1035.3575;
 505.95114, 1036.1422;
 581.43793, 1049.3468;
 468.09488, 1095.1206;
 465.17496, 1100.5653;
 464.57751, 1135.4219;
 454.16556, 1147.0333;
 415.58511, 1197.0967;
 431.9733, 1197.4214;
 416.8811, 1203.3702;
 411.2843, 1209.2825;
 437.14777, 1229.0082;
 393.92453, 1249.6097;
 402.02246, 1253.7684;
 1048.5896, 1309.486;
 1326.7147, 1362.2827;
 916.1687, 7.0373402;
 206.38565, 16.532846;
 749.88824, 21.152195;
 1235.9971, 26.686434;
 689.98773, 32.428917;
 899.50403, 36.089958;
 25.537882, 44.153622;
 444.95728, 50.981251;
 26.465107, 52.361923;
 322.14636, 54.965115;
 519.17157, 56.361618;
 1063.8577, 62.478031;
 1148.2338, 62.079952;
 468.50494, 63.410385;
 745.29163, 63.226135;
 1055.0844, 64.547333;
 1175.531, 68.129105;
 7.4756556, 70.886917;
 744.83838, 71.204361;
 106.90809, 72.140053;
 986.22015, 72.128571;
 1067.3104, 73.892059;
 1085.2944, 73.467529;
 1274.8486, 75.817268;
 458.58829, 76.690056;
 1112.0039, 76.86837;
 817.64301, 77.820374;
 1247.1578, 80.236893;
 987.6944, 81.350304;
 1300.193, 86.882996;
 194.20468, 91.30526;
 439.18408, 94.695824;
 255.59407, 97.552986;
 832.52344, 98.101013;
 1141.1423, 99.71743;
 814.57306, 103.86993;
 498.87366, 104.83539;
 911.00043, 107.583;
 783.49231, 110.82173;
 1140.6268, 111.39883;
 816.96326, 114.24085;
 1275.4779, 115.20232;
 1339.3527, 116.08108;
 308.78824, 122.26192;
 300.078, 123.39348;
 790.26508, 122.74065;
 649.68011, 127.63818;
 772.50739, 128.15311;
 763.30121, 130.45407;
 1312.215, 130.17299;
 782.12537, 131.40891;
 27.486683, 135.22643;
 262.77444, 149.37163;
 57.986275, 152.30032;
 904.63202, 158.98033;
 1033.1516, 166.64888;
 402.71497, 168.49954;
 1166.5283, 167.51897;
 840.95776, 170.19574;
 234.66321, 170.93794;
 900.74982, 180.95876;
 660.87634, 186.53445;
 378.04163, 188.08325;
 390.86545, 191.40663;
 400.33676, 191.42665;
 852.85516, 194.24268;
 683.69147, 195.68196;
 544.48615, 205.64647;
 231.45612, 208.50594;
 163.55002, 210.18347;
 555.99615, 221.28419;
 425.68869, 222.5079;
 702.84149, 228.43857;
 1296.4224, 227.93643;
 1030.374, 228.70421;
 714.26642, 233.25143;
 805.91595, 241.07321;
 347.86963, 241.74564;
 848.23926, 243.12924;
 776.88391, 243.7343;
 833.599, 249.58807;
 1052.076, 250.03242;
 433.62949, 251.53012;
 671.45129, 251.47081;
 768.11578, 252.11079;
 418.43808, 252.95024;
 1116.1039, 254.48669;
 1042.4304, 258.88107;
 1104.1008, 259.27567;
 1034.088, 259.96478;
 411.21902, 261.01184;
 1113.1858, 262.35944;
 60.243858, 264.19595;
 1035.6614, 268.94766;
 1028.9852, 273.60547;
 1274.455, 273.68539;
 734.73016, 278.2453;
 1107.5466, 280.23407;
 1028.6655, 284.82498;
 1113.7257, 287.8288;
 1146.7761, 297.19354;
 1110.824, 299.34561;
 1040.9061, 302.25833;
 1119.9006, 305.34589;
 1332.6149, 308.54498;
 349.85522, 316.60095;
 1283.5529, 317.38934;
 1291.886, 319.93213;
 621.86603, 322.96799;
 1103.9915, 323.01147;
 23.09164, 324.5961;
 287.38843, 325.51135;
 6.959547, 327.18103;
 780.8429, 326.79709;
 565.62433, 330.02896;
 343.0831, 331.8735;
 294.32288, 334.06375;
 270.2814, 334.59305;
 502.94257, 340.48105;
 1057.5765, 342.97653;
 1038.1187, 345.60156;
 105.76024, 348.05481;
 21.813593, 349.80771;
 163.42525, 352.58984;
 438.48599, 356.62302;
 1060.1819, 357.44318;
 107.38706, 363.55026;
 1100.4624, 369.44131;
 12.81519, 372.42059;
 41.885117, 376.27048;
 929.28241, 378.59836;
 1151.9984, 379.98819;
 310.73367, 381.52151;
 1090.4237, 383.24951;
 294.62314, 383.7691;
 925.16876, 393.85974;
 68.122704, 395.03781;
 978.55157, 397.30057;
 361.72379, 399.53964;
 993.3313, 402.49869;
 1002.0157, 401.98056;
 831.58386, 403.40384;
 1078.5814, 402.93365;
 289.01599, 404.46127;
 987.14227, 407.48541;
 296.26981, 410.51526;
 451.70807, 410.8671;
 304.491, 416.56339;
 874.56909, 416.39996;
 1019.2189, 417.1922;
 684.78992, 424.76038;
 1089.5177, 426.55045;
 575.29663, 429.52902;
 280.04813, 431.63013;
 978.92285, 433.90405;
 1062.4298, 444.55731;
 1246.5471, 446.44415;
 167.61977, 450.69037;
 1012.0756, 454.97388;
 77.285423, 457.16168;
 459.67072, 463.715;
 989.04315, 463.77438;
 221.32578, 465.47198;
 704.90552, 465.97256;
 269.35236, 470.31927;
 842.03705, 483.96951;
 601.59015, 488.23367;
 49.508324, 498.69864;
 511.17273, 498.7179;
 701.16095, 505.50635;
 995.26611, 504.63858;
 1092.5472, 506.02176;
 983.09106, 509.75403;
 18.151836, 511.19608;
 1297.7428, 511.83862;
 30.613047, 515.46814;
 54.836613, 524.00165;
 871.60706, 526.99249;
 960.59607, 529.18127;
 1061.1028, 537.77173;
 513.40033, 546.04645;
 952.02405, 554.26282;
 856.87494, 557.5863;
 972.5473, 560.15686;
 931.04028, 562.2771;
 869.46661, 567.75146;
 320.61624, 572.40332;
 169.66634, 582.38446;
 924.60193, 583.94836;
 845.26099, 585.02942;
 915.88428, 588.4444;
 201.59615, 588.5188;
 854.63074, 591.13837;
 254.37247, 591.789;
 865.05725, 591.55835;
 193.41258, 592.7934;
 136.20091, 600.38153;
 194.32916, 602.82294;
 904.55646, 604.12067;
 913.89136, 608.16705;
 938.86444, 607.47144;
 119.79415, 610.87433;
 842.92853, 612.1095;
 56.787949, 612.47614;
 929.84711, 613.45367;
 66.773735, 615.08606;
 945.50299, 614.91772;
 1446.6666, 618.11914;
 919.8938, 622.05548;
 310.65912, 623.74738;
 938.30182, 629.18756;
 866.07556, 631.19659;
 1343.2306, 648.62762;
 785.73578, 651.19482;
 224.18678, 655.64984;
 1383.1747, 657.70746;
 60.919456, 665.66608;
 779.81305, 666.3147;
 35.750042, 667.27643;
 146.03236, 673.90894;
 1014.0367, 682.47638;
 801.21338, 685.70343;
 1407.7129, 692.48785;
 1333.0243, 701.81189;
 855.34308, 704.17999;
 648.18768, 705.32166;
 757.46521, 707.72919;
 307.47357, 710.05481;
 737.24615, 718.26501;
 760.61481, 717.8974;
 691.12494, 722.60376;
 392.35349, 724.29358;
 728.02545, 726.35272;
 1423.8387, 728.65814;
 999.72638, 734.67499;
 313.20059, 737.12885;
 741.47382, 737.92279;
 727.78113, 742.41772;
 775.39343, 742.13904;
 1055.8784, 743.60748;
 743.68365, 748.43311;
 794.77832, 761.32806;
 937.1087, 761.84302;
 153.1734, 765.63135;
 783.49225, 765.64209;
 782.37653, 774.16437;
 725.91541, 778.52051;
 119.76144, 780.03778;
 757.26947, 782.49854;
 352.70996, 783.6394;
 537.09875, 784.56952;
 757.25818, 792.63562;
 787.68475, 807.65399;
 771.69196, 811.0672;
 677.64319, 816.78772;
 1210.1101, 819.3045;
 729.93823, 837.9834;
 602.36279, 850.38306;
 128.74045, 851.91504;
 613.53369, 852.9245;
 1403.7073, 855.30133;
 984.28723, 855.46613;
 727.1264, 856.84259;
 603.58838, 860.89905;
 196.78262, 861.67493;
 595.41846, 865.20874;
 842.7738, 865.61499;
 229.32269, 867.27557;
 695.10852, 871.70428;
 620.74951, 873.5993;
 1319.3485, 873.6864;
 712.92487, 881.18707;
 622.87476, 883.2879;
 617.46582, 887.73297;
 695.4093, 893.23419;
 468.13287, 897.33929;
 135.46718, 900.35071;
 638.88617, 903.64105;
 1357.1396, 909.62274;
 1176.3384, 914.2113;
 570.18231, 917.7027;
 1155.6844, 923.44366;
 560.00983, 924.37085;
 1174.0336, 927.29156;
 328.06659, 931.19958;
 305.46243, 932.80975;
 1178.8337, 933.9787;
 100.5559, 934.66974;
 1165.5956, 937.24518;
 682.20605, 939.34509;
 554.30334, 942.28748;
 639.7334, 946.51721;
 571.88574, 948.71051;
 1110.1138, 948.90149;
 735.54102, 950.23816;
 412.47211, 950.59723;
 476.15857, 951.87915;
 631.93372, 958.7868;
 877.18677, 961.07721;
 346.59573, 961.69531;
 678.4823, 965.83826;
 574.91095, 968.35303;
 49.302925, 969.09607;
 624.34222, 971.22717;
 475.36237, 971.48322;
 537.61597, 975.26154;
 1103.9299, 975.36011;
 613.72974, 977.81702;
 568.68384, 980.39197;
 557.29199, 980.58997;
 610.20404, 985.97913;
 1236.0778, 986.3877;
 47.520374, 988.89032;
 538.05579, 989.7804;
 1363.0458, 997.24847;
 534.56677, 999.78906;
 528.13629, 1007.3308;
 1301.9492, 1007.0043;
 970.38953, 1008.7231;
 616.02972, 1012.7652;
 534.31921, 1018.0765;
 604.53735, 1021.166;
 521.04865, 1023.5673;
 533.20276, 1027.4338;
 586.2735, 1029.0543;
 513.3244, 1032.6106;
 489.82813, 1035.3018;
 505.23459, 1036.2654;
 525.02014, 1036.8346;
 516.77997, 1039.3704;
 490.3111, 1043.0121;
 926.40186, 1044.4065;
 581.77118, 1049.0417;
 484.38339, 1050.4835;
 511.65082, 1055.1263;
 569.08954, 1057.1031;
 960.33698, 1056.954;
 1285.9443, 1058.6318;
 487.32629, 1059.6338;
 660.2442, 1063.1168;
 551.66235, 1069.1514;
 538.87585, 1073.7231;
 944.80707, 1074.5802;
 479.12079, 1078.3121;
 1235.6393, 1078.0424;
 555.46527, 1081.6461;
 492.65756, 1083.3192;
 473.35526, 1085.6401;
 539.16266, 1085.8654;
 466.85855, 1096.6631;
 147.32907, 1099.1354;
 478.59042, 1117.4987;
 1314.9938, 1121.5043;
 553.74554, 1123.1904;
 639.10547, 1123.6187;
 210.36604, 1126.4077;
 295.52292, 1127.5889;
 343.29675, 1127.6689;
 280.65527, 1130.7885;
 997.70013, 1132.2469;
 464.06876, 1134.9126;
 461.85019, 1145.2921;
 453.33923, 1146.8066;
 509.86011, 1146.4161;
 446.05432, 1148.5302;
 531.5766, 1148.5916;
 998.22113, 1154.2964;
 1015.282, 1163.4418;
 444.42676, 1166.3903;
 718.39508, 1165.499;
 426.49179, 1166.4387;
 1031.8224, 1169.4139;
 509.22302, 1169.976;
 1277.3331, 1170.1664;
 521.10858, 1171.8605;
 1163.1437, 1172.8058;
 1171.6394, 1174.9313;
 430.67401, 1176.1436;
 1150.0466, 1177.1865;
 420.83945, 1178.9801;
 1140.4332, 1181.2152;
 495.60385, 1184.3873;
 432.89722, 1186.2904;
 423.72372, 1187.6771;
 501.56415, 1192.542;
 1098.0975, 1193.2251;
 1359.8698, 1192.6276;
 1350.2753, 1195.4905;
 415.21576, 1197.0286;
 431.67783, 1197.76;
 492.7594, 1198.5049;
 417.59222, 1204.2554;
 498.32541, 1205.5342;
 774.66504, 1209.1165;
 484.81943, 1212.7115;
 427.07251, 1216.3588;
 920.24097, 1216.6693;
 682.36749, 1217.9175;
 466.00986, 1219.5472;
 402.65756, 1221.965;
 437.29767, 1228.5139;
 447.5083, 1230.3539;
 402.64633, 1230.8335;
 28.558815, 1233.9076;
 393.01672, 1234.5547;
 1014.581, 1239.2701;
 404.26892, 1240.3318;
 1436.9766, 1246.5214;
 394.33826, 1248.9355;
 402.68546, 1253.6876;
 827.36505, 1255.1558;
 1022.3035, 1256.4359;
 390.34271, 1261.6654;
 1447.8318, 1264.6246;
 26.521193, 1276.0688;
 1390.6018, 1277.5199;
 1198.1377, 1279.5223;
 1215.3137, 1280.1853;
 1201.635, 1288.4261;
 440.444, 1299.8557;
 425.13898, 1305.4965;
 1048.3867, 1309.6848;
 1219.535, 1310.3358;
 1039.1891, 1312.5289;
 152.06149, 1326.5334;
 947.25, 1331.473;
 1072.2512, 1342.5228;
 431.20505, 1353.3477;
 1327.0565, 1362.3181;
 708.42334, 1371.0382;
 244.25697, 1382.3617;
 1413.4956, 1382.8901;
 234.51414, 1386.313;
 402.01093, 1387.6874;
 804.3877, 1388.991;
 234.44778, 1395.1488;
 617.22491, 1395.8412;
 189.39862, 1397.9119;
 410.06763, 1407.7079;
 101.98116, 1410.9194;
 1432.5758, 1412.6553;
 1418.7811, 1413.8073;
 1023.3721, 1417.416;
 1368.2208, 1422.5439;
 461.96051, 1428.8643;
 1094.3351, 1428.6346;
 1338.2922, 1430.7627;
 1084.9015, 1445.75;
 829.51965, 1448.1411;
 206.75882, 16.468304;
 750.25641, 21.053057;
 1235.8754, 27.000845;
 899.80713, 35.167141;
 870.48346, 42.404812;
 26.536003, 52.64669;
 322.34512, 54.795334;
 71.524994, 57.509426;
 1064.363, 62.467026;
 1148.3313, 62.180218;
 1054.6174, 65.107544;
 1393.1307, 68.858086;
 1085.7805, 73.385071;
 1067.0789, 73.999527;
 458.79773, 76.923958;
 1246.9968, 80.534355;
 987.72345, 81.849556;
 1079.5042, 82.895386;
 1300.2172, 86.829659;
 194.15726, 90.564758;
 439.0603, 94.066063;
 832.55792, 98.026802;
 499.04703, 104.15048;
 910.62561, 107.52318;
 783.43286, 110.9653;
 1262.1439, 115.05244;
 299.60022, 123.0741;
 309.32108, 122.48792;
 772.22266, 127.64086;
 762.92969, 130.47455;
 782.02802, 130.66934;
 27.176228, 135.20137;
 1421.5371, 160.34744;
 1166.8787, 167.4436;
 840.63556, 170.15689;
 234.24583, 171.20454;
 378.96811, 189.44341;
 390.87268, 191.68958;
 231.7722, 208.33994;
 1055.6693, 236.93208;
 776.80975, 244.49751;
 767.68231, 251.84955;
 418.33585, 253.09216;
 1103.6556, 259.21817;
 1042.4227, 259.19421;
 410.89761, 261.67834;
 60.255199, 264.17618;
 735.13751, 278.61398;
 1027.756, 285.10632;
 989.00311, 286.34354;
 506.84753, 292.82013;
 1146.6763, 297.43256;
 1119.9369, 305.10248;
 780.98279, 326.60065;
 7.092772, 327.34753;
 294.052, 333.31525;
 1038.1476, 345.95593;
 22.030315, 349.54529;
 116.69777, 353.60202;
 532.24304, 357.26978;
 107.39983, 363.40811;
 1112.7803, 367.47461;
 1100.3127, 369.52112;
 1152.2485, 379.1922;
 821.61029, 388.27866;
 978.72736, 397.79001;
 1002.6464, 402.69766;
 1078.5872, 402.5025;
 831.4505, 403.33932;
 874.28113, 416.67346;
 1118.5112, 419.51151;
 684.3905, 425.09155;
 279.15427, 432.63431;
 1012.8306, 445.16913;
 1247.0364, 446.24878;
 961.67236, 455.00824;
 329.13589, 459.62167;
 221.30353, 465.53452;
 704.86304, 466.23682;
 268.75388, 469.33658;
 422.77103, 479.84543;
 842.01563, 483.987;
 995.00006, 504.07791;
 1092.9625, 505.84058;
 1297.5034, 511.97662;
 29.219936, 514.77649;
 1061.0428, 537.54663;
 930.7287, 552.61877;
 856.90887, 557.9068;
 844.67487, 584.69403;
 202.07811, 588.09113;
 915.87561, 589.19025;
 193.43071, 593.02039;
 938.23444, 607.104;
 914.57965, 608.31091;
 930.1875, 613.88025;
 66.51033, 614.71924;
 946.02209, 614.65918;
 919.98724, 621.27161;
 539.24615, 621.9657;
 361.36194, 643.86755;
 1343.3047, 648.62311;
 224.37085, 655.35034;
 779.52844, 665.99615;
 1014.3281, 682.46802;
 801.07922, 686.00684;
 855.15167, 703.70288;
 648.1416, 704.95886;
 757.03796, 707.29883;
 691.03528, 722.591;
 392.31573, 724.98218;
 313.9964, 737.14594;
 727.26062, 741.50708;
 775.4729, 741.89044;
 744.20337, 748.22119;
 788.29419, 753.86517;
 937.43365, 762.4361;
 784.13843, 765.15778;
 771.3266, 772.06677;
 783.18408, 774.8006;
 757.01361, 782.57001;
 702.72906, 787.39178;
 323.70474, 799.08313;
 740.46997, 799.01276;
 730.45776, 802.76831;
 787.73425, 807.97931;
 1198.811, 812.76251;
 1209.7085, 819.52661;
 865.58417, 834.27521;
 983.79529, 855.08722;
 727.30804, 856.84723;
 842.79047, 865.79877;
 228.77559, 867.24438;
 714.80396, 869.24438;
 694.9989, 871.1922;
 135.07388, 900.63031;
 638.8338, 903.49152;
 1356.9117, 910.23981;
 587.78986, 919.16675;
 1155.6766, 923.07495;
 559.84558, 923.61804;
 328.11926, 931.15527;
 100.41255, 934.36627;
 1178.1906, 935.44073;
 1165.5869, 938.60022;
 553.98682, 942.11469;
 1109.9368, 948.91516;
 571.90344, 949.16925;
 561.06946, 950.56531;
 452.04684, 951.75507;
 631.97797, 958.67871;
 470.38538, 960.18475;
 877.48572, 960.64136;
 678.57825, 965.52032;
 574.85052, 968.32874;
 475.64703, 972.03088;
 624.32544, 971.42566;
 1103.2107, 974.82104;
 1363.4631, 997.30603;
 535.19977, 999.68079;
 621.33173, 1000.3807;
 969.97485, 1009.0754;
 1036.1805, 1009.4061;
 616.11639, 1012.9473;
 512.77179, 1015.4742;
 533.37878, 1028.2755;
 504.49945, 1036.2948;
 553.85864, 1040.3177;
 582.29388, 1048.5636;
 483.85184, 1050.3888;
 568.95563, 1058.009;
 1285.4941, 1058.1913;
 944.41907, 1074.1704;
 1234.75, 1077.9772;
 52.659023, 1105.9717;
 480.79291, 1118.7587;
 553.60175, 1123.1443;
 639.06683, 1123.9944;
 462.41794, 1145.332;
 510.37994, 1146.1654;
 426.1377, 1166.2831;
 717.64948, 1165.8057;
 1032.2637, 1169.4722;
 1278.0503, 1169.5597;
 521.12701, 1172.2427;
 1140.1171, 1181.2325;
 1277.0414, 1181.3604;
 495.41977, 1184.2156;
 502.32834, 1192.4192;
 1098.3354, 1192.7175;
 1360.5465, 1192.9109;
 1350.269, 1195.5131;
 431.6777, 1197.8817;
 492.96317, 1197.9043;
 498.05295, 1206.3719;
 409.81369, 1209.7174;
 427.4296, 1216.2192;
 920.18695, 1217.0848;
 683.24957, 1218.3839;
 402.47733, 1221.0747;
 436.89044, 1228.1483;
 28.812397, 1234.2847;
 392.32599, 1235.4381;
 1354.5405, 1245.0032;
 826.96619, 1255.0326;
 1022.5297, 1256.3386;
 26.563839, 1276.4194;
 1390.2925, 1277.7473;
 1198.6956, 1279.2771;
 440.83444, 1299.6091;
 424.78265, 1305.5144;
 1102.153, 1337.1852;
 1073.0513, 1342.4731;
 1337.6876, 1345.0083;
 431.04865, 1353.3698;
 234.69363, 1384.9874;
 402.03378, 1387.4038;
 803.82495, 1388.6595;
 1422.3237, 1389.5831;
 234.44185, 1395.8705;
 616.55524, 1396.6448;
 1363.4922, 1397.0945;
 409.90985, 1407.5349;
 101.95194, 1410.6608;
 1431.4622, 1412.3043;
 1419.0776, 1413.7094;
 1257.3953, 1428.2252;
 462.04263, 1428.5844;
 1350.5316, 1429.0009;
 1338.1763, 1430.8613;
 675.51196, 1440.641;
 1274.8073, 76.599731;
 792.05969, 121.99776;
 1043.9957, 128.79076;
 1060.0781, 196.52353;
 623.32104, 220.33182;
 1051.7723, 249.0596;
 1031.9828, 254.98061;
 1115.6536, 257.20712;
 1036.7723, 269.26611;
 550.13312, 277.02267;
 1112.6696, 285.6431;
 1037.6804, 288.6131;
 1109.8787, 299.30051;
 1039.6505, 299.23502;
 993.16132, 303.9946;
 1067.158, 305.23465;
 1084.1692, 317.8685;
 1101.824, 322.91467;
 1059.0634, 339.78485;
 1138.502, 347.28891;
 1060.1525, 358.16928;
 930.45465, 377.94138;
 1089.4021, 386.53268;
 1020.7392, 387.8316;
 361.30118, 397.64856;
 1093.4884, 403.79025;
 995.30536, 412.93842;
 980.20331, 418.1535;
 1077.5873, 419.90137;
 1076.7539, 437.702;
 210.66182, 457.61169;
 1046.2078, 465.84781;
 292.12793, 482.14261;
 1042.3451, 483.26645;
 1098.8444, 485.34787;
 944.90002, 485.61505;
 978.05914, 491.2099;
 1015.1459, 501.86786;
 984.06451, 509.30734;
 1027.0582, 509.25455;
 916.65979, 513.49963;
 1008.1976, 515.33533;
 873.23572, 528.81592;
 961.42749, 531.28662;
 941.13422, 549.02356;
 952.04187, 554.89606;
 1021.9462, 557.65112;
 972.35071, 561.5722;
 953.83002, 564.82001;
 986.27887, 564.8443;
 868.33325, 567.23059;
 854.95264, 577.54352;
 926.09381, 584.70166;
 854.38031, 592.67365;
 947.25464, 600.23871;
 904.52338, 602.92999;
 887.37469, 605.93494;
 840.67352, 610.79712;
 886.46558, 627.20898;
 863.26874, 628.50677;
 904.35345, 629.15082;
 31.29405, 630.15259;
 882.05255, 640.09888;
 858.5097, 664.41992;
 737.78656, 717.75092;
 761.07605, 718.98254;
 741.49957, 737.52039;
 730.92383, 754.60815;
 724.32758, 779.98303;
 729.39087, 817.00275;
 427.14203, 826.29706;
 744.36902, 830.83459;
 713.85211, 834.11584;
 729.82465, 834.17657;
 902.75385, 836.69861;
 601.52887, 849.0307;
 716.20154, 852.74506;
 613.21124, 853.97516;
 702.80627, 864.02924;
 714.37372, 880.89557;
 431.83362, 881.53033;
 620.67249, 883.04535;
 790.54987, 886.78723;
 697.76691, 889.07739;
 599.36249, 894.40997;
 584.98212, 894.8316;
 615.245, 899.54852;
 666.97595, 901.17877;
 540.43341, 906.4707;
 593.66748, 907.26105;
 1166.6727, 907.11792;
 1177.5562, 914.33075;
 667.80682, 914.96686;
 690.57324, 915.77979;
 571.33716, 918.34491;
 686.87933, 917.8551;
 657.89862, 925.34869;
 568.66876, 936.93604;
 681.7196, 937.74561;
 659.79279, 940.07916;
 641.60889, 946.40656;
 572.18433, 954.56909;
 611.70422, 967.12927;
 536.70197, 975.40985;
 618.6416, 976.62885;
 568.3103, 979.07928;
 621.07104, 989.16034;
 537.66675, 990.82129;
 1295.3125, 993.15765;
 525.76294, 1008.4962;
 536.39581, 1016.4982;
 605.2829, 1018.9095;
 520.02063, 1025.2667;
 1288.1683, 1026.5671;
 422.87503, 1027.6951;
 514.8761, 1031.0245;
 585.84106, 1031.0934;
 517.13812, 1038.7628;
 1296.7549, 1042.8202;
 514.5517, 1053.4481;
 960.10596, 1057.9949;
 487.26419, 1062.6676;
 551.23163, 1068.9379;
 959.10675, 1071.1973;
 537.54462, 1071.611;
 480.61469, 1075.4996;
 556.24524, 1081.3619;
 540.20996, 1086.1084;
 484.43094, 1088.5533;
 465.24155, 1097.2223;
 486.95956, 1102.9609;
 549.59753, 1104.8124;
 1290.2181, 1105.6694;
 466.78842, 1113.9657;
 531.64691, 1116.939;
 520.86273, 1120.5194;
 476.10114, 1129.6355;
 461.71405, 1132.7999;
 527.14117, 1136.1931;
 54.385033, 1144.3501;
 448.8027, 1148.4933;
 530.96448, 1148.2488;
 995.63696, 1151.0886;
 456.71118, 1158.7124;
 522.80255, 1160.1763;
 509.14737, 1170.9629;
 1381.8656, 1178.9595;
 430.3237, 1184.2429;
 422.83865, 1189.1034;
 407.20352, 1205.3273;
 422.87625, 1206.5165;
 484.07614, 1212.3132;
 461.3526, 1217.5321;
 417.17734, 1220.6182;
 419.10904, 1235.4768;
 423.05887, 1236.3964;
 403.6163, 1241.2236;
 469.46954, 1242.6536;
 405.77106, 1253.6083;
 428.9339, 1294.6053;
 1036.743, 1312.6104;
 215.41724, 1436.3976;
 1046.4756, 76.502342;
 1100.6353, 260.7352;
 1037.7722, 290.88364;
 1092.8351, 297.83636;
 1083.15, 317.93701;
 1059.769, 357.83759;
 1077.7555, 418.4491;
 978.07019, 419.50772;
 983.66132, 433.84277;
 1045.9064, 466.07455;
 1021.8917, 556.93054;
 971.69244, 561.71246;
 986.86389, 565.89343;
 852.00671, 577.59418;
 887.39233, 626.45874;
 729.83221, 756.12732;
 716.42108, 765.47131;
 745.16992, 828.58411;
 730.29242, 833.51416;
 715.48108, 850.28302;
 702.63074, 864.26239;
 598.07483, 903.59399;
 668.27228, 915.29291;
 571.76221, 918.43713;
 656.96338, 925.66132;
 569.2229, 937.22772;
 660.83533, 941.33569;
 569.90399, 955.422;
 537.05194, 974.57727;
 553.47119, 976.55975;
 623.67712, 981.83661;
 535.60162, 1035.9468;
 536.28381, 1069.5397;
 479.15552, 1078.2231;
 490.18674, 1107.7866;
 1290.9945, 1105.3719;
 476.68454, 1130.219;
 530.85382, 1148.3773;
 448.34363, 1148.8632;
 430.37799, 1183.8009;
 410.67307, 1206.8239;
 406.48288, 1204.8337;
 460.77603, 1217.4266;
 417.62122, 1220.75;
 420.63156, 1237.6857;
 1039.1948, 267.42804;
 1023.0027, 284.19745;
 1104.2322, 302.11823;
 1020.3373, 389.14673;
 1087.1876, 399.70801;
 997.5954, 408.16235;
 1080.9983, 432.23007;
 873.06, 529.56714;
 949.63788, 604.27985;
 882.1001, 641.6864;
 741.19611, 717.80585;
 740.38898, 735.62842;
 726.78137, 820.89783;
 598.16406, 875.11908;
 618.3045, 880.44788;
 700.87085, 887.00824;
 553.96576, 915.02502;
 1179.4432, 917.55756;
 688.97705, 923.78534;
 550.96857, 959.61804;
 536.66486, 994.30884;
 558.53809, 997.84613;
 518.2774, 1007.2822;
 625.57861, 1008.7867;
 540.22742, 1011.7683;
 516.15491, 1030.3693;
 498.62061, 1035.254;
 518.37396, 1039.4153;
 538.63837, 1086.4916;
 545.24103, 1092.4685;
 531.1955, 1113.6705;
 466.94168, 1114.6433;
 550.61371, 1121.0912;
 525.66998, 1141.028;
 450.82068, 1182.4672;
 488.31601, 1189.0942;
 399.27814, 1237.5579;
 1116.5854, 1280.2521;
 1096.6965, 271.05164;
 1109.4767, 282.64157;
 1041.0321, 463.05859;
 931.45294, 592.02026;
 910.73016, 622.98804;
 716.94391, 747.0058;
 652.96753, 808.05829;
 731.42444, 838.53778;
 568.02429, 929.47321;
 608.66357, 1011.4049;
 579.97205, 1039.7275;
 491.39334, 1065.3643;
 508.92148, 1072.158;
 456.6106, 1133.2825;
 422.69434, 1213.1685;
 414.23474, 1213.9366;
 414.67188, 1225.7894;
 780.07751, 131.71751;
 1042.726, 267.34412;
 1107.0375, 275.17126;
 974.65753, 419.56219;
 988.63776, 445.72354;
 936.45386, 480.0834;
 1032.8466, 486.90796;
 915.19537, 533.49561;
 947.96283, 565.80914;
 876.74445, 606.28442;
 819.3999, 668.17334;
 746.77899, 786.48798;
 707.30402, 858.53064;
 722.80798, 872.36444;
 702.41235, 879.04706;
 580.05353, 892.66193;
 551.74719, 912.46313;
 580.76379, 929.29669;
 644.04578, 949.51807;
 634.09381, 949.19928;
 549.18573, 968.59955;
 623.14459, 977.92798;
 614.61566, 989.66034;
 535.37622, 1002.8334;
 489.39288, 1034.1541;
 550.64996, 1065.8489;
 476.33762, 1122.9553;
 462.15466, 1158.2142;
 531.2691, 1147.9387;
 423.76126, 1186.8423;
 412.04303, 1228.7756;
 401.01721, 1231.9011;
 425.76752, 1244.0868;
 1056.6962, 263.29825;
 1037.3698, 279.50446;
 1022.4011, 402.49246;
 1007.9206, 407.24802;
 980.95099, 478.51633;
 982.12164, 519.64026;
 879.05164, 527.91577;
 878.27838, 571.6004;
 871.14966, 599.26965;
 905.19928, 615.8504;
 915.79669, 626.71045;
 867.84784, 629.36182;
 729.46515, 767.47888;
 732.53491, 833.91302;
 569.8996, 879.50824;
 483.82846, 1070.1829;
 443.47342, 1136.3889;
 478.01559, 1148.3617;
 429.88593, 1173.9218;
 425.94269, 1190.1709;
 489.44611, 1201.8365;
 476.28439, 1212.9376;
 980.26605, 432.31885;
 997.27527, 450.67719;
 1042.058, 484.50223;
 882.2002, 580.08215;
 940.70062, 584.61438;
 755.70966, 738.26172;
 724.35516, 849.2066;
 573.08075, 883.01599;
 545.07263, 977.73773;
 534.23096, 1020.252;
 485.87384, 1027.842;
 499.07706, 1065.3812;
 541.02112, 1095.0122;
 487.6163, 1131.6528;
 530.29816, 1135.1345;
 1051.4838, 270.53958;
 1096.6467, 284.8707;
 1019.4546, 400.91827;
 1092.171, 414.96146;
 1029.9084, 468.86459;
 873.41406, 522.76276;
 934.66022, 529.11133;
 993.74713, 540.96533;
 925.4162, 610.60138;
 586.78162, 933.06879;
 560.70911, 953.62616;
 619.17975, 972.2229;
 510.59488, 1048.6399;
 436.39304, 1131.0779;
 463.98398, 1196.4778]
