   1.0000000e+00
   5.8300000e+02
   2.7116861e+02   4.5933479e+01   1.0000000e+00   0.0000000e+00   1.0000000e+00
   4.7788931e+02   5.0951851e+01   1.0000000e+00   0.0000000e+00   1.0000000e+00
   4.8496320e+02   5.6207298e+01   1.0000000e+00   0.0000000e+00   1.0000000e+00
   5.0686966e+02   5.4673397e+01   1.0000000e+00   0.0000000e+00   1.0000000e+00
   4.5375970e+02   5.8707626e+01   1.0000000e+00   0.0000000e+00   1.0000000e+00
   4.7635950e+02   5.8524700e+01   1.0000000e+00   0.0000000e+00   1.0000000e+00
   4.4813431e+02   6.3607956e+01   1.0000000e+00   0.0000000e+00   1.0000000e+00
   4.6979361e+02   6.3440960e+01   1.0000000e+00   0.0000000e+00   1.0000000e+00
   8.1272743e+01   6.6848579e+01   1.0000000e+00   0.0000000e+00   1.0000000e+00
   4.7579645e+02   6.6711403e+01   1.0000000e+00   0.0000000e+00   1.0000000e+00
   4.6470819e+02   7.0812935e+01   1.0000000e+00   0.0000000e+00   1.0000000e+00
   9.0773010e+01   6.9823982e+01   1.0000000e+00   0.0000000e+00   1.0000000e+00
   7.4074196e+01   7.4831024e+01   1.0000000e+00   0.0000000e+00   1.0000000e+00
   4.4476941e+02   7.5221825e+01   1.0000000e+00   0.0000000e+00   1.0000000e+00
   3.4106204e+02   8.0981636e+01   1.0000000e+00   0.0000000e+00   1.0000000e+00
   2.4219078e+02   8.2165619e+01   1.0000000e+00   0.0000000e+00   1.0000000e+00
   7.7907806e+01   8.5743210e+01   1.0000000e+00   0.0000000e+00   1.0000000e+00
   3.4997363e+02   8.3838226e+01   1.0000000e+00   0.0000000e+00   1.0000000e+00
   7.5755295e+01   8.9716743e+01   1.0000000e+00   0.0000000e+00   1.0000000e+00
   4.6030588e+02   9.9142792e+01   1.0000000e+00   0.0000000e+00   1.0000000e+00
   4.6877908e+02   1.0090034e+02   1.0000000e+00   0.0000000e+00   1.0000000e+00
   2.6417572e+02   1.0162410e+02   1.0000000e+00   0.0000000e+00   1.0000000e+00
   4.4043637e+02   1.0305344e+02   1.0000000e+00   0.0000000e+00   1.0000000e+00
   3.3719473e+02   1.1960658e+02   1.0000000e+00   0.0000000e+00   1.0000000e+00
   5.0022498e+02   1.2109354e+02   1.0000000e+00   0.0000000e+00   1.0000000e+00
   4.9883099e+01   1.2386899e+02   1.0000000e+00   0.0000000e+00   1.0000000e+00
   4.1211542e+02   1.2631226e+02   1.0000000e+00   0.0000000e+00   1.0000000e+00
   5.1052682e+02   1.2646135e+02   1.0000000e+00   0.0000000e+00   1.0000000e+00
   2.9231439e+02   1.2923611e+02   1.0000000e+00   0.0000000e+00   1.0000000e+00
   4.1099039e+02   1.3584372e+02   1.0000000e+00   0.0000000e+00   1.0000000e+00
   5.6462427e+02   1.3526231e+02   1.0000000e+00   0.0000000e+00   1.0000000e+00
   3.9925888e+02   1.3730244e+02   1.0000000e+00   0.0000000e+00   1.0000000e+00
   3.3862378e+02   1.4670119e+02   1.0000000e+00   0.0000000e+00   1.0000000e+00
   5.2285907e+02   1.5050960e+02   1.0000000e+00   0.0000000e+00   1.0000000e+00
   4.0688388e+02   1.5198665e+02   1.0000000e+00   0.0000000e+00   1.0000000e+00
   3.8923534e+01   1.5646568e+02   1.0000000e+00   0.0000000e+00   1.0000000e+00
   5.2830786e+02   1.6979774e+02   1.0000000e+00   0.0000000e+00   1.0000000e+00
   3.1548141e+02   1.7319043e+02   1.0000000e+00   0.0000000e+00   1.0000000e+00
   3.2002972e+01   1.8189743e+02   1.0000000e+00   0.0000000e+00   1.0000000e+00
   3.9742397e+01   1.8368613e+02   1.0000000e+00   0.0000000e+00   1.0000000e+00
   5.2726678e+02   1.9906389e+02   1.0000000e+00   0.0000000e+00   1.0000000e+00
   4.0001434e+02   2.0767459e+02   1.0000000e+00   0.0000000e+00   1.0000000e+00
   9.7946358e+01   2.0680368e+02   1.0000000e+00   0.0000000e+00   1.0000000e+00
   1.0378255e+02   2.0885645e+02   1.0000000e+00   0.0000000e+00   1.0000000e+00
   5.0080804e+02   2.1326784e+02   1.0000000e+00   0.0000000e+00   1.0000000e+00
   2.9407779e+02   2.2459436e+02   1.0000000e+00   0.0000000e+00   1.0000000e+00
   7.6715195e+01   2.2742010e+02   1.0000000e+00   0.0000000e+00   1.0000000e+00
   7.1063560e+01   2.3297215e+02   1.0000000e+00   0.0000000e+00   1.0000000e+00
   3.6836261e+02   2.4284361e+02   1.0000000e+00   0.0000000e+00   1.0000000e+00
   5.2387909e+02   2.4252937e+02   1.0000000e+00   0.0000000e+00   1.0000000e+00
   5.2984546e+02   2.4311058e+02   1.0000000e+00   0.0000000e+00   1.0000000e+00
   1.4085342e+02   2.4365225e+02   1.0000000e+00   0.0000000e+00   1.0000000e+00
   1.8655054e+02   2.4682950e+02   1.0000000e+00   0.0000000e+00   1.0000000e+00
   5.1861139e+02   2.4747566e+02   1.0000000e+00   0.0000000e+00   1.0000000e+00
   5.0839026e+02   2.4850185e+02   1.0000000e+00   0.0000000e+00   1.0000000e+00
   1.1571890e+02   2.4944391e+02   1.0000000e+00   0.0000000e+00   1.0000000e+00
   1.2637576e+02   2.5071133e+02   1.0000000e+00   0.0000000e+00   1.0000000e+00
   2.4275032e+02   2.5018440e+02   1.0000000e+00   0.0000000e+00   1.0000000e+00
   2.2098698e+02   2.5077344e+02   1.0000000e+00   0.0000000e+00   1.0000000e+00
   1.3959093e+02   2.5242702e+02   1.0000000e+00   0.0000000e+00   1.0000000e+00
   2.2996547e+02   2.5269252e+02   1.0000000e+00   0.0000000e+00   1.0000000e+00
   4.9594296e+02   2.5199501e+02   1.0000000e+00   0.0000000e+00   1.0000000e+00
   1.4899605e+02   2.5391449e+02   1.0000000e+00   0.0000000e+00   1.0000000e+00
   2.7195456e+02   2.5318956e+02   1.0000000e+00   0.0000000e+00   1.0000000e+00
   1.0078063e+02   2.5461081e+02   1.0000000e+00   0.0000000e+00   1.0000000e+00
   1.1322395e+02   2.6031964e+02   1.0000000e+00   0.0000000e+00   1.0000000e+00
   3.6258652e+02   2.5770874e+02   1.0000000e+00   0.0000000e+00   1.0000000e+00
   1.3974605e+02   2.6191522e+02   1.0000000e+00   0.0000000e+00   1.0000000e+00
   1.4783177e+02   2.6252209e+02   1.0000000e+00   0.0000000e+00   1.0000000e+00
   3.7970825e+02   2.6306888e+02   1.0000000e+00   0.0000000e+00   1.0000000e+00
   2.6890573e+02   2.6506171e+02   1.0000000e+00   0.0000000e+00   1.0000000e+00
   3.7241489e+02   2.6573602e+02   1.0000000e+00   0.0000000e+00   1.0000000e+00
   1.1165697e+02   2.6886490e+02   1.0000000e+00   0.0000000e+00   1.0000000e+00
   1.4478468e+02   2.7249606e+02   1.0000000e+00   0.0000000e+00   1.0000000e+00
   4.6788034e+02   2.7232568e+02   1.0000000e+00   0.0000000e+00   1.0000000e+00
   4.6275644e+02   2.7795081e+02   1.0000000e+00   0.0000000e+00   1.0000000e+00
   4.4825134e+02   2.7747784e+02   1.0000000e+00   0.0000000e+00   1.0000000e+00
   6.9929062e+01   2.8574405e+02   1.0000000e+00   0.0000000e+00   1.0000000e+00
   4.2368060e+02   2.8745050e+02   1.0000000e+00   0.0000000e+00   1.0000000e+00
   1.9503656e+02   2.8902951e+02   1.0000000e+00   0.0000000e+00   1.0000000e+00
   4.1760739e+02   2.9008228e+02   1.0000000e+00   0.0000000e+00   1.0000000e+00
   7.8197586e+01   2.8945358e+02   1.0000000e+00   0.0000000e+00   1.0000000e+00
   4.2989209e+02   2.9171265e+02   1.0000000e+00   0.0000000e+00   1.0000000e+00
   1.3402495e+02   2.9154282e+02   1.0000000e+00   0.0000000e+00   1.0000000e+00
   4.3904211e+02   2.9178781e+02   1.0000000e+00   0.0000000e+00   1.0000000e+00
   4.3541882e+02   2.9722391e+02   1.0000000e+00   0.0000000e+00   1.0000000e+00
   3.8949124e+02   2.9920340e+02   1.0000000e+00   0.0000000e+00   1.0000000e+00
   3.1404520e+02   3.0439420e+02   1.0000000e+00   0.0000000e+00   1.0000000e+00
   4.2712305e+02   3.0369550e+02   1.0000000e+00   0.0000000e+00   1.0000000e+00
   3.2487219e+02   3.0710110e+02   1.0000000e+00   0.0000000e+00   1.0000000e+00
   3.2319705e+02   3.0904294e+02   1.0000000e+00   0.0000000e+00   1.0000000e+00
   3.9200330e+02   3.0881406e+02   1.0000000e+00   0.0000000e+00   1.0000000e+00
   3.4396967e+02   3.1410712e+02   1.0000000e+00   0.0000000e+00   1.0000000e+00
   4.1775516e+02   3.1476965e+02   1.0000000e+00   0.0000000e+00   1.0000000e+00
   2.0432866e+02   3.1815836e+02   1.0000000e+00   0.0000000e+00   1.0000000e+00
   3.5675491e+02   3.2085666e+02   1.0000000e+00   0.0000000e+00   1.0000000e+00
   3.4402252e+02   3.2251224e+02   1.0000000e+00   0.0000000e+00   1.0000000e+00
   1.3330327e+02   3.2895016e+02   1.0000000e+00   0.0000000e+00   1.0000000e+00
   4.4537488e+02   3.2882355e+02   1.0000000e+00   0.0000000e+00   1.0000000e+00
   2.4418355e+02   3.3380615e+02   1.0000000e+00   0.0000000e+00   1.0000000e+00
   2.1462338e+02   3.3822501e+02   1.0000000e+00   0.0000000e+00   1.0000000e+00
   2.3748071e+02   3.4076706e+02   1.0000000e+00   0.0000000e+00   1.0000000e+00
   2.2973491e+02   3.4449423e+02   1.0000000e+00   0.0000000e+00   1.0000000e+00
   2.3928088e+02   3.4568881e+02   1.0000000e+00   0.0000000e+00   1.0000000e+00
   2.2303539e+02   3.5469009e+02   1.0000000e+00   0.0000000e+00   1.0000000e+00
   5.8870628e+01   3.6010602e+02   1.0000000e+00   0.0000000e+00   1.0000000e+00
   6.4801788e+01   3.6206107e+02   1.0000000e+00   0.0000000e+00   1.0000000e+00
   2.6509906e+02   3.6413846e+02   1.0000000e+00   0.0000000e+00   1.0000000e+00
   2.9122748e+02   3.7039017e+02   1.0000000e+00   0.0000000e+00   1.0000000e+00
   2.7707831e+02   3.7386960e+02   1.0000000e+00   0.0000000e+00   1.0000000e+00
   2.3783858e+02   3.8161951e+02   1.0000000e+00   0.0000000e+00   1.0000000e+00
   2.4345634e+02   3.8402841e+02   1.0000000e+00   0.0000000e+00   1.0000000e+00
   3.1230707e+02   3.8470212e+02   1.0000000e+00   0.0000000e+00   1.0000000e+00
   3.3845917e+02   3.8483612e+02   1.0000000e+00   0.0000000e+00   1.0000000e+00
   2.1597382e+02   3.8998700e+02   1.0000000e+00   0.0000000e+00   1.0000000e+00
   2.2245918e+02   3.9162213e+02   1.0000000e+00   0.0000000e+00   1.0000000e+00
   2.4791910e+02   3.9226514e+02   1.0000000e+00   0.0000000e+00   1.0000000e+00
   3.7006635e+02   3.9578336e+02   1.0000000e+00   0.0000000e+00   1.0000000e+00
   3.5804321e+02   3.9518930e+02   1.0000000e+00   0.0000000e+00   1.0000000e+00
   1.4213339e+02   3.9719803e+02   1.0000000e+00   0.0000000e+00   1.0000000e+00
   3.6382300e+02   3.9822076e+02   1.0000000e+00   0.0000000e+00   1.0000000e+00
   1.5107150e+02   3.9924438e+02   1.0000000e+00   0.0000000e+00   1.0000000e+00
   3.8299084e+02   4.0129901e+02   1.0000000e+00   0.0000000e+00   1.0000000e+00
   3.9246982e+02   4.0308289e+02   1.0000000e+00   0.0000000e+00   1.0000000e+00
   2.2231638e+02   4.0258038e+02   1.0000000e+00   0.0000000e+00   1.0000000e+00
   2.2947333e+02   4.0456216e+02   1.0000000e+00   0.0000000e+00   1.0000000e+00
   1.3336752e+02   4.0629208e+02   1.0000000e+00   0.0000000e+00   1.0000000e+00
   2.2012703e+02   4.1120111e+02   1.0000000e+00   0.0000000e+00   1.0000000e+00
   8.1323181e+01   4.1301840e+02   1.0000000e+00   0.0000000e+00   1.0000000e+00
   4.3169525e+02   4.1284396e+02   1.0000000e+00   0.0000000e+00   1.0000000e+00
   5.5650037e+02   4.1272003e+02   1.0000000e+00   0.0000000e+00   1.0000000e+00
   8.8532967e+01   4.1370206e+02   1.0000000e+00   0.0000000e+00   1.0000000e+00
   3.8247729e+02   4.1327872e+02   1.0000000e+00   0.0000000e+00   1.0000000e+00
   4.3881973e+02   4.1589349e+02   1.0000000e+00   0.0000000e+00   1.0000000e+00
   3.9716556e+02   4.1820621e+02   1.0000000e+00   0.0000000e+00   1.0000000e+00
   2.2113455e+02   4.1912796e+02   1.0000000e+00   0.0000000e+00   1.0000000e+00
   2.8154156e+02   4.2639746e+02   1.0000000e+00   0.0000000e+00   1.0000000e+00
   2.8883655e+02   4.2892303e+02   1.0000000e+00   0.0000000e+00   1.0000000e+00
   5.5167126e+02   4.5068091e+02   1.0000000e+00   0.0000000e+00   1.0000000e+00
   6.1436981e+01   4.6231976e+02   1.0000000e+00   0.0000000e+00   1.0000000e+00
   5.6063873e+02   4.6665482e+02   1.0000000e+00   0.0000000e+00   1.0000000e+00
   5.4400757e+02   4.7506448e+02   1.0000000e+00   0.0000000e+00   1.0000000e+00
   2.4904462e+02   4.7704968e+02   1.0000000e+00   0.0000000e+00   1.0000000e+00
   2.4644234e+02   4.7965829e+02   1.0000000e+00   0.0000000e+00   1.0000000e+00
   5.6407556e+02   4.8032602e+02   1.0000000e+00   0.0000000e+00   1.0000000e+00
   3.4285071e+02   4.8636206e+02   1.0000000e+00   0.0000000e+00   1.0000000e+00
   3.5356906e+02   4.8679214e+02   1.0000000e+00   0.0000000e+00   1.0000000e+00
   2.9982297e+02   4.8767435e+02   1.0000000e+00   0.0000000e+00   1.0000000e+00
   3.2617233e+02   4.9120523e+02   1.0000000e+00   0.0000000e+00   1.0000000e+00
   3.3334738e+02   4.9427451e+02   1.0000000e+00   0.0000000e+00   1.0000000e+00
   3.4967786e+02   4.9884283e+02   1.0000000e+00   0.0000000e+00   1.0000000e+00
   2.4892117e+02   5.0229080e+02   1.0000000e+00   0.0000000e+00   1.0000000e+00
   3.1716006e+02   5.0296094e+02   1.0000000e+00   0.0000000e+00   1.0000000e+00
   3.2196930e+02   5.0540158e+02   1.0000000e+00   0.0000000e+00   1.0000000e+00
   2.4406421e+02   5.1399091e+02   1.0000000e+00   0.0000000e+00   1.0000000e+00
   2.0244695e+02   5.1619983e+02   1.0000000e+00   0.0000000e+00   1.0000000e+00
   2.3272435e+02   5.1554199e+02   1.0000000e+00   0.0000000e+00   1.0000000e+00
   2.3795007e+02   5.1605621e+02   1.0000000e+00   0.0000000e+00   1.0000000e+00
   2.4531885e+02   5.2339423e+02   1.0000000e+00   0.0000000e+00   1.0000000e+00
   4.0347769e+02   5.2335278e+02   1.0000000e+00   0.0000000e+00   1.0000000e+00
   4.1139417e+02   5.2499670e+02   1.0000000e+00   0.0000000e+00   1.0000000e+00
   3.4789731e+02   5.2996875e+02   1.0000000e+00   0.0000000e+00   1.0000000e+00
   3.5714056e+02   5.3301276e+02   1.0000000e+00   0.0000000e+00   1.0000000e+00
   5.4007776e+02   5.4216406e+02   1.0000000e+00   0.0000000e+00   1.0000000e+00
   2.4033887e+02   5.4316205e+02   1.0000000e+00   0.0000000e+00   1.0000000e+00
   4.0503860e+02   5.4393542e+02   1.0000000e+00   0.0000000e+00   1.0000000e+00
   3.3930307e+02   5.4464941e+02   1.0000000e+00   0.0000000e+00   1.0000000e+00
   3.4747513e+02   5.4771509e+02   1.0000000e+00   0.0000000e+00   1.0000000e+00
   3.9758600e+02   5.5071606e+02   1.0000000e+00   0.0000000e+00   1.0000000e+00
   3.3776523e+02   5.5340247e+02   1.0000000e+00   0.0000000e+00   1.0000000e+00
   2.5045499e+02   5.5413904e+02   1.0000000e+00   0.0000000e+00   1.0000000e+00
   2.5647745e+02   5.5411676e+02   1.0000000e+00   0.0000000e+00   1.0000000e+00
   3.4596786e+02   5.5633917e+02   1.0000000e+00   0.0000000e+00   1.0000000e+00
   3.3042496e+02   5.6114148e+02   1.0000000e+00   0.0000000e+00   1.0000000e+00
   2.1185735e+02   5.6277637e+02   1.0000000e+00   0.0000000e+00   1.0000000e+00
   2.4957033e+02   5.6302563e+02   1.0000000e+00   0.0000000e+00   1.0000000e+00
   4.1120355e+02   5.6341351e+02   1.0000000e+00   0.0000000e+00   1.0000000e+00
   1.8924669e+02   5.6606244e+02   1.0000000e+00   0.0000000e+00   1.0000000e+00
   3.3218396e+02   5.6564716e+02   1.0000000e+00   0.0000000e+00   1.0000000e+00
   3.4035715e+02   5.6568671e+02   1.0000000e+00   0.0000000e+00   1.0000000e+00
   3.5320309e+02   5.6847394e+02   1.0000000e+00   0.0000000e+00   1.0000000e+00
   4.8473221e+02   6.1809357e+01   1.0000000e+00   0.0000000e+00   1.0000000e+00
   7.2608192e+01   6.3654991e+01   1.0000000e+00   0.0000000e+00   1.0000000e+00
   9.9682556e+01   6.6110008e+01   1.0000000e+00   0.0000000e+00   1.0000000e+00
   2.3560629e+02   7.9187569e+01   1.0000000e+00   0.0000000e+00   1.0000000e+00
   4.5000510e+02   8.1255608e+01   1.0000000e+00   0.0000000e+00   1.0000000e+00
   2.7383340e+02   8.8620262e+01   1.0000000e+00   0.0000000e+00   1.0000000e+00
   2.4914476e+02   9.0079155e+01   1.0000000e+00   0.0000000e+00   1.0000000e+00
   2.3554691e+02   1.0467149e+02   1.0000000e+00   0.0000000e+00   1.0000000e+00
   8.2218384e+01   1.0593625e+02   1.0000000e+00   0.0000000e+00   1.0000000e+00
   4.8960962e+02   1.0702768e+02   1.0000000e+00   0.0000000e+00   1.0000000e+00
   5.2117706e+02   1.0941424e+02   1.0000000e+00   0.0000000e+00   1.0000000e+00
   5.0699661e+02   1.1394027e+02   1.0000000e+00   0.0000000e+00   1.0000000e+00
   3.9579486e+02   1.2854031e+02   1.0000000e+00   0.0000000e+00   1.0000000e+00
   2.8029941e+02   1.2908865e+02   1.0000000e+00   0.0000000e+00   1.0000000e+00
   3.8932452e+02   1.3439183e+02   1.0000000e+00   0.0000000e+00   1.0000000e+00
   2.6624493e+02   1.3585680e+02   1.0000000e+00   0.0000000e+00   1.0000000e+00
   2.8740265e+02   1.3823027e+02   1.0000000e+00   0.0000000e+00   1.0000000e+00
   2.9988388e+02   1.3880605e+02   1.0000000e+00   0.0000000e+00   1.0000000e+00
   5.5441360e+01   1.4099382e+02   1.0000000e+00   0.0000000e+00   1.0000000e+00
   2.8918961e+02   1.4262506e+02   1.0000000e+00   0.0000000e+00   1.0000000e+00
   4.0357706e+02   1.8722285e+02   1.0000000e+00   0.0000000e+00   1.0000000e+00
   4.1213873e+02   1.8845549e+02   1.0000000e+00   0.0000000e+00   1.0000000e+00
   2.6643936e+02   1.9693576e+02   1.0000000e+00   0.0000000e+00   1.0000000e+00
   3.6973297e+02   2.2207260e+02   1.0000000e+00   0.0000000e+00   1.0000000e+00
   3.8594806e+02   2.2396248e+02   1.0000000e+00   0.0000000e+00   1.0000000e+00
   4.8882251e+02   2.2642934e+02   1.0000000e+00   0.0000000e+00   1.0000000e+00
   6.3870758e+01   2.2751244e+02   1.0000000e+00   0.0000000e+00   1.0000000e+00
   5.1177124e+02   2.2780550e+02   1.0000000e+00   0.0000000e+00   1.0000000e+00
   5.1943365e+02   2.2982440e+02   1.0000000e+00   0.0000000e+00   1.0000000e+00
   4.9307559e+02   2.3504199e+02   1.0000000e+00   0.0000000e+00   1.0000000e+00
   3.6290631e+02   2.3586858e+02   1.0000000e+00   0.0000000e+00   1.0000000e+00
   1.2942238e+02   2.3982281e+02   1.0000000e+00   0.0000000e+00   1.0000000e+00
   1.4484784e+02   2.3995403e+02   1.0000000e+00   0.0000000e+00   1.0000000e+00
   3.9601624e+02   2.4032442e+02   1.0000000e+00   0.0000000e+00   1.0000000e+00
   5.0274265e+02   2.3978993e+02   1.0000000e+00   0.0000000e+00   1.0000000e+00
   2.6165829e+02   2.6438876e+02   1.0000000e+00   0.0000000e+00   1.0000000e+00
   2.6463885e+02   2.7252798e+02   1.0000000e+00   0.0000000e+00   1.0000000e+00
   2.1956334e+02   2.7534317e+02   1.0000000e+00   0.0000000e+00   1.0000000e+00
   1.3171104e+02   2.8019415e+02   1.0000000e+00   0.0000000e+00   1.0000000e+00
   2.3409258e+02   2.7987680e+02   1.0000000e+00   0.0000000e+00   1.0000000e+00
   1.6554457e+02   2.8115598e+02   1.0000000e+00   0.0000000e+00   1.0000000e+00
   1.8691968e+02   2.8529236e+02   1.0000000e+00   0.0000000e+00   1.0000000e+00
   4.1019711e+02   2.8563101e+02   1.0000000e+00   0.0000000e+00   1.0000000e+00
   1.5320999e+02   2.8657684e+02   1.0000000e+00   0.0000000e+00   1.0000000e+00
   3.4582193e+02   3.0388953e+02   1.0000000e+00   0.0000000e+00   1.0000000e+00
   4.3562686e+02   3.0574084e+02   1.0000000e+00   0.0000000e+00   1.0000000e+00
   4.1295566e+02   3.0662643e+02   1.0000000e+00   0.0000000e+00   1.0000000e+00
   2.3247545e+02   3.1868912e+02   1.0000000e+00   0.0000000e+00   1.0000000e+00
   3.4459360e+02   3.2034787e+02   1.0000000e+00   0.0000000e+00   1.0000000e+00
   2.0294846e+02   3.2947583e+02   1.0000000e+00   0.0000000e+00   1.0000000e+00
   2.3522409e+02   3.3223087e+02   1.0000000e+00   0.0000000e+00   1.0000000e+00
   2.7354547e+02   3.3511981e+02   1.0000000e+00   0.0000000e+00   1.0000000e+00
   2.9324957e+02   3.7896338e+02   1.0000000e+00   0.0000000e+00   1.0000000e+00
   3.5379691e+02   3.8811087e+02   1.0000000e+00   0.0000000e+00   1.0000000e+00
   1.3151405e+02   3.9307129e+02   1.0000000e+00   0.0000000e+00   1.0000000e+00
   4.0053082e+02   3.9771237e+02   1.0000000e+00   0.0000000e+00   1.0000000e+00
   2.3876329e+02   4.0035226e+02   1.0000000e+00   0.0000000e+00   1.0000000e+00
   1.2542898e+02   4.0263474e+02   1.0000000e+00   0.0000000e+00   1.0000000e+00
   2.3200081e+02   4.1621613e+02   1.0000000e+00   0.0000000e+00   1.0000000e+00
   5.4537592e+02   4.6596133e+02   1.0000000e+00   0.0000000e+00   1.0000000e+00
   2.1937361e+02   5.1576471e+02   1.0000000e+00   0.0000000e+00   1.0000000e+00
   2.1649614e+02   5.2448944e+02   1.0000000e+00   0.0000000e+00   1.0000000e+00
   3.9672528e+02   5.4195721e+02   1.0000000e+00   0.0000000e+00   1.0000000e+00
   3.4853632e+02   5.4546350e+02   1.0000000e+00   0.0000000e+00   1.0000000e+00
   3.1606140e+02   5.4891071e+02   1.0000000e+00   0.0000000e+00   1.0000000e+00
   4.7752869e+02   6.7531235e+01   1.0000000e+00   0.0000000e+00   1.0000000e+00
   2.4271208e+02   8.2096573e+01   1.0000000e+00   0.0000000e+00   1.0000000e+00
   3.3785812e+02   1.1933745e+02   1.0000000e+00   0.0000000e+00   1.0000000e+00
   1.0437321e+02   2.0915340e+02   1.0000000e+00   0.0000000e+00   1.0000000e+00
   5.1866089e+02   2.4774232e+02   1.0000000e+00   0.0000000e+00   1.0000000e+00
   1.0091546e+02   2.5381134e+02   1.0000000e+00   0.0000000e+00   1.0000000e+00
   1.4760762e+02   2.6297778e+02   1.0000000e+00   0.0000000e+00   1.0000000e+00
   4.6819171e+02   2.6852283e+02   1.0000000e+00   0.0000000e+00   1.0000000e+00
   1.3435541e+02   2.9150031e+02   1.0000000e+00   0.0000000e+00   1.0000000e+00
   4.2541211e+02   3.0389938e+02   1.0000000e+00   0.0000000e+00   1.0000000e+00
   1.3324843e+02   3.2880334e+02   1.0000000e+00   0.0000000e+00   1.0000000e+00
   2.3771870e+02   3.8141043e+02   1.0000000e+00   0.0000000e+00   1.0000000e+00
   2.4373572e+02   3.8427414e+02   1.0000000e+00   0.0000000e+00   1.0000000e+00
   2.2228392e+02   4.0245871e+02   1.0000000e+00   0.0000000e+00   1.0000000e+00
   8.8465805e+01   4.1449075e+02   1.0000000e+00   0.0000000e+00   1.0000000e+00
   2.2149225e+02   4.1989056e+02   1.0000000e+00   0.0000000e+00   1.0000000e+00
   3.4221811e+02   4.8690298e+02   1.0000000e+00   0.0000000e+00   1.0000000e+00
   3.5260620e+02   4.9753442e+02   1.0000000e+00   0.0000000e+00   1.0000000e+00
   2.5726764e+02   5.5421466e+02   1.0000000e+00   0.0000000e+00   1.0000000e+00
   4.8536121e+02   6.0853836e+01   1.0000000e+00   0.0000000e+00   1.0000000e+00
   8.1570000e+01   6.7085594e+01   1.0000000e+00   0.0000000e+00   1.0000000e+00
   1.0081460e+02   6.7947311e+01   1.0000000e+00   0.0000000e+00   1.0000000e+00
   9.0538643e+01   6.9582024e+01   1.0000000e+00   0.0000000e+00   1.0000000e+00
   2.3239658e+02   6.9386917e+01   1.0000000e+00   0.0000000e+00   1.0000000e+00
   4.6507666e+02   7.2166191e+01   1.0000000e+00   0.0000000e+00   1.0000000e+00
   2.3653500e+02   7.6040962e+01   1.0000000e+00   0.0000000e+00   1.0000000e+00
   4.4332419e+02   7.5645882e+01   1.0000000e+00   0.0000000e+00   1.0000000e+00
   3.4032233e+02   8.1009987e+01   1.0000000e+00   0.0000000e+00   1.0000000e+00
   3.5015933e+02   8.3619270e+01   1.0000000e+00   0.0000000e+00   1.0000000e+00
   4.7526157e+02   8.4910393e+01   1.0000000e+00   0.0000000e+00   1.0000000e+00
   2.7208218e+02   8.7799911e+01   1.0000000e+00   0.0000000e+00   1.0000000e+00
   2.4848268e+02   9.0244164e+01   1.0000000e+00   0.0000000e+00   1.0000000e+00
   6.2054115e+01   9.4063835e+01   1.0000000e+00   0.0000000e+00   1.0000000e+00
   4.5912198e+02   1.0004983e+02   1.0000000e+00   0.0000000e+00   1.0000000e+00
   2.6548706e+02   1.0096178e+02   1.0000000e+00   0.0000000e+00   1.0000000e+00
   4.6932150e+02   1.0051051e+02   1.0000000e+00   0.0000000e+00   1.0000000e+00
   4.4111325e+02   1.0274587e+02   1.0000000e+00   0.0000000e+00   1.0000000e+00
   2.3655954e+02   1.0421970e+02   1.0000000e+00   0.0000000e+00   1.0000000e+00
   8.2669083e+01   1.0473445e+02   1.0000000e+00   0.0000000e+00   1.0000000e+00
   4.9072888e+02   1.0870328e+02   1.0000000e+00   0.0000000e+00   1.0000000e+00
   5.2154889e+02   1.1133266e+02   1.0000000e+00   0.0000000e+00   1.0000000e+00
   5.1015094e+02   1.1737902e+02   1.0000000e+00   0.0000000e+00   1.0000000e+00
   4.9967172e+02   1.2115374e+02   1.0000000e+00   0.0000000e+00   1.0000000e+00
   4.1238550e+02   1.2643208e+02   1.0000000e+00   0.0000000e+00   1.0000000e+00
   5.1067264e+02   1.2559151e+02   1.0000000e+00   0.0000000e+00   1.0000000e+00
   6.0097519e+01   1.2726474e+02   1.0000000e+00   0.0000000e+00   1.0000000e+00
   3.9450690e+02   1.2826631e+02   1.0000000e+00   0.0000000e+00   1.0000000e+00
   2.9241870e+02   1.3073592e+02   1.0000000e+00   0.0000000e+00   1.0000000e+00
   3.8874371e+02   1.3394615e+02   1.0000000e+00   0.0000000e+00   1.0000000e+00
   2.6629379e+02   1.3653329e+02   1.0000000e+00   0.0000000e+00   1.0000000e+00
   3.9993372e+02   1.3711143e+02   1.0000000e+00   0.0000000e+00   1.0000000e+00
   4.1104199e+02   1.3705370e+02   1.0000000e+00   0.0000000e+00   1.0000000e+00
   2.8891034e+02   1.4039279e+02   1.0000000e+00   0.0000000e+00   1.0000000e+00
   3.3868542e+02   1.4660992e+02   1.0000000e+00   0.0000000e+00   1.0000000e+00
   3.9916583e+02   1.4920934e+02   1.0000000e+00   0.0000000e+00   1.0000000e+00
   5.2286151e+02   1.5067619e+02   1.0000000e+00   0.0000000e+00   1.0000000e+00
   4.0751398e+02   1.5216905e+02   1.0000000e+00   0.0000000e+00   1.0000000e+00
   3.1569122e+02   1.7306697e+02   1.0000000e+00   0.0000000e+00   1.0000000e+00
   4.0261636e+02   1.8772946e+02   1.0000000e+00   0.0000000e+00   1.0000000e+00
   4.1253525e+02   1.8928947e+02   1.0000000e+00   0.0000000e+00   1.0000000e+00
   3.9914658e+02   1.9572545e+02   1.0000000e+00   0.0000000e+00   1.0000000e+00
   2.6691000e+02   1.9694112e+02   1.0000000e+00   0.0000000e+00   1.0000000e+00
   5.0632562e+02   1.9825085e+02   1.0000000e+00   0.0000000e+00   1.0000000e+00
   5.2686365e+02   1.9934569e+02   1.0000000e+00   0.0000000e+00   1.0000000e+00
   5.3768402e+02   2.0242470e+02   1.0000000e+00   0.0000000e+00   1.0000000e+00
   8.1353722e+01   2.0520171e+02   1.0000000e+00   0.0000000e+00   1.0000000e+00
   9.7423851e+01   2.0690829e+02   1.0000000e+00   0.0000000e+00   1.0000000e+00
   3.9942004e+02   2.0941815e+02   1.0000000e+00   0.0000000e+00   1.0000000e+00
   5.1725897e+02   2.1212663e+02   1.0000000e+00   0.0000000e+00   1.0000000e+00
   7.0256516e+01   2.1395772e+02   1.0000000e+00   0.0000000e+00   1.0000000e+00
   5.0096042e+02   2.1363484e+02   1.0000000e+00   0.0000000e+00   1.0000000e+00
   3.7873431e+02   2.1555934e+02   1.0000000e+00   0.0000000e+00   1.0000000e+00
   3.5536563e+02   2.1767146e+02   1.0000000e+00   0.0000000e+00   1.0000000e+00
   3.6914328e+02   2.2154175e+02   1.0000000e+00   0.0000000e+00   1.0000000e+00
   2.9427008e+02   2.2431311e+02   1.0000000e+00   0.0000000e+00   1.0000000e+00
   3.8626807e+02   2.2473029e+02   1.0000000e+00   0.0000000e+00   1.0000000e+00
   4.8802570e+02   2.2614613e+02   1.0000000e+00   0.0000000e+00   1.0000000e+00
   6.3398201e+01   2.2692676e+02   1.0000000e+00   0.0000000e+00   1.0000000e+00
   5.1134058e+02   2.2657152e+02   1.0000000e+00   0.0000000e+00   1.0000000e+00
   5.2057043e+02   2.2834967e+02   1.0000000e+00   0.0000000e+00   1.0000000e+00
   7.5760590e+01   2.2900792e+02   1.0000000e+00   0.0000000e+00   1.0000000e+00
   4.1427158e+02   2.2894075e+02   1.0000000e+00   0.0000000e+00   1.0000000e+00
   2.1887137e+02   2.3637878e+02   1.0000000e+00   0.0000000e+00   1.0000000e+00
   3.6175977e+02   2.3592522e+02   1.0000000e+00   0.0000000e+00   1.0000000e+00
   4.9350992e+02   2.3601970e+02   1.0000000e+00   0.0000000e+00   1.0000000e+00
   1.2966263e+02   2.3860539e+02   1.0000000e+00   0.0000000e+00   1.0000000e+00
   3.9510779e+02   2.3901909e+02   1.0000000e+00   0.0000000e+00   1.0000000e+00
   5.0312381e+02   2.3949117e+02   1.0000000e+00   0.0000000e+00   1.0000000e+00
   1.4353116e+02   2.4054184e+02   1.0000000e+00   0.0000000e+00   1.0000000e+00
   3.6884616e+02   2.4319109e+02   1.0000000e+00   0.0000000e+00   1.0000000e+00
   5.3023383e+02   2.4311749e+02   1.0000000e+00   0.0000000e+00   1.0000000e+00
   1.8730573e+02   2.4668069e+02   1.0000000e+00   0.0000000e+00   1.0000000e+00
   1.1562955e+02   2.4852180e+02   1.0000000e+00   0.0000000e+00   1.0000000e+00
   2.1975310e+02   2.5040024e+02   1.0000000e+00   0.0000000e+00   1.0000000e+00
   2.4202306e+02   2.5005748e+02   1.0000000e+00   0.0000000e+00   1.0000000e+00
   1.2649792e+02   2.5130513e+02   1.0000000e+00   0.0000000e+00   1.0000000e+00
   4.9581894e+02   2.5122194e+02   1.0000000e+00   0.0000000e+00   1.0000000e+00
   1.5116721e+02   2.5287939e+02   1.0000000e+00   0.0000000e+00   1.0000000e+00
   2.3078758e+02   2.5296190e+02   1.0000000e+00   0.0000000e+00   1.0000000e+00
   2.7197824e+02   2.5261273e+02   1.0000000e+00   0.0000000e+00   1.0000000e+00
   2.5448114e+02   2.5704855e+02   1.0000000e+00   0.0000000e+00   1.0000000e+00
   2.8844229e+02   2.5829984e+02   1.0000000e+00   0.0000000e+00   1.0000000e+00
   3.6249490e+02   2.5775485e+02   1.0000000e+00   0.0000000e+00   1.0000000e+00
   1.1332584e+02   2.6227539e+02   1.0000000e+00   0.0000000e+00   1.0000000e+00
   1.3870415e+02   2.6221246e+02   1.0000000e+00   0.0000000e+00   1.0000000e+00
   1.9018637e+02   2.6217651e+02   1.0000000e+00   0.0000000e+00   1.0000000e+00
   1.0096786e+02   2.6371640e+02   1.0000000e+00   0.0000000e+00   1.0000000e+00
   2.6148016e+02   2.6359674e+02   1.0000000e+00   0.0000000e+00   1.0000000e+00
   3.7296466e+02   2.6508536e+02   1.0000000e+00   0.0000000e+00   1.0000000e+00
   2.6451447e+02   2.7246524e+02   1.0000000e+00   0.0000000e+00   1.0000000e+00
   1.4427341e+02   2.7368631e+02   1.0000000e+00   0.0000000e+00   1.0000000e+00
   1.5793317e+02   2.7540283e+02   1.0000000e+00   0.0000000e+00   1.0000000e+00
   2.1870607e+02   2.7537183e+02   1.0000000e+00   0.0000000e+00   1.0000000e+00
   4.4763516e+02   2.7689722e+02   1.0000000e+00   0.0000000e+00   1.0000000e+00
   4.6232614e+02   2.7827237e+02   1.0000000e+00   0.0000000e+00   1.0000000e+00
   2.3236818e+02   2.7897690e+02   1.0000000e+00   0.0000000e+00   1.0000000e+00
   1.3271764e+02   2.8058423e+02   1.0000000e+00   0.0000000e+00   1.0000000e+00
   6.9996689e+01   2.8582202e+02   1.0000000e+00   0.0000000e+00   1.0000000e+00
   1.8529443e+02   2.8574060e+02   1.0000000e+00   0.0000000e+00   1.0000000e+00
   4.0923663e+02   2.8555640e+02   1.0000000e+00   0.0000000e+00   1.0000000e+00
   7.8515862e+01   2.8924835e+02   1.0000000e+00   0.0000000e+00   1.0000000e+00
   1.9512463e+02   2.8919006e+02   1.0000000e+00   0.0000000e+00   1.0000000e+00
   2.6511887e+02   2.8858261e+02   1.0000000e+00   0.0000000e+00   1.0000000e+00
   4.1867239e+02   2.8996347e+02   1.0000000e+00   0.0000000e+00   1.0000000e+00
   4.2913272e+02   2.9167859e+02   1.0000000e+00   0.0000000e+00   1.0000000e+00
   4.3953033e+02   2.9241312e+02   1.0000000e+00   0.0000000e+00   1.0000000e+00
   3.8989526e+02   2.9947369e+02   1.0000000e+00   0.0000000e+00   1.0000000e+00
   3.4556250e+02   3.0288480e+02   1.0000000e+00   0.0000000e+00   1.0000000e+00
   3.1354636e+02   3.0410788e+02   1.0000000e+00   0.0000000e+00   1.0000000e+00
   3.3687488e+02   3.0603146e+02   1.0000000e+00   0.0000000e+00   1.0000000e+00
   4.1224081e+02   3.0570972e+02   1.0000000e+00   0.0000000e+00   1.0000000e+00
   3.2482678e+02   3.0678629e+02   1.0000000e+00   0.0000000e+00   1.0000000e+00
   2.5480295e+02   3.1355450e+02   1.0000000e+00   0.0000000e+00   1.0000000e+00
   4.1806747e+02   3.1439069e+02   1.0000000e+00   0.0000000e+00   1.0000000e+00
   3.4525684e+02   3.1620612e+02   1.0000000e+00   0.0000000e+00   1.0000000e+00
   2.0490120e+02   3.1785382e+02   1.0000000e+00   0.0000000e+00   1.0000000e+00
   2.3244168e+02   3.1804102e+02   1.0000000e+00   0.0000000e+00   1.0000000e+00
   3.5667865e+02   3.2080127e+02   1.0000000e+00   0.0000000e+00   1.0000000e+00
   2.0323868e+02   3.2915482e+02   1.0000000e+00   0.0000000e+00   1.0000000e+00
   4.4537546e+02   3.2901987e+02   1.0000000e+00   0.0000000e+00   1.0000000e+00
   2.3448254e+02   3.3152188e+02   1.0000000e+00   0.0000000e+00   1.0000000e+00
   2.4421935e+02   3.3319623e+02   1.0000000e+00   0.0000000e+00   1.0000000e+00
   2.7214548e+02   3.3436520e+02   1.0000000e+00   0.0000000e+00   1.0000000e+00
   2.1465126e+02   3.3824347e+02   1.0000000e+00   0.0000000e+00   1.0000000e+00
   2.3924869e+02   3.4456082e+02   1.0000000e+00   0.0000000e+00   1.0000000e+00
   5.8554348e+01   3.5969568e+02   1.0000000e+00   0.0000000e+00   1.0000000e+00
   2.6666452e+02   3.6362158e+02   1.0000000e+00   0.0000000e+00   1.0000000e+00
   2.7706985e+02   3.7420035e+02   1.0000000e+00   0.0000000e+00   1.0000000e+00
   3.3874036e+02   3.8446042e+02   1.0000000e+00   0.0000000e+00   1.0000000e+00
   3.1238217e+02   3.8447415e+02   1.0000000e+00   0.0000000e+00   1.0000000e+00
   2.4797688e+02   3.9319357e+02   1.0000000e+00   0.0000000e+00   1.0000000e+00
   1.3146716e+02   3.9367978e+02   1.0000000e+00   0.0000000e+00   1.0000000e+00
   1.1988660e+02   3.9530441e+02   1.0000000e+00   0.0000000e+00   1.0000000e+00
   1.4153604e+02   3.9638324e+02   1.0000000e+00   0.0000000e+00   1.0000000e+00
   3.5684778e+02   3.9573889e+02   1.0000000e+00   0.0000000e+00   1.0000000e+00
   3.6926144e+02   3.9631924e+02   1.0000000e+00   0.0000000e+00   1.0000000e+00
   1.5145020e+02   3.9899426e+02   1.0000000e+00   0.0000000e+00   1.0000000e+00
   3.9979953e+02   3.9939148e+02   1.0000000e+00   0.0000000e+00   1.0000000e+00
   2.3957147e+02   4.0059448e+02   1.0000000e+00   0.0000000e+00   1.0000000e+00
   3.8220187e+02   4.0113361e+02   1.0000000e+00   0.0000000e+00   1.0000000e+00
   3.9319153e+02   4.0386389e+02   1.0000000e+00   0.0000000e+00   1.0000000e+00
   1.3351550e+02   4.0548914e+02   1.0000000e+00   0.0000000e+00   1.0000000e+00
   2.2970808e+02   4.0462189e+02   1.0000000e+00   0.0000000e+00   1.0000000e+00
   2.1956171e+02   4.1106049e+02   1.0000000e+00   0.0000000e+00   1.0000000e+00
   3.8189453e+02   4.1285428e+02   1.0000000e+00   0.0000000e+00   1.0000000e+00
   4.3080127e+02   4.1262860e+02   1.0000000e+00   0.0000000e+00   1.0000000e+00
   2.3311801e+02   4.1587994e+02   1.0000000e+00   0.0000000e+00   1.0000000e+00
   4.3999261e+02   4.1563492e+02   1.0000000e+00   0.0000000e+00   1.0000000e+00
   3.9467160e+02   4.1770895e+02   1.0000000e+00   0.0000000e+00   1.0000000e+00
   2.8136218e+02   4.2637357e+02   1.0000000e+00   0.0000000e+00   1.0000000e+00
   4.3541718e+02   4.2804294e+02   1.0000000e+00   0.0000000e+00   1.0000000e+00
   2.8952188e+02   4.2881540e+02   1.0000000e+00   0.0000000e+00   1.0000000e+00
   2.4682652e+02   4.7930032e+02   1.0000000e+00   0.0000000e+00   1.0000000e+00
   3.5471262e+02   4.8672864e+02   1.0000000e+00   0.0000000e+00   1.0000000e+00
   3.2602612e+02   4.9051349e+02   1.0000000e+00   0.0000000e+00   1.0000000e+00
   2.0278317e+02   5.1641870e+02   1.0000000e+00   0.0000000e+00   1.0000000e+00
   2.1599541e+02   5.2261774e+02   1.0000000e+00   0.0000000e+00   1.0000000e+00
   4.0193027e+02   5.2284363e+02   1.0000000e+00   0.0000000e+00   1.0000000e+00
   4.1156299e+02   5.2487012e+02   1.0000000e+00   0.0000000e+00   1.0000000e+00
   3.4698358e+02   5.2977972e+02   1.0000000e+00   0.0000000e+00   1.0000000e+00
   3.5713077e+02   5.3433514e+02   1.0000000e+00   0.0000000e+00   1.0000000e+00
   2.4789171e+02   9.1756317e+01   1.0000000e+00   0.0000000e+00   1.0000000e+00
   2.6581924e+02   9.7292671e+01   1.0000000e+00   0.0000000e+00   1.0000000e+00
   4.6910007e+02   9.9210442e+01   1.0000000e+00   0.0000000e+00   1.0000000e+00
   4.4121652e+02   1.0213543e+02   1.0000000e+00   0.0000000e+00   1.0000000e+00
   4.9116754e+02   1.0832234e+02   1.0000000e+00   0.0000000e+00   1.0000000e+00
   5.1146671e+02   1.2080641e+02   1.0000000e+00   0.0000000e+00   1.0000000e+00
   4.1212421e+02   1.2751063e+02   1.0000000e+00   0.0000000e+00   1.0000000e+00
   3.8858295e+02   1.3023906e+02   1.0000000e+00   0.0000000e+00   1.0000000e+00
   2.6742984e+02   1.3200111e+02   1.0000000e+00   0.0000000e+00   1.0000000e+00
   2.9172861e+02   1.3595656e+02   1.0000000e+00   0.0000000e+00   1.0000000e+00
   4.0061169e+02   1.3649812e+02   1.0000000e+00   0.0000000e+00   1.0000000e+00
   5.0775034e+02   1.4325455e+02   1.0000000e+00   0.0000000e+00   1.0000000e+00
   3.1582397e+02   1.7244624e+02   1.0000000e+00   0.0000000e+00   1.0000000e+00
   3.9890674e+02   1.9120856e+02   1.0000000e+00   0.0000000e+00   1.0000000e+00
   5.0497156e+02   1.9806128e+02   1.0000000e+00   0.0000000e+00   1.0000000e+00
   9.7055672e+01   2.0673398e+02   1.0000000e+00   0.0000000e+00   1.0000000e+00
   4.8669299e+02   2.0497707e+02   1.0000000e+00   0.0000000e+00   1.0000000e+00
   3.9620163e+02   2.1738313e+02   1.0000000e+00   0.0000000e+00   1.0000000e+00
   3.7473480e+02   2.1348903e+02   1.0000000e+00   0.0000000e+00   1.0000000e+00
   5.0083029e+02   2.1443283e+02   1.0000000e+00   0.0000000e+00   1.0000000e+00
   3.5771762e+02   2.1623093e+02   1.0000000e+00   0.0000000e+00   1.0000000e+00
   2.9333456e+02   2.2333978e+02   1.0000000e+00   0.0000000e+00   1.0000000e+00
   4.8816293e+02   2.2305930e+02   1.0000000e+00   0.0000000e+00   1.0000000e+00
   3.8724643e+02   2.2581186e+02   1.0000000e+00   0.0000000e+00   1.0000000e+00
   4.0847305e+02   2.2762590e+02   1.0000000e+00   0.0000000e+00   1.0000000e+00
   1.2762959e+02   2.3710777e+02   1.0000000e+00   0.0000000e+00   1.0000000e+00
   1.4303766e+02   2.4092610e+02   1.0000000e+00   0.0000000e+00   1.0000000e+00
   2.1285378e+02   2.4382477e+02   1.0000000e+00   0.0000000e+00   1.0000000e+00
   8.6141357e+01   2.4524026e+02   1.0000000e+00   0.0000000e+00   1.0000000e+00
   1.1417587e+02   2.4536456e+02   1.0000000e+00   0.0000000e+00   1.0000000e+00
   1.8720914e+02   2.4556479e+02   1.0000000e+00   0.0000000e+00   1.0000000e+00
   4.9665256e+02   2.4903619e+02   1.0000000e+00   0.0000000e+00   1.0000000e+00
   2.3825133e+02   2.5013074e+02   1.0000000e+00   0.0000000e+00   1.0000000e+00
   1.2560680e+02   2.5079842e+02   1.0000000e+00   0.0000000e+00   1.0000000e+00
   2.5692584e+02   2.5747296e+02   1.0000000e+00   0.0000000e+00   1.0000000e+00
   3.6291037e+02   2.5718204e+02   1.0000000e+00   0.0000000e+00   1.0000000e+00
   1.9076883e+02   2.6256033e+02   1.0000000e+00   0.0000000e+00   1.0000000e+00
   1.1280218e+02   2.6344684e+02   1.0000000e+00   0.0000000e+00   1.0000000e+00
   1.3731650e+02   2.6363797e+02   1.0000000e+00   0.0000000e+00   1.0000000e+00
   3.7459140e+02   2.6410251e+02   1.0000000e+00   0.0000000e+00   1.0000000e+00
   2.6312531e+02   2.6908469e+02   1.0000000e+00   0.0000000e+00   1.0000000e+00
   1.9153305e+02   2.7149756e+02   1.0000000e+00   0.0000000e+00   1.0000000e+00
   2.1458348e+02   2.7422763e+02   1.0000000e+00   0.0000000e+00   1.0000000e+00
   4.4664771e+02   2.7492920e+02   1.0000000e+00   0.0000000e+00   1.0000000e+00
   2.3227516e+02   2.7680496e+02   1.0000000e+00   0.0000000e+00   1.0000000e+00
   1.8482291e+02   2.7428424e+02   1.0000000e+00   0.0000000e+00   1.0000000e+00
   2.7612057e+02   2.7820163e+02   1.0000000e+00   0.0000000e+00   1.0000000e+00
   1.5811909e+02   2.8044867e+02   1.0000000e+00   0.0000000e+00   1.0000000e+00
   4.6096341e+02   2.7949969e+02   1.0000000e+00   0.0000000e+00   1.0000000e+00
   4.0838675e+02   2.8414825e+02   1.0000000e+00   0.0000000e+00   1.0000000e+00
   2.6628171e+02   2.8829330e+02   1.0000000e+00   0.0000000e+00   1.0000000e+00
   1.9474066e+02   2.8980814e+02   1.0000000e+00   0.0000000e+00   1.0000000e+00
   2.4709845e+02   2.9221487e+02   1.0000000e+00   0.0000000e+00   1.0000000e+00
   4.2629797e+02   2.9279944e+02   1.0000000e+00   0.0000000e+00   1.0000000e+00
   4.4018826e+02   2.9578085e+02   1.0000000e+00   0.0000000e+00   1.0000000e+00
   2.9497031e+02   2.9929175e+02   1.0000000e+00   0.0000000e+00   1.0000000e+00
   3.9084152e+02   2.9989948e+02   1.0000000e+00   0.0000000e+00   1.0000000e+00
   3.1194336e+02   3.0156259e+02   1.0000000e+00   0.0000000e+00   1.0000000e+00
   3.3916449e+02   3.0225815e+02   1.0000000e+00   0.0000000e+00   1.0000000e+00
   3.2455960e+02   3.0603293e+02   1.0000000e+00   0.0000000e+00   1.0000000e+00
   2.5178018e+02   3.1416397e+02   1.0000000e+00   0.0000000e+00   1.0000000e+00
   2.9380063e+02   3.1394315e+02   1.0000000e+00   0.0000000e+00   1.0000000e+00
   3.4394879e+02   3.1692578e+02   1.0000000e+00   0.0000000e+00   1.0000000e+00
   2.3133453e+02   3.1837720e+02   1.0000000e+00   0.0000000e+00   1.0000000e+00
   3.5626041e+02   3.2216455e+02   1.0000000e+00   0.0000000e+00   1.0000000e+00
   2.0317389e+02   3.2932501e+02   1.0000000e+00   0.0000000e+00   1.0000000e+00
   2.7335748e+02   3.2619452e+02   1.0000000e+00   0.0000000e+00   1.0000000e+00
   2.3895244e+02   3.4261102e+02   1.0000000e+00   0.0000000e+00   1.0000000e+00
   2.6767612e+02   3.6230991e+02   1.0000000e+00   0.0000000e+00   1.0000000e+00
   2.7751157e+02   3.7381567e+02   1.0000000e+00   0.0000000e+00   1.0000000e+00
   3.3804840e+02   3.8291888e+02   1.0000000e+00   0.0000000e+00   1.0000000e+00
   3.1205133e+02   3.8328973e+02   1.0000000e+00   0.0000000e+00   1.0000000e+00
   1.1765013e+02   3.9252133e+02   1.0000000e+00   0.0000000e+00   1.0000000e+00
   3.5296643e+02   3.9640829e+02   1.0000000e+00   0.0000000e+00   1.0000000e+00
   3.6878140e+02   3.9621017e+02   1.0000000e+00   0.0000000e+00   1.0000000e+00
   1.5207358e+02   3.9823956e+02   1.0000000e+00   0.0000000e+00   1.0000000e+00
   2.4137859e+02   4.0014771e+02   1.0000000e+00   0.0000000e+00   1.0000000e+00
   1.3235219e+02   4.0295990e+02   1.0000000e+00   0.0000000e+00   1.0000000e+00
   2.2637224e+02   4.0481628e+02   1.0000000e+00   0.0000000e+00   1.0000000e+00
   2.1980952e+02   4.0860385e+02   1.0000000e+00   0.0000000e+00   1.0000000e+00
   3.7958920e+02   4.0718976e+02   1.0000000e+00   0.0000000e+00   1.0000000e+00
   3.9524139e+02   4.1238126e+02   1.0000000e+00   0.0000000e+00   1.0000000e+00
   4.4166238e+02   4.1441986e+02   1.0000000e+00   0.0000000e+00   1.0000000e+00
   2.3362766e+02   4.1584653e+02   1.0000000e+00   0.0000000e+00   1.0000000e+00
   3.2807538e+02   4.8352921e+02   1.0000000e+00   0.0000000e+00   1.0000000e+00
   3.5246759e+02   4.8878140e+02   1.0000000e+00   0.0000000e+00   1.0000000e+00
   2.6652365e+02   3.5629510e+02   1.0000000e+00   0.0000000e+00   1.0000000e+00
   3.2296219e+02   4.8796393e+02   1.0000000e+00   0.0000000e+00   1.0000000e+00
   3.8961383e+02   1.2779486e+02   1.0000000e+00   0.0000000e+00   1.0000000e+00
   2.6958801e+02   1.3012280e+02   1.0000000e+00   0.0000000e+00   1.0000000e+00
   4.1122260e+02   1.3164279e+02   1.0000000e+00   0.0000000e+00   1.0000000e+00
   2.9099911e+02   1.3641785e+02   1.0000000e+00   0.0000000e+00   1.0000000e+00
   3.1584601e+02   1.7233403e+02   1.0000000e+00   0.0000000e+00   1.0000000e+00
   3.6226163e+02   2.1558253e+02   1.0000000e+00   0.0000000e+00   1.0000000e+00
   2.9281363e+02   2.2348811e+02   1.0000000e+00   0.0000000e+00   1.0000000e+00
   3.8959113e+02   2.2738634e+02   1.0000000e+00   0.0000000e+00   1.0000000e+00
   1.1737962e+02   2.4270435e+02   1.0000000e+00   0.0000000e+00   1.0000000e+00
   1.4375002e+02   2.4278305e+02   1.0000000e+00   0.0000000e+00   1.0000000e+00
   2.3657440e+02   2.5091492e+02   1.0000000e+00   0.0000000e+00   1.0000000e+00
   2.5952496e+02   2.5953049e+02   1.0000000e+00   0.0000000e+00   1.0000000e+00
   1.3722270e+02   2.6909167e+02   1.0000000e+00   0.0000000e+00   1.0000000e+00
   1.9162640e+02   2.7142441e+02   1.0000000e+00   0.0000000e+00   1.0000000e+00
   2.1132272e+02   2.7417963e+02   1.0000000e+00   0.0000000e+00   1.0000000e+00
   2.3451387e+02   2.7550284e+02   1.0000000e+00   0.0000000e+00   1.0000000e+00
   1.5942917e+02   2.7940564e+02   1.0000000e+00   0.0000000e+00   1.0000000e+00
   2.7602429e+02   2.8179633e+02   1.0000000e+00   0.0000000e+00   1.0000000e+00
   4.5986972e+02   2.8174100e+02   1.0000000e+00   0.0000000e+00   1.0000000e+00
   4.0836026e+02   2.8431741e+02   1.0000000e+00   0.0000000e+00   1.0000000e+00
   2.6784512e+02   2.8827728e+02   1.0000000e+00   0.0000000e+00   1.0000000e+00
   1.9507468e+02   2.9033441e+02   1.0000000e+00   0.0000000e+00   1.0000000e+00
   2.4576358e+02   2.9418713e+02   1.0000000e+00   0.0000000e+00   1.0000000e+00
   4.2271704e+02   2.9324509e+02   1.0000000e+00   0.0000000e+00   1.0000000e+00
   3.1323294e+02   2.9547870e+02   1.0000000e+00   0.0000000e+00   1.0000000e+00
   4.4381995e+02   2.9590659e+02   1.0000000e+00   0.0000000e+00   1.0000000e+00
   3.9108456e+02   2.9895370e+02   1.0000000e+00   0.0000000e+00   1.0000000e+00
   3.4097977e+02   2.9954153e+02   1.0000000e+00   0.0000000e+00   1.0000000e+00
   3.2493555e+02   3.0570172e+02   1.0000000e+00   0.0000000e+00   1.0000000e+00
   2.4931683e+02   3.1403394e+02   1.0000000e+00   0.0000000e+00   1.0000000e+00
   3.4279401e+02   3.1797205e+02   1.0000000e+00   0.0000000e+00   1.0000000e+00
   2.2617760e+02   3.2236716e+02   1.0000000e+00   0.0000000e+00   1.0000000e+00
   2.0514983e+02   3.2871500e+02   1.0000000e+00   0.0000000e+00   1.0000000e+00
   2.3924002e+02   3.4064792e+02   1.0000000e+00   0.0000000e+00   1.0000000e+00
   3.3821161e+02   3.8267780e+02   1.0000000e+00   0.0000000e+00   1.0000000e+00
   3.1198703e+02   3.8329636e+02   1.0000000e+00   0.0000000e+00   1.0000000e+00
   1.1551807e+02   3.9195505e+02   1.0000000e+00   0.0000000e+00   1.0000000e+00
   3.6636703e+02   3.9580975e+02   1.0000000e+00   0.0000000e+00   1.0000000e+00
   1.5334245e+02   3.9824762e+02   1.0000000e+00   0.0000000e+00   1.0000000e+00
   1.3191318e+02   4.0134097e+02   1.0000000e+00   0.0000000e+00   1.0000000e+00
   2.4246420e+02   4.0478885e+02   1.0000000e+00   0.0000000e+00   1.0000000e+00
   2.1979617e+02   4.0546051e+02   1.0000000e+00   0.0000000e+00   1.0000000e+00
   3.7887796e+02   4.0648254e+02   1.0000000e+00   0.0000000e+00   1.0000000e+00
   3.9802341e+02   4.0843051e+02   1.0000000e+00   0.0000000e+00   1.0000000e+00
   2.3416205e+02   4.1534140e+02   1.0000000e+00   0.0000000e+00   1.0000000e+00
   3.6309106e+02   2.1568544e+02   1.0000000e+00   0.0000000e+00   1.0000000e+00
   2.9242084e+02   2.2300867e+02   1.0000000e+00   0.0000000e+00   1.0000000e+00
   3.9494489e+02   2.2394545e+02   1.0000000e+00   0.0000000e+00   1.0000000e+00
   2.6274097e+02   2.5152603e+02   1.0000000e+00   0.0000000e+00   1.0000000e+00
   2.3533054e+02   2.5507915e+02   1.0000000e+00   0.0000000e+00   1.0000000e+00
   2.0157979e+02   2.6490149e+02   1.0000000e+00   0.0000000e+00   1.0000000e+00
   2.7421060e+02   2.8793933e+02   1.0000000e+00   0.0000000e+00   1.0000000e+00
   4.1614584e+02   2.8691846e+02   1.0000000e+00   0.0000000e+00   1.0000000e+00
   2.4180518e+02   3.1014545e+02   1.0000000e+00   0.0000000e+00   1.0000000e+00
   2.7782098e+02   3.1641690e+02   1.0000000e+00   0.0000000e+00   1.0000000e+00
   3.4245288e+02   3.1649643e+02   1.0000000e+00   0.0000000e+00   1.0000000e+00
   2.1661601e+02   3.2027481e+02   1.0000000e+00   0.0000000e+00   1.0000000e+00
   2.3763811e+02   3.4251727e+02   1.0000000e+00   0.0000000e+00   1.0000000e+00
   2.6585373e+02   3.5460495e+02   1.0000000e+00   0.0000000e+00   1.0000000e+00
   2.1561220e+02   3.9774335e+02   1.0000000e+00   0.0000000e+00   1.0000000e+00
   2.4113297e+02   4.0121881e+02   1.0000000e+00   0.0000000e+00   1.0000000e+00
   3.7578104e+02   4.0691928e+02   1.0000000e+00   0.0000000e+00   1.0000000e+00
   3.9934360e+02   4.0636169e+02   1.0000000e+00   0.0000000e+00   1.0000000e+00
   2.6398138e+02   2.4256967e+02   1.0000000e+00   0.0000000e+00   1.0000000e+00
   2.3389993e+02   2.6300656e+02   1.0000000e+00   0.0000000e+00   1.0000000e+00
   2.3311726e+02   3.0949823e+02   1.0000000e+00   0.0000000e+00   1.0000000e+00
   2.8002423e+02   3.0640607e+02   1.0000000e+00   0.0000000e+00   1.0000000e+00
   2.7709018e+02   3.5894794e+02   1.0000000e+00   0.0000000e+00   1.0000000e+00
