   1.0000000e+00
   1.1600000e+02
   8.2585419e+01   6.4662598e+01   1.0000000e+00   0.0000000e+00   1.0000000e+00
   4.6200000e+02   9.7000000e+01   1.0000000e+00   0.0000000e+00   1.0000000e+00
   1.0168597e+02   2.5499422e+02   1.0000000e+00   0.0000000e+00   1.0000000e+00
   1.1436937e+02   2.5836087e+02   1.0000000e+00   0.0000000e+00   1.0000000e+00
   3.9317868e+02   3.1096613e+02   1.0000000e+00   0.0000000e+00   1.0000000e+00
   3.9698743e+02   3.1200000e+02   1.0000000e+00   0.0000000e+00   1.0000000e+00
   2.0566864e+02   3.1864871e+02   1.0000000e+00   0.0000000e+00   1.0000000e+00
   2.1547972e+02   3.3862680e+02   1.0000000e+00   0.0000000e+00   1.0000000e+00
   6.2464577e+01   4.6455060e+02   1.0000000e+00   0.0000000e+00   1.0000000e+00
   2.5791995e+02   4.7600000e+02   1.0000000e+00   0.0000000e+00   1.0000000e+00
   3.4900305e+02   4.8400000e+02   1.0000000e+00   0.0000000e+00   1.0000000e+00
   3.3898837e+02   5.0698837e+02   1.0000000e+00   0.0000000e+00   1.0000000e+00
   3.2305563e+02   5.0687357e+02   1.0000000e+00   0.0000000e+00   1.0000000e+00
   1.7694823e+02   5.3200000e+02   1.0000000e+00   0.0000000e+00   1.0000000e+00
   2.5800000e+02   5.3803143e+02   1.0000000e+00   0.0000000e+00   1.0000000e+00
   2.9600000e+02   5.4875000e+02   1.0000000e+00   0.0000000e+00   1.0000000e+00
   9.7983017e+01   5.5386499e+02   1.0000000e+00   0.0000000e+00   1.0000000e+00
   2.3219826e+02   5.5770239e+02   1.0000000e+00   0.0000000e+00   1.0000000e+00
   1.9498701e+02   5.6730646e+02   1.0000000e+00   0.0000000e+00   1.0000000e+00
   2.3319763e+02   5.7288000e+02   1.0000000e+00   0.0000000e+00   1.0000000e+00
   3.2512985e+02   5.7500000e+02   1.0000000e+00   0.0000000e+00   1.0000000e+00
   2.2700000e+02   5.9200000e+02   1.0000000e+00   0.0000000e+00   1.0000000e+00
   1.6233479e+01   5.9844289e+00   1.0000000e+00   0.0000000e+00   1.0000000e+00
   4.7374460e+02   6.7250000e+01   1.0000000e+00   0.0000000e+00   1.0000000e+00
   3.3934943e+02   1.4884943e+02   1.0000000e+00   0.0000000e+00   1.0000000e+00
   4.0059784e+01   1.5574097e+02   1.0000000e+00   0.0000000e+00   1.0000000e+00
   1.0599864e+02   2.1275000e+02   1.0000000e+00   0.0000000e+00   1.0000000e+00
   5.8870465e+02   2.2089114e+02   1.0000000e+00   0.0000000e+00   1.0000000e+00
   1.3476115e+02   2.9240793e+02   1.0000000e+00   0.0000000e+00   1.0000000e+00
   2.4464883e+02   3.8494379e+02   1.0000000e+00   0.0000000e+00   1.0000000e+00
   2.2267255e+02   4.0549750e+02   1.0000000e+00   0.0000000e+00   1.0000000e+00
   8.9367546e+01   4.1351440e+02   1.0000000e+00   0.0000000e+00   1.0000000e+00
   2.8495355e+02   4.2392395e+02   1.0000000e+00   0.0000000e+00   1.0000000e+00
   2.5030188e+02   4.7823856e+02   1.0000000e+00   0.0000000e+00   1.0000000e+00
   3.5753549e+02   5.2766418e+02   1.0000000e+00   0.0000000e+00   1.0000000e+00
   2.8671588e+02   4.5255104e+01   1.0000000e+00   0.0000000e+00   1.0000000e+00
   8.1088455e+01   6.5232224e+01   1.0000000e+00   0.0000000e+00   1.0000000e+00
   7.7500000e+01   6.9500000e+01   1.0000000e+00   0.0000000e+00   1.0000000e+00
   4.6436343e+02   6.7500000e+01   1.0000000e+00   0.0000000e+00   1.0000000e+00
   3.5008212e+02   8.0082138e+01   1.0000000e+00   0.0000000e+00   1.0000000e+00
   3.5025211e+02   8.0800453e+01   1.0000000e+00   0.0000000e+00   1.0000000e+00
   5.0675894e+02   1.1474535e+02   1.0000000e+00   0.0000000e+00   1.0000000e+00
   4.0029425e+02   1.4049113e+02   1.0000000e+00   0.0000000e+00   1.0000000e+00
   3.1526797e+02   1.7561324e+02   1.0000000e+00   0.0000000e+00   1.0000000e+00
   6.2724388e+01   2.3263492e+02   1.0000000e+00   0.0000000e+00   1.0000000e+00
   4.9350000e+02   2.5550000e+02   1.0000000e+00   0.0000000e+00   1.0000000e+00
   4.9950000e+02   2.5550000e+02   1.0000000e+00   0.0000000e+00   1.0000000e+00
   4.3350000e+02   2.9550000e+02   1.0000000e+00   0.0000000e+00   1.0000000e+00
   3.2401898e+02   3.1051672e+02   1.0000000e+00   0.0000000e+00   1.0000000e+00
   2.0750000e+02   3.2150000e+02   1.0000000e+00   0.0000000e+00   1.0000000e+00
   3.4506464e+02   3.2399988e+02   1.0000000e+00   0.0000000e+00   1.0000000e+00
   2.6247974e+02   3.6647974e+02   1.0000000e+00   0.0000000e+00   1.0000000e+00
   3.1299750e+02   3.8661459e+02   1.0000000e+00   0.0000000e+00   1.0000000e+00
   5.7150000e+02   4.0150000e+02   1.0000000e+00   0.0000000e+00   1.0000000e+00
   1.5225290e+02   4.0395499e+02   1.0000000e+00   0.0000000e+00   1.0000000e+00
   2.3169299e+02   4.0521524e+02   1.0000000e+00   0.0000000e+00   1.0000000e+00
   9.0795273e+01   4.1719629e+02   1.0000000e+00   0.0000000e+00   1.0000000e+00
   4.3550000e+02   4.1900000e+02   1.0000000e+00   0.0000000e+00   1.0000000e+00
   2.8150000e+02   4.2350000e+02   1.0000000e+00   0.0000000e+00   1.0000000e+00
   4.1141666e+02   5.2336926e+02   1.0000000e+00   0.0000000e+00   1.0000000e+00
   3.5732419e+02   5.3028217e+02   1.0000000e+00   0.0000000e+00   1.0000000e+00
   3.2583679e+02   5.7803906e+02   1.0000000e+00   0.0000000e+00   1.0000000e+00
   9.4951820e+01   7.4000000e+01   1.0000000e+00   0.0000000e+00   1.0000000e+00
   3.9150000e+02   1.3950000e+02   1.0000000e+00   0.0000000e+00   1.0000000e+00
   3.0217038e+02   1.4073187e+02   1.0000000e+00   0.0000000e+00   1.0000000e+00
   3.1550000e+02   1.7150000e+02   1.0000000e+00   0.0000000e+00   1.0000000e+00
   4.0350000e+02   2.1150000e+02   1.0000000e+00   0.0000000e+00   1.0000000e+00
   1.4341064e+02   2.3341064e+02   1.0000000e+00   0.0000000e+00   1.0000000e+00
   3.5850000e+02   3.2900000e+02   1.0000000e+00   0.0000000e+00   1.0000000e+00
   2.1531677e+02   3.3899472e+02   1.0000000e+00   0.0000000e+00   1.0000000e+00
   1.2800000e+02   3.9450000e+02   1.0000000e+00   0.0000000e+00   1.0000000e+00
   5.7502209e+02   3.9555542e+02   1.0000000e+00   0.0000000e+00   1.0000000e+00
   1.5205565e+02   4.0031445e+02   1.0000000e+00   0.0000000e+00   1.0000000e+00
   3.5232959e+02   5.6836932e+02   1.0000000e+00   0.0000000e+00   1.0000000e+00
   2.5296413e+02   9.2446510e+01   1.0000000e+00   0.0000000e+00   1.0000000e+00
   4.6855371e+02   1.0321691e+02   1.0000000e+00   0.0000000e+00   1.0000000e+00
   5.0920154e+02   1.2578984e+02   1.0000000e+00   0.0000000e+00   1.0000000e+00
   2.9508508e+02   1.3107127e+02   1.0000000e+00   0.0000000e+00   1.0000000e+00
   2.7050000e+02   1.4150000e+02   1.0000000e+00   0.0000000e+00   1.0000000e+00
   1.4054063e+02   2.6016733e+02   1.0000000e+00   0.0000000e+00   1.0000000e+00
   4.6650000e+02   2.8453851e+02   1.0000000e+00   0.0000000e+00   1.0000000e+00
   2.3850829e+02   3.4536301e+02   1.0000000e+00   0.0000000e+00   1.0000000e+00
   1.3654819e+02   3.9654819e+02   1.0000000e+00   0.0000000e+00   1.0000000e+00
   3.8419290e+02   4.0058575e+02   1.0000000e+00   0.0000000e+00   1.0000000e+00
   5.5500000e+02   4.8600000e+02   1.0000000e+00   0.0000000e+00   1.0000000e+00
   3.3446939e+02   5.5762732e+02   1.0000000e+00   0.0000000e+00   1.0000000e+00
   2.7412189e+02   4.6236561e+01   1.0000000e+00   0.0000000e+00   1.0000000e+00
   7.4610970e+01   6.3035217e+01   1.0000000e+00   0.0000000e+00   1.0000000e+00
   9.4500000e+01   7.4500000e+01   1.0000000e+00   0.0000000e+00   1.0000000e+00
   4.3572809e+02   1.1124385e+02   1.0000000e+00   0.0000000e+00   1.0000000e+00
   5.1156448e+02   1.2342258e+02   1.0000000e+00   0.0000000e+00   1.0000000e+00
   1.4150000e+02   2.4950000e+02   1.0000000e+00   0.0000000e+00   1.0000000e+00
   2.4919934e+02   2.4375653e+02   1.0000000e+00   0.0000000e+00   1.0000000e+00
   4.5510352e+02   2.8145984e+02   1.0000000e+00   0.0000000e+00   1.0000000e+00
   4.4345105e+02   3.0601819e+02   1.0000000e+00   0.0000000e+00   1.0000000e+00
   2.4859702e+02   3.5076120e+02   1.0000000e+00   0.0000000e+00   1.0000000e+00
   1.5534055e+02   4.0200552e+02   1.0000000e+00   0.0000000e+00   1.0000000e+00
   2.3724033e+02   4.2329703e+02   1.0000000e+00   0.0000000e+00   1.0000000e+00
   3.9413345e+02   4.1675317e+02   1.0000000e+00   0.0000000e+00   1.0000000e+00
   5.6738202e+02   4.8882095e+02   1.0000000e+00   0.0000000e+00   1.0000000e+00
   3.6278137e+02   5.4278137e+02   1.0000000e+00   0.0000000e+00   1.0000000e+00
   3.4968848e+02   5.6729938e+02   1.0000000e+00   0.0000000e+00   1.0000000e+00
   7.6500000e+01   7.6500000e+01   1.0000000e+00   0.0000000e+00   1.0000000e+00
   2.7163251e+02   9.7527565e+01   1.0000000e+00   0.0000000e+00   1.0000000e+00
   2.7255460e+02   1.0850000e+02   1.0000000e+00   0.0000000e+00   1.0000000e+00
   4.8496146e+02   1.0050000e+02   1.0000000e+00   0.0000000e+00   1.0000000e+00
   3.8980545e+02   1.3186011e+02   1.0000000e+00   0.0000000e+00   1.0000000e+00
   2.9252811e+02   1.3990819e+02   1.0000000e+00   0.0000000e+00   1.0000000e+00
   1.1523743e+02   2.5923743e+02   1.0000000e+00   0.0000000e+00   1.0000000e+00
   1.5188831e+02   2.7650000e+02   1.0000000e+00   0.0000000e+00   1.0000000e+00
   4.4189041e+02   3.0488394e+02   1.0000000e+00   0.0000000e+00   1.0000000e+00
   2.7425793e+02   3.2192334e+02   1.0000000e+00   0.0000000e+00   1.0000000e+00
   2.4450000e+02   4.2050000e+02   1.0000000e+00   0.0000000e+00   1.0000000e+00
   3.6427533e+02   2.1647652e+02   1.0000000e+00   0.0000000e+00   1.0000000e+00
   2.9450000e+02   3.3050000e+02   1.0000000e+00   0.0000000e+00   1.0000000e+00
   3.6650000e+02   4.9850000e+02   1.0000000e+00   0.0000000e+00   1.0000000e+00
