   1.0000000e+00
   2.5400000e+02
   2.3012198e+02   4.0503299e+02   1.0000000e+00   0.0000000e+00   1.0000000e+00
   2.9308826e+02   1.3856981e+02   1.0000000e+00   0.0000000e+00   1.0000000e+00
   8.9400131e+01   8.9331589e+01   1.0000000e+00   0.0000000e+00   1.0000000e+00
   8.2672089e+01   6.8241798e+01   1.0000000e+00   0.0000000e+00   1.0000000e+00
   3.9938065e+02   2.2752577e+02   1.0000000e+00   0.0000000e+00   1.0000000e+00
   1.6158749e+02   2.8098514e+02   1.0000000e+00   0.0000000e+00   1.0000000e+00
   2.0333141e+02   2.6768835e+02   1.0000000e+00   0.0000000e+00   1.0000000e+00
   3.4828799e+02   5.6884943e+02   1.0000000e+00   0.0000000e+00   1.0000000e+00
   2.3745883e+02   2.5266585e+02   1.0000000e+00   0.0000000e+00   1.0000000e+00
   9.1505081e+01   7.0449593e+01   1.0000000e+00   0.0000000e+00   1.0000000e+00
   1.1338494e+02   2.6402597e+02   1.0000000e+00   0.0000000e+00   1.0000000e+00
   3.5341843e+02   5.4534778e+02   1.0000000e+00   0.0000000e+00   1.0000000e+00
   3.2580121e+02   3.0783728e+02   1.0000000e+00   0.0000000e+00   1.0000000e+00
   3.5101050e+02   8.4178970e+01   1.0000000e+00   0.0000000e+00   1.0000000e+00
   4.7037244e+02   1.0119640e+02   1.0000000e+00   0.0000000e+00   1.0000000e+00
   3.6209128e+02   2.1619077e+02   1.0000000e+00   0.0000000e+00   1.0000000e+00
   2.4081517e+02   3.4500568e+02   1.0000000e+00   0.0000000e+00   1.0000000e+00
   1.4404768e+02   2.4193340e+02   1.0000000e+00   0.0000000e+00   1.0000000e+00
   3.3275677e+02   5.5857611e+02   1.0000000e+00   0.0000000e+00   1.0000000e+00
   1.5246440e+02   4.0000818e+02   1.0000000e+00   0.0000000e+00   1.0000000e+00
   2.7029575e+02   9.5630951e+01   1.0000000e+00   0.0000000e+00   1.0000000e+00
   5.1712231e+02   1.2034372e+02   1.0000000e+00   0.0000000e+00   1.0000000e+00
   3.4567203e+02   3.1814087e+02   1.0000000e+00   0.0000000e+00   1.0000000e+00
   4.1275098e+02   5.2605286e+02   1.0000000e+00   0.0000000e+00   1.0000000e+00
   5.7506439e+02   3.9621915e+02   1.0000000e+00   0.0000000e+00   1.0000000e+00
   3.2599063e+02   3.0763373e+02   1.0000000e+00   0.0000000e+00   1.0000000e+00
   4.7054617e+02   1.0115623e+02   1.0000000e+00   0.0000000e+00   1.0000000e+00
   6.0522423e+01   8.0428375e+01   1.0000000e+00   0.0000000e+00   1.0000000e+00
   4.0013916e+02   4.0873828e+02   1.0000000e+00   0.0000000e+00   1.0000000e+00
   4.1414166e+02   5.5938989e+02   1.0000000e+00   0.0000000e+00   1.0000000e+00
   2.8942026e+02   4.2973294e+02   1.0000000e+00   0.0000000e+00   1.0000000e+00
   3.3251511e+02   5.6335205e+02   1.0000000e+00   0.0000000e+00   1.0000000e+00
   1.9581563e+02   2.9021597e+02   1.0000000e+00   0.0000000e+00   1.0000000e+00
   9.9285568e+01   2.0821260e+02   1.0000000e+00   0.0000000e+00   1.0000000e+00
   1.3461667e+02   4.0635056e+02   1.0000000e+00   0.0000000e+00   1.0000000e+00
   7.5957108e+01   7.5733040e+01   1.0000000e+00   0.0000000e+00   1.0000000e+00
   3.1673898e+02   1.7422946e+02   1.0000000e+00   0.0000000e+00   1.0000000e+00
   1.2695021e+02   2.5109955e+02   1.0000000e+00   0.0000000e+00   1.0000000e+00
   2.8249765e+02   4.2774103e+02   1.0000000e+00   0.0000000e+00   1.0000000e+00
   2.1931969e+02   4.1121042e+02   1.0000000e+00   0.0000000e+00   1.0000000e+00
   7.1191231e+01   2.8689279e+02   1.0000000e+00   0.0000000e+00   1.0000000e+00
   3.9467218e+02   5.5048694e+02   1.0000000e+00   0.0000000e+00   1.0000000e+00
   2.9554388e+02   2.2523405e+02   1.0000000e+00   0.0000000e+00   1.0000000e+00
   3.1332361e+02   3.8580530e+02   1.0000000e+00   0.0000000e+00   1.0000000e+00
   2.9479800e+02   2.2465033e+02   1.0000000e+00   0.0000000e+00   1.0000000e+00
   2.6551843e+02   1.2833392e+02   1.0000000e+00   0.0000000e+00   1.0000000e+00
   3.8318164e+02   4.1429294e+02   1.0000000e+00   0.0000000e+00   1.0000000e+00
   2.1702612e+02   5.2165894e+02   1.0000000e+00   0.0000000e+00   1.0000000e+00
   4.1760297e+02   2.8884045e+02   1.0000000e+00   0.0000000e+00   1.0000000e+00
   3.8099338e+02   4.1284207e+02   1.0000000e+00   0.0000000e+00   1.0000000e+00
   3.1450693e+02   3.0532959e+02   1.0000000e+00   0.0000000e+00   1.0000000e+00
   2.7825702e+02   3.7555176e+02   1.0000000e+00   0.0000000e+00   1.0000000e+00
   3.4162598e+02   8.2487381e+01   1.0000000e+00   0.0000000e+00   1.0000000e+00
   3.4704193e+02   5.5767944e+02   1.0000000e+00   0.0000000e+00   1.0000000e+00
   5.3948004e+02   2.1122496e+02   1.0000000e+00   0.0000000e+00   1.0000000e+00
   3.5751486e+02   3.2066409e+02   1.0000000e+00   0.0000000e+00   1.0000000e+00
   4.9071747e+02   1.1037366e+02   1.0000000e+00   0.0000000e+00   1.0000000e+00
   1.1741324e+02   2.5102382e+02   1.0000000e+00   0.0000000e+00   1.0000000e+00
   1.0138084e+02   6.8539040e+01   1.0000000e+00   0.0000000e+00   1.0000000e+00
   2.8306589e+02   4.2665684e+01   1.0000000e+00   0.0000000e+00   1.0000000e+00
   4.4269125e+02   1.0380141e+02   1.0000000e+00   0.0000000e+00   1.0000000e+00
   4.6575858e+02   7.3008423e+01   1.0000000e+00   0.0000000e+00   1.0000000e+00
   2.0381628e+02   5.1823993e+02   1.0000000e+00   0.0000000e+00   1.0000000e+00
   2.3942831e+02   3.1085294e+02   1.0000000e+00   0.0000000e+00   1.0000000e+00
   3.2040546e+02   5.7368024e+02   1.0000000e+00   0.0000000e+00   1.0000000e+00
   1.1353083e+02   2.4528996e+02   1.0000000e+00   0.0000000e+00   1.0000000e+00
   2.4870345e+02   9.3324974e+01   1.0000000e+00   0.0000000e+00   1.0000000e+00
   2.4719427e+02   3.1284238e+02   1.0000000e+00   0.0000000e+00   1.0000000e+00
   4.9177301e+02   1.1699323e+02   1.0000000e+00   0.0000000e+00   1.0000000e+00
   4.9707297e+02   2.5227020e+02   1.0000000e+00   0.0000000e+00   1.0000000e+00
   1.5252299e+02   2.5364230e+02   1.0000000e+00   0.0000000e+00   1.0000000e+00
   4.4140375e+02   2.9258847e+02   1.0000000e+00   0.0000000e+00   1.0000000e+00
   3.2151059e+02   5.3855145e+02   1.0000000e+00   0.0000000e+00   1.0000000e+00
   4.5380356e+02   2.9745258e+02   1.0000000e+00   0.0000000e+00   1.0000000e+00
   3.8780548e+02   1.2593540e+02   1.0000000e+00   0.0000000e+00   1.0000000e+00
   4.3133899e+02   2.9139508e+02   1.0000000e+00   0.0000000e+00   1.0000000e+00
   3.9346667e+02   4.0421774e+02   1.0000000e+00   0.0000000e+00   1.0000000e+00
   7.9324127e+01   2.9010037e+02   1.0000000e+00   0.0000000e+00   1.0000000e+00
   4.0561948e+02   5.4485553e+02   1.0000000e+00   0.0000000e+00   1.0000000e+00
   3.3967560e+02   5.4473279e+02   1.0000000e+00   0.0000000e+00   1.0000000e+00
   1.4265683e+02   3.9771432e+02   1.0000000e+00   0.0000000e+00   1.0000000e+00
   3.3780634e+02   5.4463141e+02   1.0000000e+00   0.0000000e+00   1.0000000e+00
   1.4894865e+02   2.5532478e+02   1.0000000e+00   0.0000000e+00   1.0000000e+00
   3.8456888e+02   4.0316626e+02   1.0000000e+00   0.0000000e+00   1.0000000e+00
   3.5821729e+02   5.3352509e+02   1.0000000e+00   0.0000000e+00   1.0000000e+00
   5.6096210e+02   4.7961679e+02   1.0000000e+00   0.0000000e+00   1.0000000e+00
   1.3130847e+02   2.3982321e+02   1.0000000e+00   0.0000000e+00   1.0000000e+00
   4.6420132e+02   2.7918887e+02   1.0000000e+00   0.0000000e+00   1.0000000e+00
   4.4018161e+02   2.9184839e+02   1.0000000e+00   0.0000000e+00   1.0000000e+00
   3.4081726e+02   3.8567157e+02   1.0000000e+00   0.0000000e+00   1.0000000e+00
   3.4916397e+02   5.3118909e+02   1.0000000e+00   0.0000000e+00   1.0000000e+00
   2.6699628e+02   3.5823517e+02   1.0000000e+00   0.0000000e+00   1.0000000e+00
   2.6567227e+02   2.7367780e+02   1.0000000e+00   0.0000000e+00   1.0000000e+00
   2.3411000e+02   2.7844745e+02   1.0000000e+00   0.0000000e+00   1.0000000e+00
   5.3091656e+02   2.4413199e+02   1.0000000e+00   0.0000000e+00   1.0000000e+00
   5.6274603e+02   4.8150012e+02   1.0000000e+00   0.0000000e+00   1.0000000e+00
   3.9872806e+02   1.3837233e+02   1.0000000e+00   0.0000000e+00   1.0000000e+00
   5.0206561e+02   2.1455742e+02   1.0000000e+00   0.0000000e+00   1.0000000e+00
   2.3468391e+02   7.5301483e+01   1.0000000e+00   0.0000000e+00   1.0000000e+00
   3.1297613e+01   1.8284352e+02   1.0000000e+00   0.0000000e+00   1.0000000e+00
   4.3219061e+02   8.2288765e+01   1.0000000e+00   0.0000000e+00   1.0000000e+00
   2.3970160e+02   4.0060751e+02   1.0000000e+00   0.0000000e+00   1.0000000e+00
   3.4970212e+02   4.8773151e+02   1.0000000e+00   0.0000000e+00   1.0000000e+00
   3.1789441e+02   5.5362244e+02   1.0000000e+00   0.0000000e+00   1.0000000e+00
   1.3302487e+02   3.9478714e+02   1.0000000e+00   0.0000000e+00   1.0000000e+00
   5.8407190e+02   3.9920462e+02   1.0000000e+00   0.0000000e+00   1.0000000e+00
   4.1341167e+01   1.8282584e+02   1.0000000e+00   0.0000000e+00   1.0000000e+00
   1.4088350e+02   2.4569040e+02   1.0000000e+00   0.0000000e+00   1.0000000e+00
   2.1762164e+02   4.0266998e+02   1.0000000e+00   0.0000000e+00   1.0000000e+00
   5.5338251e+02   4.5237576e+02   1.0000000e+00   0.0000000e+00   1.0000000e+00
   5.0133347e+02   1.2201761e+02   1.0000000e+00   0.0000000e+00   1.0000000e+00
   3.5508823e+02   4.8861646e+02   1.0000000e+00   0.0000000e+00   1.0000000e+00
   2.4048557e+02   3.9920749e+02   1.0000000e+00   0.0000000e+00   1.0000000e+00
   4.0181381e+01   1.5841112e+02   1.0000000e+00   0.0000000e+00   1.0000000e+00
   5.9942184e+01   3.6161227e+02   1.0000000e+00   0.0000000e+00   1.0000000e+00
   4.0479437e+02   5.2427466e+02   1.0000000e+00   0.0000000e+00   1.0000000e+00
   5.2006989e+02   2.4872150e+02   1.0000000e+00   0.0000000e+00   1.0000000e+00
   8.1184769e+01   2.3184308e+02   1.0000000e+00   0.0000000e+00   1.0000000e+00
   2.7738492e+02   3.5989859e+02   1.0000000e+00   0.0000000e+00   1.0000000e+00
   4.9464059e+02   2.3745329e+02   1.0000000e+00   0.0000000e+00   1.0000000e+00
   5.6204462e+02   4.5748276e+02   1.0000000e+00   0.0000000e+00   1.0000000e+00
   2.6524973e+02   1.0304879e+02   1.0000000e+00   0.0000000e+00   1.0000000e+00
   5.2822870e+02   1.9960793e+02   1.0000000e+00   0.0000000e+00   1.0000000e+00
   2.4522536e+02   3.3522632e+02   1.0000000e+00   0.0000000e+00   1.0000000e+00
   2.4733437e+02   4.7948621e+02   1.0000000e+00   0.0000000e+00   1.0000000e+00
   2.5095439e+02   5.5462775e+02   1.0000000e+00   0.0000000e+00   1.0000000e+00
   4.6026163e+02   1.0006171e+02   1.0000000e+00   0.0000000e+00   1.0000000e+00
   4.5098335e+01   1.8451907e+02   1.0000000e+00   0.0000000e+00   1.0000000e+00
   2.4872806e+02   4.8067941e+02   1.0000000e+00   0.0000000e+00   1.0000000e+00
   4.3260284e+02   4.1329416e+02   1.0000000e+00   0.0000000e+00   1.0000000e+00
   3.6994128e+02   2.4446945e+02   1.0000000e+00   0.0000000e+00   1.0000000e+00
   4.8349228e+02   1.2129361e+02   1.0000000e+00   0.0000000e+00   1.0000000e+00
   5.4494025e+02   4.7503958e+02   1.0000000e+00   0.0000000e+00   1.0000000e+00
   4.7871747e+02   5.1076130e+01   1.0000000e+00   0.0000000e+00   1.0000000e+00
   2.0398245e+02   3.3051215e+02   1.0000000e+00   0.0000000e+00   1.0000000e+00
   2.7176010e+02   4.5413250e+01   1.0000000e+00   0.0000000e+00   1.0000000e+00
   2.1606828e+02   2.7649731e+02   1.0000000e+00   0.0000000e+00   1.0000000e+00
   4.9145135e+02   2.2515190e+02   1.0000000e+00   0.0000000e+00   1.0000000e+00
   3.9772995e+02   5.7921344e+02   1.0000000e+00   0.0000000e+00   1.0000000e+00
   3.2693945e+02   4.9198624e+02   1.0000000e+00   0.0000000e+00   1.0000000e+00
   3.6783871e+02   3.9618442e+02   1.0000000e+00   0.0000000e+00   1.0000000e+00
   4.1706424e+02   1.3893733e+02   1.0000000e+00   0.0000000e+00   1.0000000e+00
   3.9209314e+02   2.9972052e+02   1.0000000e+00   0.0000000e+00   1.0000000e+00
   2.3152827e+02   3.4534613e+02   1.0000000e+00   0.0000000e+00   1.0000000e+00
   3.5492902e+02   4.8852539e+02   1.0000000e+00   0.0000000e+00   1.0000000e+00
   7.6198418e+01   2.2966083e+02   1.0000000e+00   0.0000000e+00   1.0000000e+00
   4.1814667e+02   2.9087289e+02   1.0000000e+00   0.0000000e+00   1.0000000e+00
   4.1396597e+02   1.2763492e+02   1.0000000e+00   0.0000000e+00   1.0000000e+00
   2.2257338e+02   2.5195921e+02   1.0000000e+00   0.0000000e+00   1.0000000e+00
   3.7245245e+02   2.6460205e+02   1.0000000e+00   0.0000000e+00   1.0000000e+00
   4.0962604e+02   2.8400525e+02   1.0000000e+00   0.0000000e+00   1.0000000e+00
   5.6468506e+02   4.1449951e+02   1.0000000e+00   0.0000000e+00   1.0000000e+00
   2.6740494e+02   3.6413617e+02   1.0000000e+00   0.0000000e+00   1.0000000e+00
   4.4280231e+02   4.1730298e+02   1.0000000e+00   0.0000000e+00   1.0000000e+00
   1.2103280e+02   2.4236101e+02   1.0000000e+00   0.0000000e+00   1.0000000e+00
   3.9302988e+02   3.0212997e+02   1.0000000e+00   0.0000000e+00   1.0000000e+00
   4.8626471e+02   6.2969559e+01   1.0000000e+00   0.0000000e+00   1.0000000e+00
   5.4098224e+02   5.4316577e+02   1.0000000e+00   0.0000000e+00   1.0000000e+00
   3.3741614e+02   5.2600079e+02   1.0000000e+00   0.0000000e+00   1.0000000e+00
   5.4126758e+02   4.4950473e+02   1.0000000e+00   0.0000000e+00   1.0000000e+00
   5.0986111e+01   1.2470808e+02   1.0000000e+00   0.0000000e+00   1.0000000e+00
   5.2183246e+02   1.1070487e+02   1.0000000e+00   0.0000000e+00   1.0000000e+00
   4.6874509e+02   2.7257605e+02   1.0000000e+00   0.0000000e+00   1.0000000e+00
   5.6555804e+02   1.3645686e+02   1.0000000e+00   0.0000000e+00   1.0000000e+00
   2.2949048e+02   3.4581387e+02   1.0000000e+00   0.0000000e+00   1.0000000e+00
   3.6225342e+02   2.5990161e+02   1.0000000e+00   0.0000000e+00   1.0000000e+00
   4.7889005e+02   8.3632881e+01   1.0000000e+00   0.0000000e+00   1.0000000e+00
   5.2919336e+02   1.7081001e+02   1.0000000e+00   0.0000000e+00   1.0000000e+00
   1.5218861e+02   2.8938486e+02   1.0000000e+00   0.0000000e+00   1.0000000e+00
   4.0191138e+02   2.0909744e+02   1.0000000e+00   0.0000000e+00   1.0000000e+00
   4.0516049e+02   1.8855698e+02   1.0000000e+00   0.0000000e+00   1.0000000e+00
   3.5501923e+02   4.9530960e+02   1.0000000e+00   0.0000000e+00   1.0000000e+00
   5.1266071e+02   2.2927133e+02   1.0000000e+00   0.0000000e+00   1.0000000e+00
   5.2174603e+02   1.0972580e+02   1.0000000e+00   0.0000000e+00   1.0000000e+00
   3.8901559e+02   5.6971320e+02   1.0000000e+00   0.0000000e+00   1.0000000e+00
   4.8626257e+02   6.7457199e+01   1.0000000e+00   0.0000000e+00   1.0000000e+00
   3.6843417e+02   3.9594543e+02   1.0000000e+00   0.0000000e+00   1.0000000e+00
   2.6392502e+02   3.0863310e+01   1.0000000e+00   0.0000000e+00   1.0000000e+00
   4.7056763e+02   6.4557304e+01   1.0000000e+00   0.0000000e+00   1.0000000e+00
   5.0937177e+02   2.5013173e+02   1.0000000e+00   0.0000000e+00   1.0000000e+00
   2.3751633e+02   1.0491637e+02   1.0000000e+00   0.0000000e+00   1.0000000e+00
   1.4293417e+02   4.0097989e+02   1.0000000e+00   0.0000000e+00   1.0000000e+00
   5.0816425e+02   1.4783171e+02   1.0000000e+00   0.0000000e+00   1.0000000e+00
   4.4354404e+02   7.6773216e+01   1.0000000e+00   0.0000000e+00   1.0000000e+00
   5.0860150e+02   2.0152362e+02   1.0000000e+00   0.0000000e+00   1.0000000e+00
   5.7236298e+02   4.5970630e+02   1.0000000e+00   0.0000000e+00   1.0000000e+00
   4.4870911e+02   2.7768036e+02   1.0000000e+00   0.0000000e+00   1.0000000e+00
   4.6897809e+02   2.6949847e+02   1.0000000e+00   0.0000000e+00   1.0000000e+00
   4.7865698e+02   5.8620262e+01   1.0000000e+00   0.0000000e+00   1.0000000e+00
   2.3672978e+02   3.3385941e+02   1.0000000e+00   0.0000000e+00   1.0000000e+00
   5.0721967e+02   5.5510944e+01   1.0000000e+00   0.0000000e+00   1.0000000e+00
   2.7386230e+02   3.2600063e+01   1.0000000e+00   0.0000000e+00   1.0000000e+00
   2.9422272e+02   3.7949280e+02   1.0000000e+00   0.0000000e+00   1.0000000e+00
   2.7297580e+02   2.5479721e+02   1.0000000e+00   0.0000000e+00   1.0000000e+00
   1.2701550e+02   4.0385956e+02   1.0000000e+00   0.0000000e+00   1.0000000e+00
   4.1580341e+02   2.3010429e+02   1.0000000e+00   0.0000000e+00   1.0000000e+00
   2.6171997e+02   2.2835336e+02   1.0000000e+00   0.0000000e+00   1.0000000e+00
   6.6137787e+01   3.6312057e+02   1.0000000e+00   0.0000000e+00   1.0000000e+00
   2.4963850e+02   3.9387558e+02   1.0000000e+00   0.0000000e+00   1.0000000e+00
   2.5090475e+02   5.1754901e+02   1.0000000e+00   0.0000000e+00   1.0000000e+00
   2.2074074e+02   3.8053268e+02   1.0000000e+00   0.0000000e+00   1.0000000e+00
   2.0397264e+02   4.8949731e+02   1.0000000e+00   0.0000000e+00   1.0000000e+00
   2.6607187e+01   1.5537988e+02   1.0000000e+00   0.0000000e+00   1.0000000e+00
   5.2304913e+02   2.4051642e+02   1.0000000e+00   0.0000000e+00   1.0000000e+00
   3.6381018e+02   2.3658809e+02   1.0000000e+00   0.0000000e+00   1.0000000e+00
   4.3690277e+02   2.9952731e+02   1.0000000e+00   0.0000000e+00   1.0000000e+00
   4.8680612e+02   5.8458092e+01   1.0000000e+00   0.0000000e+00   1.0000000e+00
   2.6733624e+02   1.9781238e+02   1.0000000e+00   0.0000000e+00   1.0000000e+00
   5.6096874e+01   1.4166982e+02   1.0000000e+00   0.0000000e+00   1.0000000e+00
   3.4031665e+02   5.8056958e+02   1.0000000e+00   0.0000000e+00   1.0000000e+00
   2.1596495e+02   3.9073975e+02   1.0000000e+00   0.0000000e+00   1.0000000e+00
   2.1319872e+02   2.4965700e+02   1.0000000e+00   0.0000000e+00   1.0000000e+00
   3.1522620e+02   2.9418027e+02   1.0000000e+00   0.0000000e+00   1.0000000e+00
   5.0400415e+02   2.4304176e+02   1.0000000e+00   0.0000000e+00   1.0000000e+00
   3.8186673e+02   3.0001212e+02   1.0000000e+00   0.0000000e+00   1.0000000e+00
   1.1561733e+02   3.9270621e+02   1.0000000e+00   0.0000000e+00   1.0000000e+00
   3.6968933e+02   3.1942538e+02   1.0000000e+00   0.0000000e+00   1.0000000e+00
   2.3570439e+02   5.4212451e+02   1.0000000e+00   0.0000000e+00   1.0000000e+00
   4.1269861e+02   2.2920421e+02   1.0000000e+00   0.0000000e+00   1.0000000e+00
   3.2055618e+02   4.8283740e+02   1.0000000e+00   0.0000000e+00   1.0000000e+00
   2.1999684e+02   2.3684421e+02   1.0000000e+00   0.0000000e+00   1.0000000e+00
   4.0200275e+02   1.9406966e+02   1.0000000e+00   0.0000000e+00   1.0000000e+00
   5.2235059e+02   2.2832019e+02   1.0000000e+00   0.0000000e+00   1.0000000e+00
   5.2269476e+02   1.7019133e+02   1.0000000e+00   0.0000000e+00   1.0000000e+00
   1.0146911e+02   2.6570316e+02   1.0000000e+00   0.0000000e+00   1.0000000e+00
   3.8302227e+01   1.2584119e+02   1.0000000e+00   0.0000000e+00   1.0000000e+00
   4.4815723e+02   6.4266106e+01   1.0000000e+00   0.0000000e+00   1.0000000e+00
   1.4060506e+02   3.3171005e+02   1.0000000e+00   0.0000000e+00   1.0000000e+00
   2.6346024e+02   2.6549435e+02   1.0000000e+00   0.0000000e+00   1.0000000e+00
   1.3229364e+02   2.8147391e+02   1.0000000e+00   0.0000000e+00   1.0000000e+00
   1.9348312e+02   5.8418665e+02   1.0000000e+00   0.0000000e+00   1.0000000e+00
   1.2038322e+02   3.9664853e+02   1.0000000e+00   0.0000000e+00   1.0000000e+00
   8.7881653e+01   2.4788910e+02   1.0000000e+00   0.0000000e+00   1.0000000e+00
   2.8217786e+02   3.4300964e+01   1.0000000e+00   0.0000000e+00   1.0000000e+00
   2.7310577e+02   3.3490305e+02   1.0000000e+00   0.0000000e+00   1.0000000e+00
   6.4437714e+01   2.2779588e+02   1.0000000e+00   0.0000000e+00   1.0000000e+00
   9.4918213e+01   2.5329620e+02   1.0000000e+00   0.0000000e+00   1.0000000e+00
   2.4416199e+02   5.1424591e+02   1.0000000e+00   0.0000000e+00   1.0000000e+00
   2.4293925e+02   5.4443835e+02   1.0000000e+00   0.0000000e+00   1.0000000e+00
   1.8861523e+02   2.4934987e+02   1.0000000e+00   0.0000000e+00   1.0000000e+00
   1.5727570e+01   3.1317389e+02   1.0000000e+00   0.0000000e+00   1.0000000e+00
   9.6201996e+01   2.1618527e+02   1.0000000e+00   0.0000000e+00   1.0000000e+00
   2.2778859e+02   5.1474902e+02   1.0000000e+00   0.0000000e+00   1.0000000e+00
   2.4700291e+02   2.9345706e+02   1.0000000e+00   0.0000000e+00   1.0000000e+00
   5.0589865e+02   2.4088885e+02   1.0000000e+00   0.0000000e+00   1.0000000e+00
   8.2206009e+01   4.1344412e+02   1.0000000e+00   0.0000000e+00   1.0000000e+00
   9.3338226e+01   2.5298717e+02   1.0000000e+00   0.0000000e+00   1.0000000e+00
   3.5393674e+02   4.6979477e+02   1.0000000e+00   0.0000000e+00   1.0000000e+00
   4.2242764e+02   8.7649597e+01   1.0000000e+00   0.0000000e+00   1.0000000e+00
   2.8264697e+02   1.3137209e+02   1.0000000e+00   0.0000000e+00   1.0000000e+00
   1.9045189e+02   2.6376794e+02   1.0000000e+00   0.0000000e+00   1.0000000e+00
   1.4508986e+02   4.1299934e+01   1.0000000e+00   0.0000000e+00   1.0000000e+00
   4.7540726e+02   5.8501598e+01   1.0000000e+00   0.0000000e+00   1.0000000e+00
   3.5994864e+02   4.6420755e+02   1.0000000e+00   0.0000000e+00   1.0000000e+00
