   1.0000000e+00
   2.4800000e+02
   2.0000000e+00   2.0000000e+00   1.0000000e+00   0.0000000e+00   1.0000000e+00
   2.0000000e+00   5.9900000e+02   1.0000000e+00   0.0000000e+00   1.0000000e+00
   3.0000000e+00   4.8200000e+02   1.0000000e+00   0.0000000e+00   1.0000000e+00
   4.0000000e+00   1.6600000e+02   1.0000000e+00   0.0000000e+00   1.0000000e+00
   4.0000000e+00   1.7800000e+02   1.0000000e+00   0.0000000e+00   1.0000000e+00
   4.0000000e+00   1.8300000e+02   1.0000000e+00   0.0000000e+00   1.0000000e+00
   6.0000000e+00   1.6600000e+02   1.0000000e+00   0.0000000e+00   1.0000000e+00
   1.0000000e+01   1.8400000e+02   1.0000000e+00   0.0000000e+00   1.0000000e+00
   1.4000000e+01   3.0000000e+00   1.0000000e+00   0.0000000e+00   1.0000000e+00
   1.6000000e+01   7.0000000e+00   1.0000000e+00   0.0000000e+00   1.0000000e+00
   2.3000000e+01   2.0000000e+00   1.0000000e+00   0.0000000e+00   1.0000000e+00
   2.7000000e+01   5.9800000e+02   1.0000000e+00   0.0000000e+00   1.0000000e+00
   4.0000000e+01   1.5600000e+02   1.0000000e+00   0.0000000e+00   1.0000000e+00
   4.2000000e+01   1.3700000e+02   1.0000000e+00   0.0000000e+00   1.0000000e+00
   5.9000000e+01   3.6200000e+02   1.0000000e+00   0.0000000e+00   1.0000000e+00
   6.2000000e+01   4.6400000e+02   1.0000000e+00   0.0000000e+00   1.0000000e+00
   7.0000000e+01   2.9100000e+02   1.0000000e+00   0.0000000e+00   1.0000000e+00
   7.2000000e+01   2.8300000e+02   1.0000000e+00   0.0000000e+00   1.0000000e+00
   7.9000000e+01   6.9000000e+01   1.0000000e+00   0.0000000e+00   1.0000000e+00
   7.9000000e+01   7.6000000e+01   1.0000000e+00   0.0000000e+00   1.0000000e+00
   7.9000000e+01   5.5500000e+02   1.0000000e+00   0.0000000e+00   1.0000000e+00
   8.0000000e+01   2.0000000e+00   1.0000000e+00   0.0000000e+00   1.0000000e+00
   8.1000000e+01   6.0000000e+00   1.0000000e+00   0.0000000e+00   1.0000000e+00
   8.1000000e+01   2.3500000e+02   1.0000000e+00   0.0000000e+00   1.0000000e+00
   8.3000000e+01   6.5000000e+01   1.0000000e+00   0.0000000e+00   1.0000000e+00
   8.3000000e+01   1.1400000e+02   1.0000000e+00   0.0000000e+00   1.0000000e+00
   8.4000000e+01   5.7800000e+02   1.0000000e+00   0.0000000e+00   1.0000000e+00
   9.0000000e+01   2.0000000e+00   1.0000000e+00   0.0000000e+00   1.0000000e+00
   9.0000000e+01   4.1300000e+02   1.0000000e+00   0.0000000e+00   1.0000000e+00
   9.1000000e+01   7.4000000e+01   1.0000000e+00   0.0000000e+00   1.0000000e+00
   9.5000000e+01   6.9000000e+01   1.0000000e+00   0.0000000e+00   1.0000000e+00
   9.7000000e+01   2.0900000e+02   1.0000000e+00   0.0000000e+00   1.0000000e+00
   9.8000000e+01   5.5300000e+02   1.0000000e+00   0.0000000e+00   1.0000000e+00
   1.0100000e+02   2.0000000e+00   1.0000000e+00   0.0000000e+00   1.0000000e+00
   1.0100000e+02   2.0500000e+02   1.0000000e+00   0.0000000e+00   1.0000000e+00
   1.0200000e+02   2.5600000e+02   1.0000000e+00   0.0000000e+00   1.0000000e+00
   1.0400000e+02   2.1100000e+02   1.0000000e+00   0.0000000e+00   1.0000000e+00
   1.1000000e+02   2.7300000e+02   1.0000000e+00   0.0000000e+00   1.0000000e+00
   1.1400000e+02   2.5700000e+02   1.0000000e+00   0.0000000e+00   1.0000000e+00
   1.2700000e+02   2.4800000e+02   1.0000000e+00   0.0000000e+00   1.0000000e+00
   1.3000000e+02   5.9800000e+02   1.0000000e+00   0.0000000e+00   1.0000000e+00
   1.3300000e+02   4.1100000e+02   1.0000000e+00   0.0000000e+00   1.0000000e+00
   1.3300000e+02   5.9800000e+02   1.0000000e+00   0.0000000e+00   1.0000000e+00
   1.3400000e+02   2.9200000e+02   1.0000000e+00   0.0000000e+00   1.0000000e+00
   1.3600000e+02   5.9900000e+02   1.0000000e+00   0.0000000e+00   1.0000000e+00
   1.4300000e+02   2.5200000e+02   1.0000000e+00   0.0000000e+00   1.0000000e+00
   1.4600000e+02   2.6500000e+02   1.0000000e+00   0.0000000e+00   1.0000000e+00
   1.4800000e+02   5.9900000e+02   1.0000000e+00   0.0000000e+00   1.0000000e+00
   1.5000000e+02   4.0400000e+02   1.0000000e+00   0.0000000e+00   1.0000000e+00
   1.5200000e+02   3.9600000e+02   1.0000000e+00   0.0000000e+00   1.0000000e+00
   1.5500000e+02   5.9700000e+02   1.0000000e+00   0.0000000e+00   1.0000000e+00
   1.5800000e+02   5.2200000e+02   1.0000000e+00   0.0000000e+00   1.0000000e+00
   1.6000000e+02   2.6700000e+02   1.0000000e+00   0.0000000e+00   1.0000000e+00
   1.6400000e+02   5.4600000e+02   1.0000000e+00   0.0000000e+00   1.0000000e+00
   1.6900000e+02   5.4600000e+02   1.0000000e+00   0.0000000e+00   1.0000000e+00
   1.7000000e+02   5.9900000e+02   1.0000000e+00   0.0000000e+00   1.0000000e+00
   1.7100000e+02   2.0000000e+00   1.0000000e+00   0.0000000e+00   1.0000000e+00
   1.7400000e+02   3.0000000e+00   1.0000000e+00   0.0000000e+00   1.0000000e+00
   1.7500000e+02   5.3000000e+02   1.0000000e+00   0.0000000e+00   1.0000000e+00
   1.7600000e+02   3.0000000e+00   1.0000000e+00   0.0000000e+00   1.0000000e+00
   1.7700000e+02   5.9500000e+02   1.0000000e+00   0.0000000e+00   1.0000000e+00
   1.7700000e+02   5.9700000e+02   1.0000000e+00   0.0000000e+00   1.0000000e+00
   1.9100000e+02   5.9900000e+02   1.0000000e+00   0.0000000e+00   1.0000000e+00
   1.9400000e+02   5.6700000e+02   1.0000000e+00   0.0000000e+00   1.0000000e+00
   1.9600000e+02   2.9500000e+02   1.0000000e+00   0.0000000e+00   1.0000000e+00
   1.9600000e+02   5.9200000e+02   1.0000000e+00   0.0000000e+00   1.0000000e+00
   1.9700000e+02   2.8600000e+02   1.0000000e+00   0.0000000e+00   1.0000000e+00
   2.0300000e+02   5.0000000e+02   1.0000000e+00   0.0000000e+00   1.0000000e+00
   2.0300000e+02   5.1300000e+02   1.0000000e+00   0.0000000e+00   1.0000000e+00
   2.0300000e+02   5.9900000e+02   1.0000000e+00   0.0000000e+00   1.0000000e+00
   2.0500000e+02   4.7400000e+02   1.0000000e+00   0.0000000e+00   1.0000000e+00
   2.0500000e+02   4.9500000e+02   1.0000000e+00   0.0000000e+00   1.0000000e+00
   2.0500000e+02   5.2800000e+02   1.0000000e+00   0.0000000e+00   1.0000000e+00
   2.0500000e+02   5.5900000e+02   1.0000000e+00   0.0000000e+00   1.0000000e+00
   2.0600000e+02   3.1900000e+02   1.0000000e+00   0.0000000e+00   1.0000000e+00
   2.0600000e+02   4.8200000e+02   1.0000000e+00   0.0000000e+00   1.0000000e+00
   2.0900000e+02   5.9100000e+02   1.0000000e+00   0.0000000e+00   1.0000000e+00
   2.1000000e+02   5.6600000e+02   1.0000000e+00   0.0000000e+00   1.0000000e+00
   2.1400000e+02   5.6200000e+02   1.0000000e+00   0.0000000e+00   1.0000000e+00
   2.1400000e+02   5.8200000e+02   1.0000000e+00   0.0000000e+00   1.0000000e+00
   2.1500000e+02   3.3800000e+02   1.0000000e+00   0.0000000e+00   1.0000000e+00
   2.1700000e+02   5.7500000e+02   1.0000000e+00   0.0000000e+00   1.0000000e+00
   2.2000000e+02   5.8400000e+02   1.0000000e+00   0.0000000e+00   1.0000000e+00
   2.2000000e+02   5.9800000e+02   1.0000000e+00   0.0000000e+00   1.0000000e+00
   2.2100000e+02   4.1900000e+02   1.0000000e+00   0.0000000e+00   1.0000000e+00
   2.2100000e+02   5.7700000e+02   1.0000000e+00   0.0000000e+00   1.0000000e+00
   2.2200000e+02   5.5800000e+02   1.0000000e+00   0.0000000e+00   1.0000000e+00
   2.2300000e+02   4.0200000e+02   1.0000000e+00   0.0000000e+00   1.0000000e+00
   2.2300000e+02   4.0700000e+02   1.0000000e+00   0.0000000e+00   1.0000000e+00
   2.2800000e+02   5.9100000e+02   1.0000000e+00   0.0000000e+00   1.0000000e+00
   2.2900000e+02   5.4000000e+02   1.0000000e+00   0.0000000e+00   1.0000000e+00
   2.3000000e+02   3.0000000e+00   1.0000000e+00   0.0000000e+00   1.0000000e+00
   2.3100000e+02   5.4700000e+02   1.0000000e+00   0.0000000e+00   1.0000000e+00
   2.3100000e+02   5.5800000e+02   1.0000000e+00   0.0000000e+00   1.0000000e+00
   2.3200000e+02   5.7200000e+02   1.0000000e+00   0.0000000e+00   1.0000000e+00
   2.3300000e+02   3.9100000e+02   1.0000000e+00   0.0000000e+00   1.0000000e+00
   2.3300000e+02   4.0500000e+02   1.0000000e+00   0.0000000e+00   1.0000000e+00
   2.3300000e+02   5.6500000e+02   1.0000000e+00   0.0000000e+00   1.0000000e+00
   2.3600000e+02   3.4000000e+02   1.0000000e+00   0.0000000e+00   1.0000000e+00
   2.3700000e+02   2.0000000e+00   1.0000000e+00   0.0000000e+00   1.0000000e+00
   2.3700000e+02   5.1500000e+02   1.0000000e+00   0.0000000e+00   1.0000000e+00
   2.3800000e+02   3.5100000e+02   1.0000000e+00   0.0000000e+00   1.0000000e+00
   2.3800000e+02   3.8500000e+02   1.0000000e+00   0.0000000e+00   1.0000000e+00
   2.3800000e+02   5.6100000e+02   1.0000000e+00   0.0000000e+00   1.0000000e+00
   2.3800000e+02   5.8100000e+02   1.0000000e+00   0.0000000e+00   1.0000000e+00
   2.3900000e+02   3.8100000e+02   1.0000000e+00   0.0000000e+00   1.0000000e+00
   2.4000000e+02   5.0300000e+02   1.0000000e+00   0.0000000e+00   1.0000000e+00
   2.4000000e+02   5.4700000e+02   1.0000000e+00   0.0000000e+00   1.0000000e+00
   2.4200000e+02   8.3000000e+01   1.0000000e+00   0.0000000e+00   1.0000000e+00
   2.4300000e+02   7.9000000e+01   1.0000000e+00   0.0000000e+00   1.0000000e+00
   2.4500000e+02   3.3200000e+02   1.0000000e+00   0.0000000e+00   1.0000000e+00
   2.4500000e+02   3.8300000e+02   1.0000000e+00   0.0000000e+00   1.0000000e+00
   2.4500000e+02   3.8700000e+02   1.0000000e+00   0.0000000e+00   1.0000000e+00
   2.4500000e+02   5.7300000e+02   1.0000000e+00   0.0000000e+00   1.0000000e+00
   2.4600000e+02   4.8400000e+02   1.0000000e+00   0.0000000e+00   1.0000000e+00
   2.4700000e+02   5.6300000e+02   1.0000000e+00   0.0000000e+00   1.0000000e+00
   2.4800000e+02   2.5200000e+02   1.0000000e+00   0.0000000e+00   1.0000000e+00
   2.4800000e+02   5.7200000e+02   1.0000000e+00   0.0000000e+00   1.0000000e+00
   2.4900000e+02   5.2100000e+02   1.0000000e+00   0.0000000e+00   1.0000000e+00
   2.4900000e+02   5.2500000e+02   1.0000000e+00   0.0000000e+00   1.0000000e+00
   2.5000000e+02   5.0000000e+02   1.0000000e+00   0.0000000e+00   1.0000000e+00
   2.5100000e+02   4.7700000e+02   1.0000000e+00   0.0000000e+00   1.0000000e+00
   2.5200000e+02   5.0900000e+02   1.0000000e+00   0.0000000e+00   1.0000000e+00
   2.5500000e+02   5.5700000e+02   1.0000000e+00   0.0000000e+00   1.0000000e+00
   2.5700000e+02   4.7500000e+02   1.0000000e+00   0.0000000e+00   1.0000000e+00
   2.5700000e+02   5.3900000e+02   1.0000000e+00   0.0000000e+00   1.0000000e+00
   2.5700000e+02   5.5300000e+02   1.0000000e+00   0.0000000e+00   1.0000000e+00
   2.5700000e+02   5.6800000e+02   1.0000000e+00   0.0000000e+00   1.0000000e+00
   2.5800000e+02   2.0000000e+00   1.0000000e+00   0.0000000e+00   1.0000000e+00
   2.5800000e+02   5.1700000e+02   1.0000000e+00   0.0000000e+00   1.0000000e+00
   2.6100000e+02   9.9000000e+01   1.0000000e+00   0.0000000e+00   1.0000000e+00
   2.6100000e+02   1.0400000e+02   1.0000000e+00   0.0000000e+00   1.0000000e+00
   2.6300000e+02   3.6900000e+02   1.0000000e+00   0.0000000e+00   1.0000000e+00
   2.6300000e+02   5.1300000e+02   1.0000000e+00   0.0000000e+00   1.0000000e+00
   2.6900000e+02   5.0000000e+01   1.0000000e+00   0.0000000e+00   1.0000000e+00
   2.7100000e+02   4.8000000e+02   1.0000000e+00   0.0000000e+00   1.0000000e+00
   2.7100000e+02   5.1300000e+02   1.0000000e+00   0.0000000e+00   1.0000000e+00
   2.7400000e+02   4.6900000e+02   1.0000000e+00   0.0000000e+00   1.0000000e+00
   2.7400000e+02   5.1700000e+02   1.0000000e+00   0.0000000e+00   1.0000000e+00
   2.7600000e+02   3.7400000e+02   1.0000000e+00   0.0000000e+00   1.0000000e+00
   2.8200000e+02   3.7200000e+02   1.0000000e+00   0.0000000e+00   1.0000000e+00
   2.8200000e+02   4.2500000e+02   1.0000000e+00   0.0000000e+00   1.0000000e+00
   2.8300000e+02   4.3200000e+02   1.0000000e+00   0.0000000e+00   1.0000000e+00
   2.8600000e+02   4.3000000e+01   1.0000000e+00   0.0000000e+00   1.0000000e+00
   2.8700000e+02   4.3400000e+02   1.0000000e+00   0.0000000e+00   1.0000000e+00
   2.8900000e+02   4.9800000e+02   1.0000000e+00   0.0000000e+00   1.0000000e+00
   2.9000000e+02   1.2600000e+02   1.0000000e+00   0.0000000e+00   1.0000000e+00
   2.9300000e+02   4.3100000e+02   1.0000000e+00   0.0000000e+00   1.0000000e+00
   2.9700000e+02   5.4900000e+02   1.0000000e+00   0.0000000e+00   1.0000000e+00
   2.9900000e+02   4.9000000e+02   1.0000000e+00   0.0000000e+00   1.0000000e+00
   3.0400000e+02   4.7300000e+02   1.0000000e+00   0.0000000e+00   1.0000000e+00
   3.1200000e+02   3.8900000e+02   1.0000000e+00   0.0000000e+00   1.0000000e+00
   3.1500000e+02   1.7600000e+02   1.0000000e+00   0.0000000e+00   1.0000000e+00
   3.2200000e+02   3.1300000e+02   1.0000000e+00   0.0000000e+00   1.0000000e+00
   3.2300000e+02   5.0600000e+02   1.0000000e+00   0.0000000e+00   1.0000000e+00
   3.2400000e+02   4.7400000e+02   1.0000000e+00   0.0000000e+00   1.0000000e+00
   3.2600000e+02   5.7600000e+02   1.0000000e+00   0.0000000e+00   1.0000000e+00
   3.2800000e+02   4.9700000e+02   1.0000000e+00   0.0000000e+00   1.0000000e+00
   3.2900000e+02   5.6200000e+02   1.0000000e+00   0.0000000e+00   1.0000000e+00
   3.3100000e+02   3.0900000e+02   1.0000000e+00   0.0000000e+00   1.0000000e+00
   3.3200000e+02   5.6900000e+02   1.0000000e+00   0.0000000e+00   1.0000000e+00
   3.3600000e+02   4.9000000e+02   1.0000000e+00   0.0000000e+00   1.0000000e+00
   3.3700000e+02   1.2100000e+02   1.0000000e+00   0.0000000e+00   1.0000000e+00
   3.3800000e+02   1.4900000e+02   1.0000000e+00   0.0000000e+00   1.0000000e+00
   3.3800000e+02   5.0600000e+02   1.0000000e+00   0.0000000e+00   1.0000000e+00
   3.4000000e+02   5.5200000e+02   1.0000000e+00   0.0000000e+00   1.0000000e+00
   3.4100000e+02   5.9900000e+02   1.0000000e+00   0.0000000e+00   1.0000000e+00
   3.4200000e+02   3.1300000e+02   1.0000000e+00   0.0000000e+00   1.0000000e+00
   3.4300000e+02   4.8500000e+02   1.0000000e+00   0.0000000e+00   1.0000000e+00
   3.4300000e+02   4.9200000e+02   1.0000000e+00   0.0000000e+00   1.0000000e+00
   3.4500000e+02   5.0200000e+02   1.0000000e+00   0.0000000e+00   1.0000000e+00
   3.4600000e+02   8.5000000e+01   1.0000000e+00   0.0000000e+00   1.0000000e+00
   3.4600000e+02   5.4200000e+02   1.0000000e+00   0.0000000e+00   1.0000000e+00
   3.4700000e+02   8.1000000e+01   1.0000000e+00   0.0000000e+00   1.0000000e+00
   3.4700000e+02   5.5100000e+02   1.0000000e+00   0.0000000e+00   1.0000000e+00
   3.4800000e+02   4.8500000e+02   1.0000000e+00   0.0000000e+00   1.0000000e+00
   3.4900000e+02   8.8000000e+01   1.0000000e+00   0.0000000e+00   1.0000000e+00
   3.4900000e+02   5.0000000e+02   1.0000000e+00   0.0000000e+00   1.0000000e+00
   3.4900000e+02   5.3800000e+02   1.0000000e+00   0.0000000e+00   1.0000000e+00
   3.5000000e+02   4.2100000e+02   1.0000000e+00   0.0000000e+00   1.0000000e+00
   3.5200000e+02   5.9800000e+02   1.0000000e+00   0.0000000e+00   1.0000000e+00
   3.5300000e+02   4.5900000e+02   1.0000000e+00   0.0000000e+00   1.0000000e+00
   3.5700000e+02   5.2800000e+02   1.0000000e+00   0.0000000e+00   1.0000000e+00
   3.5900000e+02   4.7400000e+02   1.0000000e+00   0.0000000e+00   1.0000000e+00
   3.7300000e+02   3.9400000e+02   1.0000000e+00   0.0000000e+00   1.0000000e+00
   3.8400000e+02   3.9500000e+02   1.0000000e+00   0.0000000e+00   1.0000000e+00
   3.9000000e+02   4.0100000e+02   1.0000000e+00   0.0000000e+00   1.0000000e+00
   3.9400000e+02   3.1100000e+02   1.0000000e+00   0.0000000e+00   1.0000000e+00
   3.9800000e+02   1.3800000e+02   1.0000000e+00   0.0000000e+00   1.0000000e+00
   4.0200000e+02   5.0400000e+02   1.0000000e+00   0.0000000e+00   1.0000000e+00
   4.1000000e+02   2.0000000e+00   1.0000000e+00   0.0000000e+00   1.0000000e+00
   4.1000000e+02   5.2900000e+02   1.0000000e+00   0.0000000e+00   1.0000000e+00
   4.1300000e+02   5.2100000e+02   1.0000000e+00   0.0000000e+00   1.0000000e+00
   4.1700000e+02   2.8900000e+02   1.0000000e+00   0.0000000e+00   1.0000000e+00
   4.2900000e+02   5.9700000e+02   1.0000000e+00   0.0000000e+00   1.0000000e+00
   4.3500000e+02   4.1400000e+02   1.0000000e+00   0.0000000e+00   1.0000000e+00
   4.3700000e+02   2.9000000e+02   1.0000000e+00   0.0000000e+00   1.0000000e+00
   4.3700000e+02   4.1800000e+02   1.0000000e+00   0.0000000e+00   1.0000000e+00
   4.3900000e+02   1.0600000e+02   1.0000000e+00   0.0000000e+00   1.0000000e+00
   4.4000000e+02   1.0200000e+02   1.0000000e+00   0.0000000e+00   1.0000000e+00
   4.4100000e+02   4.1500000e+02   1.0000000e+00   0.0000000e+00   1.0000000e+00
   4.4700000e+02   3.2900000e+02   1.0000000e+00   0.0000000e+00   1.0000000e+00
   4.4800000e+02   7.6000000e+01   1.0000000e+00   0.0000000e+00   1.0000000e+00
   4.4800000e+02   4.0100000e+02   1.0000000e+00   0.0000000e+00   1.0000000e+00
   4.4800000e+02   4.0400000e+02   1.0000000e+00   0.0000000e+00   1.0000000e+00
   4.4900000e+02   8.0000000e+01   1.0000000e+00   0.0000000e+00   1.0000000e+00
   4.5000000e+02   6.3000000e+01   1.0000000e+00   0.0000000e+00   1.0000000e+00
   4.5300000e+02   7.3000000e+01   1.0000000e+00   0.0000000e+00   1.0000000e+00
   4.5600000e+02   9.6000000e+01   1.0000000e+00   0.0000000e+00   1.0000000e+00
   4.5600000e+02   5.9800000e+02   1.0000000e+00   0.0000000e+00   1.0000000e+00
   4.6100000e+02   7.5000000e+01   1.0000000e+00   0.0000000e+00   1.0000000e+00
   4.6300000e+02   7.1000000e+01   1.0000000e+00   0.0000000e+00   1.0000000e+00
   4.6400000e+02   9.7000000e+01   1.0000000e+00   0.0000000e+00   1.0000000e+00
   4.6500000e+02   1.0400000e+02   1.0000000e+00   0.0000000e+00   1.0000000e+00
   4.6500000e+02   2.7500000e+02   1.0000000e+00   0.0000000e+00   1.0000000e+00
   4.6600000e+02   6.8000000e+01   1.0000000e+00   0.0000000e+00   1.0000000e+00
   4.6900000e+02   2.7600000e+02   1.0000000e+00   0.0000000e+00   1.0000000e+00
   4.7100000e+02   6.7000000e+01   1.0000000e+00   0.0000000e+00   1.0000000e+00
   4.7600000e+02   5.9800000e+02   1.0000000e+00   0.0000000e+00   1.0000000e+00
   4.7800000e+02   6.3000000e+01   1.0000000e+00   0.0000000e+00   1.0000000e+00
   4.9000000e+02   4.8000000e+01   1.0000000e+00   0.0000000e+00   1.0000000e+00
   5.1900000e+02   2.3800000e+02   1.0000000e+00   0.0000000e+00   1.0000000e+00
   5.2100000e+02   1.5300000e+02   1.0000000e+00   0.0000000e+00   1.0000000e+00
   5.2500000e+02   2.4500000e+02   1.0000000e+00   0.0000000e+00   1.0000000e+00
   5.5300000e+02   5.9800000e+02   1.0000000e+00   0.0000000e+00   1.0000000e+00
   5.5700000e+02   4.1200000e+02   1.0000000e+00   0.0000000e+00   1.0000000e+00
   5.5700000e+02   4.1600000e+02   1.0000000e+00   0.0000000e+00   1.0000000e+00
   5.6100000e+02   4.6300000e+02   1.0000000e+00   0.0000000e+00   1.0000000e+00
   5.6800000e+02   5.9800000e+02   1.0000000e+00   0.0000000e+00   1.0000000e+00
   5.7400000e+02   3.9300000e+02   1.0000000e+00   0.0000000e+00   1.0000000e+00
   5.7400000e+02   4.0000000e+02   1.0000000e+00   0.0000000e+00   1.0000000e+00
   5.8100000e+02   4.3900000e+02   1.0000000e+00   0.0000000e+00   1.0000000e+00
   5.8400000e+02   5.9700000e+02   1.0000000e+00   0.0000000e+00   1.0000000e+00
   5.8900000e+02   2.2200000e+02   1.0000000e+00   0.0000000e+00   1.0000000e+00
   5.8900000e+02   4.4400000e+02   1.0000000e+00   0.0000000e+00   1.0000000e+00
   5.9700000e+02   4.2500000e+02   1.0000000e+00   0.0000000e+00   1.0000000e+00
   5.9800000e+02   2.1900000e+02   1.0000000e+00   0.0000000e+00   1.0000000e+00
   5.9800000e+02   2.2500000e+02   1.0000000e+00   0.0000000e+00   1.0000000e+00
   5.9800000e+02   3.9900000e+02   1.0000000e+00   0.0000000e+00   1.0000000e+00
   5.9800000e+02   4.1500000e+02   1.0000000e+00   0.0000000e+00   1.0000000e+00
   5.9800000e+02   4.1700000e+02   1.0000000e+00   0.0000000e+00   1.0000000e+00
   5.9800000e+02   4.8500000e+02   1.0000000e+00   0.0000000e+00   1.0000000e+00
   5.9800000e+02   4.9400000e+02   1.0000000e+00   0.0000000e+00   1.0000000e+00
   5.9800000e+02   5.0200000e+02   1.0000000e+00   0.0000000e+00   1.0000000e+00
   5.9800000e+02   5.7700000e+02   1.0000000e+00   0.0000000e+00   1.0000000e+00
   5.9900000e+02   2.0000000e+00   1.0000000e+00   0.0000000e+00   1.0000000e+00
   5.9900000e+02   3.8400000e+02   1.0000000e+00   0.0000000e+00   1.0000000e+00
   5.9900000e+02   5.9900000e+02   1.0000000e+00   0.0000000e+00   1.0000000e+00
