   1.0000000e+00
   2.6400000e+02
   9.9369812e+01   1.7487469e+02   1.0000000e+00   0.0000000e+00   1.0000000e+00
   3.9163419e+02   5.0322684e+02   1.0000000e+00   0.0000000e+00   1.0000000e+00
   2.0534764e+02   3.0434445e+02   1.0000000e+00   0.0000000e+00   1.0000000e+00
   4.1586563e+02   1.3714157e+02   1.0000000e+00   0.0000000e+00   1.0000000e+00
   6.1520321e+01   4.3512936e+01   1.0000000e+00   0.0000000e+00   1.0000000e+00
   1.2349613e+02   1.8369524e+02   1.0000000e+00   0.0000000e+00   1.0000000e+00
   2.2209335e+02   1.6178435e+02   1.0000000e+00   0.0000000e+00   1.0000000e+00
   4.4473486e+02   3.0829678e+02   1.0000000e+00   0.0000000e+00   1.0000000e+00
   3.7130008e+02   5.7052057e+02   1.0000000e+00   0.0000000e+00   1.0000000e+00
   3.6622458e+02   4.9190445e+02   1.0000000e+00   0.0000000e+00   1.0000000e+00
   6.6808197e+01   1.6936937e+02   1.0000000e+00   0.0000000e+00   1.0000000e+00
   2.6059378e+02   4.9538258e+01   1.0000000e+00   0.0000000e+00   1.0000000e+00
   1.9587511e+02   3.0314206e+02   1.0000000e+00   0.0000000e+00   1.0000000e+00
   3.6143198e+02   2.1447339e+02   1.0000000e+00   0.0000000e+00   1.0000000e+00
   4.8053354e+02   5.0373684e+01   1.0000000e+00   0.0000000e+00   1.0000000e+00
   4.0080249e+02   4.6774304e+02   1.0000000e+00   0.0000000e+00   1.0000000e+00
   5.3340338e+02   6.1483482e+01   1.0000000e+00   0.0000000e+00   1.0000000e+00
   3.4908658e+02   4.2821693e+01   1.0000000e+00   0.0000000e+00   1.0000000e+00
   1.8525003e+02   1.6919337e+02   1.0000000e+00   0.0000000e+00   1.0000000e+00
   3.7121368e+02   5.7027179e+02   1.0000000e+00   0.0000000e+00   1.0000000e+00
   3.3376898e+02   2.0408768e+02   1.0000000e+00   0.0000000e+00   1.0000000e+00
   5.4009171e+01   4.1784092e+01   1.0000000e+00   0.0000000e+00   1.0000000e+00
   3.7221088e+02   1.3340414e+02   1.0000000e+00   0.0000000e+00   1.0000000e+00
   2.2220973e+02   2.3964134e+02   1.0000000e+00   0.0000000e+00   1.0000000e+00
   3.5613287e+02   5.2356000e+02   1.0000000e+00   0.0000000e+00   1.0000000e+00
   4.8875305e+02   4.4750925e+02   1.0000000e+00   0.0000000e+00   1.0000000e+00
   2.9012808e+02   3.3122723e+02   1.0000000e+00   0.0000000e+00   1.0000000e+00
   2.7963724e+02   3.2873679e+02   1.0000000e+00   0.0000000e+00   1.0000000e+00
   9.5678612e+01   2.9973669e+02   1.0000000e+00   0.0000000e+00   1.0000000e+00
   9.4920441e+01   2.9956671e+02   1.0000000e+00   0.0000000e+00   1.0000000e+00
   3.7656064e+02   2.1778624e+02   1.0000000e+00   0.0000000e+00   1.0000000e+00
   7.1232933e+01   3.1121357e+01   1.0000000e+00   0.0000000e+00   1.0000000e+00
   4.1756149e+02   3.0632550e+02   1.0000000e+00   0.0000000e+00   1.0000000e+00
   1.6796045e+02   1.9016705e+02   1.0000000e+00   0.0000000e+00   1.0000000e+00
   6.9589165e+01   3.0508380e+02   1.0000000e+00   0.0000000e+00   1.0000000e+00
   5.0615045e+02   5.6441784e+01   1.0000000e+00   0.0000000e+00   1.0000000e+00
   2.1873997e+02   2.8003464e+02   1.0000000e+00   0.0000000e+00   1.0000000e+00
   3.7583643e+02   4.8303589e+02   1.0000000e+00   0.0000000e+00   1.0000000e+00
   2.4009338e+02   4.9426474e+02   1.0000000e+00   0.0000000e+00   1.0000000e+00
   4.9171765e+02   2.4092182e+01   1.0000000e+00   0.0000000e+00   1.0000000e+00
   4.9335254e+02   1.9385637e+02   1.0000000e+00   0.0000000e+00   1.0000000e+00
   4.9962790e+02   4.9436102e+02   1.0000000e+00   0.0000000e+00   1.0000000e+00
   4.7830710e+02   1.9288155e+02   1.0000000e+00   0.0000000e+00   1.0000000e+00
   1.0716528e+02   1.5051476e+02   1.0000000e+00   0.0000000e+00   1.0000000e+00
   3.2192221e+02   2.8067023e+02   1.0000000e+00   0.0000000e+00   1.0000000e+00
   7.0959442e+01   2.9652710e+01   1.0000000e+00   0.0000000e+00   1.0000000e+00
   1.1243739e+02   1.5209814e+02   1.0000000e+00   0.0000000e+00   1.0000000e+00
   4.5010870e+02   1.8652196e+02   1.0000000e+00   0.0000000e+00   1.0000000e+00
   8.6241112e+01   1.5907208e+02   1.0000000e+00   0.0000000e+00   1.0000000e+00
   4.0321814e+02   4.5664468e+02   1.0000000e+00   0.0000000e+00   1.0000000e+00
   2.2624649e+02   2.8209360e+02   1.0000000e+00   0.0000000e+00   1.0000000e+00
   2.7581000e+02   1.5341559e+01   1.0000000e+00   0.0000000e+00   1.0000000e+00
   5.8883648e+01   1.2657992e+02   1.0000000e+00   0.0000000e+00   1.0000000e+00
   7.3744400e+01   1.5616129e+02   1.0000000e+00   0.0000000e+00   1.0000000e+00
   2.9290674e+02   1.3485088e+02   1.0000000e+00   0.0000000e+00   1.0000000e+00
   4.3679514e+02   3.0275613e+02   1.0000000e+00   0.0000000e+00   1.0000000e+00
   4.5050983e+02   5.1922878e+01   1.0000000e+00   0.0000000e+00   1.0000000e+00
   3.3981073e+02   4.1418415e+01   1.0000000e+00   0.0000000e+00   1.0000000e+00
   2.9268466e+02   1.3435107e+02   1.0000000e+00   0.0000000e+00   1.0000000e+00
   3.1937558e+02   2.0171283e+02   1.0000000e+00   0.0000000e+00   1.0000000e+00
   4.6716025e+02   1.8976352e+02   1.0000000e+00   0.0000000e+00   1.0000000e+00
   2.4000661e+02   4.9281128e+01   1.0000000e+00   0.0000000e+00   1.0000000e+00
   1.5548479e+02   4.4396652e+02   1.0000000e+00   0.0000000e+00   1.0000000e+00
   4.0707715e+02   7.4693230e+01   1.0000000e+00   0.0000000e+00   1.0000000e+00
   3.7495291e+02   3.9893921e+02   1.0000000e+00   0.0000000e+00   1.0000000e+00
   4.8272504e+02   2.1573349e+01   1.0000000e+00   0.0000000e+00   1.0000000e+00
   4.7231479e+02   3.6567627e+01   1.0000000e+00   0.0000000e+00   1.0000000e+00
   4.8208142e+02   2.0388353e+01   1.0000000e+00   0.0000000e+00   1.0000000e+00
   3.5969247e+02   5.6715387e+02   1.0000000e+00   0.0000000e+00   1.0000000e+00
   5.7960760e+02   1.5348878e+02   1.0000000e+00   0.0000000e+00   1.0000000e+00
   2.3127200e+02   2.0349010e+02   1.0000000e+00   0.0000000e+00   1.0000000e+00
   2.3170624e+02   4.9399597e+02   1.0000000e+00   0.0000000e+00   1.0000000e+00
   4.6523056e+02   4.8008627e+02   1.0000000e+00   0.0000000e+00   1.0000000e+00
   1.7707118e+02   4.4745224e+02   1.0000000e+00   0.0000000e+00   1.0000000e+00
   5.6785431e+02   1.5698866e+02   1.0000000e+00   0.0000000e+00   1.0000000e+00
   4.0426648e+02   2.9314001e+02   1.0000000e+00   0.0000000e+00   1.0000000e+00
   3.4646875e+02   5.1830286e+02   1.0000000e+00   0.0000000e+00   1.0000000e+00
   2.5027577e+02   1.5956839e+02   1.0000000e+00   0.0000000e+00   1.0000000e+00
   3.5790356e+02   2.8019531e+02   1.0000000e+00   0.0000000e+00   1.0000000e+00
   2.5408572e+02   1.4342992e+02   1.0000000e+00   0.0000000e+00   1.0000000e+00
   3.9582581e+02   6.6734810e+01   1.0000000e+00   0.0000000e+00   1.0000000e+00
   5.0567072e+02   1.8019809e+02   1.0000000e+00   0.0000000e+00   1.0000000e+00
   3.6784573e+02   5.0550327e+02   1.0000000e+00   0.0000000e+00   1.0000000e+00
   9.2582794e+01   1.4838704e+02   1.0000000e+00   0.0000000e+00   1.0000000e+00
   2.2336072e+02   3.7432259e+01   1.0000000e+00   0.0000000e+00   1.0000000e+00
   3.8386966e+02   1.5288530e+02   1.0000000e+00   0.0000000e+00   1.0000000e+00
   1.9233229e+02   3.2048965e+02   1.0000000e+00   0.0000000e+00   1.0000000e+00
   6.2842827e+01   3.3696182e+01   1.0000000e+00   0.0000000e+00   1.0000000e+00
   2.7320700e+02   2.7057269e+02   1.0000000e+00   0.0000000e+00   1.0000000e+00
   3.5940704e+02   2.8082077e+02   1.0000000e+00   0.0000000e+00   1.0000000e+00
   4.6215778e+02   1.8661147e+02   1.0000000e+00   0.0000000e+00   1.0000000e+00
   3.0419792e+01   1.4394598e+02   1.0000000e+00   0.0000000e+00   1.0000000e+00
   4.9423294e+02   2.2466750e+02   1.0000000e+00   0.0000000e+00   1.0000000e+00
   2.2494849e+02   3.9416196e+02   1.0000000e+00   0.0000000e+00   1.0000000e+00
   2.5548045e+02   1.6931975e+02   1.0000000e+00   0.0000000e+00   1.0000000e+00
   3.8584030e+02   4.0116138e+02   1.0000000e+00   0.0000000e+00   1.0000000e+00
   3.7579178e+02   4.6979678e+02   1.0000000e+00   0.0000000e+00   1.0000000e+00
   4.8144189e+02   4.7241229e+02   1.0000000e+00   0.0000000e+00   1.0000000e+00
   5.6638171e+02   1.1929137e+02   1.0000000e+00   0.0000000e+00   1.0000000e+00
   5.3887665e+02   1.3044836e+02   1.0000000e+00   0.0000000e+00   1.0000000e+00
   4.1602734e+02   2.0004861e+02   1.0000000e+00   0.0000000e+00   1.0000000e+00
   8.0776085e+01   3.2045265e+01   1.0000000e+00   0.0000000e+00   1.0000000e+00
   3.4592032e+02   5.1772711e+02   1.0000000e+00   0.0000000e+00   1.0000000e+00
   5.2634888e+02   1.3664067e+02   1.0000000e+00   0.0000000e+00   1.0000000e+00
   2.5814859e+02   2.5376353e+02   1.0000000e+00   0.0000000e+00   1.0000000e+00
   4.6385846e+02   1.9595407e+02   1.0000000e+00   0.0000000e+00   1.0000000e+00
   4.9379099e+02   3.1397171e+02   1.0000000e+00   0.0000000e+00   1.0000000e+00
   3.8893542e+02   4.5434933e+02   1.0000000e+00   0.0000000e+00   1.0000000e+00
   2.1332799e+02   1.5742836e+02   1.0000000e+00   0.0000000e+00   1.0000000e+00
   3.3964120e+02   4.8501205e+02   1.0000000e+00   0.0000000e+00   1.0000000e+00
   4.7719913e+02   4.4534317e+02   1.0000000e+00   0.0000000e+00   1.0000000e+00
   8.2082893e+01   2.9693546e+02   1.0000000e+00   0.0000000e+00   1.0000000e+00
   5.4154651e+02   1.5966193e+02   1.0000000e+00   0.0000000e+00   1.0000000e+00
   2.2906631e+02   2.2793019e+02   1.0000000e+00   0.0000000e+00   1.0000000e+00
   1.8721827e+01   1.9312038e+02   1.0000000e+00   0.0000000e+00   1.0000000e+00
   4.0628036e+02   5.8569263e+02   1.0000000e+00   0.0000000e+00   1.0000000e+00
   4.5462015e+02   2.1320238e+02   1.0000000e+00   0.0000000e+00   1.0000000e+00
   2.2780096e+02   3.0783932e+02   1.0000000e+00   0.0000000e+00   1.0000000e+00
   3.8911963e+02   3.9994208e+02   1.0000000e+00   0.0000000e+00   1.0000000e+00
   1.1859924e+02   1.5969672e+02   1.0000000e+00   0.0000000e+00   1.0000000e+00
   5.5398993e+02   1.4130910e+02   1.0000000e+00   0.0000000e+00   1.0000000e+00
   5.5571954e+02   1.5760365e+02   1.0000000e+00   0.0000000e+00   1.0000000e+00
   3.9194098e+02   4.0027075e+02   1.0000000e+00   0.0000000e+00   1.0000000e+00
   3.4959296e+02   4.0622244e+02   1.0000000e+00   0.0000000e+00   1.0000000e+00
   8.2598083e+01   2.2984630e+02   1.0000000e+00   0.0000000e+00   1.0000000e+00
   3.8408112e+02   5.6012024e+02   1.0000000e+00   0.0000000e+00   1.0000000e+00
   3.9873105e+02   2.9220572e+02   1.0000000e+00   0.0000000e+00   1.0000000e+00
   2.6356995e+02   1.8531216e+01   1.0000000e+00   0.0000000e+00   1.0000000e+00
   3.9466132e+02   2.9646082e+02   1.0000000e+00   0.0000000e+00   1.0000000e+00
   2.3718349e+02   5.0570251e+02   1.0000000e+00   0.0000000e+00   1.0000000e+00
   4.4944580e+02   3.7069153e+01   1.0000000e+00   0.0000000e+00   1.0000000e+00
   1.7557590e+02   2.2874458e+02   1.0000000e+00   0.0000000e+00   1.0000000e+00
   4.1724036e+02   1.1179189e+02   1.0000000e+00   0.0000000e+00   1.0000000e+00
   1.8828239e+02   2.9877060e+02   1.0000000e+00   0.0000000e+00   1.0000000e+00
   1.8039371e+02   5.3639337e+02   1.0000000e+00   0.0000000e+00   1.0000000e+00
   1.1245621e+02   1.6421375e+02   1.0000000e+00   0.0000000e+00   1.0000000e+00
   1.5498521e+02   1.7537427e+02   1.0000000e+00   0.0000000e+00   1.0000000e+00
   1.6767009e+02   4.0888525e+02   1.0000000e+00   0.0000000e+00   1.0000000e+00
   1.2643982e+02   5.1278027e+02   1.0000000e+00   0.0000000e+00   1.0000000e+00
   1.1164639e+02   5.7644031e+02   1.0000000e+00   0.0000000e+00   1.0000000e+00
   4.2199487e+02   6.8013123e+01   1.0000000e+00   0.0000000e+00   1.0000000e+00
   4.2682135e+02   7.6531845e+01   1.0000000e+00   0.0000000e+00   1.0000000e+00
   3.7802188e+02   1.6424084e+02   1.0000000e+00   0.0000000e+00   1.0000000e+00
   5.3534406e+02   1.4705792e+02   1.0000000e+00   0.0000000e+00   1.0000000e+00
   5.0760663e+02   3.1728818e+02   1.0000000e+00   0.0000000e+00   1.0000000e+00
   2.1612552e+02   1.7528014e+02   1.0000000e+00   0.0000000e+00   1.0000000e+00
   2.1829536e+02   2.9909558e+02   1.0000000e+00   0.0000000e+00   1.0000000e+00
   1.7601227e+02   2.1668074e+02   1.0000000e+00   0.0000000e+00   1.0000000e+00
   5.3287506e+02   8.2128860e+01   1.0000000e+00   0.0000000e+00   1.0000000e+00
   2.1142824e+02   2.3974910e+02   1.0000000e+00   0.0000000e+00   1.0000000e+00
   1.5979739e+02   4.0507077e+02   1.0000000e+00   0.0000000e+00   1.0000000e+00
   4.7905597e+02   5.2701935e+02   1.0000000e+00   0.0000000e+00   1.0000000e+00
   4.3803485e+02   1.8596399e+02   1.0000000e+00   0.0000000e+00   1.0000000e+00
   2.6627097e+02   3.9188861e+02   1.0000000e+00   0.0000000e+00   1.0000000e+00
   2.2036731e+02   4.3874011e+02   1.0000000e+00   0.0000000e+00   1.0000000e+00
   4.7451178e+02   1.9569794e+02   1.0000000e+00   0.0000000e+00   1.0000000e+00
   3.7414709e+02   1.4774155e+02   1.0000000e+00   0.0000000e+00   1.0000000e+00
   1.1325806e+02   5.4679456e+02   1.0000000e+00   0.0000000e+00   1.0000000e+00
   3.8806030e+02   3.7736844e+02   1.0000000e+00   0.0000000e+00   1.0000000e+00
   4.4870230e+02   2.0630037e+02   1.0000000e+00   0.0000000e+00   1.0000000e+00
   5.4623633e+02   1.5022197e+02   1.0000000e+00   0.0000000e+00   1.0000000e+00
   4.5792880e+02   3.7810539e+01   1.0000000e+00   0.0000000e+00   1.0000000e+00
   3.3738251e+02   4.1983231e+02   1.0000000e+00   0.0000000e+00   1.0000000e+00
   4.8516898e+02   3.8967270e+01   1.0000000e+00   0.0000000e+00   1.0000000e+00
   1.6110350e+02   3.9485526e+02   1.0000000e+00   0.0000000e+00   1.0000000e+00
   2.2001999e+02   2.9567236e+02   1.0000000e+00   0.0000000e+00   1.0000000e+00
   1.7150264e+02   5.3171893e+02   1.0000000e+00   0.0000000e+00   1.0000000e+00
   2.0346524e+02   4.4114023e+02   1.0000000e+00   0.0000000e+00   1.0000000e+00
   5.1796185e+02   6.3299721e+01   1.0000000e+00   0.0000000e+00   1.0000000e+00
   4.8742874e+02   1.7744244e+02   1.0000000e+00   0.0000000e+00   1.0000000e+00
   1.9896576e+02   1.7423257e+02   1.0000000e+00   0.0000000e+00   1.0000000e+00
   5.4265588e+02   1.1808450e+02   1.0000000e+00   0.0000000e+00   1.0000000e+00
   2.1484358e+02   4.7928519e+02   1.0000000e+00   0.0000000e+00   1.0000000e+00
   2.0386685e+02   1.5557300e+02   1.0000000e+00   0.0000000e+00   1.0000000e+00
   5.1188223e+02   1.7234576e+02   1.0000000e+00   0.0000000e+00   1.0000000e+00
   4.7085147e+02   4.6919684e+02   1.0000000e+00   0.0000000e+00   1.0000000e+00
   2.1454980e+02   3.8872357e+02   1.0000000e+00   0.0000000e+00   1.0000000e+00
   3.8841788e+02   1.6815358e+02   1.0000000e+00   0.0000000e+00   1.0000000e+00
   5.6416699e+02   1.4140175e+02   1.0000000e+00   0.0000000e+00   1.0000000e+00
   4.5200977e+02   2.7729290e+01   1.0000000e+00   0.0000000e+00   1.0000000e+00
   4.7258701e+02   5.2662482e+02   1.0000000e+00   0.0000000e+00   1.0000000e+00
   2.5705820e+02   2.5877484e+02   1.0000000e+00   0.0000000e+00   1.0000000e+00
   2.3293610e+02   2.9058493e+02   1.0000000e+00   0.0000000e+00   1.0000000e+00
   4.8217191e+02   5.2775952e+02   1.0000000e+00   0.0000000e+00   1.0000000e+00
   4.1989847e+02   1.0879351e+02   1.0000000e+00   0.0000000e+00   1.0000000e+00
   3.4811331e+02   2.2288120e+02   1.0000000e+00   0.0000000e+00   1.0000000e+00
   2.6629443e+02   1.1640212e+01   1.0000000e+00   0.0000000e+00   1.0000000e+00
   1.9496565e+02   4.3822446e+02   1.0000000e+00   0.0000000e+00   1.0000000e+00
   5.3532544e+02   1.4825441e+02   1.0000000e+00   0.0000000e+00   1.0000000e+00
   2.1118079e+02   4.4020102e+02   1.0000000e+00   0.0000000e+00   1.0000000e+00
   4.9769611e+01   2.9445114e+02   1.0000000e+00   0.0000000e+00   1.0000000e+00
   6.4002571e+01   5.5504059e+02   1.0000000e+00   0.0000000e+00   1.0000000e+00
   1.2219756e+02   1.6832031e+02   1.0000000e+00   0.0000000e+00   1.0000000e+00
   4.0388757e+02   5.7324347e+02   1.0000000e+00   0.0000000e+00   1.0000000e+00
   1.3009506e+02   5.3812317e+02   1.0000000e+00   0.0000000e+00   1.0000000e+00
   1.1595576e+02   5.6899677e+02   1.0000000e+00   0.0000000e+00   1.0000000e+00
   5.5763141e+02   1.2879001e+02   1.0000000e+00   0.0000000e+00   1.0000000e+00
   2.6914798e+02   4.3564841e+02   1.0000000e+00   0.0000000e+00   1.0000000e+00
   3.3867203e+02   3.9522296e+02   1.0000000e+00   0.0000000e+00   1.0000000e+00
   5.9477207e+01   3.0365921e+02   1.0000000e+00   0.0000000e+00   1.0000000e+00
   1.5391406e+02   5.7048309e+02   1.0000000e+00   0.0000000e+00   1.0000000e+00
   4.2869250e+02   1.1019455e+02   1.0000000e+00   0.0000000e+00   1.0000000e+00
   1.9910175e+02   2.5220369e+02   1.0000000e+00   0.0000000e+00   1.0000000e+00
   1.2775968e+02   5.8205896e+02   1.0000000e+00   0.0000000e+00   1.0000000e+00
   5.8847052e+02   4.1920889e+02   1.0000000e+00   0.0000000e+00   1.0000000e+00
   1.7926288e+02   5.2121271e+02   1.0000000e+00   0.0000000e+00   1.0000000e+00
   3.0209818e+02   4.0065665e+02   1.0000000e+00   0.0000000e+00   1.0000000e+00
   3.9688196e+02   3.7163507e+02   1.0000000e+00   0.0000000e+00   1.0000000e+00
   3.9770459e+02   3.1577551e+02   1.0000000e+00   0.0000000e+00   1.0000000e+00
   2.1874275e+02   2.2660605e+02   1.0000000e+00   0.0000000e+00   1.0000000e+00
   4.0321875e+02   1.3555463e+02   1.0000000e+00   0.0000000e+00   1.0000000e+00
   1.6307071e+02   1.6665659e+02   1.0000000e+00   0.0000000e+00   1.0000000e+00
   3.6232370e+02   2.0127116e+02   1.0000000e+00   0.0000000e+00   1.0000000e+00
   1.1146351e+02   1.9161165e+02   1.0000000e+00   0.0000000e+00   1.0000000e+00
   3.9271141e+01   1.5841998e+02   1.0000000e+00   0.0000000e+00   1.0000000e+00
   5.0143323e+02   3.3111087e+02   1.0000000e+00   0.0000000e+00   1.0000000e+00
   3.1213531e+02   4.8517688e+02   1.0000000e+00   0.0000000e+00   1.0000000e+00
   1.9355792e+02   5.0986267e+02   1.0000000e+00   0.0000000e+00   1.0000000e+00
   5.3649030e+02   4.1588234e+01   1.0000000e+00   0.0000000e+00   1.0000000e+00
   9.0159760e+01   2.3149022e+02   1.0000000e+00   0.0000000e+00   1.0000000e+00
   2.2615771e+02   5.5648529e+01   1.0000000e+00   0.0000000e+00   1.0000000e+00
   1.5585760e+02   5.2875018e+02   1.0000000e+00   0.0000000e+00   1.0000000e+00
   2.3097221e+02   4.3957184e+02   1.0000000e+00   0.0000000e+00   1.0000000e+00
   4.8686713e+02   4.9824594e+02   1.0000000e+00   0.0000000e+00   1.0000000e+00
   2.9578696e+02   2.7565976e+02   1.0000000e+00   0.0000000e+00   1.0000000e+00
   4.0628021e+02   1.9946761e+02   1.0000000e+00   0.0000000e+00   1.0000000e+00
   3.8651288e+02   2.9207785e+02   1.0000000e+00   0.0000000e+00   1.0000000e+00
   4.4642593e+02   7.9178413e+01   1.0000000e+00   0.0000000e+00   1.0000000e+00
   3.8180930e+02   3.9473743e+02   1.0000000e+00   0.0000000e+00   1.0000000e+00
   1.7184063e+01   6.7951797e+01   1.0000000e+00   0.0000000e+00   1.0000000e+00
   2.1734888e+02   5.0335873e+02   1.0000000e+00   0.0000000e+00   1.0000000e+00
   2.5314078e+02   4.2827301e+02   1.0000000e+00   0.0000000e+00   1.0000000e+00
   1.9800801e+02   2.9109262e+02   1.0000000e+00   0.0000000e+00   1.0000000e+00
   1.2822195e+02   1.6793666e+02   1.0000000e+00   0.0000000e+00   1.0000000e+00
   2.0507805e+02   4.7778818e+02   1.0000000e+00   0.0000000e+00   1.0000000e+00
   3.8952948e+02   2.1614638e+02   1.0000000e+00   0.0000000e+00   1.0000000e+00
   1.5129805e+02   3.9954221e+02   1.0000000e+00   0.0000000e+00   1.0000000e+00
   1.8992616e+02   2.5120375e+02   1.0000000e+00   0.0000000e+00   1.0000000e+00
   3.7675848e+02   4.2009598e+02   1.0000000e+00   0.0000000e+00   1.0000000e+00
   3.6615314e+02   3.9706512e+02   1.0000000e+00   0.0000000e+00   1.0000000e+00
   4.3811270e+02   1.3999426e+02   1.0000000e+00   0.0000000e+00   1.0000000e+00
   5.1149472e+02   1.6955765e+02   1.0000000e+00   0.0000000e+00   1.0000000e+00
   2.5914709e+02   1.1715169e+02   1.0000000e+00   0.0000000e+00   1.0000000e+00
   2.2985278e+02   4.2321600e+02   1.0000000e+00   0.0000000e+00   1.0000000e+00
   1.8768364e+02   2.8926849e+02   1.0000000e+00   0.0000000e+00   1.0000000e+00
   1.9482777e+02   5.0049902e+02   1.0000000e+00   0.0000000e+00   1.0000000e+00
   5.4223438e+02   8.3703850e+01   1.0000000e+00   0.0000000e+00   1.0000000e+00
   4.9927264e+02   4.6231702e+02   1.0000000e+00   0.0000000e+00   1.0000000e+00
   4.3776187e+02   4.6186127e+02   1.0000000e+00   0.0000000e+00   1.0000000e+00
   4.9009485e+02   3.8401775e+01   1.0000000e+00   0.0000000e+00   1.0000000e+00
   2.8388165e+02   2.6250113e+02   1.0000000e+00   0.0000000e+00   1.0000000e+00
   3.8729861e+02   2.1643851e+02   1.0000000e+00   0.0000000e+00   1.0000000e+00
   4.3568555e+02   1.3939230e+02   1.0000000e+00   0.0000000e+00   1.0000000e+00
   4.8467419e+02   2.2147600e+02   1.0000000e+00   0.0000000e+00   1.0000000e+00
   4.1995911e+02   8.6375648e+01   1.0000000e+00   0.0000000e+00   1.0000000e+00
   3.8117310e+02   3.9659641e+02   1.0000000e+00   0.0000000e+00   1.0000000e+00
   2.9215097e+02   4.1334244e+02   1.0000000e+00   0.0000000e+00   1.0000000e+00
   2.6464072e+02   4.2771683e+02   1.0000000e+00   0.0000000e+00   1.0000000e+00
   2.8660983e+02   1.5971898e+02   1.0000000e+00   0.0000000e+00   1.0000000e+00
   2.6538635e+02   2.6431097e+02   1.0000000e+00   0.0000000e+00   1.0000000e+00
   1.8304680e+02   4.2893759e+02   1.0000000e+00   0.0000000e+00   1.0000000e+00
   4.0066565e+02   1.5875955e+02   1.0000000e+00   0.0000000e+00   1.0000000e+00
   1.1249117e+02   4.6027460e+02   1.0000000e+00   0.0000000e+00   1.0000000e+00
   4.6784500e+02   4.5595828e+02   1.0000000e+00   0.0000000e+00   1.0000000e+00
