 580.36035  28.856632 
 628.09161  29.387093 
 528.89685  30.499123 
 651.46625  33.299442 
 519.16724  35.364796 
 686.63965  34.849052 
 552.77716  35.91954 
 655.41943  36.570793 
 647.04388  37.746773 
 543.52966  39.100574 
 623.60162  39.284584 
 685.06104  41.449352 
 618.26007  43.095993 
 631.84418  43.010525 
 163.05447  44.122349 
 623.7854  45.406986 
 636.87201  44.995258 
 533.02722  46.353325 
 538.63531  47.805916 
 632.29785  49.402714 
 641.20953  48.554588 
 541.61096  53.510639 
 113.80269  55.870609 
 96.228333  57.408939 
 108.18785  58.98811 
 517.70203  59.932407 
 101.08571  60.689743 
 113.95613  61.009575 
 120.31796  60.77792 
 79.617615  62.519047 
 92.82045  62.163326 
 84.681442  63.210995 
 529.9082  64.299004 
 102.38078  67.922531 
 118.72625  68.457253 
 584.51367  68.423836 
 82.822441  70.347054 
 90.63884  71.20034 
 125.85991  70.498497 
 522.30627  70.526253 
 69.310165  72.033295 
 75.444412  71.977631 
 135.94173  72.443611 
 130.68236  73.683975 
 530.80396  77.579536 
 79.053673  81.598083 
 134.76315  79.679695 
 58.809914  80.775162 
 119.19991  80.636917 
 139.82556  81.229301 
 69.297356  81.370285 
 532.59967  82.26841 
 562.30634  84.890564 
 104.17206  84.793007 
 540.14862  84.618942 
 560.48993  85.328217 
 71.957008  85.644958 
 136.41225  87.908325 
 571.17322  88.279381 
 82.834061  90.493484 
 91.496437  89.074364 
 76.477814  90.97187 
 539.3916  91.890671 
 97.841179  91.762566 
 107.943  91.572197 
 68.249367  93.124115 
 118.87068  91.580719 
 144.29828  91.613953 
 102.81944  93.970169 
 125.30028  94.75882 
 546.05304  95.457718 
 80.938217  97.241493 
 692.29468  95.908508 
 86.985603  97.02932 
 110.27561  96.944153 
 92.242287  99.000137 
 138.27667  99.697266 
 124.12035  100.73762 
 146.75044  101.03793 
 61.889923  103.36197 
 99.997459  102.41262 
 84.087967  103.8503 
 90.595627  105.02829 
 71.401787  107.39869 
 136.31665  105.59613 
 83.683533  109.0126 
 124.06647  109.42697 
 105.67023  109.25047 
 117.60544  110.79176 
 111.51722  112.02685 
 140.30801  113.37817 
 72.961189  111.22764 
 99.730515  112.72354 
 131.55573  111.90895 
 36.830803  114.98643 
 90.373512  114.61293 
 116.06987  117.21697 
 96.320808  118.08938 
 109.02588  117.9504 
 73.971931  120.38367 
 128.67505  120.34993 
 120.96003  121.52748 
 830.58624  121.61864 
 103.50451  125.54708 
 87.478416  123.65074 
 73.634811  126.03656 
 103.42614  126.83975 
 667.01752  129.25873 
 86.471886  130.32004 
 106.00986  131.88831 
 57.032936  147.5966 
 286.32611  150.03041 
 291.43195  151.95433 
 475.36166  152.42859 
 138.08609  154.57536 
 586.70197  159.74426 
 593.72174  162.92601 
 579.77795  164.55109 
 599.14203  166.7404 
 468.40851  178.14279 
 465.0593  202.1886 
 454.75839  203.66685 
 641.23669  207.2823 
 457.29758  208.01463 
 452.72528  210.02393 
 650.45331  210.8942 
 435.92633  212.97963 
 460.14868  212.68372 
 589.82574  213.37592 
 428.97208  217.98433 
 582.78717  219.38725 
 434.8942  219.94949 
 455.90616  219.39061 
 418.4137  222.22144 
 591.59534  223.88606 
 440.07013  224.1129 
 426.33569  224.37506 
 453.3833  227.12691 
 431.98416  227.5473 
 562.71539  226.47707 
 599.17572  228.34747 
 400.5199  229.00606 
 476.797  228.57237 
 448.29523  230.07259 
 464.70261  229.47404 
 574.50848  230.13408 
 569.22937  232.31616 
 582.85107  231.21919 
 607.698  235.2043 
 655.36694  235.69197 
 423.25732  235.98145 
 450.53619  236.63103 
 391.60995  238.15897 
 408.44186  238.1651 
 660.80505  237.85147 
 437.12616  239.30455 
 515.32184  239.11284 
 374.8772  239.33417 
 413.03516  241.05049 
 467.8703  241.43372 
 797.29126  241.7197 
 422.18839  243.08591 
 405.51059  243.53178 
 444.28229  243.87198 
 512.67102  243.97221 
 376.84445  248.29044 
 426.09213  245.804 
 409.20822  247.34361 
 451.37305  247.67188 
 517.8949  246.6657 
 417.8035  248.66832 
 464.82758  249.87213 
 505.27191  250.02829 
 399.341  250.73918 
 540.58673  251.14619 
 441.10526  254.08954 
 468.86496  252.43365 
 426.04483  253.84729 
 474.7124  253.68805 
 404.71445  256.0799 
 418.07858  255.00912 
 503.655  255.15065 
 544.46399  254.89569 
 435.3927  255.93559 
 464.08606  256.02432 
 756.31921  256.84241 
 430.28696  258.0163 
 447.88287  256.93723 
 458.931  258.62048 
 510.37326  259.03958 
 525.64624  260.03058 
 559.52344  259.8118 
 377.70624  260.61441 
 356.35287  260.88113 
 397.0365  262.09772 
 553.34686  262.16599 
 384.79205  262.1608 
 416.59781  262.60986 
 508.12015  264.19394 
 457.16873  266.47058 
 390.29938  266.68716 
 405.70404  265.88617 
 513.8197  267.02698 
 439.21411  267.4556 
 382.54019  268.98819 
 393.75073  270.07642 
 413.19373  270.15762 
 428.37982  270.55649 
 462.45963  270.26987 
 519.17175  270.50317 
 389.27838  271.8848 
 398.65442  272.91873 
 421.67981  272.94705 
 524.88812  273.0788 
 346.73584  274.23364 
 432.84549  273.39008 
 395.28723  275.28168 
 406.87067  275.47278 
 509.83725  275.25607 
 335.17206  276.65097 
 375.73654  274.74146 
 426.45569  275.55234 
 382.52734  277.15683 
 410.64923  277.7901 
 516.84058  277.50928 
 330.70557  279.57162 
 418.11383  279.73996 
 346.78525  282.29062 
 362.99786  281.93417 
 376.75635  282.46307 
 409.88776  281.78326 
 425.08716  282.33212 
 525.2771  282.00256 
 392.39374  283.30478 
 368.8215  283.97345 
 385.80856  283.56729 
 414.95459  284.29211 
 532.39496  284.92737 
 333.01801  286.4986 
 404.98831  286.93066 
 359.98557  288.3465 
 518.97858  288.48288 
 339.69897  290.07602 
 399.34109  288.61981 
 367.14926  290.08951 
 382.30853  289.95969 
 416.59869  290.14908 
 529.80585  291.34482 
 356.34399  291.04379 
 534.42194  293.34656 
 388.24603  293.47705 
 362.2417  294.61157 
 400.79037  294.9769 
 516.98871  294.94635 
 521.91803  296.71982 
 367.67078  298.17377 
 461.0647  298.10165 
 542.0462  297.63327 
 333.31018  298.79102 
 340.7348  300.41907 
 391.00574  299.56854 
 427.3573  299.44269 
 455.88022  300.04807 
 468.95764  300.03958 
 360.65411  301.51849 
 433.26123  302.21332 
 315.62595  302.168 
 520.61835  304.18805 
 534.43237  300.94827 
 566.94653  303.48541 
 527.87238  304.45993 
 394.85526  304.94235 
 461.02911  306.51514 
 539.40784  305.50302 
 322.14453  306.09558 
 476.51068  306.93246 
 484.19272  306.47092 
 334.26837  306.65442 
 470.05673  308.93707 
 337.91751  309.93893 
 349.81494  309.85886 
 398.92224  309.56982 
 566.74951  308.74258 
 342.55896  311.37189 
 368.25052  309.60925 
 390.25076  311.40015 
 525.06982  310.76819 
 530.71863  310.0307 
 303.16937  311.48969 
 316.57574  312.25394 
 323.9906  311.71924 
 383.67325  312.50052 
 356.54831  312.9238 
 328.06564  314.51855 
 361.77628  314.74777 
 372.99771  315.302 
 319.82974  316.3526 
 382.0701  315.6821 
 532.83661  316.0144 
 468.44324  315.91663 
 434.73837  317.87213 
 448.05524  318.22308 
 538.25488  318.04407 
 546.48291  319.12866 
 325.52756  320.49878 
 484.70636  319.94733 
 519.48407  320.29514 
 306.57578  320.89911 
 439.29666  321.26791 
 526.87482  321.96152 
 355.836  323.60373 
 430.55035  323.39627 
 559.38818  322.54391 
 363.42679  325.96677 
 586.45807  324.22232 
 374.55045  326.27335 
 383.39087  327.05771 
 420.30072  327.25473 
 531.00171  327.34073 
 591.24377  326.61475 
 541.05231  328.20511 
 356.82962  328.99164 
 446.09061  327.43591 
 308.05035  330.81439 
 417.91119  331.0437 
 463.78174  330.72391 
 519.70203  330.21588 
 362.19653  332.05652 
 397.86472  331.94513 
 492.81366  331.99591 
 603.80005  332.45258 
 450.89539  334.03061 
 356.42529  335.27502 
 372.29794  333.91391 
 392.25125  337.06467 
 422.63211  335.25958 
 497.26193  335.52695 
 411.53598  337.76035 
 533.87671  339.22726 
 502.33722  339.78775 
 603.21204  339.99811 
 370.73029  340.89575 
 555.09998  340.54404 
 358.80399  342.1557 
 523.99841  342.24786 
 608.10699  344.26459 
 394.04553  343.26187 
 414.71255  343.19666 
 518.3175  342.59003 
 542.09863  342.9776 
 446.21927  344.19794 
 561.92249  344.23682 
 314.99301  346.41309 
 376.64984  346.33115 
 388.56009  346.22388 
 549.91241  346.29871 
 365.34808  346.83752 
 591.23669  347.36884 
 576.24133  347.57678 
 521.71259  349.17703 
 410.10522  350.49283 
 456.18604  349.89731 
 571.10675  349.19656 
 604.36005  348.82858 
 92.183357  350.92081 
 371.57248  350.81985 
 461.96741  350.70398 
 527.59418  351.65051 
 594.82587  351.18018 
 468.49564  353.22699 
 416.77899  354.5741 
 553.21613  353.98529 
 575.61597  355.37967 
 357.07108  354.72916 
 378.00507  354.65424 
 565.33948  354.54138 
 689.91022  354.63821 
 316.13742  356.91324 
 362.22861  355.56357 
 455.94861  356.15118 
 384.035  356.98746 
 472.07556  357.24081 
 591.32129  356.91138 
 368.97836  358.80212 
 462.74194  357.87317 
 409.10495  358.53644 
 534.83667  357.16217 
 568.31982  359.21866 
 470.04947  359.93842 
 364.50488  361.21808 
 377.86417  361.98233 
 573.37482  360.73825 
 413.16302  361.73532 
 541.42798  361.76245 
 452.96939  362.80853 
 588.43317  362.67474 
 195.39879  364.05383 
 324.76254  363.89664 
 356.92651  363.88409 
 507.271  364.21445 
 565.77686  364.36978 
 333.22675  365.07901 
 387.75659  365.42166 
 558.88312  366.20483 
 593.18726  366.09808 
 199.69284  366.18951 
 525.02399  365.53268 
 569.68506  366.46658 
 459.34741  365.72134 
 496.31305  367.14685 
 512.1651  365.5788 
 375.40891  369.12857 
 381.07281  368.86859 
 465.55884  369.03726 
 517.95911  369.19153 
 590.22729  368.3255 
 312.83682  369.26511 
 410.22775  369.65628 
 417.96545  370.65546 
 581.7561  370.19354 
 328.84286  371.67914 
 548.68005  371.38205 
 472.22989  372.45868 
 523.23834  372.19223 
 559.87531  372.26651 
 567.11273  372.06357 
 326.74512  372.89081 
 505.08081  372.55133 
 456.83783  373.8667 
 378.26282  375.08264 
 482.28665  375.03043 
 498.68277  375.1741 
 527.46942  374.8212 
 385.44873  375.63852 
 467.12778  376.22406 
 488.27106  374.10059 
 317.00864  376.74911 
 412.0752  376.63464 
 522.32715  376.5177 
 554.53882  377.05096 
 576.09155  376.50864 
 443.93918  378.96597 
 567.80914  379.40805 
 183.06136  379.84595 
 481.34927  380.25531 
 495.15155  380.46121 
 320.65219  380.64081 
 187.22726  381.94376 
 406.99789  383.67087 
 489.4805  381.59671 
 500.24081  381.66702 
 405.78406  386.14465 
 411.75333  386.55246 
 551.93036  386.3064 
 382.14297  386.92911 
 489.55627  386.81522 
 494.05988  386.62323 
 517.80853  387.08606 
 567.5188  386.78082 
 411.21838  389.96167 
 507.70688  387.60834 
 523.86786  391.07199 
 466.53055  389.98837 
 582.34784  388.85141 
 498.67404  390.68268 
 560.77417  391.23444 
 313.61627  391.98904 
 396.67911  392.0918 
 517.49518  392.1521 
 381.9415  395.0488 
 321.00043  395.98843 
 397.08371  397.67166 
 404.11505  398.3949 
 578.49603  398.00415 
 421.76129  398.86035 
 497.91229  399.71594 
 426.84833  400.82324 
 484.50119  400.55176 
 313.86029  402.35312 
 473.84799  401.92444 
 489.88449  402.45413 
 573.85553  401.80914 
 318.9325  403.13266 
 386.32428  402.75919 
 506.81757  403.25607 
 461.46194  404.10089 
 394.38953  406.40564 
 420.38568  405.02606 
 436.02151  403.91479 
 478.86588  404.59958 
 525.26306  404.22836 
 452.8385  405.46799 
 513.93365  406.20496 
 325.8873  406.84628 
 443.73373  407.67221 
 468.97101  407.3902 
 317.62668  409.077 
 406.70139  409.60818 
 519.17505  409.02017 
 330.2485  410.28131 
 321.88757  410.89456 
 370.51852  409.68381 
 475.82339  411.22159 
 583.47351  411.52045 
 606.53625  410.24289 
 423.36499  412.26764 
 487.16614  412.12888 
 346.03598  413.62521 
 417.85526  412.84943 
 429.13565  412.99719 
 376.7771  413.39655 
 423.26099  415.52567 
 443.5296  416.9165 
 474.91675  413.82077 
 492.9967  415.24451 
 516.89673  417.42062 
 328.14719  417.17743 
 593.27118  415.31448 
 463.63135  416.99698 
 315.95218  417.76321 
 366.78555  417.87604 
 418.89761  417.94598 
 482.82065  418.89038 
 382.24673  418.728 
 428.07794  418.83804 
 452.45837  419.39355 
 321.33789  419.61075 
 469.61563  420.00177 
 433.87619  420.55994 
 523.97443  420.99954 
 602.88013  419.63989 
 412.04788  421.87268 
 480.04132  421.7861 
 529.10693  421.62933 
 612.19702  421.30887 
 443.61746  421.77026 
 630.0816  422.94534 
 367.71313  424.35394 
 512.32483  423.1972 
 588.68359  424.37 
 636.64777  424.49863 
 320.07837  424.91864 
 408.65994  424.76849 
 473.41806  424.83405 
 489.64182  423.69458 
 519.40869  424.91806 
 374.94254  427.94775 
 452.32224  426.27362 
 415.46201  428.1217 
 538.91583  426.82175 
 582.77991  427.53781 
 495.33261  428.44034 
 505.47302  427.83118 
 604.67566  427.86829 
 433.37531  428.96222 
 610.03528  429.44891 
 631.32172  429.39957 
 446.33356  431.40677 
 521.90179  430.48807 
 637.45258  428.38132 
 318.44586  431.29712 
 398.27527  431.0423 
 424.91736  431.94949 
 485.01074  430.98233 
 408.00354  432.3335 
 543.16571  432.41919 
 645.58813  431.08624 
 423.83768  432.91672 
 596.89276  433.26767 
 472.1676  433.71124 
 431.21921  436.52048 
 630.49591  436.39127 
 386.89307  438.25836 
 465.38123  437.37616 
 494.44232  437.19257 
 554.46692  437.48734 
 608.08759  437.77341 
 640.91113  437.79321 
 651.17657  438.18665 
 503.05359  438.63666 
 614.24158  439.22653 
 634.78821  439.59988 
 713.55371  439.53598 
 481.98978  440.05496 
 569.62183  440.38773 
 621.10065  440.59836 
 447.18158  441.77521 
 543.38843  442.08624 
 719.3974  442.48129 
 460.86243  444.48749 
 517.12524  442.40213 
 454.60889  444.42731 
 646.79565  444.12354 
 161.79095  445.09357 
 364.0032  443.84729 
 504.52194  444.86755 
 637.6886  446.29175 
 346.80771  445.97363 
 476.13571  446.09937 
 497.97986  446.27423 
 596.07739  445.53494 
 622.88123  445.70917 
 533.0907  447.00174 
 538.89136  447.40027 
 564.08014  446.64941 
 650.61932  447.77774 
 354.38016  449.15543 
 419.76202  447.85794 
 445.67294  447.4451 
 512.77515  447.57614 
 628.19537  447.88248 
 324.75729  446.54163 
 603.23779  447.98788 
 429.69363  449.54239 
 457.03958  449.90036 
 647.36517  449.62152 
 361.04199  451.05487 
 424.23877  450.75351 
 482.82321  450.72995 
 381.70639  450.05402 
 477.03854  451.67236 
 542.21344  451.56122 
 461.33191  452.87997 
 490.12155  454.02402 
 559.93048  454.85776 
 413.31726  453.99963 
 470.75406  454.41324 
 507.42072  453.89154 
 595.97858  454.37521 
 626.53687  454.3667 
 347.14511  455.26917 
 531.32373  454.70511 
 588.30988  454.84427 
 633.21075  455.79959 
 442.08072  457.44226 
 551.22089  456.58673 
 571.49091  456.88898 
 603.22424  457.51276 
 416.93759  457.8623 
 611.06201  459.06268 
 81.320862  458.98871 
 322.92828  459.26871 
 447.30682  458.61105 
 475.72064  459.00125 
 590.88361  461.08185 
 466.59067  459.78217 
 86.408669  461.45901 
 435.17801  460.39642 
 451.90079  461.09995 
 470.87512  462.46332 
 442.21432  462.97263 
 457.21164  462.9989 
 337.96158  461.74435 
 418.86432  464.17081 
 487.76587  464.78018 
 593.20776  464.72675 
 598.38336  465.12253 
 462.62567  465.89478 
 397.04742  467.42651 
 492.63303  468.23495 
 520.86047  467.50833 
 612.36676  466.64386 
 471.46851  467.70651 
 617.99463  468.00732 
 476.17041  469.1171 
 526.2818  468.46863 
 418.2673  471.51553 
 432.37723  470.47284 
 532.94727  470.63507 
 342.00598  472.47214 
 522.97406  473.49466 
 620.37561  473.36356 
 376.23697  473.90866 
 425.30051  473.31018 
 591.79218  474.18347 
 457.20193  475.37381 
 538.10925  475.04956 
 564.66339  474.94702 
 515.68774  477.08295 
 610.74115  475.56308 
 508.72739  477.00159 
 582.59619  476.85474 
 599.05469  475.61227 
 431.87982  477.94598 
 461.9762  477.59747 
 615.22186  477.89911 
 370.70844  479.1705 
 380.61743  479.10632 
 513.32709  479.19128 
 552.93854  479.19373 
 605.10248  479.04153 
 414.8537  479.15231 
 422.6947  480.10596 
 437.11288  481.00589 
 498.38739  480.62494 
 375.90302  483.15756 
 504.98993  482.26678 
 595.12262  482.27213 
 442.38153  482.79535 
 483.08514  483.10025 
 524.31238  482.97845 
 463.01956  484.46069 
 537.6861  484.2597 
 558.5072  484.24274 
 353.79886  485.26868 
 397.90573  484.03864 
 448.05173  485.33249 
 490.47424  485.04831 
 617.36432  484.79547 
 628.06049  484.51874 
 635.31329  484.33142 
 416.54654  486.31186 
 511.74484  485.95584 
 563.29285  486.29364 
 572.41766  486.29712 
 605.64966  485.89529 
 595.09381  487.21674 
 470.8136  487.98755 
 552.11115  487.88104 
 610.7569  488.25757 
 405.26599  488.07642 
 498.90012  489.48071 
 434.13528  490.02393 
 454.60501  490.229 
 540.2572  492.18091 
 556.03357  490.0705 
 599.40533  490.27872 
 396.95422  491.69519 
 503.62714  490.51111 
 581.76331  490.16431 
 483.76172  491.99265 
 547.80524  492.34531 
 588.06757  491.93234 
 272.90491  493.21722 
 563.7467  493.19104 
 631.56384  493.26663 
 423.89789  493.79706 
 508.60779  494.23517 
 277.84064  494.74121 
 386.86398  495.37939 
 594.29077  495.51456 
 611.30585  495.12546 
 404.7334  495.64804 
 456.69943  496.10333 
 542.60516  496.37625 
 554.73944  496.11182 
 577.3811  495.99176 
 364.96039  497.45633 
 373.29184  496.89365 
 463.17572  496.65146 
 470.97998  497.68698 
 381.92786  498.17383 
 409.04385  498.14499 
 480.07135  498.37741 
 526.43854  498.96808 
 547.65857  497.66644 
 625.27472  497.79166 
 638.26459  497.68942 
 513.32196  498.75381 
 438.6304  499.89081 
 490.90997  500.01016 
 497.36453  499.45044 
 586.70618  499.75662 
 417.10254  501.44656 
 502.56531  501.6731 
 554.10968  502.03781 
 611.24066  503.9783 
 631.03278  500.22015 
 477.88937  501.19623 
 531.72803  503.76004 
 382.15298  505.34848 
 494.94742  505.0462 
 509.20029  505.99194 
 563.04901  504.31247 
 612.45361  506.3194 
 390.39291  507.01297 
 485.88794  508.08371 
 537.12836  506.57932 
 543.45795  507.57751 
 429.86386  508.01279 
 459.90756  509.60977 
 502.81503  509.37341 
 223.56064  509.57455 
 400.392  509.20688 
 417.36426  509.7218 
 442.72021  506.9971 
 485.08966  509.1474 
 517.58124  509.30103 
 478.80847  509.80237 
 437.11551  511.85846 
 451.48221  511.32773 
 228.67625  511.492 
 472.27374  512.86188 
 491.11896  512.73553 
 624.03748  511.54382 
 423.8855  514.77509 
 143.61447  515.52588 
 476.04547  516.00745 
 532.12433  516.1911 
 147.86789  517.24451 
 467.61511  516.98535 
 550.64618  516.716 
 629.38391  518.32813 
 479.36447  518.60864 
 497.15295  518.8454 
 471.51297  521.10199 
 521.67224  521.6792 
 447.66504  522.85236 
 509.64102  523.12823 
 481.36035  523.77551 
 456.37982  525.02673 
 542.3797  525.00006 
 549.1463  526.25793 
 489.12494  527.40546 
 516.87213  526.88922 
 627.60681  527.10461 
 474.73749  528.34381 
 632.7619  530.1236 
 456.82047  532.28412 
 492.29318  531.90491 
 529.245  531.85431 
 443.5408  532.9425 
 469.0834  533.21893 
 496.97757  533.82001 
 628.89252  533.85425 
 475.87613  536.73138 
 452.94635  536.74579 
 485.5249  536.02191 
 458.92038  537.77997 
 472.54236  539.0415 
 521.44025  538.80261 
 444.75845  540.73315 
 534.73956  539.67517 
 498.1105  541.15295 
 526.77856  540.61658 
 626.77283  542.2627 
 491.80441  542.45361 
 571.93518  541.79041 
 634.00739  542.49121 
 467.97372  544.14215 
 476.12125  543.86902 
 487.16629  543.5498 
 460.50198  543.95325 
 516.10406  548.20752 
 563.56622  546.0401 
 451.60251  546.83716 
 482.36829  546.65619 
 497.46451  547.74023 
 543.74878  547.03192 
 515.86212  550.43237 
 569.99713  549.87933 
 466.97086  551.54352 
 558.22937  552.3064 
 579.2464  552.8197 
 634.7879  552.15399 
 447.87683  553.14496 
 547.36316  554.07849 
 43.352009  553.85944 
 471.01926  554.34296 
 633.32904  553.97852 
 564.95282  555.21875 
 524.57196  556.58575 
 536.80682  556.60785 
 493.93823  557.80719 
 541.32544  558.47595 
 43.723164  563.50665 
 530.85809  560.40576 
 561.93793  560.9187 
 576.28693  562.22668 
 587.99951  562.5014 
 627.8681  560.77661 
 575.3172  562.04224 
 35.939892  563.65967 
 54.211147  564.13397 
 567.69202  563.36725 
 587.18762  563.51056 
 634.46771  564.56464 
 547.10175  564.8443 
 609.91907  567.00104 
 42.137047  567.5929 
 529.87653  569.28546 
 547.55103  567.71338 
 577.85657  568.82446 
 621.4693  569.19507 
 61.536266  569.79114 
 800.81  570.00732 
 52.994766  569.13458 
 563.8985  573.74628 
 36.990261  572.75763 
 516.51563  573.83154 
 603.00189  574.1214 
 607.47961  576.38855 
 524.88513  576.71344 
 574.38928  577.2171 
 570.10406  581.79919 
 538.66339  583.35364 
 544.8479  585.08167 
 573.93463  585.08807 
 579.29156  584.60254 
 506.00333  585.76764 
 570.79388  588.01849 
 528.39166  590.17224 
 575.84515  590.48132 
 537.01575  592.45966 
 57.006241  596.91107 
 61.505169  599.34167 
 244.29578  603.7522 
 248.61308  609.98846 
 228.73982  612.38715 
 238.89909  612.94708 
 264.6741  612.30188 
 255.44388  615.23395 
 245.42815  618.56567 
 226.94118  618.95636 
 234.43323  619.72601 
 249.37823  621.9632 
 262.10239  624.6344 
 269.27496  625.1402 
 247.18387  628.18988 
 171.09744  630.52893 
 218.20264  629.5553 
 231.05562  630.86084 
 223.9346  634.15149 
 238.06511  633.01624 
 260.00797  632.95544 
 230.7869  639.04169 
 252.95732  637.83881 
 255.76761  638.78491 
 203.79436  639.86444 
 221.5972  640.10797 
 263.32803  640.80542 
 187.65982  640.62189 
 235.54839  642.57623 
 194.86172  642.37976 
 257.58676  645.66333 
 65.007843  649.66577 
 76.940186  650.11066 
 194.59885  650.112 
 252.84615  650.50122 
 69.376999  650.91467 
 222.30537  651.55328 
 272.75436  652.20441 
 188.52397  655.50732 
 247.87354  655.0448 
 298.91837  654.65656 
 75.573967  655.8916 
 304.52206  656.25641 
 70.718353  656.44275 
 80.174202  657.41455 
 206.62769  659.04645 
 214.53606  659.97748 
 71.591599  660.45361 
 220.4496  662.41986 
 247.30516  662.19562 
 87.89592  667.8692 
 247.69441  668.75128 
 545.33099  50.455326 
 673.0766  52.077877 
 71.750237  64.034332 
 63.849712  114.64936 
 166.49655  130.13921 
 116.50796  131.61266 
 482.24408  156.13347 
 460.26218  198.75763 
 421.21118  213.89728 
 604.87872  219.87047 
 396.96442  238.91388 
 580.98663  241.33917 
 732.19867  248.26172 
 377.09436  250.94838 
 544.59589  263.69016 
 747.84717  265.1106 
 362.13278  265.53134 
 506.16815  266.5994 
 510.80353  286.87857 
 323.19098  290.50174 
 529.12537  297.7168 
 551.09045  303.51096 
 307.66394  304.91281 
 583.60016  311.71936 
 313.06918  312.86765 
 571.55048  317.76743 
 565.25214  319.68692 
 414.11594  335.51572 
 310.07156  339.42499 
 597.90552  344.7883 
 541.89331  352.77072 
 391.3053  353.94147 
 609.22559  362.72293 
 477.323  366.21692 
 541.58459  368.98138 
 400.73322  381.68872 
 574.43799  383.75885 
 321.45676  387.25754 
 389.06827  386.78607 
 310.92029  412.18057 
 614.29053  411.69641 
 391.61926  426.11801 
 590.716  429.98636 
 460.67075  430.34061 
 326.86832  432.58228 
 457.08466  436.89368 
 535.23431  439.48184 
 445.32996  445.06863 
 468.08209  447.36594 
 476.42432  449.24973 
 412.37885  451.16467 
 498.45798  451.78848 
 447.84979  456.36728 
 853.05701  456.94754 
 346.06461  458.90549 
 498.14117  459.64743 
 538.46826  463.78152 
 485.01932  466.20215 
 503.56934  471.35303 
 443.00122  473.02713 
 519.55231  472.68527 
 530.42761  480.37915 
 368.98767  481.62616 
 293.61337  498.76944 
 579.50098  498.8439 
 431.944  500.34125 
 632.47717  508.99466 
 638.93555  519.43683 
 642.67944  538.54047 
 819.71393  542.37854 
 637.15417  572.77307 
 587.80463  589.50586 
 613.74915  649.44775 
 163.09767  43.285789 
 618.24054  43.296452 
 624.55286  46.352493 
 538.10931  48.241692 
 96.151421  57.10067 
 106.22094  59.513859 
 114.04267  60.082024 
 517.94153  60.11039 
 79.682175  61.813332 
 86.428436  62.734673 
 121.68182  62.7621 
 125.66955  70.514977 
 75.797165  71.549713 
 82.760689  71.121117 
 136.89484  71.678055 
 130.52632  75.130684 
 531.45929  79.637329 
 60.779797  79.785118 
 540.18622  84.177368 
 104.94594  84.548737 
 102.69559  93.945076 
 125.39857  94.694916 
 92.427132  99.569916 
 117.91197  109.15057 
 103.84538  110.71397 
 111.62019  112.31943 
 116.05299  117.13303 
 96.726456  118.19733 
 128.4165  121.54137 
 86.564369  131.91557 
 106.00138  133.26967 
 57.011265  147.71542 
 286.30533  149.89095 
 292.34174  151.99792 
 600.6524  165.61336 
 468.9021  178.08989 
 465.77551  202.85664 
 428.63025  217.1436 
 477.06357  228.48732 
 448.19778  229.62846 
 408.86639  236.40028 
 655.32202  235.65479 
 661.45721  237.82974 
 515.95471  239.07813 
 413.28571  240.84705 
 467.94498  241.3326 
 405.05997  242.83688 
 423.11157  243.22511 
 517.86121  246.66335 
 463.6225  248.13628 
 475.7605  253.45869 
 504.0968  255.98364 
 377.36121  260.87933 
 413.02014  269.95917 
 423.44525  269.53543 
 519.96289  269.96219 
 421.61646  271.41656 
 346.9873  273.9584 
 368.39151  283.96338 
 532.77502  284.56967 
 518.69147  288.6091 
 529.72308  292.09378 
 362.08298  294.4939 
 387.92288  293.75626 
 401.22418  296.14124 
 521.81372  296.44861 
 367.50284  298.93616 
 542.7099  297.69415 
 427.60779  299.10013 
 390.10419  300.38467 
 456.97052  299.6405 
 361.41235  301.60718 
 433.86838  302.45721 
 395.11707  304.09201 
 399.7999  309.27313 
 351.69366  309.49744 
 523.82257  311.03796 
 336.07678  312.03885 
 342.841  312.37604 
 328.5936  314.17731 
 383.43527  313.4953 
 373.48166  315.39398 
 319.72586  317.02036 
 434.37781  316.90863 
 448.6731  317.52097 
 538.73907  318.56436 
 439.46161  321.65048 
 586.02771  324.39777 
 430.21146  324.59235 
 594.22266  328.63181 
 383.48834  327.80511 
 464.38928  330.55939 
 398.4729  331.86395 
 492.34464  332.08411 
 451.6734  333.60727 
 498.25665  335.02838 
 356.60614  335.75851 
 555.27557  340.15952 
 371.3912  341.17493 
 358.49414  343.0856 
 377.86966  345.4537 
 388.32516  345.51917 
 572.45306  348.24133 
 590.52332  347.28683 
 455.95047  349.81006 
 462.75821  349.90247 
 93.091263  350.79025 
 371.52771  350.69479 
 378.04984  354.29471 
 552.36346  353.81793 
 353.33054  355.36847 
 456.03915  356.97736 
 568.26587  358.89383 
 540.87738  361.4519 
 586.90991  361.8028 
 356.92325  363.53296 
 506.09872  362.75333 
 195.53674  363.6937 
 324.56918  363.814 
 452.77896  364.17572 
 496.90625  366.37875 
 374.18829  369.3475 
 548.51678  371.53317 
 317.25638  375.89069 
 518.70154  374.94693 
 412.79388  376.63504 
 467.62283  376.95462 
 182.89798  379.62167 
 443.423  379.26337 
 482.72931  379.82761 
 566.72943  380.04523 
 187.95236  382.07175 
 382.31229  387.1019 
 567.61292  387.38715 
 404.32095  398.75876 
 319.33792  403.58249 
 479.41052  404.19254 
 421.34424  404.67059 
 444.56375  407.52353 
 331.12894  409.53226 
 487.2897  411.28021 
 493.52792  414.77811 
 316.07196  417.52518 
 366.43948  417.6713 
 422.32999  416.15442 
 469.00787  420.82672 
 529.263  421.0368 
 411.4039  422.19006 
 630.22949  425.82581 
 452.60428  426.20691 
 519.5  425.84439 
 505.82913  427.75824 
 604.16919  428.23538 
 630.85168  427.60931 
 407.51935  432.55084 
 596.82056  433.21143 
 642.77783  440.65051 
 615.22308  438.74918 
 634.67053  438.87643 
 719.66785  442.63748 
 504.31415  445.35574 
 622.11719  445.82556 
 563.93359  446.56058 
 419.44855  447.92169 
 532.60809  448.02264 
 538.92749  447.53687 
 628.72357  447.60254 
 430.62473  450.13998 
 361.21194  452.13684 
 542.86273  451.80194 
 461.17245  453.30524 
 587.61316  454.75381 
 626.14246  454.84119 
 633.37372  455.95239 
 417.13437  457.20816 
 571.45831  457.00052 
 466.03702  458.86624 
 451.70715  461.27151 
 87.053909  461.55386 
 442.19708  462.09915 
 457.21408  462.31036 
 419.49268  463.76614 
 527.33521  466.30823 
 612.11731  467.465 
 469.62085  468.29123 
 618.42761  467.49835 
 520.29065  469.01279 
 432.70374  469.94467 
 532.75806  470.34647 
 621.1615  473.03226 
 376.15857  473.97504 
 456.61026  475.8862 
 462.55573  477.20135 
 605.32275  478.22733 
 615.34009  477.91519 
 381.59253  478.78992 
 422.17026  479.99698 
 437.04398  480.30508 
 504.91782  482.27991 
 490.5032  484.54147 
 557.68787  484.25128 
 354.05478  485.12866 
 416.53583  486.44415 
 563.31519  486.33481 
 605.2597  486.07617 
 573.01062  486.85947 
 610.98529  488.44693 
 454.51083  489.02841 
 498.59448  489.43332 
 484.21884  491.36234 
 588.6192  491.60437 
 599.53961  490.66937 
 565.74042  493.0322 
 508.26486  494.24017 
 611.84619  495.04703 
 387.47229  496.24564 
 403.83414  496.39944 
 456.33383  496.6044 
 624.12085  496.51938 
 365.34897  499.03009 
 438.99371  499.69019 
 491.21619  499.69186 
 586.99213  499.96384 
 502.53568  501.09882 
 495.53531  506.09521 
 223.21533  509.75397 
 478.7236  510.26282 
 229.70842  511.698 
 143.61044  515.32172 
 496.92218  519.3714 
 471.8331  520.85413 
 509.26349  523.73285 
 481.90491  524.88812 
 541.9007  527.31653 
 549.38464  526.1806 
 625.8847  526.06714 
 489.38907  526.99506 
 468.8107  533.30334 
 451.95349  535.97968 
 521.22906  538.76984 
 498.44672  540.5564 
 572.315  540.78796 
 634.43787  543.13892 
 475.82626  544.40448 
 451.89111  546.36853 
 563.23041  545.82678 
 496.93423  548.35382 
 471.93246  554.31335 
 537.34167  555.66382 
 565.11353  555.96655 
 560.11865  560.26129 
 609.56256  566.75781 
 621.8877  569.3382 
 545.80353  584.83313 
 579.28046  585.85052 
 57.001862  596.15088 
 61.903915  599.81958 
 248.65784  610.90411 
 269.96582  624.65002 
 230.86409  629.99866 
 203.71126  639.23993 
 304.95825  656.30505 
 70.570625  64.296379 
 530.07556  66.084465 
 100.73361  68.455261 
 118.31905  67.802315 
 521.97485  70.818314 
 92.192558  71.668861 
 79.464996  81.534706 
 562.88995  84.480949 
 120.94209  86.420052 
 133.70633  86.465767 
 90.684319  88.825539 
 571.43011  89.150414 
 118.78275  90.22686 
 145.22505  90.289909 
 539.25623  92.266937 
 70.574356  93.666107 
 57.71146  94.534721 
 110.26859  96.955803 
 81.818268  98.141953 
 147.76942  99.978218 
 100.22922  101.46655 
 136.91037  101.43687 
 83.27758  103.0525 
 72.648628  109.21627 
 90.161011  113.99483 
 141.21056  114.19789 
 62.546886  115.39957 
 121.15469  121.11147 
 87.254677  123.65292 
 103.87484  124.17507 
 73.472771  125.4577 
 165.76468  129.59958 
 116.53881  132.48257 
 474.94601  152.55034 
 586.75909  159.5177 
 594.26508  162.73769 
 752.11621  162.81062 
 578.51343  164.18192 
 460.55176  198.30685 
 641.55566  207.30942 
 452.3009  210.53499 
 650.33557  211.09018 
 460.79141  212.30428 
 419.94824  213.57874 
 455.64682  219.44704 
 436.07458  219.57727 
 582.6153  220.20982 
 604.95123  220.39668 
 417.72702  222.53961 
 563.12421  225.88597 
 598.91962  228.44675 
 400.53375  229.14606 
 573.03314  229.31209 
 464.01163  230.25444 
 583.25964  230.96802 
 422.14886  234.97144 
 606.93817  234.8531 
 451.80609  236.67091 
 374.02698  239.16452 
 436.54697  239.34416 
 395.84952  240.15341 
 444.13474  243.9225 
 416.18777  248.23314 
 452.16211  248.25397 
 732.61639  248.28532 
 364.28873  249.15729 
 376.64957  249.77057 
 397.48135  250.60007 
 467.35532  253.6795 
 425.33597  254.4155 
 441.59393  254.71286 
 544.3042  254.80878 
 404.33469  256.54163 
 448.70871  257.3735 
 519.20331  256.7948 
 756.56604  257.17322 
 356.68909  259.56174 
 385.88409  260.07104 
 396.49182  262.1106 
 415.6423  262.05231 
 464.83032  263.9556 
 544.67944  264.4382 
 363.68851  265.2836 
 405.49188  266.00238 
 440.65775  266.41736 
 513.90826  266.30139 
 456.86322  266.79669 
 504.90363  269.23047 
 390.16647  271.08047 
 374.0134  273.92273 
 398.05762  273.59918 
 432.28143  273.48325 
 334.7226  277.37241 
 382.14847  278.43121 
 408.14139  277.6619 
 516.70428  277.71561 
 417.4469  280.68707 
 525.04431  282.07358 
 347.34897  282.93472 
 392.32138  283.3085 
 425.59128  283.19519 
 509.79623  287.42789 
 400.73428  288.05075 
 331.08716  288.74359 
 357.92819  289.38986 
 380.86139  289.84869 
 339.9566  291.6333 
 530.10944  296.68845 
 331.5043  298.14767 
 340.61551  299.71759 
 352.47818  298.80777 
 315.72318  300.96106 
 550.75769  302.34622 
 306.78915  305.24023 
 322.47339  306.20917 
 520.36249  306.30954 
 460.62589  307.74844 
 477.00668  308.07877 
 566.76221  307.87695 
 368.15253  308.94949 
 530.55737  309.53104 
 582.98474  311.51376 
 312.09381  312.60416 
 468.51718  315.06094 
 360.92374  315.5567 
 484.65372  319.47061 
 547.34991  319.19888 
 567.5744  319.43018 
 517.38422  321.12613 
 526.40558  322.82434 
 354.59946  324.8616 
 317.33148  327.13214 
 373.70758  326.63614 
 445.74857  327.45941 
 363.23383  328.0369 
 541.0531  329.17584 
 519.70349  330.19031 
 372.32953  331.95984 
 603.23981  332.91391 
 611.95911  333.28207 
 414.36078  334.37296 
 423.71149  334.67944 
 309.72424  337.88748 
 391.59811  337.952 
 532.95514  338.53937 
 516.79858  342.08847 
 415.27991  343.37546 
 542.02118  342.75385 
 550.26331  346.20459 
 315.41971  347.12274 
 365.32489  346.47043 
 605.44928  347.79996 
 527.9859  350.94104 
 409.85522  351.64236 
 391.44983  354.35104 
 537.63141  354.15411 
 417.55283  355.28275 
 361.8378  355.68143 
 317.08945  356.52716 
 462.99042  357.38293 
 576.5578  356.70764 
 471.05865  360.25272 
 368.1843  361.15845 
 608.26923  360.73862 
 393.27316  361.63129 
 549.24304  362.99533 
 378.64859  363.57068 
 388.39624  365.29745 
 458.72729  364.95081 
 525.35223  365.46005 
 511.43002  365.76022 
 558.70605  366.67844 
 592.5498  366.5835 
 465.60522  368.5538 
 312.72113  369.01721 
 410.12457  369.38834 
 540.66248  370.15628 
 418.57336  371.09195 
 567.31659  371.21408 
 329.2742  372.23224 
 505.80444  371.93631 
 319.53482  373.13724 
 472.69745  373.42966 
 488.35233  373.80566 
 386.12756  376.63864 
 554.78131  377.50238 
 591.17291  379.01068 
 399.54111  380.45065 
 389.92209  385.22586 
 406.11285  384.80081 
 573.33716  385.33261 
 508.22983  385.88315 
 517.72986  387.51334 
 321.80298  388.95456 
 582.26581  388.46298 
 411.76706  390.09482 
 498.36496  390.82419 
 525.19208  390.60733 
 313.21384  391.95694 
 382.19409  393.90121 
 321.27188  395.56308 
 396.22699  397.46692 
 498.02188  400.47955 
 426.11401  401.1636 
 489.6196  401.96088 
 573.74396  401.68225 
 435.47253  403.29254 
 506.71307  403.26294 
 386.03796  404.20331 
 460.98434  403.89572 
 515.87292  404.48688 
 525.83783  403.76324 
 451.34262  406.01154 
 395.31299  407.31024 
 468.7731  406.91257 
 369.38104  408.12708 
 406.9259  408.76489 
 458.11221  410.57809 
 615.62433  410.72272 
 583.87476  411.81201 
 310.21487  412.85971 
 376.27682  413.15292 
 345.47018  413.86447 
 474.69702  414.28021 
 593.75653  415.03876 
 463.23856  417.40933 
 328.70923  418.02472 
 383.21457  418.1474 
 443.4697  417.98886 
 482.63629  418.88666 
 433.51773  420.20175 
 602.83295  419.53818 
 452.86111  420.87869 
 612.09552  421.76395 
 512.27039  422.62778 
 489.29904  423.78876 
 365.87592  424.79269 
 407.53488  425.39175 
 374.67438  428.49954 
 495.89102  427.99039 
 637.97705  427.65662 
 415.76935  428.99762 
 461.97708  429.12701 
 433.66248  430.04239 
 318.34763  431.68536 
 398.14685  431.48624 
 424.70599  431.69974 
 446.25305  431.89368 
 543.91168  432.61865 
 327.58865  433.65283 
 471.41165  434.43988 
 456.66028  436.08987 
 432.1001  437.32706 
 386.23575  438.04968 
 494.41833  437.43655 
 608.22919  437.72516 
 503.49161  438.61755 
 713.32263  439.06732 
 481.85571  439.63962 
 535.24725  440.06921 
 570.35199  440.42871 
 516.98566  441.38922 
 364.46765  443.21167 
 543.9986  443.17825 
 161.87297  445.14825 
 370.54651  445.45621 
 446.78369  445.23474 
 461.16116  444.80667 
 594.34985  444.50494 
 324.53796  445.61069 
 346.68307  445.6839 
 466.86075  446.26645 
 603.10223  447.29056 
 637.89465  446.74277 
 649.86322  447.87949 
 475.69562  449.30673 
 381.44824  450.00964 
 411.00592  450.40063 
 353.28647  450.86304 
 490.51456  454.26141 
 507.80881  453.88351 
 531.55121  453.87634 
 595.28748  454.44708 
 346.94687  456.3981 
 559.75543  455.99054 
 518.3399  458.26846 
 603.37531  457.72058 
 81.410423  458.67975 
 497.47101  459.3439 
 611.34247  459.44794 
 433.48001  460.54669 
 540.03937  462.53311 
 589.75885  462.98837 
 597.99274  465.50751 
 330.2663  466.72202 
 462.79068  466.7128 
 484.25909  466.61621 
 492.75458  468.85129 
 418.09662  471.41486 
 341.95007  471.81699 
 503.7038  472.47894 
 564.78131  474.34024 
 444.96967  474.61499 
 590.74048  474.6069 
 598.75684  475.06125 
 413.07343  478.52524 
 497.76508  479.75476 
 529.67175  479.64304 
 376.10876  483.03033 
 396.48438  482.70392 
 481.50665  482.8577 
 636.24933  483.25903 
 537.71979  484.09442 
 462.37128  484.52951 
 447.16672  485.65167 
 512.87946  486.09402 
 619.03937  485.66351 
 404.87326  487.81271 
 470.60187  488.38745 
 270.65106  488.55533 
 581.59503  489.21695 
 434.04492  490.19058 
 396.32938  492.37662 
 423.20285  492.45883 
 539.44641  493.4003 
 631.49231  493.50323 
 463.76343  495.73874 
 514.18756  498.15866 
 547.37866  497.2417 
 639.41003  498.11917 
 293.26715  498.8797 
 525.83099  498.92484 
 578.44067  498.6366 
 476.71579  500.4476 
 555.05615  500.87567 
 563.13037  503.36856 
 610.78662  503.79471 
 381.6546  505.96503 
 429.76447  507.57941 
 443.50601  506.72879 
 508.62262  506.60904 
 399.31992  509.43988 
 519.06537  509.15012 
 543.59259  509.06113 
 633.07153  509.30811 
 416.6933  510.10135 
 460.54175  510.17844 
 451.54297  511.18048 
 437.45554  512.78424 
 491.34784  513.14313 
 423.8721  515.96259 
 532.07751  515.7572 
 628.75238  517.35834 
 638.87762  519.71954 
 522.15649  521.78571 
 447.59717  523.12695 
 456.89886  525.49158 
 825.43268  527.31812 
 475.5126  529.17828 
 631.93109  530.80042 
 528.59509  531.88 
 485.51294  535.12878 
 476.27658  535.8797 
 642.49579  538.53729 
 444.27774  539.58325 
 535.31995  539.9436 
 818.98828  541.71948 
 459.41898  543.91797 
 625.633  544.08746 
 468.94513  544.55756 
 483.10837  546.1488 
 544.48505  546.19641 
 516.67279  548.4823 
 506.96332  548.74213 
 570.62933  549.86908 
 635.65552  550.18665 
 579.1651  552.51636 
 548.09137  555.29114 
 523.72815  556.48444 
 557.32446  555.68152 
 493.33615  557.6651 
 531.16528  560.43195 
 626.56763  559.96765 
 567.17792  562.5304 
 577.02386  562.69348 
 588.31183  563.0249 
 634.23291  564.65802 
 547.35413  568.59833 
 515.77515  574.4165 
 563.67908  574.31262 
 524.9989  577.19788 
 574.16254  577.58545 
 537.89679  582.95142 
 506.10254  585.05212 
 587.63177  589.13141 
 527.9624  590.50269 
 537.59106  594.21515 
 244.60626  602.51624 
 265.67902  611.38702 
 227.12962  612.89307 
 255.46106  616.70038 
 247.33211  618.9397 
 235.25867  619.73785 
 217.34352  626.42224 
 162.7701  628.26746 
 260.69901  628.60522 
 171.2084  630.89429 
 238.53821  631.77722 
 252.89319  636.198 
 230.13591  639.06226 
 187.83163  640.41364 
 104.29578  58.88081 
 113.20734  57.378849 
 469.00848  177.76892 
 428.04367  215.68306 
 516.86005  245.24796 
 377.15536  260.91809 
 367.42728  285.30164 
 533.44104  284.30194 
 518.67499  294.06754 
 426.88718  298.17538 
 457.3038  298.35867 
 374.40317  314.34619 
 438.01712  321.82242 
 584.72668  323.49557 
 463.8132  330.28336 
 491.50626  331.38635 
 356.33203  339.19894 
 93.39019  350.43408 
 371.41614  349.55768 
 325.18332  362.23758 
 356.12949  363.06625 
 565.36902  379.56094 
 520.44  426.82797 
 615.93665  437.88788 
 633.5813  438.65891 
 563.3667  445.98795 
 620.51392  446.19971 
 633.00549  455.51141 
 442.10446  464.29141 
 606.04834  476.61169 
 489.83838  484.61331 
 485.51819  489.21936 
 589.25909  490.32898 
 450.36319  497.80627 
 500.88885  499.75693 
 222.37439  509.7085 
 472.08508  514.9317 
 562.04022  545.14441 
 493.77359  547.25806 
 627.1369  567.35223 
 578.08527  586.16388 
 90.14312  89.75042 
 147.92775  92.751312 
 107.9481  96.192833 
 133.21831  103.05124 
 103.79395  122.35827 
 88.031181  123.14435 
 114.41635  130.5701 
 474.00363  151.87714 
 640.75317  206.05661 
 570.4906  212.07068 
 651.86792  211.50266 
 583.4823  223.63834 
 562.40344  226.58414 
 400.02618  228.47034 
 605.91766  232.41531 
 434.01205  240.03058 
 392.28214  244.38708 
 444.11276  244.65332 
 467.58606  248.12489 
 363.40604  249.34981 
 377.9805  249.77858 
 426.13107  254.08025 
 543.75055  254.34805 
 402.55569  256.10425 
 396.33502  262.9155 
 415.13348  263.3822 
 443.14197  265.97971 
 368.38043  269.51968 
 397.48093  270.15445 
 431.58926  272.58298 
 381.22153  276.66235 
 515.1272  275.23068 
 334.70166  277.72482 
 416.56937  278.46442 
 348.04813  282.82632 
 391.38882  281.82751 
 327.0256  293.45602 
 339.58698  297.12991 
 367.31717  297.6174 
 552.08789  299.13794 
 352.29276  305.03506 
 387.51831  305.74542 
 565.80603  306.34561 
 477.81119  307.09268 
 516.45746  310.70016 
 530.37225  311.73169 
 363.05978  321.97806 
 319.14679  326.47388 
 373.88354  328.64236 
 415.68167  330.43677 
 444.64441  329.1759 
 520.12427  328.94928 
 539.81274  329.71295 
 360.49243  332.24048 
 533.6637  335.07071 
 308.53305  337.35178 
 389.86813  338.82495 
 512.69714  344.2334 
 605.64252  345.80026 
 571.5188  347.75348 
 526.92963  349.17838 
 318.28104  351.61981 
 347.79861  352.04095 
 361.37869  354.16049 
 408.15302  353.75696 
 540.1283  353.80685 
 392.16537  356.91183 
 579.4563  358.30255 
 605.92468  361.67279 
 525.63184  364.13507 
 559.20874  364.56165 
 366.45441  366.14847 
 378.61368  366.76773 
 591.85229  365.08087 
 311.99704  368.21301 
 409.30508  368.05597 
 507.20633  368.84534 
 463.27399  369.6225 
 325.27872  374.09653 
 486.73666  374.27591 
 517.53998  375.6492 
 553.74762  377.93369 
 393.17096  379.76178 
 591.93787  379.80801 
 507.11353  385.37134 
 403.19193  388.04489 
 581.61578  388.53601 
 311.95831  390.39191 
 518.26392  390.36914 
 381.36459  392.60223 
 477.21246  391.78152 
 495.47559  391.24405 
 322.28629  394.67017 
 488.06644  399.46179 
 573.22009  399.39005 
 423.95535  402.18964 
 507.28033  402.85904 
 366.19608  403.66663 
 449.20816  405.31088 
 396.59738  407.78455 
 407.56888  408.81674 
 582.55292  409.4346 
 594.54419  411.34497 
 343.36774  413.98502 
 385.98959  414.17706 
 466.88675  417.24658 
 420.56616  418.11023 
 442.27057  418.25116 
 466.30319  417.03845 
 431.46646  419.82028 
 482.71042  419.50632 
 513.21765  420.19513 
 326.94424  421.31497 
 361.33566  422.82849 
 528.21997  422.77386 
 614.67242  423.30743 
 406.6243  424.90009 
 451.27429  425.64844 
 373.11765  429.60477 
 329.48984  432.47064 
 544.78217  431.65427 
 433.37683  434.3266 
 445.48059  433.32581 
 470.66476  433.88171 
 386.0932  436.72995 
 459.02188  440.96292 
 485.67328  439.58344 
 518.12415  441.37775 
 589.77667  442.0275 
 346.62247  443.71408 
 366.04166  444.69107 
 161.38948  445.92572 
 542.50848  445.2742 
 602.24335  445.61526 
 650.08588  445.94183 
 380.43613  450.28931 
 474.0361  450.80783 
 531.65247  452.22989 
 507.871  453.67245 
 348.1662  456.61484 
 558.16162  457.08652 
 427.86774  460.55917 
 583.90607  463.06918 
 544.06317  465.2388 
 504.16266  468.08694 
 517.77753  472.63571 
 561.99432  474.46039 
 587.53717  474.45157 
 375.77817  480.17731 
 456.98782  480.02249 
 637.58795  480.04068 
 537.45667  483.74716 
 447.14526  485.51364 
 267.72748  487.62845 
 406.31168  488.61075 
 513.91083  488.63681 
 434.58481  490.8717 
 616.11133  489.98795 
 559.94257  492.45352 
 421.60391  493.79669 
 463.79489  494.69897 
 629.95447  493.70734 
 526.35059  496.4483 
 546.32642  497.32413 
 476.59128  499.28693 
 421.47067  499.32986 
 634.66663  508.56992 
 396.36407  510.72433 
 506.3671  508.96466 
 532.61591  514.26453 
 519.56348  518.78827 
 446.3938  523.28278 
 475.23947  530.08038 
 524.50171  532.72491 
 630.49164  531.04376 
 487.07498  533.22919 
 443.24405  538.64221 
 535.56342  539.66833 
 456.97388  543.40533 
 546.97357  544.16156 
 621.87598  547.97552 
 580.26379  550.62555 
 635.45203  549.9801 
 551.33521  556.32739 
 551.51184  556.41412 
 530.97943  559.35358 
 565.46106  561.01001 
 633.45074  562.47205 
 577.15009  563.66266 
 588.89337  564.60168 
 513.73462  572.91437 
 525.02704  576.82458 
 560.48553  576.49554 
 574.03265  580.341 
 537.14575  581.50537 
 589.50378  586.88763 
 539.33325  596.18304 
 244.8679  599.84229 
 469.23639  177.68884 
 516.0686  243.48009 
 93.41909  350.47348 
 617.10461  447.77878 
 610.54614  477.41245 
 222.24754  510.14621 
 641.30359  205.114 
 569.42627  213.27246 
 401.20343  228.41034 
 603.7688  229.6075 
 547.24829  236.17847 
 435.91995  237.80882 
 468.12457  241.75247 
 362.1615  250.76082 
 387.07217  247.98149 
 426.88892  253.8755 
 543.80609  254.36058 
 525.24725  257.42749 
 400.18027  260.87561 
 442.19141  261.33948 
 415.44275  264.25677 
 366.14291  268.10144 
 515.44708  275.16663 
 430.57312  273.75165 
 332.48773  277.80112 
 349.06641  282.79193 
 518.60645  288.65134 
 366.28647  289.04919 
 323.79849  296.0275 
 516.78186  295.22122 
 338.84659  300.13943 
 566.02704  305.4996 
 389.30371  307.82669 
 512.05957  313.09439 
 527.88086  316.41916 
 322.79489  323.44119 
 361.88144  324.31491 
 520.69147  327.95541 
 536.43439  331.99533 
 374.71225  333.1864 
 357.38309  336.81177 
 390.09924  337.23087 
 605.15601  344.67798 
 322.58194  347.72382 
 509.98898  347.55887 
 526.61536  352.30746 
 392.04553  356.0069 
 542.50452  356.05377 
 409.08066  359.66772 
 524.38043  362.29941 
 559.48907  362.65778 
 607.48352  362.38074 
 591.4964  364.06448 
 311.85773  368.80225 
 463.73611  368.21335 
 506.33841  368.422 
 363.02094  369.71616 
 378.99539  370.99359 
 409.41406  369.30582 
 486.83752  374.2265 
 326.29691  378.35956 
 593.01776  381.13342 
 508.68329  384.34143 
 323.47565  394.41397 
 380.8894  393.41095 
 491.54681  393.80795 
 363.53748  399.99435 
 425.05545  401.49463 
 573.9859  401.03067 
 506.07736  403.38925 
 451.89603  405.56934 
 596.61798  411.0304 
 440.76764  416.05994 
 512.82928  419.51706 
 359.12161  422.20551 
 528.7179  422.16525 
 406.46829  424.2225 
 615.68427  424.22858 
 328.32526  425.63925 
 373.04996  428.01538 
 471.99713  432.35132 
 388.09851  436.60284 
 429.9639  436.92578 
 487.82355  436.33008 
 459.54193  440.95221 
 349.16629  441.93774 
 517.88654  441.86285 
 602.21283  443.32303 
 363.73929  447.3176 
 540.91388  450.11346 
 380.76392  452.10547 
 506.63522  452.75217 
 532.23785  451.33896 
 349.74887  457.58557 
 556.45227  457.60748 
 441.31021  464.77396 
 545.93481  465.31888 
 503.90372  469.36102 
 519.2973  471.90866 
 448.7016  485.51212 
 536.07056  486.19009 
 264.93387  489.27914 
 404.83762  489.1127 
 433.83102  489.3743 
 512.29529  490.09015 
 561.54803  492.97858 
 613.94995  492.0296 
 546.93677  494.38617 
 630.12006  493.38315 
 478.41949  498.92764 
 503.12302  508.14886 
 392.64685  510.92725 
 519.7113  518.18402 
 470.11243  519.20892 
 447.29187  524.0238 
 474.54984  528.18604 
 630.39728  530.89435 
 489.99011  537.44318 
 443.66846  540.60388 
 535.2832  541.26306 
 565.12463  555.97217 
 633.92645  556.22638 
 632.25269  563.67322 
 524.48621  575.38794 
 559.70862  577.53595 
 538.0072  580.60223 
 473.71503  450.11685 
 574.60101  580.18585 
 582.21686  221.20874 
 605.65417  231.28943 
 388.71777  304.6684 
 527.48639  311.53116 
 331.11548  330.59357 
 522.97058  359.35345 
 380.07422  391.20441 
 369.9487  428.25153 
 436.71625  471.31512 
 400.57678  487.20087 
 517.56104  519.25299 
 608.90631  230.5289 
 370.52451  427.87881 
