 45.072639  29.925297 
 50.595627  31.028292 
 30.225338  33.081074 
 96.761009  32.662846 
 43.683533  35.0126 
 83.628708  35.763763 
 66.454338  35.656422 
 77.605438  36.791752 
 71.51722  38.026848 
 99.556702  38.484077 
 33.02729  39.029613 
 59.730515  38.723541 
 91.466805  39.268673 
 50.687695  41.453915 
 76.06987  43.216972 
 56.320812  44.089378 
 69.025879  43.950401 
 33.971931  46.383667 
 88.675049  46.34993 
 80.96003  47.527477 
 790.58624  47.618637 
 63.504509  51.547077 
 47.478413  49.650742 
 33.858891  53.004513 
 63.426136  52.839752 
 627.01752  55.258732 
 46.471889  56.32003 
 66.009865  57.888306 
 246.3261  76.030403 
 251.43193  77.95433 
 435.36166  78.428589 
 98.08609  80.575371 
 546.70197  85.744255 
 553.72174  88.926003 
 539.77795  90.551086 
 559.14203  92.740402 
 428.40851  104.14279 
 425.0593  128.1886 
 414.75839  129.66685 
 601.23669  133.2823 
 417.29758  134.01463 
 412.72528  136.02393 
 610.45331  136.8942 
 395.92633  138.97963 
 420.14868  138.68372 
 549.82574  139.37592 
 388.97208  143.98433 
 542.78717  145.38725 
 394.8942  145.94949 
 415.90616  145.39061 
 378.4137  148.22144 
 551.60461  149.8869 
 400.07013  150.1129 
 386.33569  150.37506 
 413.3833  153.12691 
 391.98416  153.5473 
 522.71539  152.47707 
 559.17572  154.34747 
 360.5199  155.00606 
 436.797  154.57237 
 408.29523  156.07259 
 424.70261  155.47404 
 534.50848  156.13408 
 529.22937  158.31616 
 542.85107  157.21919 
 567.698  161.2043 
 615.36694  161.69197 
 383.25732  161.98145 
 410.53619  162.63103 
 351.60995  164.15897 
 368.44186  164.1651 
 620.80505  163.85147 
 397.12616  165.30455 
 475.32184  165.11284 
 334.8772  165.33417 
 373.03516  167.05049 
 427.8703  167.43372 
 757.29126  167.7197 
 382.18839  169.08591 
 365.51059  169.53178 
 404.28229  169.87198 
 472.67102  169.97221 
 336.84445  174.29044 
 386.09213  171.804 
 369.20822  173.34361 
 411.37305  173.67188 
 477.89487  172.6657 
 377.8035  174.66832 
 424.82758  175.87213 
 465.27191  176.02829 
 359.341  176.73918 
 500.58673  177.14619 
 401.10526  180.08954 
 428.86496  178.43365 
 386.04483  179.84729 
 434.7124  179.68805 
 364.71445  182.07991 
 378.07858  181.00912 
 463.655  181.15065 
 504.46399  180.89569 
 395.3927  181.93559 
 424.08606  182.02434 
 716.31921  182.84242 
 390.28696  184.01628 
 407.88287  182.93724 
 418.931  184.6205 
 470.37326  185.0396 
 485.64624  186.03056 
 519.52344  185.8118 
 337.70624  186.61443 
 316.35287  186.88113 
 357.0365  188.0977 
 513.34686  188.166 
 344.79205  188.16081 
 376.59781  188.60986 
 468.12015  190.19392 
 417.16873  192.47057 
 350.29938  192.68716 
 365.70404  191.88618 
 473.8197  193.02696 
 399.21411  193.45561 
 342.54019  194.98819 
 353.75073  196.07642 
 373.19373  196.15761 
 388.37982  196.55649 
 422.45963  196.26988 
 479.17172  196.50317 
 349.27838  197.8848 
 358.65442  198.91872 
 381.67981  198.94705 
 484.88812  199.07878 
 306.73584  200.23363 
 392.84549  199.39008 
 355.28723  201.28168 
 366.87067  201.47278 
 469.83725  201.25606 
 295.17206  202.65097 
 335.73654  200.74144 
 386.45569  201.55235 
 342.52734  203.15685 
 370.64923  203.79012 
 476.84061  203.50926 
 290.70557  205.57161 
 378.11383  205.73996 
 306.78525  208.29062 
 322.99786  207.93419 
 336.75635  208.46307 
 369.88776  207.78325 
 385.08716  208.33212 
 485.2771  208.00255 
 352.39374  209.30478 
 328.8215  209.97345 
 345.80856  209.56729 
 374.95459  210.29211 
 492.39499  210.92735 
 293.01801  212.4986 
 364.98831  212.93068 
 319.98557  214.34651 
 478.97858  214.48289 
 299.69897  216.07603 
 359.34109  214.61983 
 327.14926  216.08951 
 342.30853  215.95969 
 376.59869  216.14908 
 489.80585  217.3448 
 316.34399  217.04379 
 494.42194  219.34654 
 348.24603  219.47707 
 322.2417  220.61159 
 360.79037  220.97688 
 476.98868  220.94637 
 481.91806  222.7198 
 327.67078  224.17375 
 421.0647  224.10164 
 502.0462  223.63326 
 293.31018  224.79102 
 300.7348  226.41905 
 351.00574  225.56853 
 387.3573  225.44267 
 415.88022  226.04807 
 428.95764  226.03958 
 320.65411  227.51849 
 393.26123  228.21332 
 275.62595  228.168 
 480.61835  230.18805 
 494.4324  226.94829 
 526.94653  229.4854 
 487.87238  230.45993 
 354.85526  230.94237 
 421.02911  232.51514 
 499.40784  231.50304 
 282.14453  232.09557 
 436.51068  232.93246 
 444.19272  232.4709 
 294.26837  232.65442 
 430.05673  234.93707 
 297.91751  235.93893 
 309.81494  235.85886 
 358.92224  235.56982 
 526.74951  234.74258 
 302.55896  237.37189 
 328.25052  235.60924 
 350.25076  237.40015 
 485.06982  236.76819 
 490.71866  236.03072 
 263.16937  237.48969 
 276.57574  238.25394 
 283.9906  237.71924 
 343.67325  238.50052 
 316.54831  238.92378 
 288.06564  240.51855 
 321.77628  240.74777 
 332.99771  241.302 
 279.82974  242.35258 
 342.0701  241.6821 
 492.83661  242.01442 
 428.44324  241.91661 
 394.73837  243.87212 
 408.05524  244.22307 
 498.25485  244.04405 
 506.48291  245.12865 
 285.52756  246.49876 
 444.70636  245.94733 
 479.4841  246.29514 
 266.57578  246.89912 
 399.29666  247.26791 
 486.87479  247.9615 
 315.836  249.60373 
 390.55035  249.39629 
 519.38818  248.54393 
 323.42679  251.96675 
 546.45807  250.22232 
 334.55045  252.27335 
 343.39087  253.05769 
 380.30072  253.25475 
 491.00171  253.34074 
 551.24377  252.61476 
 501.05231  254.20511 
 316.82962  254.99165 
 406.09061  253.43591 
 268.05035  256.81439 
 377.91119  257.0437 
 423.78174  256.72391 
 479.70203  256.21588 
 322.19653  258.05652 
 357.86472  257.94513 
 452.81366  257.99591 
 563.80005  258.45258 
 410.89539  260.03061 
 316.42529  261.27502 
 332.29794  259.91391 
 352.25125  263.06467 
 382.63211  261.25958 
 457.26193  261.52695 
 371.53598  263.76035 
 493.87671  265.22726 
 462.33722  265.78775 
 563.21204  265.99811 
 330.73029  266.89575 
 515.09998  266.54404 
 318.80399  268.1557 
 483.99838  268.24786 
 568.10699  270.26459 
 354.04553  269.26187 
 374.71255  269.19666 
 478.3175  268.59003 
 502.09863  268.9776 
 406.21927  270.19794 
 521.92249  270.23682 
 274.99301  272.41309 
 336.64984  272.33115 
 348.56009  272.22388 
 509.91241  272.29871 
 325.34808  272.83752 
 551.23669  273.36884 
 536.24133  273.57678 
 481.71259  275.17703 
 370.10522  276.49283 
 416.18604  275.89731 
 531.10675  275.19656 
 564.36005  274.82858 
 52.183357  276.92081 
 331.57248  276.81985 
 421.96741  276.70398 
 487.59418  277.65051 
 554.82587  277.18018 
 428.49564  279.22699 
 376.77899  280.5741 
 513.21613  279.98529 
 535.61597  281.37967 
 317.07108  280.72916 
 338.00507  280.65424 
 525.33948  280.54138 
 649.91022  280.63821 
 276.13742  282.91324 
 322.22861  281.56357 
 415.94861  282.15118 
 344.035  282.98746 
 432.07556  283.24081 
 551.32129  282.91138 
 328.97836  284.80212 
 422.74194  283.87317 
 369.10495  284.53644 
 494.83664  283.16217 
 528.31982  285.21866 
 430.04947  285.93842 
 324.50488  287.21808 
 337.86417  287.98233 
 533.37482  286.73825 
 373.16302  287.73532 
 501.42798  287.76245 
 412.96939  288.80853 
 548.43317  288.67474 
 155.39879  290.05383 
 284.76254  289.89664 
 316.92651  289.88409 
 467.271  290.21445 
 525.77686  290.36978 
 293.22675  291.07901 
 347.75659  291.42166 
 518.88312  292.20483 
 553.18726  292.09808 
 159.69284  292.18951 
 485.02402  291.53268 
 529.68506  292.46658 
 419.34741  291.72134 
 456.31305  293.14685 
 472.1651  291.5788 
 335.40891  295.12857 
 341.07281  294.86859 
 425.55884  295.03726 
 477.95914  295.19153 
 550.22729  294.3255 
 272.83682  295.26511 
 370.22775  295.65628 
 377.96545  296.65546 
 541.7561  296.19354 
 288.84286  297.67914 
 508.68008  297.38205 
 432.22989  298.45868 
 483.23834  298.19223 
 519.87531  298.26651 
 527.11273  298.06357 
 286.74512  298.89081 
 465.08081  298.55133 
 416.83783  299.8667 
 338.26282  301.08264 
 442.28665  301.03043 
 458.68277  301.1741 
 487.46942  300.8212 
 345.44873  301.63852 
 427.12778  302.22406 
 448.27106  300.10059 
 277.00864  302.74911 
 372.0752  302.63464 
 482.32718  302.5177 
 514.53882  303.05096 
 536.09155  302.50864 
 403.93918  304.96597 
 527.80914  305.40805 
 143.06136  305.84595 
 441.34927  306.25531 
 455.15155  306.46121 
 280.65219  306.64081 
 147.22726  307.94376 
 366.99789  309.67087 
 449.4805  307.59671 
 460.24081  307.66702 
 365.78406  312.14465 
 371.75333  312.55246 
 511.93036  312.3064 
 342.14297  312.92911 
 449.55627  312.81522 
 454.05988  312.62323 
 477.8085  313.08606 
 527.5188  312.78082 
 371.21838  315.96167 
 467.70688  313.60834 
 483.86786  317.07199 
 426.53055  315.98837 
 542.34784  314.85141 
 458.67404  316.68268 
 520.77417  317.23444 
 273.61627  317.98904 
 356.67911  318.0918 
 477.49521  318.1521 
 341.9415  321.0488 
 281.00043  321.98843 
 357.08371  323.67166 
 364.11505  324.3949 
 538.49603  324.00415 
 381.76129  324.86035 
 457.91229  325.71594 
 386.84833  326.82324 
 444.50119  326.55176 
 273.86029  328.35312 
 433.84799  327.92444 
 449.88449  328.45413 
 533.85553  327.80914 
 278.9325  329.13266 
 346.32428  328.75919 
 466.81757  329.25607 
 421.46194  330.10089 
 354.38953  332.40564 
 380.38568  331.02606 
 396.02151  329.91479 
 438.86588  330.59958 
 485.26306  330.22836 
 412.8385  331.46799 
 473.93365  332.20496 
 285.8873  332.84628 
 403.73373  333.67221 
 428.97101  333.3902 
 277.62668  335.077 
 366.70139  335.60818 
 479.17505  335.02017 
 290.2485  336.28131 
 281.88757  336.89456 
 330.51852  335.68381 
 435.82339  337.22159 
 543.47351  337.52045 
 566.53625  336.24289 
 383.36499  338.26764 
 447.16614  338.12888 
 306.03598  339.62521 
 377.85526  338.84943 
 389.13565  338.99719 
 336.7771  339.39655 
 383.26099  341.52567 
 403.5296  342.9165 
 434.91675  339.82077 
 452.9967  341.24451 
 476.8967  343.42062 
 288.14719  343.17743 
 553.27118  341.31448 
 423.63135  342.99698 
 275.95218  343.76321 
 326.78555  343.87604 
 378.89761  343.94598 
 442.82065  344.89038 
 342.24673  344.728 
 388.07794  344.83804 
 412.45837  345.39355 
 281.33789  345.61075 
 429.61563  346.00177 
 393.87619  346.55994 
 483.9744  346.99954 
 562.88013  345.63989 
 372.04788  347.87268 
 440.04132  347.7861 
 489.10693  347.62933 
 572.19702  347.30887 
 403.61746  347.77026 
 590.0816  348.94534 
 327.71313  350.35394 
 472.32483  349.1972 
 548.68359  350.37 
 596.64777  350.49863 
 280.07837  350.91864 
 368.65994  350.76849 
 433.41806  350.83405 
 449.64182  349.69458 
 479.40872  350.91806 
 334.94254  353.94775 
 412.32224  352.27362 
 375.46201  354.1217 
 498.91586  352.82175 
 542.77991  353.53781 
 455.33261  354.44034 
 465.47302  353.83118 
 564.67566  353.86829 
 393.37531  354.96222 
 570.03528  355.44891 
 591.32172  355.39957 
 406.33356  357.40677 
 481.90179  356.48807 
 597.45258  354.38132 
 278.44586  357.29712 
 358.27527  357.0423 
 384.91736  357.94949 
 445.01074  356.98233 
 368.00354  358.3335 
 503.16571  358.41919 
 605.58813  357.08624 
 383.83768  358.91672 
 556.89276  359.26767 
 432.1676  359.71124 
 391.21921  362.52048 
 590.49591  362.39127 
 346.89307  364.25836 
 425.38123  363.37616 
 454.44232  363.19257 
 514.46692  363.48734 
 568.08759  363.77341 
 600.91113  363.79321 
 611.17657  364.18665 
 463.05359  364.63666 
 574.24158  365.22653 
 594.78821  365.59988 
 673.55371  365.53598 
 441.98978  366.05496 
 529.62183  366.38773 
 581.10065  366.59836 
 407.18158  367.77521 
 503.3884  368.08624 
 679.3974  368.48129 
 420.86243  370.48749 
 477.12524  368.40213 
 414.60889  370.42731 
 606.79565  370.12354 
 121.79095  371.09357 
 324.0032  369.84729 
 464.52194  370.86755 
 597.6886  372.29175 
 306.80771  371.97363 
 436.13571  372.09937 
 457.97986  372.27423 
 556.07739  371.53494 
 582.88123  371.70917 
 493.09067  373.00174 
 498.89136  373.40027 
 524.08014  372.64941 
 610.61932  373.77774 
 314.38016  375.15543 
 379.76202  373.85794 
 405.67294  373.4451 
 472.77515  373.57614 
 588.19537  373.88248 
 284.75729  372.54163 
 563.23779  373.98788 
 389.69363  375.54239 
 417.03958  375.90036 
 607.36517  375.62152 
 321.04199  377.05487 
 384.23877  376.75351 
 442.82321  376.72995 
 341.70639  376.05402 
 437.03854  377.67236 
 502.21347  377.56122 
 421.33191  378.87997 
 450.12155  380.02402 
 519.93048  380.85776 
 373.31726  379.99963 
 430.75406  380.41324 
 467.42072  379.89154 
 555.97858  380.37521 
 586.53687  380.3667 
 307.14511  381.26917 
 491.3237  380.70511 
 548.30988  380.84427 
 593.21075  381.79959 
 402.08072  383.44226 
 511.22089  382.58673 
 531.49091  382.88898 
 563.22424  383.51276 
 376.93759  383.8623 
 571.06201  385.06268 
 41.156147  384.96942 
 282.92828  385.26871 
 407.30682  384.61105 
 435.72064  385.00125 
 550.88361  387.08185 
 426.59067  385.78217 
 46.408669  387.45901 
 395.17801  386.39642 
 411.90079  387.09995 
 430.87512  388.46332 
 402.21432  388.97263 
 417.21164  388.9989 
 297.96158  387.74435 
 378.86432  390.17081 
 447.76587  390.78018 
 553.20776  390.72675 
 558.38336  391.12253 
 422.62567  391.89478 
 357.04742  393.42651 
 452.63303  394.23495 
 480.86047  393.50833 
 572.36676  392.64386 
 431.46851  393.70651 
 577.99463  394.00732 
 436.17041  395.1171 
 486.28177  394.46863 
 378.2673  397.51553 
 392.37723  396.47284 
 492.94724  396.63507 
 302.00598  398.47214 
 482.97406  399.49466 
 580.37561  399.36356 
 336.23697  399.90866 
 385.30051  399.31018 
 551.79218  400.18347 
 417.20193  401.37381 
 498.10925  401.04956 
 524.66339  400.94702 
 475.68774  403.08295 
 570.74115  401.56308 
 468.72739  403.00159 
 542.59619  402.85474 
 559.05469  401.61227 
 391.87982  403.94598 
 421.9762  403.59747 
 575.22186  403.89911 
 330.70844  405.1705 
 340.61743  405.10632 
 473.32706  405.19128 
 512.93854  405.19373 
 565.10248  405.04153 
 374.8537  405.15231 
 382.6947  406.10596 
 397.11288  407.00589 
 458.38739  406.62494 
 335.90302  409.15756 
 464.98993  408.26678 
 555.12262  408.27213 
 402.38153  408.79535 
 443.08514  409.10025 
 484.31235  408.97845 
 423.01956  410.46069 
 497.6861  410.2597 
 518.5072  410.24274 
 313.79886  411.26868 
 357.90573  410.03864 
 408.05173  411.33249 
 450.47424  411.04831 
 577.36432  410.79547 
 588.06049  410.51874 
 595.31329  410.33142 
 376.54654  412.31186 
 471.74484  411.95584 
 523.29285  412.29364 
 532.41766  412.29712 
 565.64966  411.89529 
 555.09381  413.21674 
 430.8136  413.98755 
 512.11115  413.88104 
 570.7569  414.25757 
 365.26599  414.07642 
 458.90012  415.48071 
 394.13528  416.02393 
 414.60501  416.229 
 500.2572  418.18091 
 516.03357  416.0705 
 559.40533  416.27872 
 356.95422  417.69519 
 463.62714  416.51111 
 541.76331  416.16431 
 443.76172  417.99265 
 507.80521  418.34531 
 548.06757  417.93234 
 232.90491  419.21722 
 523.7467  419.19104 
 591.56384  419.26663 
 383.89789  419.79706 
 468.60779  420.23517 
 237.84065  420.74121 
 346.86398  421.37939 
 554.29077  421.51456 
 571.30585  421.12546 
 364.7334  421.64804 
 416.69943  422.10333 
 502.60516  422.37625 
 514.73944  422.11182 
 537.3811  421.99176 
 324.96039  423.45633 
 333.29184  422.89365 
 423.17572  422.65146 
 430.99152  423.6908 
 341.92786  424.17383 
 369.04385  424.14499 
 440.07135  424.37741 
 486.43851  424.96808 
 507.65854  423.66644 
 585.27472  423.79166 
 598.26459  423.68942 
 473.32196  424.75381 
 398.6304  425.89081 
 450.90997  426.01016 
 457.36453  425.45044 
 546.70618  425.75662 
 377.10254  427.44656 
 462.56531  427.6731 
 514.10968  428.03781 
 571.24066  429.9783 
 591.03278  426.22015 
 437.88937  427.19623 
 491.72806  429.76004 
 342.15298  431.34848 
 454.94742  431.0462 
 469.20029  431.99194 
 523.04901  430.31247 
 572.45361  432.3194 
 350.39291  433.01297 
 445.88794  434.08371 
 497.12839  432.57932 
 503.45795  433.57751 
 389.86386  434.01279 
 419.90756  435.60977 
 462.81503  435.37341 
 183.56064  435.57455 
 360.392  435.20688 
 377.36426  435.7218 
 402.72021  432.9971 
 445.08966  435.1474 
 477.58124  435.30103 
 438.80847  435.80237 
 397.11551  437.85846 
 411.48221  437.32773 
 188.67625  437.492 
 432.27374  438.86188 
 451.11896  438.73553 
 584.03748  437.54382 
 383.8855  440.77509 
 103.61447  441.52588 
 436.04547  442.00745 
 492.12436  442.1911 
 107.86788  443.24454 
 427.61511  442.98532 
 510.64618  442.71597 
 589.38391  444.32813 
 439.36447  444.60864 
 457.15295  444.84537 
 431.51297  447.10196 
 481.67221  447.67917 
 407.66504  448.85239 
 469.64102  449.12823 
 441.36035  449.77548 
 416.37982  451.0267 
 502.37973  451.00003 
 509.1463  452.25793 
 449.12494  453.40543 
 476.87213  452.88919 
 587.60681  453.10461 
 434.73749  454.34384 
 592.7619  456.1236 
 416.82047  458.28412 
 452.29318  457.90488 
 489.24503  457.85431 
 403.5408  458.9425 
 429.0834  459.21893 
 456.97757  459.82001 
 588.89252  459.85422 
 435.87613  462.73138 
 412.94635  462.74579 
 445.5249  462.02191 
 418.92038  463.77997 
 432.54236  465.04147 
 481.44022  464.80261 
 404.75845  466.73315 
 494.73956  465.6752 
 458.1105  467.15295 
 486.77856  466.61655 
 586.77283  468.2627 
 451.80441  468.45364 
 531.93518  467.79037 
 594.00739  468.49121 
 427.97372  470.14218 
 436.12125  469.86899 
 447.16629  469.5498 
 420.50198  469.95325 
 476.1041  474.20752 
 523.56622  472.04013 
 411.60251  472.83716 
 442.36829  472.65622 
 457.46451  473.74023 
 503.74878  473.03192 
 475.86212  476.43234 
 529.99713  475.87936 
 426.97086  477.54355 
 518.22937  478.30643 
 539.2464  478.8197 
 594.7879  478.15396 
 407.87683  479.14496 
 507.36319  480.07852 
 431.01926  480.34299 
 593.32904  479.97849 
 524.95282  481.21878 
 484.57196  482.58578 
 496.80682  482.60785 
 453.93823  483.80719 
 501.32544  484.47595 
 490.85809  486.40576 
 521.93793  486.9187 
 536.28693  488.22665 
 547.99951  488.5014 
 587.8681  486.77661 
 535.3172  488.04224 
 527.69202  489.36728 
 547.18762  489.51053 
 594.46771  490.56464 
 507.10175  490.8443 
 569.91907  493.00104 
 489.87656  495.28543 
 507.55103  493.71338 
 537.85657  494.82446 
 581.4693  495.19507 
 760.81  496.00732 
 523.8985  499.74628 
 476.51563  499.83154 
 563.00189  500.1214 
 567.47961  502.38852 
 484.88513  502.71344 
 534.38928  503.2171 
 530.10406  507.79916 
 498.66339  509.35364 
 504.84787  511.08167 
 533.93463  511.08807 
 539.29156  510.60254 
 466.00333  511.76764 
 530.79388  514.01849 
 488.39169  516.17224 
 535.84515  516.48132 
 497.01578  518.45966 
 204.29578  529.7522 
 208.61308  535.98846 
 188.73982  538.38715 
 198.89909  538.94708 
 224.67409  538.30188 
 215.44388  541.23395 
 205.42815  544.56567 
 186.94118  544.95636 
 194.43323  545.72601 
 209.37823  547.9632 
 222.10239  550.6344 
 229.27498  551.1402 
 207.18387  554.18988 
 131.09744  556.52893 
 178.20264  555.5553 
 191.05562  556.86084 
 183.9346  560.15149 
 198.06511  559.01624 
 220.00797  558.95544 
 190.7869  565.04169 
 212.95732  563.83881 
 215.76761  564.78491 
 163.79436  565.86444 
 181.5972  566.10797 
 223.32803  566.80542 
 147.65982  566.62189 
 195.54839  568.57623 
 154.86172  568.37976 
 217.58678  571.66333 
 36.940186  576.11066 
 154.59885  576.112 
 212.84615  576.50122 
 29.376997  576.91467 
 182.30537  577.55328 
 232.75435  578.20441 
 148.52397  581.50732 
 207.87354  581.0448 
 258.91837  580.65656 
 35.573967  581.8916 
 264.52206  582.25641 
 30.718351  582.44275 
 40.174206  583.41455 
 166.39851  583.61823 
 173.93892  585.69867 
 31.591595  586.45361 
 180.92853  588.724 
 207.15552  586.8302 
 47.895916  593.8692 
 207.69441  594.75128 
 201.59779  598.01025 
 103.35064  598.57916 
 148.94292  599.78845 
 167.13036  600.9812 
 185.16589  600.89313 
 191.4704  601.12976 
 137.53883  601.81598 
 173.68776  602.19269 
 310.25296  604.89374 
 809.65442  603.60883 
 169.95613  605.8219 
 153.00403  607.89594 
 162.96936  609.0108 
 158.02422  609.63904 
 48.48925  611.28119 
 132.11026  610.95465 
 146.72934  611.23718 
 165.9799  612.33087 
 542.20972  613.59943 
 171.35381  616.73956 
 48.1712  614.98352 
 162.96779  615.1333 
 167.45575  618.44684 
 55.176147  617.776 
 120.2119  619.51202 
 148.23457  620.336 
 127.32332  621.70581 
 176.74974  622.22772 
 163.62978  623.40088 
 56.466789  625.94019 
 368.01691  626.36713 
 754.94019  626.77747 
 72.089203  631.31293 
 141.66216  629.96289 
 235.46178  631.0575 
 264.61789  631.52057 
 148.55383  632.26544 
 59.771019  633.67206 
 373.06091  634.28882 
 144.10019  636.76709 
 367.58276  638.1543 
 208.01563  638.51019 
 268.74582  638.60651 
 562.62579  638.92487 
 301.30139  639.80957 
 60.343136  642.48169 
 144.59987  642.77625 
 386.85413  642.06818 
 136.85201  642.62555 
 66.315376  643.48511 
 175.4203  643.41766 
 365.97635  644.8382 
 182.07471  646.30096 
 60.737137  647.65723 
 370.76401  647.67145 
 392.43396  649.66718 
 374.91846  649.95789 
 409.5275  649.9361 
 163.3138  651.42908 
 172.49603  650.68341 
 362.97696  650.65796 
 89.737854  653.27881 
 558.56354  652.91595 
 178.67192  654.13074 
 368.17188  653.97736 
 566.75397  652.95483 
 73.802994  655.33307 
 120.00546  654.74518 
 341.19339  655.63397 
 78.986755  657.22388 
 346.58603  657.24048 
 67.959106  658.09521 
 106.64245  658.39984 
 116.92741  658.04846 
 277.5412  658.02252 
 394.11407  657.86023 
 123.29298  659.2403 
 111.50927  659.44385 
 326.73865  660.14001 
 336.95694  660.28748 
 234.09195  661.32587 
 297.6199  661.78265 
 576.52917  662.4176 
 141.28377  663.18597 
 375.09146  662.62848 
 424.68164  663.46729 
 157.20554  663.90186 
 333.01773  664.08722 
 341.0932  664.21497 
 119.6918  664.58612 
 125.50814  665.12561 
 146.09843  666.0152 
 106.36082  667.34521 
 359.49213  667.21338 
 384.18857  666.8927 
 137.12183  668.13971 
 230.4064  668.02612 
 320.80786  667.87463 
 110.96662  669.48914 
 296.9758  668.48529 
 126.49655  56.13921 
 76.507957  57.612652 
 442.24408  82.133476 
 420.26218  124.75763 
 381.21118  139.89728 
 564.87872  145.87047 
 356.96442  164.91388 
 540.98663  167.33917 
 692.19867  174.26172 
 337.09436  176.94838 
 504.59589  189.69016 
 707.84717  191.11058 
 322.13278  191.53134 
 466.16815  192.5994 
 470.80353  212.87857 
 283.19098  216.50174 
 489.12537  223.71681 
 511.09045  229.51096 
 267.66394  230.91281 
 543.60016  237.71936 
 273.06918  238.86763 
 531.55048  243.76744 
 525.25214  245.68694 
 374.11594  261.51572 
 270.07156  265.42499 
 557.90552  270.7883 
 501.89331  278.77072 
 351.3053  279.94147 
 569.22559  288.72293 
 437.323  292.21692 
 501.58463  294.98138 
 360.73322  307.68872 
 534.43799  309.75885 
 281.45676  313.25754 
 349.06827  312.78607 
 270.92029  338.18057 
 574.29053  337.69641 
 351.61926  352.11801 
 550.716  355.98636 
 420.67075  356.34061 
 286.86832  358.58228 
 417.08466  362.89368 
 495.23431  365.48184 
 405.32996  371.06863 
 428.08209  373.36594 
 436.42432  375.24973 
 372.37885  377.16467 
 458.45798  377.78848 
 407.84979  382.36728 
 813.05701  382.94754 
 306.06461  384.90549 
 458.14117  385.64743 
 498.46826  389.78152 
 445.01932  392.20215 
 463.56934  397.35303 
 403.00122  399.02713 
 479.54779  398.66992 
 490.42761  406.37915 
 328.98767  407.62616 
 253.61339  424.76944 
 539.50098  424.8439 
 391.944  426.34125 
 592.47717  434.99466 
 598.93555  445.43683 
 602.67944  464.5405 
 779.71393  468.37857 
 597.15417  498.77304 
 547.80463  515.50586 
 573.74915  575.44775 
 189.29161  583.8327 
 608.9826  587.43506 
 172.09935  595.14642 
 820.01538  611.13818 
 139.35155  613.2962 
 187.13309  617.23792 
 155.03987  623.00952 
 747.83667  623.98511 
 382.22385  630.37659 
 308.61011  632.47064 
 363.92407  632.17957 
 758.99677  637.48242 
 287.76654  643.14502 
 355.40936  644.74066 
 168.05049  649.31848 
 194.1008  655.15753 
 76.054962  43.127331 
 56.730354  44.199039 
 88.418243  47.54084 
 46.564148  57.922947 
 66.006393  59.27597 
 246.30498  75.889206 
 252.34886  78 
 428.90244  104.09116 
 425.78064  128.85802 
 388.6293  143.14024 
 437.0632  154.48927 
 408.19608  155.62762 
 368.86411  162.39514 
 615.32184  161.65192 
 621.46234  163.83121 
 475.95697  165.07951 
 373.28833  166.84666 
 427.94583  167.33311 
 365.05997  168.83444 
 383.11804  169.22508 
 477.86105  172.66187 
 423.6192  174.1319 
 435.76978  179.45647 
 464.10178  181.99353 
 337.35733  186.88107 
 373.02042  195.95819 
 383.43967  195.52489 
 479.96545  195.96011 
 381.63126  197.40657 
 306.98941  199.957 
 328.38559  209.95761 
 492.77734  210.56998 
 478.69241  214.60948 
 489.7283  218.09627 
 322.08292  220.48972 
 347.92209  219.75664 
 361.22791  222.14543 
 481.81146  222.44707 
 327.47195  224.95216 
 502.71332  223.69775 
 387.60696  225.1006 
 350.09668  226.38625 
 416.9783  225.6382 
 321.41571  227.6088 
 393.8717  228.45779 
 355.11847  230.08742 
 359.80911  235.27322 
 311.72171  235.49309 
 483.82059  237.03845 
 296.07498  238.03758 
 302.84317  238.38498 
 288.59335  240.17767 
 343.4357  239.50015 
 333.48657  241.39561 
 279.72507  243.02034 
 394.37534  242.90665 
 408.67441  243.52031 
 498.74014  244.56773 
 399.46338  247.65414 
 546.02368  250.39775 
 390.20737  250.60197 
 554.2168  254.63371 
 343.48422  253.81227 
 424.39523  256.55954 
 358.47595  257.86472 
 452.34164  258.08313 
 411.67603  259.60538 
 458.26282  261.03055 
 316.60541  261.76471 
 515.27429  266.1579 
 331.39624  267.17334 
 318.49261  269.08746 
 337.88101  271.44843 
 348.3222  271.50601 
 532.48987  274.21603 
 550.43671  273.39209 
 415.94797  275.8096 
 422.76605  275.89664 
 53.092838  276.79245 
 331.52859  276.69421 
 338.05328  280.29178 
 512.36163  279.8175 
 313.34406  281.35498 
 416.03882  282.98187 
 528.26349  284.89557 
 500.87244  287.44794 
 546.90686  287.8024 
 316.92227  289.53149 
 466.09207  288.75165 
 155.53683  289.6933 
 284.57159  289.81378 
 412.77438  290.18103 
 456.90903  292.37424 
 334.18869  295.35114 
 508.51318  297.53503 
 277.2551  301.88797 
 478.69037  300.9238 
 372.79251  302.63489 
 427.63101  302.95001 
 142.89673  305.61801 
 403.41031  305.28879 
 442.75293  305.8204 
 526.72534  306.04767 
 147.9552  308.07309 
 342.31607  313.10239 
 527.6225  313.38354 
 364.32523  324.76059 
 279.34387  329.5864 
 439.41055  330.19363 
 381.35797  330.66827 
 404.57086  333.52176 
 291.12976  335.52518 
 447.29022  337.2785 
 453.52908  340.77301 
 276.07147  343.52612 
 326.44202  343.66891 
 382.33099  342.16348 
 429.00534  346.82919 
 489.26413  347.03378 
 371.39893  348.19098 
 590.21924  351.83707 
 412.60986  352.19699 
 479.49945  351.84634 
 465.83221  353.7587 
 564.16772  354.23837 
 590.84839  353.5838 
 367.51727  358.55026 
 556.81824  359.21127 
 602.77301  366.65414 
 575.2287  364.75073 
 594.66888  364.87848 
 679.67041  368.63907 
 464.30872  371.35608 
 582.11688  371.82211 
 523.93298  372.56073 
 379.44547  373.92117 
 492.60135  374.04056 
 498.93051  373.53699 
 588.72528  373.6019 
 390.62778  376.13986 
 321.21075  378.14127 
 502.86661  377.80225 
 421.17099  379.30579 
 547.61188  380.7467 
 586.14313  380.84311 
 593.37531  381.9538 
 377.13776  383.20392 
 531.45709  383.00027 
 426.03418  384.8584 
 411.70737  387.27304 
 47.056656  387.55649 
 402.19992  388.09741 
 417.21515  388.30728 
 379.49567  389.76517 
 487.34338  392.29837 
 572.11652  393.46954 
 429.61795  394.29382 
 578.43433  393.49536 
 480.29141  395.08136 
 392.70428  395.94708 
 492.75803  396.34677 
 581.1618  399.02975 
 336.14856  399.978 
 416.60519  401.88895 
 422.56055  403.19913 
 565.32404  404.22546 
 575.3407  403.91586 
 341.59747  404.7912 
 382.16956  405.99579 
 397.04343  406.30014 
 464.9169  408.28067 
 450.50595  410.54074 
 517.68237  410.25079 
 314.05817  411.12759 
 376.53717  412.44803 
 523.31366  412.33575 
 565.25903  412.07605 
 533.01239  412.86044 
 570.98761  414.44901 
 414.51141  415.02457 
 458.59344  415.43561 
 444.21936  417.36075 
 548.62018  417.60516 
 559.54041  416.67142 
 525.7608  419.04483 
 468.26505  420.24039 
 571.84845  421.04803 
 363.83444  422.39905 
 416.32819  422.60834 
 584.11768  422.51175 
 325.35428  425.03574 
 398.99725  425.69138 
 451.21036  425.69199 
 546.99481  425.96402 
 462.53464  427.09656 
 455.53607  432.09903 
 183.21504  435.75299 
 438.72516  436.26633 
 189.71593  437.7002 
 103.61157  441.32001 
 456.91629  445.37207 
 431.83627  446.85406 
 469.25543  449.73889 
 441.90729  450.8931 
 501.88058  453.34393 
 509.38913  452.18097 
 585.88135  452.06659 
 449.39389  452.9986 
 428.81003  459.3042 
 411.94467  461.97205 
 481.22845  464.76727 
 458.44867  466.55261 
 532.31311  466.78586 
 594.44751  469.14142 
 435.82333  470.40884 
 411.89246  472.36832 
 523.22919  471.82733 
 456.93207  474.35458 
 431.93481  480.31851 
 497.3447  481.66101 
 525.11444  481.97034 
 520.11414  486.25912 
 569.55963  492.75787 
 581.88922  495.3407 
 505.81442  510.83206 
 539.2793  511.86099 
 208.65977  536.91034 
 229.97128  550.65149 
 190.87189  555.992 
 163.71284  565.23737 
 264.9603  582.30536 
 103.79054  598.90234 
 166.74611  601.07336 
 171.09451  605.1275 
 152.69347  607.05609 
 132.8858  609.7511 
 158.21906  609.55939 
 176.446  622.96973 
 163.78888  623.9696 
 56.601723  626.50549 
 755.41418  627.16327 
 149.32594  633.06226 
 372.98102  632.1723 
 66.894554  642.88843 
 362.22607  650.55054 
 375.31293  650.46667 
 368.34955  654.30768 
 347.43881  656.07526 
 76.526176  58.475418 
 434.94339  78.548302 
 546.76105  85.517212 
 554.26984  88.744675 
 712.1438  88.852974 
 538.49695  90.17749 
 420.53821  124.31669 
 601.55707  133.31046 
 412.29846  136.52513 
 610.33356  137.0891 
 420.80594  138.30997 
 379.94901  139.56117 
 415.64291  145.44934 
 396.0983  145.56953 
 542.60016  146.22212 
 564.95233  146.40176 
 377.7218  148.55048 
 523.12585  151.87827 
 558.92267  154.45294 
 360.54315  155.1456 
 533.02094  155.30141 
 424.00757  156.24487 
 543.26678  156.96831 
 382.13663  160.97585 
 566.93793  160.85361 
 411.81772  162.66307 
 333.9819  165.145 
 396.53616  165.35515 
 355.84186  166.17058 
 404.13693  169.92694 
 324.27823  175.11055 
 376.17877  174.23146 
 412.16995  174.25449 
 692.62524  174.28687 
 336.6329  175.76396 
 357.47903  176.59705 
 427.3587  179.66241 
 385.3334  180.41998 
 504.30167  180.80876 
 364.33078  182.54283 
 408.71896  183.3663 
 479.21466  182.79266 
 716.57599  183.17993 
 316.61795  185.59943 
 345.89383  186.05377 
 356.49048  188.11273 
 375.60678  188.03592 
 424.83466  189.96237 
 504.68799  190.44821 
 323.71964  191.26906 
 365.48834  192.0062 
 400.65906  192.41133 
 473.91763  192.29181 
 416.86066  192.80028 
 464.90146  195.21492 
 350.16766  197.07475 
 334.01004  199.91663 
 358.06042  199.60091 
 392.27374  199.4807 
 294.70749  203.38882 
 342.15753  204.43877 
 368.14853  203.66882 
 476.71588  203.7063 
 377.44409  206.6871 
 485.03412  208.07925 
 307.34598  208.93896 
 352.31155  209.30402 
 385.59534  209.20366 
 469.79459  213.43816 
 360.73929  214.04123 
 291.07022  214.78064 
 317.93362  215.36487 
 340.86887  215.84747 
 299.97787  217.64705 
 490.13074  222.69202 
 291.50723  224.13713 
 300.60666  225.74884 
 312.48605  224.8013 
 275.71515  226.95522 
 510.75229  228.34195 
 266.77432  231.2334 
 282.47031  232.21571 
 480.36179  232.32526 
 420.61823  233.76579 
 437.0112  234.09067 
 526.77271  233.86324 
 328.14563  234.94521 
 490.57605  235.52931 
 542.95508  237.4846 
 272.08743  238.59639 
 428.51456  241.03267 
 320.90884  241.55511 
 444.70508  245.44092 
 507.35779  245.20377 
 527.57288  245.43787 
 477.37436  247.1259 
 486.42615  248.83757 
 314.59381  250.85799 
 277.31393  253.15561 
 333.69241  252.63568 
 405.74081  253.45917 
 323.25183  254.04045 
 501.01965  255.1604 
 479.69998  256.19476 
 332.31671  257.94342 
 563.22791  258.91855 
 571.95459  259.29172 
 374.36563  260.34262 
 383.74445  260.66293 
 269.75183  263.89532 
 351.59393  263.96921 
 492.94553  264.53375 
 476.75577  268.0835 
 375.28836  269.3804 
 502.01904  268.74695 
 510.27173  272.20383 
 275.40393  273.17603 
 325.32199  272.46927 
 565.46588  273.78693 
 487.99915  276.93076 
 369.84793  277.64923 
 351.42813  280.33777 
 497.62616  280.15088 
 377.56802  281.28159 
 321.83603  281.67749 
 277.09622  282.51761 
 422.99893  283.35583 
 536.59888  282.69977 
 431.07285  286.25504 
 328.18411  287.17422 
 568.21643  286.70566 
 353.26779  287.61285 
 509.26193  288.99759 
 338.6662  289.58643 
 348.38385  291.29538 
 418.72583  290.93695 
 485.34943  291.46399 
 471.42709  291.77347 
 518.69354  292.68677 
 552.53223  292.59384 
 425.60782  294.56088 
 272.73209  295.00552 
 370.12753  295.38452 
 500.62558  296.14307 
 378.57642  297.11325 
 527.32159  297.21045 
 289.27161  298.24112 
 465.81305  297.94009 
 279.57336  299.13144 
 432.69653  299.45575 
 448.34882  299.81134 
 346.12064  302.6488 
 514.79102  303.49835 
 551.17255  305.00134 
 359.50424  306.52356 
 349.95425  311.20279 
 366.14584  310.77405 
 533.31891  311.35406 
 468.22049  311.87128 
 477.72064  313.52631 
 542.26636  314.45984 
 281.7872  314.95541 
 371.77502  316.09714 
 458.36334  316.82034 
 485.21051  316.61591 
 273.23337  317.96301 
 342.20212  319.90335 
 281.26996  321.55423 
 356.21039  323.45349 
 458.01559  326.48431 
 386.09497  327.19357 
 449.60287  327.95404 
 533.73657  327.67316 
 395.4649  329.30768 
 466.71219  329.26315 
 346.01566  330.21722 
 420.97632  329.89594 
 475.88199  330.47214 
 485.83514  329.76617 
 411.32996  332.01688 
 355.32416  333.3197 
 428.76923  332.90707 
 329.3736  334.11819 
 366.92191  334.76053 
 418.11331  336.57547 
 575.63031  336.71289 
 543.88232  337.80243 
 270.22607  338.85031 
 336.25574  339.16794 
 305.45105  339.87726 
 434.70108  340.28912 
 553.75867  341.03366 
 423.23669  343.40738 
 288.72324  344.03452 
 343.18445  344.16995 
 403.46561  343.98944 
 442.63611  344.8905 
 393.51425  346.19388 
 562.8316  345.54645 
 412.87106  346.90427 
 572.09039  347.76465 
 472.26855  348.62115 
 449.30185  349.7872 
 325.87595  350.7941 
 367.5231  351.39471 
 334.67633  354.50342 
 455.89902  353.98419 
 597.98975  353.65439 
 375.7551  355.00388 
 422.01517  355.12659 
 393.65796  356.04227 
 278.34183  357.67813 
 358.1524  357.48322 
 384.70529  357.69046 
 406.24243  357.88879 
 503.93945  358.6337 
 287.59048  359.63803 
 431.40079  360.44528 
 416.65192  362.08914 
 392.11148  363.33121 
 346.21619  364.0451 
 454.4201  363.44055 
 568.22906  363.71841 
 463.49557  364.61298 
 673.31934  365.06262 
 441.85538  365.64099 
 495.24265  366.0759 
 530.37476  366.43115 
 476.98547  367.37491 
 324.46463  369.1871 
 503.98947  369.16541 
 121.87296  371.15173 
 330.53064  371.45447 
 406.79541  371.20273 
 421.16602  370.80057 
 554.34564  370.5062 
 284.55588  371.60397 
 306.68799  371.67859 
 426.84183  372.25958 
 563.10706  373.2919 
 597.89014  372.73706 
 609.86719  373.86536 
 435.68527  375.31674 
 341.44659  376.00433 
 371.00122  376.39444 
 313.26489  376.89438 
 450.50259  380.26483 
 467.81293  379.88474 
 491.55652  379.84741 
 555.26935  380.46835 
 306.93884  382.39645 
 519.76086  382.00385 
 478.37515  384.27884 
 563.37915  383.72531 
 457.46494  385.32953 
 571.35992  385.45447 
 393.47232  386.54419 
 500.05469  388.54129 
 549.75342  388.99863 
 557.99255  391.51471 
 290.28464  392.72195 
 422.79401  392.7193 
 444.26486  392.57816 
 452.76031  394.86014 
 378.09415  397.41339 
 301.97034  397.80109 
 463.70016  398.49744 
 524.76672  400.33603 
 404.97897  400.60791 
 550.73822  400.63211 
 558.74786  401.07001 
 373.05206  404.53406 
 457.75342  405.74435 
 489.6738  405.64069 
 336.11743  409.0163 
 356.47537  408.68262 
 441.50089  408.84146 
 596.25165  409.2569 
 497.715  410.09695 
 422.36801  410.53149 
 407.14786  411.65073 
 472.89798  412.0947 
 579.0434  411.68237 
 364.85742  413.78885 
 430.60233  414.39249 
 230.63177  414.54321 
 541.59131  415.20868 
 394.04697  416.1994 
 356.34668  418.39383 
 383.19858  418.43332 
 499.42731  419.40536 
 591.4989  419.50775 
 423.76669  421.7211 
 474.18179  424.16568 
 507.36749  423.2446 
 599.42987  424.12988 
 253.242  424.87531 
 485.82483  424.91492 
 538.43695  424.64575 
 436.7012  426.45081 
 515.06335  426.87326 
 523.12732  429.3804 
 570.78381  429.79706 
 341.64621  431.95859 
 389.76291  433.57269 
 403.51816  432.72095 
 468.61438  432.62711 
 359.31149  435.4451 
 479.09366  435.13882 
 503.61334  435.06833 
 593.07794  435.31653 
 376.69324  436.10168 
 420.55505  436.19339 
 411.54108  437.17865 
 397.45572  438.78644 
 451.3526  439.1467 
 383.87222  441.97308 
 492.0795  441.75262 
 588.75909  443.35648 
 598.88226  445.71631 
 482.17435  447.78571 
 407.58786  449.12875 
 416.90036  451.49634 
 785.39453  453.30096 
 435.51767  455.18079 
 591.88892  456.85056 
 488.5769  457.88586 
 445.5062  461.09808 
 436.27457  461.8754 
 602.47095  464.53616 
 404.27426  465.5524 
 495.32828  465.94574 
 778.98303  467.7063 
 419.42361  469.89407 
 585.62689  470.08743 
 428.9743  470.56766 
 443.11465  472.15591 
 504.49393  472.17758 
 476.68686  474.47717 
 466.96078  474.71201 
 530.6424  475.8714 
 595.61487  476.17737 
 539.17169  478.50787 
 508.10236  481.30679 
 483.71753  482.474 
 517.31384  481.68765 
 453.33405  483.67731 
 491.18164  486.43982 
 586.55939  485.96017 
 527.16809  488.51114 
 537.02655  488.70032 
 548.315  489.03305 
 594.24457  490.64377 
 507.35913  494.5921 
 475.75894  500.41034 
 523.68726  500.319 
 485.00488  503.20282 
 534.1521  503.59766 
 497.88733  508.92184 
 466.10342  511.04431 
 547.64221  515.12939 
 487.95227  516.50055 
 497.60037  520.23792 
 204.59818  528.50098 
 225.71275  537.36725 
 187.12495  538.89014 
 215.45544  542.70453 
 207.339  544.94763 
 195.25784  545.73456 
 177.34219  552.4314 
 220.68886  554.70813 
 131.21016  556.89978 
 198.54677  557.76666 
 212.89984  562.19287 
 190.1232  565.06903 
 147.82536  566.41461 
 155.20778  568.21564 
 223.10745  567.56952 
 203.71896  572.14459 
 154.9481  576.66162 
 182.47801  577.74878 
 232.75075  577.93262 
 165.52592  582.34406 
 147.98207  583.16681 
 207.33328  583.51953 
 173.57236  585.08679 
 608.67029  587.33954 
 181.43947  588.99115 
 172.0899  595.79144 
 151.04092  599.21906 
 201.03157  598.64984 
 183.25034  600.47217 
 310.67877  604.83405 
 819.70679  611.05408 
 144.52481  612.47913 
 542.20129  612.65381 
 162.26004  613.71313 
 188.7518  615.94885 
 171.82608  616.68866 
 119.44274  618.8136 
 819.05609  621.00995 
 128.35071  621.5271 
 156.85374  623.12854 
 747.29779  624.02509 
 140.63478  630.66547 
 264.13763  631.03119 
 308.82303  631.49933 
 363.43506  631.74103 
 382.09579  631.58899 
 60.447559  633.47449 
 72.704903  633.54993 
 271.98254  635.66229 
 551.62817  635.4447 
 222.85521  638.01013 
 758.651  637.97296 
 563.96729  639.56085 
 386.85745  641.28741 
 429.00812  103.76865 
 388.04233  141.68848 
 476.84442  171.21286 
 337.17041  186.92821 
 493.44489  210.30754 
 478.62665  220.05734 
 386.87814  224.16823 
 417.30328  224.35667 
 334.40805  240.34149 
 398.01083  247.8185 
 544.72046  249.51456 
 423.8085  256.28369 
 451.51682  257.38739 
 316.31256  264.77026 
 331.41867  275.55093 
 285.20764  288.22122 
 316.14621  289.04825 
 525.37659  305.56094 
 480.45627  352.83777 
 575.94098  363.88718 
 593.57336  364.66943 
 523.36816  371.98611 
 580.50995  372.20493 
 593.00366  381.51077 
 402.10413  390.33862 
 566.05396  402.61743 
 449.83011  410.62936 
 549.27008  416.33295 
 410.34103  423.83301 
 460.87744  425.759 
 182.37346  435.70892 
 432.10587  440.94687 
 522.03766  471.13943 
 453.74457  473.24661 
 587.22198  493.32248 
 538.07642  512.1535 
 135.46689  640.71918 
 600.75568  132.05688 
 530.56616  138.1064 
 611.87976  137.50708 
 543.05963  146.5981 
 522.40985  152.55144 
 360.03372  154.47679 
 565.90387  158.39015 
 394.01328  166.01263 
 352.27771  170.42397 
 404.09619  170.69078 
 427.54715  174.13383 
 323.36349  175.35989 
 338.03452  175.76711 
 386.13303  180.05724 
 503.75418  180.35008 
 362.54889  182.12189 
 356.36252  188.8831 
 375.11807  189.37112 
 403.07468  191.91626 
 328.34302  195.46336 
 357.46933  196.11505 
 391.56979  198.5798 
 341.20447  202.67178 
 475.08481  201.13315 
 294.63889  203.73969 
 376.56708  204.50299 
 308.06262  208.86359 
 351.38528  207.85117 
 327.37515  211.38484 
 287.0582  219.63109 
 299.59372  223.16257 
 327.28427  223.59927 
 512.09039  225.16013 
 312.33661  231.01653 
 347.41031  231.7251 
 525.80457  232.32628 
 437.83014  233.11586 
 476.44153  236.70692 
 490.38684  237.813 
 323.06577  247.94331 
 279.18509  252.32913 
 333.89072  254.67177 
 480.49243  254.67293 
 375.65479  256.47305 
 404.67462  255.13567 
 499.6871  255.78316 
 320.47943  258.25134 
 493.75949  260.72409 
 268.52948  263.32126 
 349.85254  264.83185 
 472.76651  270.38275 
 565.62262  271.79608 
 486.94229  275.18887 
 278.30591  277.59277 
 307.79474  278.01154 
 321.38364  280.14371 
 368.18283  279.70123 
 500.13705  279.82996 
 352.13098  282.98737 
 539.42511  284.29175 
 565.91888  287.63931 
 485.59103  290.06833 
 519.19592  290.55869 
 326.45776  292.18326 
 338.63333  292.79037 
 551.82635  291.09726 
 272.01019  294.2323 
 369.29672  294.06638 
 467.20016  294.8429 
 423.27444  295.57669 
 285.26855  300.10428 
 446.72394  300.29346 
 477.57468  301.57867 
 513.72314  303.9621 
 551.95068  305.80814 
 467.10779  311.33728 
 363.2356  313.96478 
 541.61371  314.52829 
 271.9567  316.41888 
 478.27448  316.31784 
 341.38153  318.58731 
 437.19748  317.77545 
 455.4032  317.26355 
 282.32214  320.60684 
 448.07394  325.43915 
 533.22058  325.35529 
 383.95078  328.19595 
 467.27829  328.87332 
 326.19516  329.64389 
 409.21307  331.2944 
 356.62894  333.76321 
 367.60947  334.7988 
 542.55682  335.46121 
 554.57745  337.33929 
 303.25583  340.0607 
 346.00555  340.22128 
 380.56372  344.13278 
 402.26343  344.23737 
 426.3812  343.11404 
 391.45435  345.82379 
 442.71881  345.4964 
 473.20935  346.10361 
 286.92386  347.25055 
 321.33279  348.83231 
 488.17557  348.92487 
 574.72742  349.319 
 366.6008  350.97144 
 411.23953  351.57458 
 333.12201  355.58725 
 504.82474  357.65109 
 393.39819  360.31708 
 430.65396  359.8587 
 346.08624  362.72763 
 419.02167  366.93829 
 445.7283  365.55191 
 478.21255  367.41858 
 549.75897  368.00745 
 306.68686  369.6792 
 326.06122  370.71747 
 121.39144  371.96536 
 502.49118  371.39157 
 562.24756  371.60229 
 610.07666  371.9303 
 340.44409  376.29324 
 434.04263  376.78268 
 491.65512  378.20557 
 467.8801  379.65579 
 308.20255  382.60495 
 518.12878  383.08524 
 387.81873  386.59232 
 543.90979  389.06381 
 504.03302  391.24384 
 464.16754  394.05154 
 477.81161  398.61716 
 521.99481  400.42508 
 547.5296  400.45944 
 335.79675  406.14862 
 416.99945  405.98239 
 597.62103  406.02451 
 497.42746  409.74075 
 407.14957  411.5058 
 227.7112  413.66174 
 366.29984  414.6369 
 474.1109  414.6077 
 394.58051  416.85788 
 576.14697  415.99841 
 519.92725  418.53638 
 381.58234  419.81598 
 423.80392  420.66766 
 589.95709  419.70599 
 486.34262  422.43457 
 506.34131  423.30646 
 436.58521  425.28516 
 381.38763  425.47467 
 594.68188  434.61304 
 356.36578  436.71991 
 466.36026  434.93231 
 492.68195  440.25677 
 479.55066  444.73245 
 406.42621  449.30093 
 782.1687  452.22043 
 435.25208  456.05673 
 484.44431  458.75778 
 590.44031  457.0798 
 447.13477  459.27753 
 403.24796  464.63535 
 495.53281  465.66898 
 778.93073  466.64212 
 417.03055  469.14862 
 506.96649  470.14822 
 581.88086  474.03796 
 540.25781  476.62625 
 595.47748  476.00159 
 511.4668  482.38202 
 490.96262  485.30301 
 525.43951  486.96579 
 593.43536  488.45309 
 537.16187  489.68152 
 548.91992  490.61935 
 473.72412  498.94003 
 485.03601  502.81537 
 520.51825  502.46265 
 534.10461  506.40073 
 497.12125  507.49728 
 549.53778  512.84656 
 499.33066  522.16919 
 204.85262  525.83026 
 196.16182  546.3396 
 179.85162  547.99286 
 213.59146  556.76593 
 185.16911  563.5285 
 221.86874  569.06042 
 232.2039  577.38708 
 182.87163  579.76764 
 207.09334  583.85229 
 608.31714  586.03625 
 543.6037  608.24915 
 429.30234  103.71908 
 476.0376  169.46172 
 577.11591  373.84561 
 570.43903  403.27527 
 182.22586  436.15085 
 601.31458  131.14755 
 529.40375  139.3401 
 543.52301  149.56621 
 361.30429  154.40933 
 563.69916  155.56723 
 507.2692  162.17188 
 395.85629  163.77968 
 428.20685  168.03218 
 322.1637  176.52025 
 346.88654  174.14787 
 387.16733  179.82431 
 503.80646  180.34372 
 485.27042  183.4234 
 360.13968  186.87059 
 375.44357  190.32149 
 326.18787  194.15263 
 390.55817  199.73764 
 292.62344  203.76582 
 309.22726  208.7412 
 478.59027  214.75751 
 326.26999  215.34485 
 283.78629  221.95659 
 298.84811  226.15675 
 526.0144  231.59288 
 349.39676  233.56525 
 472.05997  238.98785 
 487.90506  242.40608 
 282.80597  249.83698 
 321.88416  250.37827 
 481.25214  253.24402 
 335.26569  258.46735 
 350.08237  263.194 
 565.15259  270.74741 
 282.36063  273.75409 
 469.97107  273.70398 
 486.64481  278.27707 
 352.02524  282.20392 
 502.43597  282.0358 
 369.16281  285.88779 
 484.41266  287.97852 
 519.45453  288.75989 
 567.50195  288.32565 
 551.41205  289.96442 
 271.86731  294.72235 
 467.01105  294.26569 
 323.08636  295.81 
 338.90372  296.99274 
 369.45313  295.302 
 446.82407  300.29019 
 286.47601  304.23447 
 553.13354  307.14484 
 468.66193  310.3959 
 283.75848  320.37537 
 340.89566  319.40616 
 451.56122  319.87109 
 323.54904  325.91357 
 534.12714  326.96677 
 385.00522  327.56421 
 466.04608  329.43814 
 411.94693  331.56763 
 556.56866  337.00748 
 400.83221  342.1384 
 427.43039  343.34628 
 472.77591  345.46515 
 319.0437  348.14105 
 488.69031  348.52869 
 366.43091  350.24881 
 288.30908  351.61618 
 333.05939  354.05515 
 407.12051  356.93011 
 431.95175  358.30838 
 348.23257  362.4245 
 389.97208  362.91397 
 447.81729  362.27216 
 419.47211  367.1438 
 478.17474  367.86475 
 562.17725  369.47388 
 323.68909  373.56262 
 500.45224  376.21228 
 340.77652  378.1658 
 466.61801  378.68063 
 492.34589  377.30753 
 310.07156  383.51556 
 516.44873  383.52246 
 401.3309  390.99048 
 505.89261  391.52557 
 463.8663  395.47198 
 479.19409  397.97513 
 408.76413  411.45633 
 496.04269  412.29922 
 224.88269  415.33908 
 364.8631  415.1326 
 393.84442  415.36963 
 472.34164  416.15909 
 573.9353  417.95163 
 506.94519  420.89972 
 521.63904  419.12518 
 590.12445  419.49606 
 438.43033  425.0181 
 463.16052  434.17682 
 352.72644  436.74216 
 479.75076  443.8891 
 430.1236  445.02795 
 407.4422  450.22556 
 780.71899  450.59991 
 434.63022  454.28113 
 590.34497  456.80313 
 449.88266  463.42038 
 403.6218  466.58054 
 495.00815  467.09357 
 525.18274  482.09189 
 593.9201  482.34363 
 507.75381  483.91547 
 592.29419  489.54901 
 484.51825  501.39136 
 519.70215  503.37543 
 205.62842  523.0047 
 178.51764  548.73846 
 197.08864  547.85956 
 214.10843  552.37598 
 222.72639  569.49329 
 181.02365  581.87091 
 433.50925  375.79089 
 534.49353  506.12512 
 348.62302  231.41425 
 487.6843  237.37857 
 291.30408  256.34921 
 482.7601  285.19952 
 328.33725  355.39969 
 395.73184  399.01727 
 329.60562  354.69312 
