 41.616375 
 44.161736 
 31.272615 
 56.525093 
 43.64682 
 54.275276 
 113.23713 
 224.48729 
 43.612427 
 221.62114 
 242.29268 
 244.17601 
 51.059044 
 61.483067 
 235.10631 
 203.96284 
 330.74615 
 17.642591 
 42.766632 
 46.556976 
 20.121185 
 29.11837 
 17.340624 
 237.1572 
 247.80548 
 75.478035 
 180.06299 
 18.377552 
 63.543167 
 28.680616 
 26.859062 
 41.690063 
 38.89835 
 57.872822 
 37.38821 
 198.2397 
 178.47221 
 202.68564 
 286.10706 
 38.875263 
 243.48007 
 55.145847 
 210.82034 
 7.8947501 
 175.64784 
 205.95944 
 352.17715 
 216.2468 
 345.67609 
 7.2010531 
 206.64735 
 211.70253 
 355.14542 
 184.91563 
 25.358526 
 86.332878 
 32.628807 
 205.80185 
 22.784855 
 178.84567 
 43.459808 
 38.151852 
 358.26028 
 191.14894 
 27.636572 
 179.12688 
 22.408243 
 355.82678 
 13.169246 
 18.907721 
 4.5828395 
 40.556168 
 10.537297 
 20.716623 
 208.08719 
 212.65379 
 38.346127 
 217.38281 
 45.905365 
 41.908623 
 351.42554 
 3.1088583 
 47.214565 
 7.2297339 
 209.31796 
 16.969994 
 201.42229 
 9.5303249 
 19.996889 
 39.045109 
 210.79662 
 238.34076 
 19.815338 
 182.31323 
 187.35161 
 32.647915 
 182.50912 
 174.29327 
 18.022142 
 204.33769 
 195.06314 
 26.371506 
 58.130016 
 218.274 
 17.106247 
 46.263947 
 77.274719 
 150.60815 
 192.35703 
 52.098598 
 154.97507 
 220.85963 
 352.62411 
 172.49571 
 44.413822 
 62.477688 
 61.933113 
 207.14749 
 195.53113 
 43.526535 
 196.1615 
 83.412819 
 37.298908 
 341.9097 
 37.5089 
 9.4491539 
 359.67224 
 182.11862 
 2.6338406 
 222.375 
 237.12553 
 8.4213781 
 36.801876 
 27.050745 
 32.384235 
 38.590324 
 198.6524 
 223.55595 
 62.03553 
 75.998756 
 5.2636981 
 192.03471 
 39.838005 
 188.03929 
 349.0686 
 321.02994 
 60.105808 
 333.14893 
 233.22672 
 47.912785 
 245.84943 
 200.80873 
 68.864899 
 192.15024 
 11.519399 
 193.69339 
 231.02097 
 180.67468 
 23.074741 
 41.947006 
 189.58112 
 12.61723 
 228.71928 
 13.407831 
 233.59067 
 351.74496 
 200.16783 
 239.17755 
 44.60886 
 47.139145 
 231.16446 
 45.699978 
 65.024864 
 217.59717 
 79.524437 
 249.64804 
 20.981646 
 237.24052 
 14.989982 
 78.900253 
 47.551014 
 182.03731 
 15.81623 
 211.5085 
 11.023176 
 25.61792 
 204.5658 
 17.600267 
 201.22516 
 8.4612513 
 54.548519 
 27.303562 
 36.790695 
 205.0291 
 38.358711 
 185.74916 
 179.5524 
 248.43594 
 11.165712 
 172.67557 
 22.998117 
 230.5607 
 74.977165 
 199.91554 
 217.15237 
 194.87589 
 218.60632 
 63.82555 
 218.97878 
 331.67297 
 17.124596 
 73.77005 
 220.71814 
 350.53342 
 25.785776 
 219.95529 
 238.2487 
 94.146408 
 209.16074 
 42.776958 
 49.307411 
 47.029617 
 123.52537 
 190.93555 
 178.22234 
 69.236946 
 61.197632 
 197.67503 
 55.636345 
 219.50975 
 224.14673 
 196.47124 
 202.59201 
 35.071461 
 215.68396 
 7.5032625 
 52.121056 
 225.53322 
 30.966663 
 217.22862 
 216.65497 
 14.385606 
 34.593582 
 202.27101 
 322.74545 
 30.88438 
 21.980129 
 358.41272 
 44.449039 
 208.82941 
 38.713291 
 199.21953 
 342.71603 
 192.53438 
 232.96318 
 220.98601 
 232.37843 
 345.05591 
 24.618303 
 354.74881 
 207.28369 
 158.47397 
 355.45651 
 53.494183 
 218.12416 
 69.200394 
 49.355991 
 36.080898 
 200.73582 
 65.399582 
 175.95645 
 39.224064 
 33.740761 
 19.669142 
 24.054468 
 23.380596 
 203.66925 
 32.270889 
 221.01189 
 29.763897 
 14.934972 
 24.03146 
 58.153713 
 57.632355 
 190.47946 
 225.01907 
 41.374268 
 36.413113 
 343.14783 
 51.932137 
 48.863155 
 13.505528 
 65.687798 
 348.80872 
 162.13237 
 193.18756 
 221.51584 
 70.593964 
 59.238644 
 40.472572 
 210.65233 
 189.16452 
 12.7363 
 14.045301 
 26.650887 
 351.62 
 33.862633 
 324.71796 
 165.85432 
 202.65369 
 26.380114 
 330.23383 
 316.88242 
 57.9911 
 38.22636 
 9.6453571 
 2.0396905 
 149.09691 
 353.38589 
 190.69202 
 224.19841 
 29.07494 
 19.325367 
 47.537067 
 209.22888 
 8.7040558 
 12.249589 
 169.12958 
 20.47014 
 191.06656 
 188.62526 
 205.22572 
 200.5369 
 205.27446 
 208.44646 
 207.4789 
 354.84415 
 214.50464 
 60.186012 
 189.66185 
 74.445862 
 213.1432 
 42.961388 
 199.23671 
 210.79674 
 61.318287 
 192.75998 
 183.48502 
 55.518925 
 19.723656 
 168.76706 
 212.21249 
 326.35458 
 43.82325 
 221.89426 
 228.44746 
 53.21022 
 83.879471 
 187.60983 
 44.157776 
 55.868343 
 358.67981 
 224.79634 
 189.28128 
 4.4714622 
 228.16081 
 339.11511 
 230.68982 
 357.5325 
 211.96335 
 359.31689 
 59.475689 
 216.58014 
 226.42311 
 348.32349 
 47.063881 
 171.01234 
 221.4926 
 66.458771 
 241.57436 
 236.93741 
 217.3244 
 235.21252 
 14.804276 
 8.2452869 
 229.67418 
 63.671783 
 51.538902 
 233.97939 
 57.044312 
 12.003963 
 226.86914 
 65.085762 
 249.55434 
 53.150547 
 215.38315 
 67.108749 
 201.52965 
 233.02277 
 68.943703 
 70.672562 
 348.49316 
 193.87125 
 42.218742 
 59.469288 
 234.00549 
 68.734734 
 4.0052075 
 40.134399 
 239.60286 
 208.92499 
 69.95314 
 67.53817 
 62.582188 
 342.06345 
 202.80063 
 12.095915 
 200.43291 
 208.68633 
 52.680775 
 234.94217 
 35.702343 
 327.48096 
 68.182739 
 203.20833 
 202.92992 
 189.19966 
 196.78714 
 242.6058 
 213.01781 
 353.08798 
 204.65874 
 24.888567 
 20.542681 
 0.37311292 
 84.294014 
 49.993248 
 201.33255 
 194.71629 
 358.30316 
 208.15749 
 216.55421 
 32.41922 
 206.64995 
 245.57556 
 20.85862 
 207.40594 
 352.39154 
 23.471067 
 355.78952 
 24.902267 
 80.485016 
 255.59053 
 67.639748 
 177.79712 
 23.142145 
 209.5918 
 29.023771 
 78.905991 
 214.00648 
 29.767157 
 50.530148 
 200.23758 
 5.2715116 
 9.3832397 
 46.654476 
 189.60393 
 22.949156 
 204.78409 
 61.935963 
 189.72096 
 233.09215 
 34.594658 
 202.58434 
 39.690228 
 55.531532 
 207.2614 
 34.89476 
 22.981045 
 208.6239 
 39.634857 
 224.091 
 32.210403 
 203.7666 
 227.32938 
 54.62849 
 9.544857 
 43.904873 
 47.333519 
 205.92784 
 24.572878 
 330.1293 
 224.50063 
 214.51883 
 4.0581169 
 169.40982 
 178.373 
 172.16983 
 26.760349 
 200.85611 
 46.917164 
 199.10852 
 27.844305 
 231.14047 
 239.37195 
 216.98268 
 202.78358 
 33.989079 
 218.18637 
 231.32727 
 354.90424 
 256.93661 
 220.24129 
 36.989925 
 6.3975496 
 44.152523 
 170.01395 
 228.05722 
 4.3608103 
 35.061615 
 351.15869 
 36.301544 
 215.48369 
 59.330559 
 24.373079 
 6.3929954 
 209.15112 
 181.89868 
 31.424398 
 32.953033 
 218.84253 
 184.48906 
 162.33676 
 355.27765 
 19.509232 
 172.81088 
 27.940027 
 218.97821 
 342.03091 
 21.35198 
 182.96935 
 45.490116 
 15.870143 
 359.94812 
 217.93503 
 167.68451 
 35.376846 
 50.241127 
 219.26936 
 220.01616 
 89.381859 
 223.21883 
 208.46136 
 3.7841663 
 23.935926 
 17.944832 
 54.156212 
 183.97812 
 216.18376 
 20.769476 
 190.52151 
 202.63367 
 212.39435 
 177.26007 
 24.53636 
 223.58681 
 51.697201 
 357.6503 
 28.76708 
 352.71661 
 35.107697 
 85.451912 
 57.101021 
 226.95856 
 204.48209 
 218.30377 
 38.479168 
 177.91016 
 218.6869 
 32.498039 
 359.01413 
 208.64552 
 16.099808 
 35.426548 
 228.53526 
 38.704128 
 35.447067 
 48.836048 
 219.81499 
 44.010532 
 46.668949 
 15.465228 
 31.34709 
 179.68524 
 39.86898 
 209.35265 
 217.19283 
 203.77344 
 223.97379 
 251.20154 
 43.141781 
 358.21655 
 357.58359 
 24.721161 
 20.730339 
 1.2124434 
 12.452537 
 39.937893 
 28.857542 
 9.8920898 
 71.395676 
 6.4072175 
 216.83855 
 218.95992 
 35.846249 
 17.214085 
 211.72919 
 43.581398 
 205.88698 
 235.5992 
 161.39888 
 18.496681 
 18.060352 
 37.445721 
 38.557442 
 211.24841 
 207.70534 
 17.395529 
 223.11989 
 181.03705 
 232.51176 
 44.116776 
 210.39027 
 194.61226 
 238.90317 
 46.701874 
 211.90419 
 96.218254 
 223.21477 
 353.298 
 202.50156 
 203.59647 
 218.52406 
 40.73856 
 202.8329 
 279.05667 
 41.028477 
 22.217518 
 41.648621 
 240.90311 
 201.17458 
 211.7682 
 351.13058 
 2.2973335 
 2.6767025 
 46.262051 
 237.20801 
 29.860828 
 212.76376 
 7.0479488 
 38.948975 
 208.74643 
 207.64867 
 30.587259 
 201.87018 
 191.98955 
 211.55309 
 195.56827 
 41.129711 
 21.659786 
 211.79112 
 53.304741 
 234.47771 
 173.13843 
 224.81516 
 59.621395 
 204.72594 
 200.02975 
 10.4428 
 237.90895 
 79.938744 
 21.767038 
 62.293812 
 174.71828 
 21.213448 
 37.739456 
 58.513641 
 25.528982 
 226.48979 
 37.896339 
 46.257042 
 21.213608 
 223.47397 
 28.264656 
 209.6293 
 90.735817 
 40.203602 
 198.2104 
 66.422058 
 51.189163 
 236.79843 
 237.39502 
 19.775076 
 216.64146 
 218.46335 
 206.71867 
 202.9301 
 35.045765 
 211.46803 
 194.81941 
 21.211609 
 203.5793 
 31.219484 
 344.33255 
 43.747715 
 64.555443 
 32.226452 
 212.59692 
 180.71756 
 354.74069 
 3.1460717 
 182.28972 
 17.789543 
 232.41277 
 20.835529 
 46.192055 
 63.371185 
 23.244022 
 64.608208 
 358.25058 
 199.88135 
 215.57391 
 197.54897 
 219.08145 
 5.0077496 
 225.95424 
 202.41273 
 208.85693 
 200.88692 
 218.04091 
 213.14372 
 60.022709 
 195.97581 
 40.915325 
 198.78244 
 197.179 
 7.3754063 
 19.522324 
 58.469902 
 23.925264 
 357.42935 
 3.4784596 
 31.901129 
 33.314148 
 218.52493 
 193.77281 
 51.347946 
 29.875439 
 201.09827 
 243.20866 
 54.519669 
 193.86809 
 28.48951 
 209.77748 
 204.21519 
 36.909809 
 39.766678 
 195.72151 
 47.208706 
 153.70667 
 30.161827 
 186.10829 
 7.4945326 
 43.692833 
 213.51816 
 64.505173 
 194.77219 
 215.82323 
 358.7366 
 202.50589 
 222.51506 
 58.632698 
 6.0959473 
 5.9526601 
 190.89546 
 47.447411 
 339.6438 
 20.781002 
 32.227074 
 196.9648 
 190.3956 
 44.224552 
 217.09616 
 17.467169 
 195.92534 
 67.269676 
 190.56389 
 39.602619 
 33.022686 
 212.71069 
 23.806688 
 206.60063 
 217.22375 
 188.45419 
 356.62558 
 326.65018 
 159.04768 
 210.14893 
 11.088838 
 209.58231 
 326.46622 
 29.037653 
 49.722435 
 43.037148 
 204.16792 
 58.9902 
 25.996212 
 40.171074 
 42.544895 
 69.076744 
 187.61275 
 228.77808 
 206.59109 
 30.776312 
 207.50426 
 218.09581 
 5.3344316 
 205.88446 
 237.56697 
 39.37307 
 205.13536 
 16.444391 
 47.62104 
 6.6369777 
 30.049679 
 197.32791 
 209.37677 
 188.66623 
 210.84866 
 36.163132 
 247.06984 
 219.73933 
 38.838112 
 214.25212 
 60.659916 
 180.6572 
 344.53046 
 28.978262 
 27.933388 
 40.751465 
 24.335394 
 188.84921 
 59.323296 
 184.66243 
 41.70887 
 50.870834 
 40.116253 
 186.3047 
 42.345898 
 31.215504 
 348.35275 
 38.244541 
 64.422256 
 23.053221 
 199.49796 
 192.90485 
 201.85121 
 178.29729 
 200.74998 
 43.173191 
 218.5619 
 82.992393 
 195.48518 
 30.629957 
 209.41667 
 194.51035 
 30.621912 
 197.53471 
 189.25284 
 184.85867 
 24.376139 
 44.741837 
 172.08632 
 206.85815 
 70.41584 
 198.81474 
 345.67209 
 196.86246 
 0.98580009 
 207.94708 
 27.787437 
 179.87607 
 337.72946 
 54.951084 
 218.38194 
 38.294392 
 188.66794 
 200.07631 
 234.24007 
 226.79005 
 177.03593 
 38.773319 
 28.705147 
 33.670124 
 242.3622 
 37.782856 
 227.07185 
 354.37219 
 357.37726 
 214.13701 
 222.28557 
 29.749763 
 199.02617 
 58.942322 
 207.01015 
 199.64664 
 191.92117 
 21.990583 
 227.67189 
 46.001076 
 239.3562 
 8.8893919 
 29.395336 
 20.584934 
 227.12119 
 194.76855 
 215.22423 
 151.35985 
 238.98793 
 220.92607 
 202.25529 
 158.99173 
 204.28978 
 9.2069874 
 50.652424 
 12.489279 
 57.812634 
 193.5329 
 200.4389 
 26.332851 
 195.38359 
 194.06299 
 130.88562 
 17.596758 
 132.41847 
 4.1415076 
 192.11031 
 52.398232 
 214.85333 
 21.795334 
 61.17012 
 341.28928 
 2.763155 
 222.53688 
 348.17346 
 192.44849 
 192.48428 
 196.73851 
 202.80927 
 9.5252676 
 47.415062 
 248.17387 
 348.59985 
 37.301579 
 10.895486 
 51.200344 
 30.239023 
 194.43217 
 203.06259 
 190.33754 
 204.09192 
 192.35431 
 59.135365 
 355.76486 
 49.477238 
 16.713816 
 71.029465 
 13.132614 
 57.529186 
 215.17177 
 209.45908 
 220.88797 
 75.295471 
 349.30255 
 75.541534 
 203.00711 
 336.71936 
 206.01984 
 233.89394 
 216.0179 
 204.98181 
 163.33696 
 49.776382 
 48.357086 
 198.7211 
 58.841656 
 349.03134 
 3.94946 
 21.61602 
 205.06607 
 181.54013 
 216.44124 
 8.6236553 
 22.24267 
 193.78726 
 214.6657 
 217.90701 
 40.74123 
 13.684798 
 228.27686 
 15.764971 
 188.92297 
 46.246346 
 192.49596 
 340.92609 
 1.9903295 
 148.78377 
 207.4937 
 169.49178 
 193.26477 
 217.41457 
 220.44754 
 56.575661 
 7.9108548 
 55.58411 
 14.873163 
 218.25276 
 231.49303 
 70.073135 
 231.1812 
 212.48947 
 208.95662 
 223.84064 
 69.617912 
 52.120922 
 211.13614 
 47.605225 
 208.81732 
 345.82877 
 202.02422 
 54.130226 
 39.693489 
 14.883057 
 206.79312 
 12.7684 
 30.16527 
 58.827171 
 194.4326 
 11.52884 
 359.78516 
 241.46332 
 191.25513 
 37.011497 
 23.154308 
 354.70935 
 357.86716 
 18.352709 
 60.05267 
 22.796402 
 34.876553 
 235.16646 
 247.96674 
 238.61856 
 210.98921 
 26.763445 
 178.43959 
 203.68802 
 9.684454 
 55.073368 
 21.076763 
 237.91634 
 30.736708 
 209.34703 
 70.997902 
 207.75052 
 14.976621 
 44.157242 
 31.343904 
 8.4181957 
 48.26339 
 49.428589 
 197.46983 
 31.583872 
 202.12411 
 20.768196 
 173.61591 
 210.43622 
 213.77675 
 179.86505 
 212.2634 
 233.00655 
 34.925686 
 13.875489 
 49.544571 
 29.782322 
 173.2079 
 2.4741952 
 12.481748 
 192.35384 
 203.53458 
 206.40376 
 16.285011 
 193.97289 
 25.918043 
 182.36012 
 351.42007 
 38.562649 
 51.824005 
 358.94586 
 175.21964 
 5.0657349 
 220.27829 
 17.132603 
 211.38077 
 44.956047 
 6.2197967 
 339.77979 
 29.655907 
 18.416685 
 19.517559 
 216.57448 
 199.44823 
 212.67955 
 220.59111 
 36.328331 
 357.31485 
 15.30514 
 229.0528 
 60.313854 
 218.35265 
 28.947247 
 196.03914 
 202.50908 
 358.22769 
 25.502552 
 55.666119 
 45.588352 
 222.84421 
 221.38034 
 8.9005489 
 29.204996 
 184.17558 
 11.470629 
 209.20618 
 212.46198 
 26.464779 
 215.66628 
 139.46236 
 33.816902 
 31.728613 
 42.586979 
 206.40138 
 15.168352 
 34.311821 
 229.59514 
 20.691492 
 24.1395 
 210.41278 
 205.82579 
 215.493 
 350.56436 
 104.23677 
 212.9368 
 210.8828 
 2.2440965 
 36.125221 
 204.15868 
 196.08217 
 8.956687 
 213.90906 
 215.43011 
 25.227869 
 212.77946 
 215.31276 
 215.54309 
 202.21236 
 208.16386 
 33.078579 
 55.233929 
 233.89284 
 185.34265 
 219.90608 
 232.01309 
 24.975195 
 16.783207 
 29.940781 
 231.26689 
 202.41595 
 206.13475 
 23.111164 
 216.78242 
 201.32423 
 218.18796 
 22.80064 
 209.59007 
 228.37665 
 31.594545 
 16.117397 
 220.29111 
 220.69656 
 206.1765 
 194.20506 
 202.87277 
 63.000668 
 203.29642 
 63.730057 
 27.590599 
 205.05206 
 218.10382 
 199.37566 
 8.236228 
 35.58197 
 18.342978 
 8.4145908 
 201.9382 
 359.24896 
 26.94516 
 200.59279 
 42.089596 
 226.04041 
 24.706179 
 40.352184 
 50.30476 
 223.78145 
 35.839725 
 192.79636 
 212.75006 
 215.18228 
 221.34286 
 210.83374 
 27.122528 
 217.9511 
 28.994291 
 52.222076 
 358.30334 
 204.89516 
 213.56293 
 219.05406 
 194.70128 
 187.83083 
 226.82993 
 51.253792 
 43.381119 
 41.081951 
 35.220806 
 40.130173 
 47.026657 
 26.004498 
 204.74448 
 5.5392237 
 217.53836 
 239.22189 
 36.420242 
 206.09871 
 10.333383 
 209.55913 
 193.56735 
 6.993103 
 202.43102 
 46.80101 
 201.1675 
 199.80804 
 64.766357 
 209.18333 
 205.81239 
 209.74509 
 43.617153 
 37.73135 
 41.689117 
 197.6573 
 250.61903 
 203.06204 
 190.46828 
 190.76949 
 201.04486 
 75.564384 
 207.55659 
 187.01097 
 5.7710114 
 39.230564 
 227.27693 
 35.926826 
 50.562153 
 358.05566 
 220.56914 
 21.335201 
 329.35202 
 34.32893 
 216.41032 
 37.850262 
 189.5307 
 191.6236 
 53.355362 
 24.866152 
 38.038033 
 222.37529 
 214.21297 
 219.68605 
 188.66296 
 11.823831 
 229.49359 
 345.45099 
 182.44641 
 16.971956 
 41.070114 
 202.30087 
 6.0468822 
 178.74403 
 0.28627935 
 40.138168 
 198.09886 
 142.67665 
 49.929596 
 175.08554 
 348.31171 
 195.54192 
 187.88593 
 195.69162 
 62.890545 
 343.9989 
 15.692066 
 358.1666 
 196.50232 
 196.29361 
 352.12265 
 36.416458 
 196.96945 
 231.77536 
 15.956066 
 38.269394 
 236.56964 
 24.595844 
 237.25081 
 207.9052 
 200.07898 
 15.940127 
 225.89784 
 30.013105 
 25.369287 
 59.200829 
 207.19121 
 27.141127 
 45.71386 
 47.066822 
 202.18217 
 49.631847 
 184.78058 
 3.4086401 
 12.093291 
 181.57053 
 180.37253 
 213.825 
 15.587976 
 192.83385 
 43.941303 
 194.39545 
 8.8144951 
 223.91061 
 33.785294 
 351.60327 
 32.604542 
 203.45114 
 214.94437 
 31.802422 
 31.144808 
 1.8449249 
 77.711853 
 31.005762 
 205.65761 
 19.582735 
 35.594151 
 39.08065 
 50.619614 
 32.757332 
 185.56636 
 133.03937 
 30.534986 
 218.85809 
 214.39188 
 44.371292 
 210.87793 
 29.071798 
 53.13258 
 213.01244 
 214.41212 
 352.03265 
 212.12181 
 346.22217 
 23.083477 
 200.91 
 33.318291 
 22.388157 
 208.70776 
 22.134129 
 44.713951 
 208.43939 
 210.41254 
 19.433254 
 21.479122 
 220.40126 
 48.614742 
 43.187378 
 207.27266 
 27.248575 
 27.074629 
 23.768627 
 218.04282 
 44.074715 
 220.68266 
 33.659199 
 203.80022 
 4.1779938 
 17.119707 
 215.38567 
 220.94542 
 58.944855 
 205.89601 
 71.689163 
 2.4948521 
 21.138348 
 204.84827 
 35.666393 
 231.58624 
 34.570576 
 33.749962 
 222.55199 
 210.67441 
 207.718 
 202.77524 
 199.61433 
 47.371204 
 175.61382 
 201.82426 
 19.099133 
 29.564972 
 210.7334 
 11.359142 
 240.73154 
 195.76237 
 245.1089 
 218.60234 
 26.206694 
 44.279247 
 217.33784 
 219.32433 
 49.600258 
 209.19614 
 197.14955 
 197.99661 
 230.91956 
 30.034153 
 196.40038 
 29.949099 
 205.57036 
 194.48842 
 201.0715 
 34.890457 
 213.7737 
 221.02745 
 14.357976 
 193.84999 
 8.2178669 
 29.064848 
 33.242325 
 24.545847 
 194.92784 
 11.547347 
 209.47736 
 32.41254 
 35.763252 
 47.210018 
 46.351254 
