 273.15186; 31.378504;
 486.39792; 30.565918;
 134.98346; 33.799614;
 499.54968; 34.176849;
 413.2099; 38.122601;
 154.4416; 43.785648;
 517.66272; 47.387691;
 145.19594; 50.118698;
 501.32898; 50.01577;
 166.97609; 55.165684;
 595.1037; 56.928143;
 281.47739; 64.13044;
 522.42896; 63.879601;
 108.29151; 64.701813;
 537.13086; 65.667206;
 76.304123; 66.365608;
 583.53973; 66.740555;
 615.07642; 67.018387;
 123.19041; 68.634338;
 557.68713; 70.498116;
 631.61389; 69.927536;
 616.05145; 74.049774;
 463.16846; 73.101616;
 71.627754; 75.434303;
 519.76288; 76.23732;
 651.78516; 76.782097;
 552.65668; 82.989471;
 418.80502; 86.561783;
 44.535439; 89.472885;
 601.79156; 93.985786;
 457.37781; 95.250717;
 145.4492; 97.389923;
 534.4234; 102.30589;
 606.76068; 102.76874;
 491.06366; 109.13624;
 179.2502; 109.18889;
 519.16809; 111.24556;
 141.18578; 114.5506;
 593.88055; 116.0491;
 117.24717; 118.7152;
 156.30273; 119.22268;
 100.05053; 125.10634;
 383.69608; 125.39263;
 79.612854; 134.47482;
 421.08371; 135.72658;
 408.19992; 138.20766;
 104.54322; 141.82964;
 353.06091; 141.1505;
 838.26648; 141.62209;
 395.70642; 144.63152;
 808.19421; 144.36411;
 67.81633; 146.29971;
 884.00586; 146.24306;
 353.46823; 148.05936;
 314.44666; 149.66069;
 46.635983; 151.37302;
 65.1157; 153.76787;
 323.81436; 159.32602;
 391.21875; 159.06744;
 332.59036; 160.34308;
 296.24362; 162.04544;
 313.40518; 163.30186;
 338.69577; 174.14076;
 310.30716; 192.63329;
 245.45337; 195.29036;
 320.18744; 211.09607;
 278.69849; 214.42648;
 785.34229; 214.58592;
 813.80737; 216.74557;
 230.50887; 236.24129;
 512.19806; 239.38281;
 280.45105; 240.41257;
 361.43399; 244.63271;
 510.17282; 246.7981;
 918.49347; 247.55405;
 318.33527; 262.47675;
 294.07956; 265.14536;
 367.19678; 281.86264;
 758.38965; 286.98019;
 763.4823; 295.15192;
 755.06921; 296.95358;
 782.06458; 296.91275;
 739.22247; 300.79938;
 345.88062; 303.57315;
 223.44212; 305.17126;
 339.35953; 309.9039;
 219.48125; 313.93915;
 73.865654; 314.95383;
 568.6637; 324.65012;
 545.09735; 341.48624;
 553.96356; 353.49506;
 954.69745; 359.42816;
 376.54846; 363.41171;
 991.04456; 363.22696;
 922.06348; 370.44907;
 666.71417; 372.1987;
 701.56696; 372.85498;
 549.27124; 378.85931;
 939.32715; 379.08057;
 607.45624; 381.79709;
 569.98474; 383.84604;
 687.68323; 382.87903;
 217.80969; 390.33377;
 985.78766; 394.66711;
 614.9707; 397.2157;
 345.83167; 397.85999;
 668.76147; 399.73386;
 684.81561; 400.00015;
 660.40771; 404.13171;
 642.44214; 408.1828;
 714.53583; 407.93942;
 157.92329; 409.66928;
 453.38589; 411.31302;
 968.43036; 410.98883;
 903.6828; 413.03326;
 434.64612; 415.06924;
 642.30933; 415.44263;
 537.46069; 417.59729;
 213.12299; 418.60416;
 944.64026; 418.18265;
 966.82019; 418.75775;
 307.97089; 423.61652;
 210.74428; 425.55478;
 939.7359; 425.93991;
 963.69751; 424.97253;
 316.73709; 428.20029;
 950.19971; 428.43567;
 554.37878; 431.61053;
 646.41907; 432.17056;
 980.21472; 433.91919;
 311.74628; 436.05539;
 161.33554; 437.37241;
 550.94379; 439.04794;
 563.35883; 440.00064;
 323.80121; 442.06332;
 431.89548; 446.02414;
 565.08881; 448.77716;
 739.29785; 452.13245;
 684.41052; 452.77179;
 706.71069; 452.55585;
 872.17456; 452.37161;
 508.82816; 455.97736;
 939.27362; 456.38599;
 672.97638; 475.89926;
 652.9931; 478.26331;
 670.66107; 481.89166;
 346.44012; 487.37753;
 971.92511; 492.38571;
 343.19559; 494.99033;
 852.64227; 492.23724;
 199.57339; 498.73636;
 51.486973; 500.5806;
 365.68182; 502.32541;
 994.97534; 502.23425;
 341.38147; 503.47842;
 957.73145; 507.40891;
 70.265152; 512.73016;
 246.49452; 514.57275;
 488.92078; 514.62866;
 903.27936; 518.81165;
 288.58615; 521.29736;
 846.96558; 520.98761;
 858.63367; 523.12128;
 491.04578; 524.32117;
 836.03162; 528.17249;
 286.74115; 531.42377;
 416.65347; 531.04401;
 854.13116; 531.22449;
 946.15527; 531.54376;
 62.816082; 536.01221;
 292.40335; 533.94611;
 362.31787; 533.48633;
 621.18274; 536.03473;
 832.52844; 535.91772;
 757.94287; 537.33588;
 59.449844; 538.41754;
 942.60449; 539.10376;
 308.48328; 539.08405;
 693.77118; 537.99878;
 844.45514; 539.52045;
 925.26288; 538.45966;
 96.293327; 540.18475;
 858.9151; 540.84717;
 258.80502; 543.24011;
 422.94504; 543.38245;
 633.32025; 544.83679;
 698.16791; 544.90283;
 334.13049; 544.64746;
 843.13947; 547.08575;
 827.08575; 546.90948;
 932.5025; 549.26007;
 605.38818; 547.93176;
 946.30597; 548.11395;
 355.75046; 550.89832;
 309.81573; 552.59924;
 815.88434; 552.72186;
 856.55231; 552.80908;
 878.31848; 551.50623;
 425.57504; 553.97394;
 358.32379; 558.98962;
 689.66016; 558.53766;
 875.19409; 559.13672;
 899.18689; 558.56689;
 631.15057; 559.42236;
 794.94727; 560.10693;
 814.10999; 559.89172;
 773.07806; 560.81506;
 855.34399; 564.09369;
 896.19812; 564.57385;
 298.28104; 565.73169;
 656.86243; 565.92883;
 767.9024; 566.85345;
 939.8252; 566.81573;
 666.7486; 568.74628;
 846.36285; 568.12799;
 867.30914; 568.43701;
 679.36816; 572.75793;
 944.48785; 571.89001;
 851.66656; 574.7746;
 865.89233; 575.4444;
 500.22089; 578.18634;
 779.36572; 578.24585;
 679.21637; 580.04803;
 695.71521; 580.29718;
 845.93408; 581.22894;
 513.72394; 581.26599;
 791.85443; 582.13586;
 453.45074; 584.68469;
 82.536079; 585.16296;
 907.1004; 585.46149;
 713.10938; 586.88531;
 769.2113; 587.67157;
 790.26666; 587.84326;
 631.47784; 590.65942;
 648.0741; 590.20313;
 903.65527; 591.21997;
 917.74298; 591.80255;
 667.72998; 593.81189;
 823.60046; 594.11499;
 744.0307; 597.44312;
 817.89319; 599.0376;
 637.19104; 600.40869;
 890.59583; 599.9455;
 617.18176; 600.51636;
 955.63684; 601.69971;
 971.03418; 603.14679;
 487.78217; 605.07013;
 744.94409; 605.10205;
 757.95972; 604.68805;
 854.79663; 604.60565;
 639.56903; 606.40906;
 882.72638; 605.96735;
 607.02478; 607.22485;
 655.28223; 607.46521;
 205.4458; 608.72864;
 787.24408; 609.61438;
 954.04883; 609.14288;
 761.23938; 610.65375;
 638.41687; 611.88062;
 575.5304; 614.45392;
 335.93127; 614.05487;
 212.8181; 616.23553;
 649.0611; 615.7113;
 934.31085; 617.44104;
 827.31641; 616.9635;
 563.08527; 619.30914;
 867.39502; 622.39618;
 805.89459; 624.50812;
 449.14645; 625.40558;
 826.42261; 626.0885;
 562.28198; 627.22559;
 602.35229; 627.93066;
 792.83844; 629.04803;
 239.41502; 629.43964;
 814.84747; 629.02704;
 402.15054; 632.7771;
 496.31967; 633.36053;
 945.14697; 634.3623;
 599.61621; 634.88861;
 835.73865; 633.67926;
 413.16141; 636.98273;
 673.75726; 637.45819;
 370.26328; 639.0979;
 400.07813; 640.25391;
 848.40485; 641.70422;
 421.51178; 642.04498;
 955.32343; 641.87305;
 797.85071; 643.28058;
 902.4585; 641.99512;
 456.02914; 644.60736;
 827.97552; 644.02924;
 360.25949; 644.521;
 378.70264; 644.85278;
 755.63647; 644.6344;
 406.40161; 647.73047;
 682.08459; 647.79193;
 665.02496; 649.81451;
 499.33737; 648.84338;
 360.45041; 651.85187;
 614.54248; 651.13354;
 663.23334; 650.72815;
 779.34052; 651.94739;
 870.92273; 653.25488;
 520.54315; 652.08173;
 836.49963; 652.69543;
 253.76663; 653.8963;
 387.2822; 653.67554;
 817.05035; 654.09259;
 582.1264; 653.15106;
 661.48956; 658.04889;
 914.9679; 656.04425;
 662.47528; 657.20502;
 801.28693; 657.336;
 752.75732; 657.79553;
 427.26965; 657.84583;
 835.42487; 659.44116;
 850.80298; 659.75995;
 455.13083; 663.45898;
 413.52902; 664.41064;
 723.28308; 663.81952;
 744.89355; 665.39185;
 731.28625; 664.5824;
 827.13409; 663.91998;
 316.3819; 665.2149;
 502.80511; 663.99573;
 798.19531; 665.22589;
 849.23376; 665.6535;
 758.27826; 668.28827;
 641.69519; 669.92114;
 430.51974; 669.64667;
 845.30347; 671.3042;
 244.59586; 671.3302;
 314.40509; 673.42267;
 391.26282; 670.22101;
 869.12482; 672.0556;
 466.81036; 674.0224;
 678.37323; 675.30029;
 891.58386; 673.9599;
 934.45636; 675.3429;
 623.78461; 676.90338;
 740.50769; 678.50378;
 807.23218; 679.86365;
 890.9057; 680.13495;
 501.79364; 682.78845;
 920.9281; 683.07642;
 935.85437; 683.49957;
 765.08899; 685.31439;
 886.75049; 686.69531;
 323.32608; 688.97711;
 660.9173; 688.01636;
 870.15271; 687.7984;
 211.04164; 690.17578;
 235.74274; 690.40826;
 393.5802; 689.85968;
 342.84207; 689.87018;
 946.3819; 690.17499;
 681.02679; 692.37244;
 921.05444; 692.00696;
 928.44751; 691.56042;
 421.81952; 693.50073;
 550.34131; 692.66077;
 906.1781; 693.47919;
 962.73236; 693.24347;
 356.51398; 695.07465;
 526.92517; 696.12616;
 252.99747; 698.133;
 886.61639; 698.10437;
 927.56567; 697.89819;
 944.77716; 699.31348;
 542.42426; 699.12201;
 899.05511; 699.078;
 677.04657; 699.75067;
 953.8316; 701.97168;
 596.09503; 703.66644;
 661.7735; 702.9317;
 439.61523; 703.83771;
 897.87201; 705.38739;
 977.02704; 705.79468;
 543.31323; 707.2334;
 939.05499; 706.81061;
 286.60693; 708.11462;
 388.15244; 707.94611;
 258.01239; 708.23828;
 669.71216; 709.4234;
 962.96899; 708.24506;
 269.11914; 709.94055;
 870.52264; 711.28223;
 343.94131; 712.73181;
 428.88687; 714.25317;
 576.0849; 713.93738;
 827.0611; 712.64276;
 303.38528; 714.07904;
 293.76166; 715.50793;
 922.66272; 716.573;
 690.90009; 717.65393;
 823.23492; 720.30603;
 852.21326; 720.25177;
 627.146; 721.48206;
 412.47433; 726.02655;
 583.49548; 726.409;
 655.4975; 727.90857;
 771.23956; 726.54559;
 856.5921; 727.13599;
 888.66919; 729.36407;
 406.06589; 731.05377;
 388.82657; 733.11011;
 431.87247; 733.34735;
 856.6817; 734.38513;
 772.07892; 735.13361;
 757.71106; 736.94263;
 784.72131; 738.16986;
 933.33441; 736.80481;
 886.84216; 739.40002;
 910.72968; 740.17456;
 850.57428; 740.15192;
 347.46899; 742.2691;
 385.71262; 743.35217;
 462.52243; 743.51233;
 469.43451; 742.63153;
 758.09265; 744.68207;
 898.83746; 744.01367;
 88.999527; 745.92773;
 114.26334; 746.16608;
 703.91345; 748.30743;
 55.488388; 750.05853;
 348.15204; 751.27435;
 958.5849; 749.60352;
 331.66516; 753.53088;
 987.47821; 752.16516;
 73.32679; 752.76208;
 513.37842; 755.95508;
 640.85052; 754.92365;
 750.16693; 754.79175;
 655.78741; 755.63574;
 830.46179; 756.60913;
 868.98956; 756.66412;
 123.16903; 758.34583;
 852.56915; 756.76971;
 692.29932; 759.12054;
 64.197578; 759.39136;
 734.44238; 760.68323;
 78.258972; 763.4082;
 50.090824; 763.68079;
 303.01196; 763.11652;
 849.73297; 763.48615;
 865.70905; 763.4812;
 809.19415; 765.54987;
 778.23944; 766.86835;
 68.775269; 770.43628;
 103.45781; 770.51086;
 505.36099; 771.35828;
 641.93585; 772.88788;
 693.04547; 771.85364;
 885.15466; 772.86389;
 306.23715; 773.58533;
 346.73965; 773.65973;
 862.19598; 775.37659;
 122.56151; 776.21497;
 987.70007; 776.86816;
 751.31647; 777.10449;
 876.82233; 777.56982;
 154.46501; 779.72198;
 173.95403; 777.56989;
 697.5863; 778.8678;
 801.97974; 780.06573;
 898.09131; 782.22107;
 424.76672; 783.03979;
 175.47635; 785.80774;
 597.29407; 784.40424;
 877.45428; 786.03741;
 436.77277; 787.29926;
 806.33051; 788.26709;
 115.26305; 788.58521;
 162.28304; 788.57526;
 687.06793; 790.51135;
 58.92345; 792.97534;
 162.6837; 797.1958;
 193.69116; 796.07538;
 471.16904; 797.40411;
 825.07764; 796.34436;
 207.26122; 798.36749;
 375.92987; 799.55481;
 845.27936; 800.70673;
 187.09384; 802.43597;
 411.79901; 801.88763;
 173.09955; 804.21155;
 354.34311; 803.79572;
 717.01343; 803.94775;
 457.91364; 807.03046;
 496.86163; 807.8844;
 840.67285; 808.36163;
 160.4283; 809.44946;
 177.24522; 811.32361;
 448.01721; 809.31427;
 137.01239; 810.12146;
 213.08459; 811.29181;
 121.7368; 812.8656;
 793.81299; 812.68463;
 882.82947; 811.90521;
 850.74548; 812.99695;
 107.06965; 816.75836;
 623.61719; 818.04333;
 310.91837; 818.37299;
 852.68262; 820.63086;
 120.53748; 822.21729;
 363.40305; 823.33221;
 887.90979; 823.17981;
 103.23188; 824.25623;
 309.89001; 824.48981;
 94.180527; 824.99957;
 448.98297; 825.61914;
 838.01416; 824.48224;
 609.66406; 826.07697;
 853.77386; 827.29126;
 877.29968; 825.5022;
 370.12244; 826.44427;
 463.03745; 827.38794;
 870.17999; 826.84326;
 122.21904; 829.26819;
 242.60623; 829.06226;
 745.95996; 828.9884;
 739.43781; 829.65112;
 890.65228; 830.11182;
 338.81577; 830.52325;
 381.11176; 832.50946;
 396.3652; 830.60468;
 876.71484; 832.52899;
 291.48706; 831.66376;
 268.53885; 834.26733;
 506.05646; 833.46185;
 489.41257; 834.74811;
 41.292744; 835.70319;
 253.14832; 835.71088;
 303.00998; 836.43329;
 369.46561; 835.78839;
 586.59686; 837.12299;
 334.23569; 837.56274;
 462.50488; 836.51422;
 897.79944; 837.69971;
 340.02579; 838.16913;
 704.0578; 837.9632;
 307.6062; 838.8562;
 857.62372; 839.41907;
 879.32037; 840.62238;
 324.40402; 842.39563;
 425.56906; 842.64642;
 844.10779; 842.65753;
 40.680847; 844.32703;
 251.7865; 844.19489;
 392.93936; 844.68347;
 866.53467; 847.50824;
 266.20322; 846.89557;
 339.09967; 848.15662;
 411.74664; 848.24323;
 237.65576; 848.6792;
 389.13107; 850.97253;
 320.14801; 850.67719;
 842.72803; 850.94183;
 330.27362; 854.05078;
 677.77533; 854.23419;
 360.36981; 854.11823;
 375.33865; 852.77838;
 491.68497; 853.30798;
 250.22061; 858.52527;
 346.53195; 857.57135;
 258.14536; 858.85162;
 835.19781; 858.74591;
 461.52567; 860.8587;
 703.14496; 859.52039;
 424.60406; 861.71881;
 440.21072; 864.9718;
 390.76147; 866.91138;
 283.70493; 866.5722;
 468.49188; 866.66217;
 782.64441; 868.35156;
 767.36078; 870.31281;
 440.32809; 872.08722;
 480.19424; 873.17346;
 746.62927; 874.05859;
 284.84811; 875.46674;
 334.63943; 876.77979;
 766.6424; 877.21313;
 455.67426; 878.79047;
 551.7099; 879.00482;
 325.57248; 881.73053;
 469.08981; 884.021;
 530.77985; 884.49579;
 547.9209; 886.76031;
 462.46457; 886.7558;
 478.56061; 889.36987;
 357.34845; 890.41516;
 735.71021; 888.89294;
 768.43054; 888.04431;
 657.18616; 889.91803;
 698.17548; 890.71899;
 754.11145; 892.68451;
 761.45276; 895.50781;
 350.36069; 897.21576;
 649.43463; 899.96252;
 633.8139; 901.95215;
 347.75504; 905.13263;
 714.84448; 903.95398;
 307.07819; 904.14929;
 482.54514; 903.97656;
 697.53656; 905.03021;
 332.66373; 907.18311;
 629.80273; 908.1098;
 485.01422; 911.82892;
 644.37518; 913.53711;
 469.6066; 914.00952;
 706.42126; 914.78864;
 502.68719; 915.33624;
 291.98828; 920.17902;
 347.64612; 918.89197;
 422.90866; 920.31567;
 366.04361; 921.34735;
 382.14639; 920.25208;
 328.61914; 921.01941;
 429.13428; 921.92999;
 680.84076; 921.35114;
 503.89322; 923.95728;
 664.66656; 923.60669;
 352.12515; 927.31122;
 509.96478; 924.63623;
 382.07172; 927.42053;
 687.28894; 927.06842;
 329.14438; 931.73969;
 326.77271; 939.70398;
 76.818748; 952.09662;
 402.66382; 956.18427;
 287.07874; 956.52893;
 238.71942; 961.55542;
 255.53748; 963.19012;
 117.17692; 970.15503;
 264.55716; 972.6424;
 181.44188; 973.30927;
 197.92328; 974.08673;
 75.771423; 979.67328;
 97.873146; 981.40808;
 75.745422; 987.651;
 67.074623; 992.49408;
 127.96109; 45.426941;
 277.13959; 52.937046;
 487.75656; 53.319729;
 115.53817; 55.669785;
 368.04623; 55.602337;
 132.64513; 58.818813;
 622.02594; 60.8605;
 698.67004; 62.434837;
 873.86359; 66.295212;
 594.7547; 67.618126;
 145.67474; 73.551567;
 571.3963; 73.846184;
 161.38258; 76.457893;
 630.53033; 76.795349;
 538.75635; 77.478256;
 471.08752; 84.013138;
 622.79401; 83.715088;
 403.17383; 87.938705;
 459.97046; 87.928253;
 467.8309; 91.953812;
 178.65359; 94.903244;
 534.80005; 94.700974;
 476.08197; 99.047668;
 400.03378; 100.4528;
 517.60449; 102.0515;
 58.861393; 102.5302;
 480.09167; 102.76508;
 873.034; 102.6313;
 127.11653; 104.35333;
 591.74042; 103.75757;
 68.024689; 106.47912;
 142.87903; 107.02084;
 505.81372; 108.87952;
 181.54463; 110.1124;
 391.30554; 109.7987;
 534.28558; 110.09177;
 211.955; 111.1641;
 151.54626; 115.23389;
 65.468094; 115.77691;
 382.86758; 116.97276;
 398.3732; 117.55546;
 413.21823; 118.22415;
 49.498276; 119.19323;
 609.98639; 118.87025;
 122.60879; 119.80504;
 203.92407; 119.7256;
 174.69403; 121.46011;
 917.51624; 121.85265;
 138.76654; 123.76353;
 63.401196; 126.01641;
 52.910084; 128.41858;
 442.86053; 129.8717;
 915.28662; 129.8681;
 408.46841; 130.66798;
 938.03351; 133.27068;
 51.571678; 138.09267;
 882.37799; 138.33875;
 438.9118; 139.59126;
 112.35926; 140.94675;
 379.32129; 140.9621;
 783.82983; 143.39455;
 130.67755; 143.82784;
 55.74884; 145.23351;
 822.80054; 149.05206;
 839.2019; 150.40039;
 470.01459; 151.63058;
 120.6349; 157.92229;
 47.454807; 158.49481;
 351.98062; 160.16928;
 452.49097; 159.78047;
 465.83224; 161.81384;
 890.73065; 165.37465;
 887.52173; 174.4239;
 977.73615; 173.49979;
 195.01921; 176.01344;
 211.32597; 189.14441;
 504.04697; 189.22832;
 912.14264; 191.89908;
 229.78; 197.85222;
 319.90631; 200.70836;
 765.88873; 201.12912;
 911.63617; 201.74356;
 259.84158; 206.26909;
 274.87378; 205.55618;
 432.51733; 213.61157;
 447.82156; 214.15845;
 261.3074; 215.7652;
 749.43872; 216.67654;
 227.01649; 218.09062;
 804.70245; 221.41815;
 308.15891; 223.20702;
 334.71979; 226.32964;
 281.52206; 229.33286;
 953.11414; 229.96384;
 312.2749; 231.25206;
 371.67569; 231.35228;
 508.82626; 231.9631;
 295.12128; 234.71684;
 761.98865; 234.82564;
 366.42188; 236.15817;
 780.58942; 235.71231;
 213.1067; 239.91008;
 324.33374; 249.33688;
 300.47189; 251.69859;
 780.22339; 253.1754;
 828.3905; 252.64041;
 335.47247; 255.36159;
 754.62756; 254.67458;
 289.18036; 256.72018;
 255.86223; 260.76874;
 278.625; 260.60779;
 516.62323; 260.80362;
 225.23387; 262.29489;
 760.94171; 261.62396;
 778.27203; 263.13266;
 241.30708; 265.1713;
 333.92279; 266.59296;
 792.8399; 266.72733;
 212.85773; 268.79855;
 201.76865; 270.41217;
 314.04871; 269.58566;
 366.46164; 269.79153;
 765.73517; 270.61252;
 267.17508; 273.4548;
 763.57269; 285.46118;
 341.32407; 286.59402;
 784.21045; 288.61935;
 947.95526; 290.43695;
 725.39441; 292.06067;
 740.79346; 292.06564;
 316.6048; 294.08215;
 491.66144; 296.20129;
 534.4082; 295.84201;
 360.79282; 296.88794;
 815.09705; 297.25647;
 831.83282; 297.45956;
 320.29523; 302.26715;
 622.69226; 301.93359;
 604.08966; 303.20749;
 762.3418; 302.94223;
 371.49359; 303.71762;
 830.70673; 304.06235;
 567.06812; 306.34991;
 72.365021; 306.69928;
 297.14899; 306.8627;
 530.52411; 307.14505;
 743.22498; 308.41049;
 684.47357; 310.98703;
 519.80548; 311.57281;
 588.02209; 312.97302;
 596.7876; 312.9931;
 564.54913; 315.81442;
 740.9472; 315.69492;
 315.34418; 317.08047;
 358.35703; 319.77051;
 536.34607; 320.33298;
 735.42419; 320.00476;
 961.50122; 323.8392;
 220.19269; 328.93494;
 557.62921; 331.12628;
 734.79755; 331.58051;
 695.7876; 335.01059;
 731.35876; 335.92401;
 215.93433; 337.98987;
 746.39484; 340.26755;
 872.48822; 340.74506;
 974.75903; 345.65796;
 347.04102; 348.99826;
 706.57709; 348.6207;
 542.66602; 349.46799;
 374.47632; 350.67908;
 685.58875; 350.93362;
 182.30577; 351.72723;
 522.93732; 352.62494;
 196.19585; 353.98859;
 533.98505; 356.51279;
 679.35651; 357.81088;
 209.61465; 360.08627;
 973.26038; 360.14273;
 518.25861; 361.37225;
 670.66711; 364.52322;
 119.68759; 367.86877;
 170.02428; 371.21689;
 370.19702; 372.42633;
 630.28583; 373.00049;
 933.19263; 372.97043;
 458.4743; 373.93179;
 647.07556; 376.79074;
 674.52972; 378.71243;
 377.48682; 380.28055;
 613.38428; 380.59885;
 392.16907; 381.70529;
 969.89221; 381.49792;
 918.14777; 382.63577;
 489.70679; 384.93655;
 48.775993; 385.61642;
 402.69147; 386.02176;
 502.27551; 386.36655;
 607.89514; 388.99146;
 119.78357; 390.04495;
 202.66757; 390.18451;
 142.6615; 394.74442;
 579.6554; 394.63797;
 561.14514; 395.82452;
 597.56232; 395.6557;
 191.77586; 399.04889;
 800.83807; 400.84;
 385.34726; 401.80847;
 647.31775; 401.55792;
 926.5072; 404.08469;
 247.02237; 404.75781;
 596.4126; 404.83383;
 531.59662; 405.74362;
 614.85712; 406.42014;
 789.89722; 405.87204;
 903.37463; 405.82697;
 441.70297; 408.20187;
 587.86621; 408.52551;
 381.13562; 409.57074;
 405.47815; 409.96994;
 656.45905; 409.85742;
 669.29712; 409.80701;
 946.77814; 410.75592;
 189.68971; 413.0336;
 221.10849; 412.94763;
 244.87198; 413.32428;
 552.90485; 415.05957;
 791.521; 414.75436;
 312.14783; 416.79593;
 253.99982; 417.64951;
 399.59833; 418.16528;
 976.77191; 417.75717;
 506.16229; 418.91373;
 522.41931; 420.38461;
 193.60719; 423.49478;
 379.9689; 423.7092;
 913.50995; 424.08075;
 638.50806; 425.05789;
 44.141315; 429.11847;
 623.78027; 431.43555;
 592.83295; 431.74152;
 965.80334; 431.70261;
 225.76781; 436.46942;
 428.1073; 435.64069;
 176.11317; 436.84802;
 951.38641; 438.01334;
 852.28815; 439.32678;
 366.74017; 440.46262;
 414.70163; 443.31589;
 519.83624; 443.10086;
 306.44931; 444.37024;
 222.87473; 446.04834;
 291.54916; 447.04474;
 391.11688; 446.60495;
 508.46909; 447.24222;
 365.38928; 449.16745;
 670.40448; 448.69318;
 726.22394; 448.75723;
 351.05927; 450.18619;
 514.88489; 449.96582;
 943.00336; 449.78662;
 249.70589; 452.71057;
 562.50769; 456.10059;
 143.23805; 457.39392;
 902.27301; 459.01471;
 348.01627; 459.60794;
 870.1109; 462.02417;
 470.34842; 463.38235;
 952.7309; 463.3522;
 976.49152; 463.07785;
 491.66595; 465.80188;
 870.91553; 465.84561;
 580.86859; 466.5437;
 480.67108; 469.27832;
 424.66763; 470.24152;
 959.31171; 473.14966;
 242.48819; 474.3201;
 578.91998; 473.90814;
 365.83096; 475.90659;
 459.11676; 476.03476;
 490.4205; 476.0946;
 202.93848; 480.24295;
 955.75256; 480.03513;
 979.85553; 479.7562;
 129.76495; 481.2359;
 870.53387; 482.30145;
 149.02419; 484.14948;
 89.146568; 484.5639;
 885.29877; 485.31589;
 111.77123; 488.06653;
 364.4581; 487.45212;
 175.9503; 490.21674;
 304.33313; 491.11951;
 375.67819; 490.63397;
 419.49844; 490.55032;
 396.76965; 492.65771;
 838.74225; 494.81018;
 188.38829; 498.48422;
 375.61865; 498.19028;
 899.4408; 497.74222;
 418.25931; 499.00156;
 470.06595; 498.91513;
 687.57404; 499.07126;
 903.02783; 499.12784;
 306.96524; 499.87082;
 848.59045; 500.39383;
 141.47577; 504.24637;
 938.48517; 506.92899;
 952.73907; 507.19229;
 469.23306; 507.97641;
 359.23117; 511.04681;
 714.78448; 511.28296;
 210.99619; 512.88324;
 835.53113; 512.97345;
 849.58954; 512.65088;
 959.91504; 514.80499;
 752.0379; 517.91406;
 967.56757; 517.90033;
 905.63977; 518.914;
 69.165596; 520.78638;
 832.12152; 521.08295;
 97.254974; 521.9837;
 244.62886; 524.37384;
 445.63278; 524.29596;
 86.442612; 527.24579;
 931.41095; 527.43994;
 689.29004; 529.58875;
 103.83872; 531.39502;
 867.63245; 534.32672;
 906.70111; 536.80823;
 180.15195; 538.41077;
 175.10263; 539.45227;
 602.12915; 538.76642;
 193.08015; 539.88562;
 411.85086; 539.43536;
 658.34802; 541.88647;
 353.22412; 543.53851;
 595.14447; 545.9729;
 59.560894; 546.867;
 671.12738; 546.96515;
 92.649544; 549.30359;
 776.31042; 549.59735;
 448.64963; 550.30286;
 135.8829; 552.08759;
 253.67809; 552.18066;
 795.92047; 551.74762;
 665.89948; 555.22479;
 924.15216; 554.87744;
 611.99823; 556.63678;
 265.4299; 558.54675;
 343.84897; 558.95905;
 656.29767; 559.11237;
 649.92053; 559.58093;
 421.24319; 561.30945;
 132.36337; 562.65527;
 520.13599; 563.95831;
 679.08905; 564.55737;
 955.1817; 564.51929;
 468.09082; 570.13239;
 311.5632; 570.88239;
 846.43463; 571.20831;
 650.05402; 572.10645;
 883.50006; 571.51154;
 900.29169; 572.03595;
 695.00183; 572.62372;
 330.19379; 573.79156;
 399.15747; 573.67896;
 803.97815; 575.81952;
 736.59979; 576.90765;
 761.87341; 578.65765;
 654.9903; 582.39948;
 163.06631; 582.7804;
 891.54028; 582.67206;
 956.23895; 583.43073;
 202.09792; 583.69171;
 803.68011; 585.69135;
 870.97522; 586.49213;
 386.07675; 586.82501;
 469.74857; 586.61713;
 938.86121; 586.99432;
 840.6524; 588.05573;
 94.423775; 588.83234;
 696.63782; 588.91248;
 357.14072; 589.97626;
 732.66187; 590.37909;
 710.52032; 594.6394;
 345.21951; 596.44098;
 470.20676; 596.32477;
 867.05151; 596.22699;
 486.45346; 596.88251;
 657.41174; 597.41516;
 328.06943; 597.54797;
 718.66797; 601.03607;
 638.52026; 602.92896;
 945.55206; 603.56018;
 929.80701; 605.2594;
 299.1731; 605.77612;
 697.72394; 606.33942;
 801.11115; 605.86139;
 257.70459; 608.48468;
 588.74933; 607.77356;
 677.92529; 608.17877;
 494.46494; 610.68335;
 909.21051; 610.58008;
 458.573; 612.1308;
 817.29517; 613.33661;
 876.86584; 614.38452;
 297.64581; 614.51178;
 749.83691; 615.55951;
 891.45697; 617.64526;
 332.62759; 620.28662;
 603.92383; 620.0564;
 627.09436; 620.42694;
 681.58191; 620.67828;
 849.26031; 621.19116;
 579.69806; 622.4447;
 585.37488; 624.534;
 931.37134; 627.13257;
 624.12012; 628.89813;
 578.81512; 631.3125;
 581.83441; 633.07117;
 783.29419; 633.25092;
 859.79181; 632.78235;
 877.59039; 632.84778;
 425.15723; 633.95276;
 479.86014; 633.60718;
 766.13666; 634.24329;
 884.59949; 634.34784;
 510.73706; 634.89758;
 688.36005; 636.44678;
 643.24353; 637.83136;
 813.02441; 637.81342;
 656.40991; 643.22937;
 782.44531; 643.29718;
 839.02557; 642.7782;
 471.46121; 644.20032;
 524.01379; 644.10956;
 600.62189; 644.07214;
 483.58603; 645.04486;
 825.14148; 644.80914;
 427.94595; 648.71692;
 565.28528; 650.04382;
 900.3396; 650.61072;
 793.71777; 651.90509;
 370.38486; 656.71631;
 401.24841; 657.13239;
 689.01495; 657.29395;
 734.15515; 656.55945;
 329.42691; 659.77246;
 489.65762; 660.54712;
 515.4726; 659.71936;
 643.27728; 660.05212;
 396.13303; 660.69543;
 890.91901; 661.3653;
 871.04016; 662.33099;
 607.89557; 662.72803;
 346.94312; 664.07123;
 775.63391; 665.19177;
 579.64301; 666.21613;
 913.24084; 665.93115;
 468.23004; 668.29413;
 376.92966; 669.74713;
 562.15106; 670.20935;
 597.21545; 671.7735;
 663.68549; 673.20734;
 229.9697; 674.42682;
 409.11053; 674.36481;
 546.19952; 674.15704;
 607.61163; 673.59839;
 825.08008; 674.14886;
 448.94778; 675.16376;
 588.9212; 675.86945;
 345.3168; 677.05652;
 488.27991; 676.73706;
 440.56482; 677.96582;
 313.39377; 678.85541;
 340.56174; 678.76337;
 755.71869; 678.78931;
 875.86981; 680.11609;
 903.98633; 681.03595;
 751.22394; 682.98547;
 609.45105; 685.52264;
 623.97479; 685.08405;
 686.23627; 684.92908;
 531.60474; 686.74799;
 509.20096; 688.41467;
 475.1311; 689.59662;
 737.47083; 690.2146;
 598.71643; 692.30627;
 771.07178; 691.5694;
 748.12933; 694.27429;
 325.46664; 695.92847;
 405.86072; 695.77667;
 443.87466; 696.00299;
 458.30142; 695.84393;
 977.09894; 696.38007;
 871.00653; 696.66626;
 268.92288; 697.93915;
 737.13446; 698.2879;
 816.8913; 697.664;
 298.5737; 698.62183;
 388.59854; 699.71222;
 580.77649; 700.4021;
 235.12291; 700.6875;
 314.91379; 702.68689;
 567.09064; 703.05951;
 714.62128; 702.96362;
 427.181; 703.9588;
 925.20074; 703.97675;
 352.82135; 706.05408;
 524.59711; 705.45117;
 619.84418; 707.08356;
 678.14648; 707.02368;
 828.50348; 707.07086;
 454.62076; 708.08252;
 728.15125; 708.38354;
 941.97931; 709.00464;
 665.52197; 709.66064;
 694.54767; 709.77936;
 769.34265; 709.54474;
 380.01453; 710.99414;
 321.55206; 712.8678;
 855.14813; 712.70483;
 873.71863; 715.71082;
 118.0994; 716.30096;
 394.69153; 716.86169;
 477.85117; 716.98944;
 667.08197; 717.01678;
 414.75128; 718.13208;
 586.13879; 718.48456;
 950.18713; 717.55377;
 360.42398; 718.97565;
 678.41974; 719.79962;
 790.33215; 720.22241;
 700.84393; 721.62311;
 938.85071; 723.49768;
 402.87271; 724.30121;
 872.7981; 726.43774;
 956.56732; 725.92975;
 524.64838; 727.24933;
 694.3139; 729.0636;
 917.97559; 729.35516;
 540.76959; 730.93713;
 620.47235; 731.72504;
 707.06891; 731.67426;
 370.98431; 733.12201;
 596.46198; 734.24976;
 550.52899; 735.4671;
 356.71185; 735.61011;
 872.47693; 737.12964;
 117.1329; 738.05133;
 91.729027; 738.50305;
 67.275871; 740.81927;
 701.99316; 740.98938;
 810.55536; 743.27466;
 862.2998; 743.10321;
 488.51407; 744.42285;
 676.15381; 744.69684;
 289.84384; 745.95685;
 566.1543; 746.06628;
 742.27924; 745.85327;
 923.37439; 745.88837;
 512.01495; 747.42084;
 368.93475; 747.84631;
 848.37897; 747.81128;
 622.80133; 749.02875;
 775.68756; 750.33691;
 407.93854; 750.66083;
 685.53741; 751.99536;
 110.13473; 753.40369;
 442.36371; 752.84631;
 300.31393; 753.86993;
 426.37592; 754.85675;
 370.18115; 755.91248;
 722.19586; 756.84186;
 903.63818; 757.14923;
 957.99976; 757.16742;
 532.27515; 757.63696;
 772.25812; 759.07422;
 808.90051; 758.98938;
 710.41449; 760.32605;
 802.38898; 759.78821;
 971.35754; 759.51337;
 694.48816; 760.78833;
 288.42706; 761.80829;
 745.25092; 763.34601;
 275.40369; 764.15436;
 352.74429; 763.76416;
 503.72137; 763.80566;
 758.51166; 763.78259;
 723.92395; 764.51813;
 783.86127; 765.40692;
 537.36731; 765.77789;
 614.62805; 766.05414;
 877.7251; 766.49048;
 125.32742; 766.56104;
 551.97803; 767.57135;
 370.23489; 769.05475;
 492.35004; 768.68378;
 600.33411; 769.0755;
 153.80945; 770.50427;
 289.32028; 771.18274;
 844.34894; 771.45251;
 420.88452; 772.13623;
 566.39594; 772.86322;
 709.07837; 773.11304;
 724.56708; 772.67822;
 322.49316; 773.79822;
 404.15768; 773.77234;
 900.15717; 774.0813;
 95.085228; 774.9527;
 785.1297; 779.9046;
 959.67749; 780.14282;
 972.52692; 779.67877;
 389.93692; 780.56299;
 81.328758; 781.65637;
 343.47116; 783.65765;
 406.36591; 783.5871;
 833.03424; 785.68109;
 936.4198; 785.77905;
 54.622089; 786.67615;
 701.27435; 786.9209;
 737.203; 786.81641;
 815.07526; 788.43726;
 74.292137; 788.8504;
 531.44647; 789.23401;
 197.71036; 790.02124;
 845.92621; 789.90125;
 769.12518; 791.36285;
 655.77405; 793.06049;
 765.33783; 792.95361;
 179.45192; 794.56317;
 927.76837; 795.01782;
 106.65184; 796.15204;
 453.72192; 796.349;
 87.540222; 796.82733;
 707.53479; 797.59192;
 135.22496; 800.21289;
 498.44379; 800.65729;
 807.10291; 801.96332;
 124.77444; 802.78003;
 655.1413; 803.20148;
 752.4469; 803.46021;
 935.62372; 802.56378;
 117.45164; 804.3703;
 637.08966; 805.11505;
 698.85059; 804.86768;
 792.05304; 804.72888;
 80.154839; 805.91724;
 658.96112; 809.21252;
 94.673004; 812.18353;
 719.66571; 811.52264;
 431.10663; 813.2442;
 587.41473; 813.72632;
 911.83234; 814.0835;
 457.43546; 815.81628;
 643.45422; 815.75403;
 730.05273; 817.47955;
 161.47917; 818.1825;
 446.05145; 818.40363;
 899.64551; 818.96008;
 139.10399; 820.33057;
 743.36499; 820.98126;
 242.47908; 821.76904;
 596.12659; 822.24615;
 55.883736; 823.29041;
 268.62646; 822.95453;
 637.03259; 824.11151;
 910.89417; 823.92505;
 367.48306; 824.85266;
 708.40363; 825.23608;
 724.16193; 824.5249;
 391.32407; 825.76074;
 743.43292; 828.82117;
 576.99866; 830.41351;
 630.74811; 830.11243;
 648.56628; 830.63428;
 55.949165; 832.2066;
 356.23175; 831.70862;
 271.48199; 833.89294;
 718.62933; 833.98419;
 421.00864; 835.38184;
 734.21722; 835.27771;
 92.430084; 836.3642;
 839.07648; 836.18719;
 133.20894; 836.65912;
 222.82776; 837.81531;
 558.67047; 837.78571;
 573.72943; 838.90063;
 75.139832; 839.82196;
 652.33557; 840.38519;
 358.4201; 840.76624;
 384.74847; 840.72705;
 350.15671; 841.61584;
 769.24774; 842.95361;
 99.108437; 843.7746;
 495.30545; 844.88416;
 715.88348; 844.52197;
 354.35385; 845.586;
 673.0816; 845.56537;
 227.04575; 847.32385;
 830.12531; 846.64984;
 190.9861; 848.11725;
 305.13165; 848.46185;
 344.5282; 849.02136;
 370.91614; 849.13947;
 621.61176; 850.03027;
 882.65778; 851.00385;
 548.19495; 851.98047;
 102.03209; 852.65039;
 715.16278; 854.22345;
 412.26868; 855.86902;
 734.98389; 855.6319;
 91.602837; 857.31934;
 233.38448; 856.40527;
 318.32217; 858.26184;
 394.43042; 857.90466;
 833.06525; 858.34949;
 276.77673; 858.54047;
 209.48825; 860.37689;
 230.92159; 859.63586;
 761.01215; 859.96332;
 478.88388; 860.83972;
 374.14008; 862.46881;
 719.95679; 862.37598;
 72.478966; 864.23383;
 806.21472; 865.09003;
 260.76227; 866.18494;
 423.75464; 868.1297;
 223.3979; 870.46594;
 591.02002; 871.09674;
 806.05615; 874.39783;
 431.98428; 875.67163;
 728.74579; 876.70471;
 781.65302; 877.14734;
 594.07629; 879.42419;
 569.36346; 880.41479;
 208.95132; 881.74188;
 232.3726; 881.66119;
 296.07596; 881.68549;
 357.4668; 881.54193;
 795.59161; 881.77002;
 441.87537; 884.7442;
 747.40021; 886.08911;
 337.50916; 888.64532;
 412.13461; 889.42419;
 717.47015; 890.41083;
 530.12109; 891.95502;
 317.80948; 895.612;
 455.53278; 896.36487;
 298.62195; 896.97003;
 561.1864; 898.01837;
 608.77417; 897.81757;
 471.27054; 898.84515;
 733.23572; 899.62909;
 508.40723; 900.83331;
 540.1673; 901.10468;
 290.69794; 903.58502;
 321.03137; 904.07587;
 514.98926; 904.0567;
 752.48102; 904.35553;
 456.13818; 907.06976;
 611.51111; 906.66357;
 657.89423; 909.86951;
 397.55194; 910.14008;
 364.28741; 912.09454;
 694.625; 913.33978;
 426.5394; 913.547;
 709.09259; 913.95746;
 628.01331; 914.81824;
 307.62622; 917.03027;
 654.05719; 918.32648;
 441.53012; 919.12848;
 707.20941; 921.73193;
 314.20291; 925.00403;
 453.86887; 924.8501;
 268.70956; 925.78473;
 468.38223; 925.86481;
 438.82062; 928.84198;
 485.88721; 929.06482;
 245.50055; 928.41461;
 478.55679; 933.07068;
 364.89911; 933.95551;
 410.27969; 935.7879;
 321.78967; 940.33319;
 344.20224; 940.1366;
 753.44775; 944.59607;
 308.63614; 946.74915;
 160.099; 954.00696;
 313.28821; 955.40692;
 749.72437; 955.04797;
 305.52206; 955.86896;
 265.49225; 958.36493;
 381.95691; 959.64929;
 229.66769; 961.30627;
 279.0788; 962.5318;
 755.14777; 964.66504;
 140.5795; 966.90546;
 385.41235; 968.13715;
 131.93904; 968.98206;
 235.81473; 969.62323;
 278.89102; 969.97437;
 232.1256; 979.54541;
 67.103355; 981.46368;
 278.91486; 981.07275;
 119.70385; 119.25056;
 668.38202; 399.43231;
 740.33356; 451.84027;
 792.47101; 582.0744;
 378.7854; 645.25574;
 849.33081; 665.91406;
 927.90869; 697.8089;
 88.508865; 745.96332;
 852.56; 820.13409;
 310.10623; 824.86584;
 425.30762; 861.42981;
 334.52304; 876.53534;
 622.2417; 60.20657;
 559.2218; 60.651466;
 107.72598; 64.254654;
 281.6662; 64.230339;
 521.82037; 65.289345;
 537.8924; 66.069557;
 585.15894; 66.973145;
 615.15546; 67.1782;
 873.60107; 66.940826;
 594.59589; 67.979843;
 123.60508; 69.416466;
 630.17725; 69.336075;
 91.092705; 70.440865;
 556.88879; 72.316734;
 145.75134; 73.315414;
 462.26611; 73.027657;
 572.22247; 73.491508;
 407.23779; 74.178619;
 616.13495; 74.99324;
 160.97241; 76.619026;
 520.31232; 76.609291;
 538.06738; 77.047119;
 651.54132; 77.115791;
 630.27716; 78.012604;
 475.96292; 83.271652;
 552.65155; 83.245842;
 569.94818; 83.291077;
 623.4043; 83.542496;
 403.18872; 86.95639;
 419.18042; 86.849518;
 460.46759; 86.739822;
 466.7095; 92.045265;
 498.60883; 92.857971;
 174.21265; 94.141678;
 491.13913; 94.371964;
 533.56439; 93.939499;
 602.07178; 93.608955;
 145.07994; 96.085777;
 428.78625; 95.996002;
 478.5885; 99.469536;
 190.53841; 100.04189;
 400.86118; 100.58025;
 60.033443; 102.46584;
 199.132; 103.20711;
 517.71912; 101.75951;
 536.94073; 102.5635;
 607.37756; 102.56879;
 125.06759; 104.07444;
 165.13499; 104.22788;
 591.85645; 104.25343;
 874.05695; 104.02297;
 141.22571; 106.55312;
 490.3688; 110.32523;
 505.99472; 109.81583;
 181.7867; 110.81263;
 519.87457; 111.45869;
 212.33687; 111.8415;
 535.54926; 111.73497;
 64.957947; 114.94899;
 594.10205; 116.21469;
 104.16484; 116.67649;
 155.09332; 118.22717;
 88.716644; 118.63657;
 203.58211; 119.03194;
 412.84906; 118.56248;
 610.41437; 118.53399;
 123.9716; 121.13346;
 918.16187; 121.32165;
 175.00841; 122.0982;
 76.171555; 123.05871;
 140.06644; 123.45866;
 100.61532; 125.95401;
 383.22711; 125.93546;
 64.213554; 126.98471;
 409.35516; 129.30251;
 442.33051; 129.89459;
 287.77115; 134.3969;
 918.94745; 133.78465;
 937.48413; 133.82642;
 79.377106; 134.77786;
 421.24435; 136.81856;
 882.76471; 137.27347;
 409.24615; 138.73515;
 353.31851; 140.15973;
 439.63995; 140.01753;
 108.09827; 141.16032;
 838.47797; 141.28401;
 378.53159; 141.89519;
 807.31268; 143.47382;
 129.4761; 144.03911;
 783.79071; 143.93565;
 172.74937; 144.54376;
 395.50339; 145.11887;
 71.081963; 146.59264;
 883.6095; 147.06036;
 309.47333; 149.39404;
 353.14331; 148.59885;
 770.77063; 149.306;
 469.48865; 151.67519;
 490.8468; 151.77042;
 839.50671; 151.89598;
 65.221115; 154.63356;
 121.77458; 157.82239;
 192.54559; 157.81784;
 391.87762; 158.6599;
 329.30301; 160.48558;
 351.76212; 159.64441;
 450.99387; 160.02979;
 296.89194; 161.3092;
 823.11389; 161.43239;
 466.21524; 161.65437;
 484.10602; 163.96313;
 315.37326; 164.63919;
 889.33826; 164.88707;
 89.549034; 168.38902;
 338.8739; 174.32034;
 385.87354; 175.29184;
 887.59283; 174.90393;
 194.42645; 176.74471;
 141.60033; 181.12564;
 312.93213; 181.31683;
 160.08658; 189.2812;
 909.40845; 189.4622;
 212.06461; 189.98711;
 503.96454; 189.62329;
 368.99283; 192.12003;
 310.30536; 192.73924;
 244.71004; 196.71172;
 335.30109; 194.67281;
 289.76556; 196.54581;
 229.27632; 198.78816;
 320.9259; 200.25438;
 766.37549; 199.91078;
 911.48322; 201.41136;
 259.27576; 204.99998;
 274.67703; 204.48128;
 302.82681; 209.25903;
 910.56665; 211.01799;
 319.32245; 211.79842;
 431.37018; 213.71387;
 785.10168; 214.57433;
 278.60696; 215.72986;
 749.85571; 215.85025;
 814.06464; 216.10341;
 226.5244; 217.47231;
 260.80698; 216.9435;
 505.9151; 219.74281;
 802.50153; 220.4843;
 308.31165; 225.62704;
 446.47141; 225.62848;
 333.36221; 226.63885;
 280.86417; 229.68944;
 952.6283; 230.12527;
 508.95776; 230.66644;
 200.50197; 231.96149;
 295.1088; 234.74695;
 368.07043; 234.78191;
 762.79028; 234.96065;
 781.4389; 235.58624;
 230.28244; 237.05927;
 512.69208; 238.99783;
 281.50577; 240.37277;
 362.20129; 245.46051;
 509.31595; 247.25511;
 919.48676; 248.03477;
 324.47208; 248.7717;
 811.39404; 249.21999;
 282.18716; 253.92198;
 828.9339; 252.19885;
 779.23779; 252.9612;
 753.65735; 254.64702;
 288.04141; 255.64726;
 335.82388; 255.99176;
 918.48065; 259.2186;
 278.72678; 259.51398;
 224.84798; 261.17688;
 255.82361; 261.02567;
 516.3277; 261.39139;
 318.92307; 262.26126;
 777.37085; 262.88904;
 242.64256; 264.80301;
 294.60596; 266.10785;
 332.21878; 266.68799;
 792.96313; 267.12726;
 212.6651; 268.78293;
 821.05804; 269.13113;
 746.20496; 270.47269;
 313.19504; 271.41217;
 764.26331; 271.36786;
 379.68237; 273.45703;
 266.28622; 274.86743;
 218.56741; 278.86996;
 933.8584; 281.71255;
 367.42996; 283.15872;
 762.6427; 285.12476;
 340.97736; 287.26279;
 783.65753; 287.98926;
 724.44562; 291.37756;
 741.3407; 291.12695;
 300.02103; 292.1449;
 948.73151; 291.95172;
 316.96967; 293.41302;
 224.98637; 294.31104;
 534.94427; 296.00116;
 359.8884; 296.5437;
 492.27896; 296.85306;
 754.94806; 297.10498;
 781.32135; 296.92477;
 814.98627; 297.64423;
 502.16171; 300.09491;
 624.03076; 301.28665;
 738.84869; 300.76016;
 602.13507; 302.00085;
 346.49252; 303.17792;
 593.14099; 302.50995;
 224.38739; 305.12549;
 321.26883; 304.78046;
 566.47742; 305.0097;
 762.99646; 304.65268;
 372.85358; 305.48056;
 454.82785; 305.94315;
 71.979584; 306.75272;
 529.70929; 307.4458;
 946.46503; 306.57257;
 297.69269; 308.06693;
 840.77228; 310.19638;
 338.97913; 310.70224;
 362.17816; 311.49741;
 519.05115; 311.08292;
 684.56061; 311.37735;
 589.30096; 313.13654;
 595.38666; 313.40683;
 74.00602; 315.3067;
 219.57617; 314.66;
 314.47546; 316.45694;
 563.39502; 315.98615;
 736.63623; 318.24722;
 355.9281; 320.37863;
 537.26251; 321.2504;
 512.60028; 322.46799;
 570.01605; 324.1998;
 961.68042; 324.88666;
 222.58417; 328.48538;
 553.69281; 330.5321;
 945.4762; 330.16931;
 378.05038; 331.15759;
 732.5238; 333.77087;
 697.19635; 337.24341;
 215.14433; 338.11252;
 954.80182; 338.77246;
 746.02063; 339.74652;
 545.05469; 340.91125;
 678.7536; 342.16177;
 513.71667; 344.90616;
 346.49927; 348.85648;
 706.68878; 348.858;
 182.60783; 350.0549;
 374.68375; 349.73553;
 685.55493; 350.82001;
 523.59796; 352.1322;
 554.01312; 353.87393;
 196.41672; 355.42307;
 533.55701; 356.89273;
 678.34784; 357.83389;
 170.78755; 359.24997;
 954.22095; 359.22015;
 210.05238; 359.85773;
 316.23752; 361.88528;
 376.27466; 363.25784;
 519.47144; 362.54465;
 670.00549; 363.75641;
 118.87259; 368.13654;
 507.68103; 368.94904;
 921.16187; 369.56406;
 170.86006; 370.65689;
 369.08301; 372.33655;
 666.41864; 372.08871;
 933.15448; 372.12418;
 633.73407; 373.11581;
 458.55017; 374.08008;
 699.34583; 373.71005;
 354.34613; 377.18344;
 549.53979; 378.74222;
 649.21967; 378.94003;
 378.10056; 380.36389;
 611.50879; 380.40497;
 674.06104; 380.11325;
 918.89185; 381.1799;
 391.56604; 383.45132;
 687.56427; 383.08554;
 569.72382; 383.76767;
 489.19739; 384.57764;
 502.47443; 385.71606;
 452.9639; 387.63641;
 119.68836; 388.96396;
 607.58588; 389.19434;
 202.90785; 390.29657;
 184.77954; 391.42731;
 217.9193; 390.63803;
 666.7453; 391.09338;
 455.95148; 392.33026;
 929.4541; 392.33554;
 560.73724; 394.28101;
 580.31592; 394.16296;
 634.37677; 394.07773;
 141.71858; 395.48022;
 597.22522; 395.45135;
 792.44818; 395.73975;
 614.98651; 397.32016;
 685.4389; 400.11761;
 802.27368; 399.60718;
 192.12395; 400.5278;
 647.40765; 401.16904;
 246.38324; 403.69986;
 531.53534; 405.11166;
 789.8161; 405.25244;
 904.06458; 405.07095;
 926.97052; 404.52808;
 466.66632; 405.89011;
 614.36804; 407.32684;
 264.60638; 408.33408;
 441.8429; 408.4014;
 715.6817; 407.85538;
 381.23047; 409.33997;
 588.89215; 408.539;
 157.91399; 410.13168;
 676.69971; 410.5737;
 455.15768; 411.80283;
 240.12057; 413.30179;
 310.87411; 415.00818;
 434.19022; 415.00208;
 552.27094; 414.98129;
 789.84888; 415.01779;
 643.27802; 415.96246;
 808.9574; 417.13342;
 213.11444; 418.29086;
 256.48712; 418.08493;
 945.97913; 417.67957;
 399.21747; 418.5925;
 505.23364; 419.28336;
 521.59613; 420.93051;
 193.37358; 422.53555;
 306.97964; 423.28174;
 883.90112; 423.00507;
 380.87082; 424.15106;
 647.1145; 423.66708;
 912.73157; 424.06375;
 185.34189; 424.94839;
 581.50751; 425.14682;
 639.13403; 424.85504;
 211.34882; 426.29272;
 940.33398; 426.34894;
 962.27856; 425.57034;
 316.95648; 428.14938;
 554.71503; 431.15143;
 593.36707; 431.26593;
 622.55792; 431.26819;
 647.4353; 432.27814;
 964.42572; 432.84766;
 176.4276; 436.38623;
 224.72974; 435.76282;
 311.34085; 436.02682;
 161.55093; 437.08359;
 428.00476; 436.60709;
 883.59308; 436.66016;
 951.18372; 439.25162;
 366.97513; 439.81271;
 551.72485; 440.55566;
 851.71094; 440.60056;
 323.14825; 442.25696;
 594.30212; 441.45383;
 414.12589; 443.56812;
 306.10083; 444.87411;
 153.96191; 445.58813;
 510.54559; 447.47141;
 940.01984; 447.38974;
 565.95782; 447.76685;
 648.22498; 448.67603;
 669.8454; 448.96341;
 726.80298; 448.73026;
 351.14362; 449.53955;
 365.74911; 449.89563;
 249.31479; 452.16769;
 872.10468; 451.99173;
 683.9201; 452.61417;
 705.40533; 452.65887;
 433.04974; 456.08908;
 142.88586; 456.85721;
 331.56647; 456.7565;
 509.26093; 457.28629;
 563.62079; 457.21906;
 939.08319; 457.35736;
 348.36832; 460.05557;
 902.69757; 459.99231;
 468.10367; 462.69308;
 292.57251; 463.65573;
 869.92419; 464.23648;
 492.1904; 465.75397;
 580.216; 465.56345;
 480.5173; 469.02249;
 424.77887; 469.91632;
 153.47835; 473.19247;
 242.57893; 474.10855;
 365.88812; 474.82358;
 578.31885; 475.15097;
 878.01184; 474.94937;
 456.42703; 476.34384;
 489.89868; 475.71924;
 675.05469; 476.03986;
 653.02094; 478.51828;
 73.458206; 480.27191;
 129.25653; 480.33826;
 202.58618; 480.22198;
 870.88617; 482.96222;
 89.960945; 485.00677;
 148.96971; 484.7157;
 461.7782; 484.65088;
 886.50098; 485.20453;
 111.5609; 487.18829;
 346.52509; 486.76645;
 176.01112; 488.44156;
 364.55145; 487.48218;
 242.51143; 489.47568;
 419.84586; 488.87054;
 319.79498; 489.55978;
 853.20319; 491.51157;
 396.68744; 492.0914;
 838.25763; 494.52179;
 343.25766; 495.25354;
 305.89536; 497.18353;
 188.61699; 498.61121;
 377.13629; 499.38171;
 468.90228; 498.76419;
 686.9278; 499.43399;
 902.50409; 499.2608;
 418.18655; 500.36932;
 848.63367; 501.26477;
 365.61099; 502.97159;
 141.23793; 503.56433;
 340.99213; 503.64157;
 395.16293; 504.2562;
 923.56787; 506.89319;
 936.57043; 507.37485;
 953.05835; 507.47412;
 467.88998; 509.60678;
 357.95728; 510.96802;
 714.07861; 510.96155;
 68.853561; 512.46509;
 211.9364; 512.43884;
 835.08771; 512.14844;
 849.69684; 511.66531;
 303.89172; 513.11548;
 341.69339; 513.31848;
 245.92734; 514.05511;
 489.35046; 514.52228;
 626.58862; 514.40173;
 139.89771; 516.04437;
 751.56842; 516.89966;
 966.04889; 517.96594;
 458.13556; 519.25293;
 908.229; 518.86542;
 288.87283; 521.0957;
 847.31018; 520.71204;
 97.498749; 521.51819;
 70.313507; 523.263;
 359.90244; 522.59912;
 858.33374; 522.69916;
 446.46869; 524.30072;
 490.17514; 523.68115;
 833.409; 523.8457;
 244.76874; 525.039;
 745.80096; 527.02991;
 87.234688; 527.15448;
 930.56116; 527.85706;
 689.55664; 528.9234;
 946.7724; 530.04913;
 416.39761; 530.91876;
 477.07718; 530.99042;
 105.1675; 532.12714;
 854.02991; 531.57745;
 880.25208; 532.02704;
 290.12106; 533.02606;
 362.13611; 532.92377;
 435.78311; 533.1084;
 869.10724; 533.23242;
 62.505314; 536.44775;
 831.83466; 536.50476;
 906.63074; 536.94409;
 175.71024; 539.27838;
 924.88574; 538.2724;
 192.11775; 539.10669;
 602.17139; 538.83545;
 844.83325; 539.28583;
 96.193336; 539.85303;
 309.58334; 539.73059;
 409.72781; 541.45062;
 657.61938; 541.23254;
 942.81067; 541.21326;
 262.56076; 542.57776;
 352.71548; 543.0473;
 423.96851; 543.41675;
 288.97723; 544.4541;
 334.11267; 544.17401;
 698.5849; 544.94183;
 633.24817; 545.6087;
 671.58704; 546.02661;
 595.64941; 546.7525;
 606.3078; 547.07184;
 828.17499; 546.9397;
 946.31378; 547.00366;
 59.554665; 548.15833;
 843.13184; 547.81958;
 775.84558; 549.06738;
 356.39038; 550.34161;
 878.86621; 550.29175;
 92.560059; 550.61334;
 448.59421; 550.6991;
 795.39655; 551.09625;
 815.34717; 551.41309;
 136.39449; 552.06085;
 309.88263; 552.20245;
 253.72661; 552.6524;
 857.02966; 553.1214;
 700.06647; 554.27563;
 669.83417; 555.17542;
 164.6985; 555.85962;
 296.38098; 556.67889;
 611.23016; 557.17889;
 924.31116; 557.06824;
 631.72864; 558.47681;
 654.98071; 558.47296;
 899.49536; 557.92206;
 343.98981; 558.92078;
 690.02954; 558.87036;
 874.38257; 559.13763;
 267.91525; 559.64362;
 358.33575; 559.52203;
 775.32428; 560.26886;
 811.76202; 559.55579;
 793.9209; 561.2207;
 420.1199; 561.56799;
 132.06763; 563.26959;
 520.13153; 563.37396;
 73.810318; 563.52777;
 401.06793; 563.54504;
 677.57831; 563.66998;
 855.30005; 564.12323;
 955.383; 564.17743;
 244.37048; 565.08453;
 295.01526; 565.29242;
 867.67694; 568.31921;
 941.06006; 568.31641;
 641.20483; 569.09601;
 664.99799; 569.46667;
 312.08682; 569.82745;
 468.44037; 569.82587;
 649.23218; 571.50311;
 679.65717; 572.42181;
 846.91699; 571.57391;
 883.74878; 572.2428;
 900.62506; 572.35132;
 329.96259; 573.44696;
 694.43854; 572.59399;
 734.07684; 573.82233;
 397.32343; 574.46295;
 610.97955; 574.91699;
 181.3812; 578.49561;
 780.06079; 577.78418;
 760.87537; 578.65869;
 513.72589; 580.23944;
 864.87476; 580.32666;
 678.12946; 581.01666;
 695.54547; 580.82507;
 164.23944; 581.97992;
 656.00183; 581.88202;
 892.38306; 581.50464;
 202.70876; 583.52808;
 262.64404; 583.65521;
 454.1012; 584.94159;
 469.00687; 584.98907;
 844.87549; 585.55872;
 940.92566; 585.44629;
 385.75439; 586.12262;
 711.38153; 586.07043;
 802.43323; 586.10138;
 870.23425; 586.28711;
 908.05389; 585.7851;
 769.87659; 587.78418;
 94.609604; 588.5849;
 618.48914; 588.64484;
 732.07739; 588.60522;
 357.91257; 589.73413;
 647.11365; 590.11542;
 917.21136; 590.40833;
 884.08289; 590.90906;
 697.32587; 591.38287;
 142.24205; 593.14087;
 701.75299; 594.82892;
 865.32581; 595.41595;
 344.67819; 596.42072;
 469.25504; 596.26965;
 485.86279; 596.42084;
 827.86627; 596.24341;
 744.04858; 597.14233;
 762.28894; 596.96466;
 769.96271; 597.13391;
 658.52069; 598.23193;
 892.41003; 599.2597;
 618.74365; 600.10425;
 286.5535; 601.12726;
 772.05609; 600.61066;
 954.32709; 601.11816;
 561.83032; 601.65521;
 720.75916; 601.50409;
 855.33478; 602.41199;
 638.72302; 603.18701;
 670.90668; 603.36066;
 945.8067; 602.99036;
 486.67554; 605.25299;
 929.25641; 604.75543;
 342.54178; 605.62012;
 697.04047; 606.43091;
 743.78467; 605.69055;
 801.42999; 605.72766;
 881.45245; 606.08868;
 653.91565; 606.91919;
 607.57336; 608.0105;
 677.5296; 607.7027;
 206.16302; 609.04175;
 588.84778; 608.6994;
 787.1217; 609.18604;
 866.94348; 608.49469;
 258.35379; 609.66815;
 954.78204; 610.03534;
 282.45261; 611.04413;
 760.76825; 611.26147;
 773.86359; 611.17682;
 458.49973; 611.49756;
 907.69391; 611.9212;
 335.77307; 613.61682;
 849.18335; 614.31635;
 298.17719; 614.7193;
 749.11621; 615.25623;
 877.10187; 614.76691;
 826.3905; 615.98895;
 578.25616; 617.29089;
 650.51892; 616.71906;
 662.92676; 617.12701;
 602.43408; 618.27991;
 934.72534; 617.74701;
 949.78229; 618.49133;
 562.76178; 618.63367;
 627.22876; 619.23004;
 786.09479; 618.62439;
 848.71277; 620.14209;
 893.34637; 619.86743;
 580.1109; 621.83264;
 680.6123; 622.03925;
 448.93491; 625.20441;
 536.77393; 625.04865;
 806.15735; 624.68951;
 560.44128; 627.37421;
 826.04773; 626.63556;
 931.32739; 626.88141;
 520.69257; 627.62231;
 601.72449; 627.56488;
 623.17725; 628.12469;
 792.35559; 629.40143;
 814.43604; 629.32379;
 403.10425; 631.8761;
 495.9744; 631.65942;
 837.87891; 632.03143;
 577.27728; 632.79791;
 859.98901; 632.70374;
 962.3089; 632.85828;
 425.38812; 634.05682;
 599.14093; 635.28235;
 765.41058; 634.99426;
 885.74664; 634.70496;
 945.60602; 635.37842;
 508.97241; 635.85077;
 412.11417; 636.55017;
 674.40704; 637.11151;
 643.46411; 637.992;
 368.33099; 639.07477;
 710.91815; 639.04114;
 813.06158; 638.62128;
 620.7572; 640.41998;
 399.03497; 640.61816;
 848.45581; 641.57147;
 902.98669; 641.7915;
 953.13849; 641.76917;
 420.44504; 642.84174;
 526.53839; 642.58752;
 656.36829; 642.6557;
 770.71161; 642.55463;
 783.41376; 642.81006;
 877.49115; 642.85693;
 363.31509; 643.61963;
 471.12; 643.83765;
 483.00159; 644.33093;
 754.99207; 644.48511;
 797.94403; 643.89386;
 868.15912; 643.6015;
 256.61084; 644.93652;
 441.84082; 645.11218;
 601.68079; 645.21552;
 824.06659; 645.49457;
 553.41986; 647.43622;
 406.16269; 648.27155;
 537.60217; 648.33984;
 428.15381; 648.86932;
 499.72406; 648.58691;
 564.8028; 649.03711;
 665.65948; 649.99481;
 614.86224; 651.1709;
 520.68201; 652.26202;
 582.14081; 652.16089;
 836.16797; 651.83563;
 899.81683; 651.50378;
 960.01294; 652.33728;
 386.32248; 653.48291;
 447.57355; 652.90576;
 779.03778; 652.79114;
 361.63977; 653.7486;
 817.04492; 654.43903;
 871.40637; 655.62354;
 914.91193; 655.62415;
 734.41376; 656.448;
 801.52942; 657.04742;
 426.62082; 657.66754;
 755.21985; 657.94336;
 329.62451; 659.26239;
 661.25366; 658.93604;
 690.24921; 658.703;
 851.12445; 659.39996;
 398.2424; 659.7749;
 836.73718; 660.26648;
 488.55048; 660.64349;
 642.7652; 660.66943;
 891.11493; 661.03668;
 515.89221; 662.10669;
 607.54785; 662.75073;
 825.91046; 662.65808;
 316.27277; 664.42523;
 414.27652; 664.36157;
 455.99969; 663.83643;
 724.52954; 664.25269;
 503.03375; 664.68237;
 775.53735; 665.36688;
 346.93839; 665.56592;
 580.2207; 665.54211;
 797.3844; 666.27155;
 912.79523; 665.93213;
 744.12482; 667.36121;
 941.90894; 666.99951;
 627.75958; 668.0498;
 258.13879; 668.7312;
 430.3385; 669.07574;
 759.15527; 669.10785;
 376.54504; 669.92218;
 390.57101; 670.21179;
 467.74792; 670.07123;
 561.69598; 670.02747;
 244.28795; 670.80951;
 641.75922; 670.57886;
 710.64264; 671.91016;
 845.29486; 672.45044;
 869.92889; 671.73743;
 663.18518; 673.04443;
 825.59344; 673.45038;
 890.71808; 672.85712;
 231.12114; 674.21857;
 606.94861; 673.81628;
 933.79736; 674.51477;
 408.50726; 675.44122;
 589.93018; 676.50385;
 622.58429; 675.65802;
 678.26984; 675.83221;
 313.21045; 676.60785;
 773.95398; 676.87238;
 486.69626; 677.99518;
 341.97562; 679.45367;
 440.92896; 679.22278;
 739.57202; 679.22455;
 753.93549; 679.3244;
 806.92651; 678.92657;
 877.38861; 680.26636;
 558.0647; 681.88654;
 904.16962; 681.55701;
 920.58575; 682.48334;
 688.8139; 684.24646;
 935.20404; 683.71301;
 963.05676; 684.48651;
 302.52536; 685.02887;
 565.56763; 686.19751;
 624.49146; 685.52417;
 660.08838; 686.14441;
 766.01617; 686.32391;
 508.59766; 687.42627;
 532.28333; 686.815;
 609.23779; 687.44543;
 868.55896; 687.57672;
 886.8172; 687.6842;
 342.70709; 688.53088;
 475.22632; 689.28613;
 211.48091; 689.82819;
 394.15195; 689.61377;
 947.44299; 689.98724;
 235.97043; 690.64038;
 323.26041; 690.85394;
 550.73083; 692.34485;
 599.18518; 692.3858;
 680.43005; 691.94037;
 921.19183; 692.04651;
 803.65192; 692.65747;
 906.8689; 693.00848;
 421.17963; 693.86963;
 748.28375; 694.23578;
 356.6698; 695.5979;
 405.13226; 696.11646;
 443.99805; 695.91925;
 526.84601; 696.3399;
 297.56342; 697.16992;
 253.80002; 698.29401;
 269.74954; 698.38104;
 870.33136; 698.02606;
 886.51172; 698.46497;
 387.27078; 699.11865;
 504.75427; 699.47797;
 541.50812; 699.21661;
 817.1922; 699.14429;
 235.18098; 700.49347;
 580.37482; 700.44568;
 675.74463; 700.15265;
 947.38428; 700.35779;
 566.43549; 701.98535;
 715.73993; 702.83209;
 910.68384; 703.25928;
 315.86771; 703.82477;
 427.26981; 704.02448;
 440.46646; 703.69586;
 596.12531; 703.51978;
 353.51089; 705.88959;
 525.24316; 706.19214;
 897.73737; 706.07898;
 454.68851; 707.25354;
 620.79431; 707.08673;
 286.78058; 707.58826;
 413.39795; 707.52966;
 543.02252; 707.88751;
 678.16479; 708.05054;
 963.18555; 708.15747;
 695.29388; 708.6554;
 729.40985; 709.224;
 767.44531; 709.5144;
 268.66769; 709.52234;
 380.55402; 710.08765;
 665.10004; 709.84619;
 827.69446; 709.77618;
 939.91364; 709.84613;
 464.58533; 710.93445;
 855.03748; 711.28473;
 343.51495; 713.24243;
 303.12445; 713.70288;
 575.40894; 713.48572;
 872.59021; 713.67035;
 429.30283; 715.50574;
 783.78406; 715.95892;
 118.63887; 717.50342;
 413.76563; 717.06915;
 921.87579; 717.47382;
 949.69495; 717.23047;
 477.97305; 717.82556;
 506.32541; 717.92761;
 586.72363; 717.63983;
 666.32214; 718.46619;
 359.1272; 719.51978;
 678.9566; 719.25391;
 892.6308; 718.98987;
 701.78033; 721.4516;
 377.92081; 722.18073;
 626.4447; 721.61487;
 808.03333; 721.58875;
 823.79846; 721.50085;
 853.44073; 722.92249;
 603.46509; 724.43835;
 938.45441; 724.11847;
 582.78802; 726.50885;
 770.75861; 725.94385;
 413.00366; 726.57947;
 872.08368; 726.87415;
 956.50409; 727.19055;
 524.16174; 728.20953;
 654.7113; 728.55676;
 693.05634; 730.28644;
 827.13605; 730.25757;
 888.14954; 729.59924;
 917.45068; 729.44562;
 344.85474; 731.39905;
 541.68213; 730.51978;
 707.51813; 731.50708;
 370.7056; 732.47998;
 430.16766; 731.69592;
 388.98712; 733.26599;
 621.9425; 732.6228;
 549.82532; 734.14313;
 357.31674; 734.71027;
 594.07373; 735.09161;
 802.49127; 734.56067;
 757.55792; 736.26843;
 771.56012; 736.03326;
 932.92975; 736.25305;
 118.93527; 736.6026;
 722.38965; 736.77167;
 91.419487; 738.02496;
 785.23975; 738.24243;
 872.6181; 737.98895;
 849.63672; 739.29309;
 886.72156; 739.83777;
 67.828278; 740.59357;
 404.63684; 741.32751;
 701.63245; 740.51501;
 347.84723; 741.81281;
 536.21875; 742.42004;
 910.7193; 741.526;
 463.15305; 743.41516;
 809.2113; 742.62604;
 861.87646; 743.11096;
 386.54596; 744.23663;
 487.78397; 743.53394;
 676.15881; 743.5932;
 290.13275; 744.66772;
 370.01349; 745.22272;
 550.74377; 745.40741;
 115.37714; 745.81189;
 512.1875; 745.8916;
 758.28937; 745.55066;
 924.19781; 746.06744;
 567.46545; 746.8526;
 623.95862; 748.44525;
 687.21991; 750.47894;
 831.43488; 748.24115;
 848.56244; 748.48163;
 957.46313; 748.4176;
 704.89276; 749.47491;
 775.51129; 749.99768;
 408.2749; 751.08398;
 73.624367; 751.98193;
 348.10132; 752.35541;
 144.50902; 753.42035;
 442.23236; 752.81354;
 109.6503; 753.97858;
 300.42603; 753.57654;
 425.90698; 753.88525;
 749.50128; 754.31458;
 331.51495; 754.7879;
 640.16998; 754.91846;
 654.98767; 755.47296;
 372.33832; 756.4444;
 513.42505; 756.22083;
 612.07953; 756.32837;
 854.7525; 756.0116;
 870.43109; 756.29791;
 925.14221; 755.52069;
 828.75342; 756.6275;
 531.17493; 758.04932;
 722.685; 757.9585;
 903.49347; 757.92615;
 804.15356; 758.76678;
 123.89285; 760.16248;
 288.23798; 760.06537;
 576.32904; 761.16901;
 709.69354; 760.72424;
 693.96613; 761.74292;
 303.93518; 762.79407;
 352.72403; 763.02942;
 501.66449; 763.36194;
 78.029922; 764.31458;
 275.38403; 763.83081;
 745.10327; 764.00732;
 758.82916; 764.22998;
 850.10986; 763.59283;
 864.09717; 765.2168;
 537.94806; 765.8877;
 614.45416; 766.30609;
 779.17889; 766.3996;
 878.36536; 766.1701;
 551.36224; 767.26501;
 628.79803; 767.276;
 945.4964; 767.05103;
 520.05206; 768.31482;
 371.14639; 769.07404;
 492.60684; 768.59277;
 600.57153; 768.99316;
 103.49941; 769.92664;
 154.02238; 769.76038;
 70.100975; 770.99884;
 420.68484; 771.24005;
 566.92865; 771.42767;
 692.61249; 771.41919;
 843.2287; 771.2135;
 289.23886; 771.8205;
 505.15588; 771.797;
 404.00708; 773.07617;
 707.71686; 772.61383;
 724.06445; 773.15112;
 306.27283; 773.71729;
 323.73834; 774.2041;
 347.61536; 773.89526;
 642.29956; 773.79456;
 900.12274; 773.92657;
 460.19199; 774.65906;
 122.23342; 775.78326;
 174.37471; 776.43164;
 753.1394; 776.48157;
 862.22418; 775.51306;
 877.18512; 776.36835;
 390.24261; 778.95264;
 783.97229; 778.57489;
 153.86035; 780.02081;
 801.91138; 780.00256;
 671.40826; 781.48108;
 425.49493; 783.03754;
 598.2597; 782.84003;
 898.00745; 783.00873;
 343.15948; 784.41785;
 406.71158; 783.89215;
 176.15363; 786.20117;
 304.90945; 786.2865;
 737.6098; 785.6535;
 832.15912; 786.19818;
 878.27631; 786.14777;
 937.62787; 786.01471;
 436.34567; 787.18427;
 702.87054; 787.00769;
 73.729164; 788.03265;
 161.68262; 788.34668;
 114.64458; 788.5918;
 195.29054; 789.29572;
 532.12042; 789.31647;
 846.36499; 790.04791;
 101.42059; 790.86072;
 394.01682; 790.93604;
 686.32294; 790.96057;
 655.55933; 792.33972;
 767.20062; 792.71851;
 128.06725; 793.8219;
 180.87766; 794.29651;
 926.59369; 794.4754;
 108.67426; 796.60022;
 454.24222; 795.57422;
 824.70471; 796.39703;
 207.40379; 796.87512;
 427.80072; 796.61182;
 161.35374; 798.28632;
 376.51129; 798.41467;
 396.86121; 798.34015;
 472.70691; 798.1308;
 705.53021; 798.44501;
 496.93246; 799.03668;
 136.19141; 800.26874;
 189.30811; 801.36877;
 411.86224; 801.17029;
 846.80212; 800.57465;
 123.99327; 802.56549;
 777.56238; 803.29639;
 353.15845; 804.08661;
 717.00549; 803.84229;
 751.53265; 803.50519;
 934.50116; 803.81976;
 636.33087; 804.61853;
 454.62427; 806.31805;
 81.438835; 806.79462;
 658.85931; 807.61621;
 841.62415; 808.77454;
 137.06511; 810.03955;
 159.53838; 809.74951;
 91.883041; 810.99469;
 213.88005; 810.88092;
 883.93225; 810.62811;
 121.8916; 812.86224;
 587.70959; 812.82623;
 721.26477; 812.85608;
 793.98767; 812.64191;
 849.40875; 812.64539;
 912.40491; 813.41272;
 351.71613; 813.97662;
 375.16479; 815.52826;
 431.17599; 814.71436;
 457.49588; 816.1604;
 106.53543; 816.59399;
 311.26721; 817.26282;
 730.39056; 817.39948;
 624.10681; 817.61041;
 162.17194; 819.25067;
 900.29834; 818.58118;
 241.48817; 820.45221;
 139.35789; 820.85504;
 745.27063; 820.94141;
 119.63406; 822.83459;
 268.26544; 822.73529;
 365.43109; 823.21539;
 592.72748; 823.60956;
 708.22327; 823.2467;
 836.50153; 824.08966;
 876.59106; 824.32172;
 911.39935; 824.4682;
 103.00275; 824.60565;
 448.94504; 826.22302;
 608.95105; 826.13104;
 222.21713; 826.75067;
 413.09061; 827.01251;
 463.50381; 827.46814;
 337.68155; 829.45642;
 575.83606; 829.40436;
 743.0025; 828.76392;
 853.9209; 828.7915;
 395.83554; 829.77216;
 632.04163; 829.92493;
 649.67639; 830.05518;
 889.87616; 830.38165;
 292.09952; 830.59229;
 123.30043; 831.70752;
 355.40149; 831.80353;
 381.84558; 832.2666;
 272.70801; 833.27533;
 507.53461; 833.26709;
 718.21362; 833.3595;
 876.53033; 832.66321;
 210.9214; 834.01038;
 490.33267; 834.38141;
 131.73094; 835.33386;
 253.50055; 834.9184;
 420.88632; 835.13324;
 90.819725; 836.00714;
 369.87531; 836.20831;
 734.44861; 835.66962;
 222.90649; 836.7215;
 462.3139; 836.71515;
 336.83673; 838.05316;
 558.20648; 838.08698;
 573.09204; 838.46637;
 586.20667; 837.93915;
 603.26373; 838.02838;
 704.34821; 838.46844;
 898.13861; 838.38489;
 306.83469; 838.89789;
 621.89941; 838.81757;
 73.480865; 839.80304;
 856.7561; 839.82739;
 386.32831; 840.74854;
 879.67676; 840.92969;
 58.079353; 841.82794;
 652.66168; 841.85065;
 768.72113; 842.16699;
 843.46045; 842.11713;
 323.85251; 842.76447;
 354.54672; 843.20947;
 423.76236; 843.38867;
 689.09528; 843.03101;
 100.45424; 843.75958;
 716.8913; 844.37598;
 251.37773; 844.71661;
 394.681; 845.22498;
 673.20184; 844.69214;
 226.41158; 848.06354;
 268.02402; 846.2149;
 829.47064; 846.14972;
 371.14871; 847.48022;
 411.05853; 848.22424;
 866.31702; 847.60571;
 191.50302; 848.75891;
 341.09305; 849.22449;
 445.24146; 849.22015;
 574.39728; 848.84058;
 305.23727; 849.87024;
 319.77615; 850.38397;
 557.8819; 849.61053;
 621.4552; 850.93781;
 842.93866; 850.85004;
 882.8642; 851.2998;
 492.21927; 852.23749;
 549.61212; 851.91699;
 392.01968; 854.23541;
 330.22772; 854.72571;
 677.35791; 855.28192;
 361.36523; 856.11688;
 414.20682; 856.00427;
 737.38757; 856.24042;
 278.87772; 857.00964;
 819.21826; 856.65112;
 90.528618; 857.7381;
 231.36255; 858.04669;
 251.09163; 858.14258;
 346.30887; 857.80579;
 832.84503; 858.21423;
 867.56067; 857.98853;
 208.59599; 859.52515;
 274.54346; 859.03973;
 322.8981; 858.7124;
 701.2876; 858.61963;
 300.35968; 860.95819;
 478.29401; 861.41492;
 458.7597; 862.20801;
 719.75372; 862.06482;
 72.791191; 863.30499;
 336.11365; 863.21783;
 373.38287; 863.3446;
 180.95309; 864.29077;
 439.87247; 864.38043;
 301.99075; 864.5791;
 806.75629; 864.73529;
 261.88556; 867.18909;
 283.77902; 866.56891;
 551.81427; 866.55414;
 782.8689; 867.29395;
 391.14972; 867.55627;
 349.82739; 868.6062;
 223.58688; 869.9762;
 767.99518; 869.8949;
 480.22382; 872.39838;
 682.58612; 871.67981;
 498.66855; 873.59637;
 747.32751; 873.66803;
 284.49585; 875.9671;
 434.69659; 875.74127;
 727.86108; 876.19861;
 457.25391; 877.94818;
 520.60468; 878.44885;
 780.52594; 877.83508;
 552.23199; 878.75037;
 613.47833; 878.82239;
 210.39056; 880.16992;
 356.82892; 879.97137;
 594.1521; 879.87732;
 232.73479; 880.81134;
 323.64935; 880.79803;
 569.35822; 881.32874;
 528.60852; 881.73816;
 295.93188; 883.02258;
 796.0249; 882.91473;
 439.92505; 884.69025;
 682.09991; 884.5462;
 464.96594; 886.05927;
 747.19519; 885.77399;
 769.13531; 886.95746;
 547.32947; 887.68677;
 410.62793; 889.46777;
 658.09985; 888.9538;
 734.42334; 888.83295;
 337.63947; 889.92877;
 360.14417; 891.46289;
 478.51563; 890.61914;
 698.33099; 890.97278;
 716.47607; 891.52551;
 528.58234; 892.84851;
 109.46693; 894.33899;
 317.129; 894.53766;
 623.38074; 895.16687;
 760.04004; 895.3017;
 347.62875; 896.11255;
 455.11292; 896.6756;
 609.24103; 896.81244;
 296.92493; 897.83032;
 472.405; 899.31177;
 561.65759; 898.52539;
 587.51337; 899.12128;
 735.82654; 898.47363;
 590.28418; 899.79333;
 539.45721; 901.27759;
 651.57391; 901.00732;
 634.33105; 901.51398;
 680.86139; 902.30994;
 484.04233; 903.04657;
 509.82861; 902.56647;
 751.61682; 903.54303;
 307.10529; 903.96088;
 715.1239; 903.59955;
 290.35785; 904.94983;
 320.04123; 905.17548;
 697.61395; 905.05951;
 347.63443; 905.87659;
 612.10114; 906.80548;
 332.2113; 907.55139;
 629.6485; 908.09363;
 656.65234; 907.84607;
 456.68027; 909.08026;
 678.27332; 908.68695;
 425.18121; 911.40106;
 361.84964; 912.39172;
 484.67609; 912.09137;
 644.57703; 913.27783;
 696.28644; 913.30261;
 468.742; 913.85077;
 710.93701; 913.88055;
 244.76862; 914.94391;
 309.02142; 914.78925;
 503.03641; 914.651;
 440.24347; 918.82684;
 652.96771; 918.68451;
 329.18344; 920.13019;
 381.52661; 919.84625;
 484.29425; 919.88068;
 291.97928; 921.03973;
 402.94473; 920.90778;
 429.0365; 921.97705;
 680.48865; 921.75494;
 365.84396; 922.76996;
 707.84814; 923.22308;
 507.90314; 924.05939;
 454.42462; 924.91693;
 468.37915; 925.00818;
 268.64871; 926.42218;
 403.98703; 926.71771;
 350.81561; 928.2171;
 381.81067; 927.63831;
 315.02896; 928.68933;
 439.59711; 928.83496;
 485.16504; 929.11298;
 328.63126; 931.08142;
 428.37411; 931.78052;
 480.07028; 933.09235;
 364.85614; 933.62714;
 410.01508; 936.25342;
 232.28427; 938.76611;
 319.15347; 940.44891;
 242.50931; 941.75043;
 342.83124; 940.58759;
 753.59802; 943.88995;
 309.69537; 946.13074;
 204.02994; 949.99536;
 76.520027; 952.02991;
 141.18161; 955.02643;
 285.9519; 955.4588;
 749.91504; 954.67017;
 303.65723; 955.7193;
 315.2829; 955.69843;
 404.38895; 955.87701;
 265.00497; 957.02509;
 383.56635; 959.2829;
 236.93629; 961.01721;
 256.2178; 963.27374;
 130.24104; 966.42273;
 309.50949; 965.60553;
 755.2403; 965.80548;
 400.02875; 85.346619;
 461.40302; 86.074844;
 172.55652; 90.067696;
 494.14059; 91.735641;
 142.17128; 93.567726;
 191.46843; 98.409325;
 429.67267; 97.535065;
 519.7691; 99.861702;
 398.28986; 102.18645;
 477.48251; 101.39873;
 540.8952; 102.66732;
 591.49304; 101.89554;
 608.82874; 101.51662;
 161.70596; 104.07573;
 136.68398; 105.80249;
 212.75658; 109.55704;
 182.5907; 111.26466;
 488.80145; 112.89835;
 518.00555; 112.79398;
 537.66742; 114.79768;
 87.951569; 115.70036;
 610.12323; 115.68188;
 153.60416; 118.33495;
 593.03522; 116.78889;
 918.67255; 119.09359;
 125.70831; 121.74541;
 174.99384; 124.16829;
 381.52524; 126.64855;
 440.99191; 126.89196;
 478.29276; 128.19574;
 97.43045; 129.11264;
 933.49554; 132.75127;
 287.16171; 134.18224;
 917.87823; 134.11906;
 837.44073; 140.64908;
 440.2002; 141.30951;
 126.85654; 143.60828;
 376.45233; 143.03339;
 352.61407; 146.78596;
 394.58292; 145.39165;
 882.26007; 146.91127;
 767.93835; 147.61427;
 822.0813; 147.02356;
 489.79721; 152.3306;
 835.17633; 155.74823;
 121.08083; 157.64731;
 298.28134; 158.5123;
 194.17554; 159.98727;
 322.95035; 160.51949;
 349.60748; 159.7807;
 822.66809; 161.27986;
 218.7171; 174.35739;
 885.94537; 175.52559;
 192.60223; 177.2439;
 314.02597; 178.66203;
 386.74246; 177.88892;
 160.79404; 187.92224;
 908.42914; 188.84671;
 371.29123; 190.80066;
 212.88031; 191.13127;
 506.52048; 193.21841;
 765.52496; 196.39503;
 320.91849; 197.97574;
 253.55496; 203.03871;
 273.26382; 201.60127;
 301.67523; 207.21141;
 429.95929; 212.34338;
 906.98383; 212.63396;
 318.78253; 213.56201;
 280.39774; 216.32286;
 258.82068; 219.03485;
 329.25674; 224.2126;
 505.93335; 224.37244;
 195.9554; 228.93211;
 310.04047; 227.49925;
 348.16946; 230.61134;
 293.21378; 233.69392;
 368.55832; 233.19894;
 229.37839; 236.62842;
 513.1272; 238.16664;
 343.1825; 240.73546;
 250.62427; 241.42741;
 324.73544; 242.19226;
 362.49887; 246.68521;
 773.15173; 249.87863;
 829.95496; 249.76686;
 334.98575; 255.90724;
 224.05247; 257.32941;
 319.97836; 259.8194;
 917.69147; 259.39487;
 249.43651; 262.46613;
 294.52689; 267.28598;
 744.18121; 268.27051;
 208.59973; 269.58118;
 765.02161; 269.30301;
 932.57996; 281.76807;
 762.53204; 283.50171;
 781.41321; 285.75555;
 279.37711; 288.38;
 742.2674; 288.71912;
 318.42804; 293.01505;
 357.48184; 293.95078;
 534.79547; 294.70566;
 753.82733; 296.3208;
 596.67346; 298.75778;
 778.1308; 297.45572;
 500.36639; 299.23972;
 622.89008; 300.41135;
 345.69608; 302.73013;
 563.01898; 301.24011;
 321.44937; 306.87793;
 524.75452; 309.04581;
 684.32709; 310.64783;
 591.48914; 312.90131;
 218.13091; 314.00333;
 555.72046; 316.13354;
 732.64331; 316.22989;
 752.55664; 321.57855;
 571.63727; 324.48486;
 224.50729; 327.3891;
 378.60205; 330.01791;
 729.49591; 332.81769;
 209.72867; 336.28079;
 696.16925; 336.04785;
 542.14911; 339.60165;
 744.96259; 339.80167;
 182.65335; 346.56308;
 344.30865; 348.0452;
 706.18842; 348.33441;
 533.43231; 354.4686;
 198.97005; 356.55292;
 375.02527; 357.24118;
 920.14899; 362.92377;
 522.448; 366.72598;
 530.17297; 372.73456;
 661.96448; 372.7587;
 458.2641; 373.11685;
 586.52405; 376.25052;
 690.96326; 377.21918;
 354.29932; 379.55582;
 610.04022; 380.06516;
 648.58197; 379.94107;
 916.86829; 380.40735;
 670.47052; 385.89072;
 118.93844; 388.64658;
 185.87041; 388.23935;
 453.87476; 389.02829;
 633.1875; 392.95758;
 790.02386; 392.61435;
 559.65869; 394.51328;
 598.77045; 393.79785;
 659.17731; 394.0387;
 140.20415; 395.49655;
 245.43678; 398.93027;
 687.15033; 399.3851;
 193.05252; 401.34897;
 227.9446; 401.84088;
 529.89288; 403.15265;
 787.87109; 404.49725;
 905.64819; 404.8299;
 927.86115; 404.42313;
 440.59375; 405.83456;
 263.81143; 406.97336;
 589.27374; 407.27457;
 672.29291; 408.07761;
 715.15045; 408.18808;
 158.76163; 410.836;
 306.13174; 409.65753;
 550.54932; 410.51669;
 611.52606; 409.80444;
 648.39069; 410.4877;
 238.19463; 412.17953;
 808.42816; 414.65353;
 501.26025; 416.97369;
 397.634; 418.46289;
 188.05563; 419.40964;
 884.81458; 420.60327;
 255.00845; 421.62924;
 578.39362; 422.72101;
 907.12457; 421.65466;
 379.77899; 424.42667;
 653.87549; 423.78729;
 639.54828; 425.52545;
 799.41168; 427.16605;
 220.08701; 429.76035;
 554.86316; 429.5593;
 620.3031; 430.42987;
 177.39572; 435.80792;
 882.46167; 438.07455;
 321.28769; 442.2056;
 411.48288; 442.19989;
 549.47638; 441.7457;
 935.99115; 441.28671;
 643.78809; 444.62109;
 586.48486; 445.56372;
 366.48004; 449.64203;
 869.91742; 450.08585;
 249.0024; 452.414;
 141.18175; 456.82092;
 331.70718; 457.98245;
 903.06781; 458.0148;
 935.09802; 457.15878;
 510.48633; 460.47354;
 347.95273; 462.64825;
 579.23859; 462.73318;
 293.71115; 464.81821;
 866.86609; 464.29367;
 262.86722; 469.61697;
 347.36334; 470.54214;
 422.93729; 469.63226;
 894.11243; 470.31335;
 366.89661; 472.08728;
 483.52863; 471.7601;
 649.58673; 475.77972;
 126.64413; 477.86237;
 200.76205; 480.51932;
 110.60435; 484.79581;
 149.7056; 484.20273;
 418.45251; 484.0499;
 90.476379; 485.40176;
 174.73813; 485.58151;
 346.15964; 485.33282;
 458.32126; 487.89456;
 321.45114; 489.09225;
 395.55933; 490.09723;
 852.94183; 489.66754;
 303.67258; 493.41956;
 188.66434; 496.78516;
 470.36337; 496.08875;
 120.89882; 497.83249;
 140.32158; 500.89224;
 379.56052; 500.40506;
 416.55841; 501.07831;
 361.44891; 502.65137;
 393.51218; 506.32132;
 923.81451; 505.06476;
 469.52597; 508.91522;
 246.13249; 510.3645;
 184.75127; 512.89746;
 213.0907; 511.30237;
 303.3569; 511.44739;
 488.74234; 512.18958;
 750.38385; 514.60089;
 139.1691; 518.65381;
 908.03308; 518.09161;
 287.94083; 519.18292;
 354.15228; 521.45404;
 448.8895; 521.05804;
 829.40533; 521.66553;
 91.683098; 523.6543;
 243.6619; 526.74579;
 470.75909; 525.80206;
 688.89551; 526.4505;
 743.13074; 528.29449;
 851.31836; 528.71063;
 415.67651; 529.76331;
 288.80875; 533.05969;
 877.73083; 531.63434;
 110.40823; 534.57153;
 904.7652; 533.85358;
 359.63718; 535.26276;
 438.05554; 535.47345;
 828.30743; 535.3999;
 94.230598; 537.66431;
 178.9985; 537.45538;
 309.75833; 537.71484;
 261.34964; 539.54968;
 655.2478; 541.11981;
 923.76373; 539.54364;
 408.70303; 544.05969;
 633.10535; 543.98785;
 675.49683; 543.2735;
 884.20953; 543.42719;
 597.44843; 545.62384;
 773.91205; 545.57666;
 290.90714; 548.59131;
 813.35571; 547.508;
 136.84883; 550.95856;
 855.02045; 550.63721;
 91.33551; 552.17847;
 309.74872; 551.8606;
 253.10724; 553.4931;
 165.01888; 556.17175;
 921.37347; 556.82501;
 606.84625; 558.29077;
 631.07123; 557.26447;
 873.44867; 557.27344;
 356.42609; 559.41486;
 399.15646; 560.93665;
 417.76575; 559.81116;
 673.07184; 559.62695;
 775.60425; 559.27637;
 795.90936; 559.95453;
 755.46344; 561.60413;
 130.93369; 564.72754;
 289.06693; 565.28461;
 309.67709; 568.81403;
 468.18277; 567.49011;
 663.0575; 568.14209;
 865.6344; 567.76819;
 645.73358; 570.06476;
 845.38733; 570.64691;
 329.41098; 572.4433;
 679.4621; 572.34753;
 732.46844; 571.8501;
 885.43115; 575.0614;
 180.8725; 578.62164;
 756.52069; 577.97089;
 778.21613; 577.34802;
 513.4411; 579.46686;
 701.49091; 580.25641;
 865.98932; 581.21198;
 842.80756; 583.91907;
 384.39197; 585.54358;
 454.44852; 587.1405;
 615.56378; 585.97583;
 642.27112; 586.82263;
 728.25323; 585.80133;
 357.64157; 588.724;
 911.57916; 587.29688;
 140.47919; 591.05316;
 464.83572; 594.92523;
 484.24377; 593.72864;
 698.41833; 593.4118;
 825.12628; 594.3822;
 743.06464; 596.6167;
 855.66919; 596.89618;
 618.50751; 598.12347;
 768.76459; 598.13397;
 722.28394; 600.89746;
 877.2027; 597.98541;
 559.64276; 601.89716;
 801.53088; 602.10059;
 636.63715; 602.91827;
 589.00323; 608.16632;
 606.5094; 607.15924;
 692.74786; 607.27625;
 783.22052; 608.06696;
 904.99921; 608.71838;
 280.66141; 610.72882;
 461.00626; 609.91235;
 868.55933; 609.70947;
 257.99951; 611.00897;
 821.14203; 613.81854;
 874.09387; 614.15564;
 934.25604; 614.46478;
 560.65649; 616.31067;
 659.55261; 616.01068;
 845.79242; 615.80902;
 481.94217; 617.33411;
 629.71375; 617.7608;
 748.70245; 617.85382;
 578.7923; 619.43152;
 449.14603; 623.71753;
 678.44086; 623.62048;
 493.29712; 626.49341;
 522.61987; 626.68713;
 403.08966; 628.06305;
 536.15417; 627.86591;
 822.18939; 628.60016;
 906.97327; 627.61475;
 789.08966; 629.30347;
 839.23193; 630.34375;
 859.85352; 631.42389;
 884.85327; 632.7605;
 409.49423; 633.96527;
 424.01025; 633.31873;
 507.15601; 633.89435;
 573.18549; 633.38831;
 595.43567; 633.13519;
 765.63782; 634.41339;
 644.3205; 635.54156;
 365.22061; 638.26581;
 480.59198; 638.93768;
 651.8924; 638.58728;
 673.75006; 637.35925;
 811.10474; 637.91083;
 708.62878; 640.07117;
 864.67126; 639.82635;
 902.28229; 641.05396;
 846.21851; 642.30377;
 922.21265; 642.58063;
 557.23248; 646.51532;
 601.01416; 646.01105;
 443.70682; 648.80255;
 500.41422; 648.37616;
 537.71295; 648.0022;
 667.15985; 648.67548;
 795.78674; 647.68164;
 824.3764; 647.68738;
 885.47339; 647.2655;
 518.77991; 650.71625;
 581.91028; 649.37927;
 733.54407; 652.74866;
 777.91296; 651.82025;
 364.02649; 653.72467;
 913.32635; 653.19775;
 869.42236; 656.34924;
 397.67313; 657.6673;
 639.93488; 658.46588;
 609.11407; 659.97656;
 889.50751; 659.99487;
 315.43378; 662.84381;
 486.72522; 661.65283;
 662.96405; 662.49072;
 693.23016; 662.59064;
 236.88278; 663.58008;
 345.67892; 663.97827;
 414.93854; 663.26624;
 721.7428; 664.91437;
 515.61969; 666.31671;
 579.57544; 665.17102;
 757.5368; 665.21527;
 775.47028; 666.40399;
 911.02753; 665.44781;
 377.55252; 668.56299;
 426.98184; 668.2785;
 464.0304; 668.04248;
 558.71857; 668.96991;
 741.91016; 667.51093;
 866.98615; 671.31207;
 486.9787; 674.30048;
 597.23755; 674.12476;
 825.04407; 674.09503;
 928.79523; 672.9541;
 309.78897; 676.76233;
 406.9285; 675.44562;
 678.63599; 676.50238;
 804.55115; 676.95465;
 440.7139; 678.64056;
 920.36493; 678.34174;
 750.76337; 679.94189;
 882.56055; 682.91669;
 341.71631; 683.02716;
 535.92572; 684.73505;
 564.36414; 683.86456;
 625.97186; 684.8924;
 658.1322; 684.65857;
 823.75159; 684.5166;
 376.84409; 686.42035;
 506.90057; 685.2923;
 864.15839; 685.33508;
 395.72885; 688.39465;
 474.12561; 688.67169;
 605.61694; 687.37524;
 323.26575; 690.04669;
 677.92566; 690.4743;
 766.99683; 689.97461;
 420.73059; 691.99176;
 551.48712; 692.46082;
 290.4574; 693.1897;
 356.60025; 694.26782;
 704.20251; 693.18353;
 797.28308; 693.99139;
 579.55707; 698.72101;
 745.86285; 698.93402;
 863.62628; 698.92804;
 886.06512; 699.64227;
 235.58308; 701.16638;
 498.35629; 701.40814;
 596.9458; 703.58087;
 267.35599; 706.3551;
 285.29929; 705.84418;
 320.07147; 706.59259;
 354.46158; 705.80365;
 730.76392; 705.82281;
 825.13098; 706.12604;
 852.83911; 705.94397;
 378.06161; 707.93213;
 413.38467; 708.04346;
 460.37814; 707.79999;
 542.09277; 708.85809;
 694.63434; 708.56415;
 522.90833; 709.62598;
 648.33331; 710.71545;
 763.97766; 709.46191;
 301.25272; 712.82953;
 429.86526; 714.74329;
 502.47626; 714.4328;
 664.80811; 716.17511;
 890.41882; 715.26086;
 118.89755; 717.84332;
 354.35489; 718.17371;
 476.23837; 719.57977;
 626.90192; 720.36603;
 807.20618; 720.48236;
 268.5791; 722.41479;
 374.23843; 721.97571;
 851.0495; 722.00781;
 769.62799; 724.85028;
 825.14325; 724.67749;
 870.1463; 724.66656;
 296.73566; 728.47357;
 652.7738; 728.91687;
 914.34583; 727.79877;
 429.10486; 730.6131;
 520.77454; 729.62018;
 547.20593; 729.78192;
 887.31305; 728.95514;
 369.39764; 731.07465;
 390.22644; 731.91675;
 450.24573; 731.25031;
 721.92859; 732.17572;
 122.1068; 733.30908;
 591.16681; 735.70361;
 804.99854; 737.69891;
 928.84918; 737.11993;
 290.51474; 740.15302;
 346.45773; 740.06366;
 513.52216; 739.51599;
 625.28406; 740.31305;
 673.59119; 740.43756;
 485.75018; 740.98761;
 908.22961; 741.48041;
 368.20474; 744.64337;
 462.10278; 743.67542;
 759.24921; 744.2403;
 829.96387; 743.62512;
 387.64243; 745.22235;
 550.95636; 746.13483;
 570.97455; 746.23395;
 689.90002; 746.16095;
 777.87543; 746.65631;
 846.53137; 745.73389;
 424.13547; 749.87982;
 706.56201; 750.6239;
 144.3326; 751.39465;
 441.70932; 752.60944;
 652.92383; 751.69806;
 513.99713; 754.50482;
 330.02158; 755.10345;
 349.38046; 755.91443;
 484.08038; 755.67114;
 638.46008; 756.75323;
 804.12836; 756.89844;
 288.2764; 757.18091;
 723.5675; 758.71582;
 903.02991; 758.20837;
 123.97198; 760.00964;
 373.86865; 760.46808;
 400.41382; 760.6203;
 692.5907; 760.84839;
 756.75916; 759.58142;
 860.24237; 761.09088;
 499.01627; 762.8941;
 571.18964; 763.58087;
 628.39374; 763.92334;
 778.13464; 763.01465;
 152.16518; 765.96405;
 658.86896; 766.6145;
 419.75833; 768.59607;
 520.03589; 768.31403;
 402.17157; 770.77161;
 459.85779; 770.53046;
 703.6651; 770.57385;
 839.22278; 769.17853;
 287.50653; 771.79895;
 121.5661; 774.74603;
 174.35385; 772.95844;
 305.79086; 773.35431;
 326.58334; 773.77069;
 349.11453; 773.97638;
 641.76965; 774.49481;
 752.34229; 774.32776;
 877.6922; 773.9472;
 389.18839; 775.55719;
 506.03595; 775.19904;
 860.11084; 776.85687;
 150.06296; 778.3797;
 780.84222; 778.1153;
 669.7865; 779.06305;
 428.39282; 782.7287;
 596.5127; 781.09851;
 175.53053; 784.9043;
 468.1756; 783.11816;
 736.12134; 784.2334;
 342.55267; 786.37323;
 407.06403; 785.01959;
 703.14557; 786.77533;
 936.17261; 785.27869;
 160.48338; 787.67316;
 192.70638; 788.05676;
 302.68628; 788.69208;
 129.61877; 790.06079;
 685.04779; 790.3161;
 393.37579; 791.64203;
 455.00562; 791.15509;
 104.41253; 793.57996;
 766.96704; 793.44025;
 88.237465; 795.74609;
 375.09451; 796.80328;
 495.56168; 796.96869;
 821.44354; 795.68097;
 159.85378; 797.10797;
 428.84415; 797.64685;
 472.31238; 797.58911;
 700.26202; 798.02094;
 845.09857; 798.27319;
 122.631; 800.21069;
 191.41676; 801.77551;
 631.92908; 801.58374;
 718.59894; 801.77875;
 450.60999; 804.80219;
 611.84296; 803.62897;
 657.07294; 804.81195;
 932.4494; 803.74963;
 85.406029; 808.80798;
 138.45155; 809.24445;
 153.62395; 809.47491;
 586.60724; 809.32922;
 840.93292; 809.83618;
 121.02127; 812.39484;
 376.53012; 812.97894;
 430.1423; 812.81177;
 846.56653; 811.20892;
 906.16638; 813.23102;
 347.03244; 814.73468;
 459.97583; 816.74841;
 623.39252; 816.86975;
 729.33887; 815.95801;
 105.18874; 816.86719;
 137.87381; 820.66962;
 875.08618; 820.27216;
 116.54518; 821.69647;
 158.44977; 821.82806;
 364.7244; 821.8421;
 705.01434; 821.46649;
 223.41016; 823.63934;
 410.07175; 823.703;
 631.62744; 824.67865;
 334.5079; 826.21075;
 395.71802; 826.03357;
 439.80734; 826.47516;
 576.19348; 825.90619;
 607.43585; 826.89288;
 651.83661; 826.16571;
 833.64642; 825.57208;
 291.04642; 827.12299;
 852.9455; 827.34161;
 353.48434; 830.74298;
 712.27136; 830.52136;
 90.32753; 831.64038;
 251.9893; 831.03088;
 272.10922; 832.07568;
 378.28384; 831.99316;
 489.83319; 832.82153;
 126.37469; 833.36462;
 460.37219; 836.84717;
 555.78894; 835.9234;
 621.29028; 835.77039;
 897.20465; 836.65356;
 305.19592; 837.61194;
 584.38416; 837.27374;
 878.87439; 838.03851;
 602.93579; 840.37347;
 767.12292; 840.53693;
 103.56928; 841.22235;
 355.89761; 841.99811;
 651.29736; 842.48016;
 671.92102; 841.27155;
 249.84056; 844.86182;
 270.01752; 845.15277;
 372.0535; 846.75488;
 442.50467; 847.00311;
 123.71457; 847.90778;
 491.60342; 848.34595;
 554.34094; 848.54358;
 573.97668; 848.76184;
 841.85095; 847.78027;
 865.30212; 847.20129;
 304.76791; 850.10205;
 328.92984; 851.17468;
 787.19946; 850.70282;
 881.75836; 850.79944;
 620.03448; 851.79736;
 391.67148; 853.617;
 249.86386; 856.40851;
 344.27618; 855.59705;
 673.34711; 855.83356;
 740.15399; 855.74341;
 206.91319; 858.62079;
 228.46484; 857.76257;
 529.77716; 858.21259;
 830.85461; 857.96204;
 364.05319; 859.59998;
 475.70697; 860.00134;
 718.52747; 859.15991;
 436.36237; 862.60272;
 553.79547; 862.8642;
 806.84668; 861.69446;
 456.60541; 863.30902;
 781.03619; 864.36584;
 302.47; 865.46869;
 595.56122; 866.6084;
 389.43591; 867.73279;
 496.76511; 868.40466;
 684.5899; 868.89734;
 478.68399; 872.53827;
 747.50818; 871.39166;
 320.08191; 874.3584;
 358.33234; 874.77924;
 457.172; 874.44312;
 807.22565; 874.22644;
 282.8111; 875.07568;
 617.6814; 876.46179;
 722.93713; 876.1377;
 207.24503; 877.83783;
 266.2518; 877.37805;
 378.27191; 877.61346;
 436.68271; 877.48486;
 521.36597; 877.99292;
 551.07263; 877.67963;
 776.21033; 878.70386;
 230.95294; 879.51563;
 593.27118; 880.60309;
 296.24557; 882.03534;
 569.85315; 882.58801;
 464.72375; 883.15295;
 745.27948; 884.51318;
 544.10809; 886.46326;
 660.15607; 886.60144;
 635.24994; 887.97632;
 733.25146; 887.49597;
 406.29608; 889.26196;
 695.28461; 889.95105;
 714.46375; 890.17548;
 107.92047; 892.90137;
 342.17157; 892.98273;
 364.11874; 892.63037;
 524.48389; 891.33112;
 547.20715; 891.2403;
 313.34686; 893.51599;
 759.39465; 893.62152;
 450.40942; 895.77911;
 560.52759; 897.56879;
 588.08313; 898.185;
 486.02496; 899.47668;
 507.45007; 899.01843;
 538.1347; 900.51868;
 654.42877; 902.2948;
 715.80334; 902.37793;
 290.32144; 903.94507;
 344.05511; 904.87799;
 678.77539; 904.12354;
 698.03058; 903.289;
 748.49457; 903.52618;
 396.36588; 906.29211;
 273.00888; 907.45996;
 426.44836; 907.71527;
 460.76141; 908.99194;
 314.47147; 910.53198;
 360.81296; 910.7442;
 242.77327; 912.36279;
 504.18274; 912.69556;
 484.28857; 914.71375;
 643.96674; 914.11261;
 331.00015; 917.1853;
 290.65433; 920.65588;
 428.01697; 920.55182;
 363.63208; 921.99738;
 401.21881; 922.52368;
 678.49683; 921.23529;
 269.36633; 924.09271;
 455.86972; 923.92572;
 509.25949; 924.08954;
 709.15143; 925.01111;
 315.4126; 926.22144;
 243.96872; 927.28961;
 350.64853; 927.81476;
 438.34631; 929.30725;
 481.22589; 931.10101;
 479.78726; 894.2428;
 515.76263; 115.64711;
 613.31665; 115.16879;
 152.83282; 121.03999;
 441.38101; 124.1217;
 477.84421; 129.84383;
 127.34557; 141.11688;
 375.90167; 144.87109;
 396.52676; 144.86464;
 881.7854; 146.42804;
 194.59021; 157.901;
 120.82997; 160.33163;
 347.95837; 159.81931;
 321.02722; 161.40106;
 824.78192; 161.76595;
 220.10124; 172.66356;
 232.04964; 183.61551;
 506.44684; 193.66245;
 768.07306; 194.15285;
 319.44702; 195.80283;
 272.73672; 200.46181;
 250.16769; 202.19716;
 301.97385; 206.43532;
 283.59933; 216.64328;
 322.3873; 216.61371;
 504.49503; 220.90979;
 252.62993; 224.7229;
 367.90775; 232.12875;
 228.21373; 235.71742;
 321.83258; 240.38284;
 343.02597; 240.52057;
 250.94847; 241.81352;
 831.70087; 248.71292;
 364.52335; 250.56725;
 280.19766; 253.91739;
 225.05203; 257.47815;
 331.70175; 258.74414;
 250.66621; 262.9227;
 767.4787; 266.40216;
 741.81879; 268.43045;
 205.4763; 270.73874;
 293.91635; 269.92441;
 277.47833; 285.36774;
 358.85156; 291.80386;
 745.97797; 291.32388;
 319.07803; 293.45184;
 534.5899; 294.05191;
 499.44891; 298.02121;
 561.53998; 297.97885;
 778.39459; 298.15759;
 217.61569; 312.76703;
 524.93658; 311.64716;
 592.25098; 312.5632;
 730.9046; 312.68442;
 555.0575; 317.51428;
 575.01202; 327.33044;
 725.71698; 335.4064;
 379.7381; 330.65808;
 697.39355; 334.3638;
 207.79811; 335.43317;
 744.45587; 341.68967;
 708.0097; 347.94263;
 531.19775; 353.22903;
 202.25021; 359.10864;
 458.75012; 371.86981;
 528.06458; 372.65207;
 692.51196; 380.37381;
 355.71155; 383.28427;
 670.49347; 387.30106;
 455.16415; 390.88605;
 784.22937; 390.25803;
 140.24867; 394.48538;
 633.58594; 393.16113;
 230.21623; 404.77386;
 906.09717; 405.12592;
 670.71887; 408.6012;
 235.15474; 409.6738;
 648.34314; 410.35553;
 610.62207; 411.54074;
 497.75656; 414.97607;
 187.30244; 418.54529;
 886.80322; 418.7374;
 377.46866; 424.51752;
 218.72279; 426.73285;
 884.91779; 439.38345;
 319.22504; 443.59549;
 367.69766; 447.43051;
 869.08582; 449.45041;
 140.79964; 457.81601;
 886.72406; 463.61511;
 347.55487; 468.33524;
 369.71896; 470.27298;
 484.41217; 472.76111;
 123.42511; 476.06744;
 419.61401; 478.15594;
 905.12494; 477.72009;
 149.14993; 484.58505;
 177.82899; 486.45807;
 323.86832; 487.03223;
 347.15448; 486.89066;
 301.21799; 489.99097;
 356.36304; 500.82794;
 382.0932; 502.6506;
 414.77222; 501.51624;
 167.05478; 505.48981;
 247.44977; 506.89365;
 303.96558; 511.15054;
 182.65405; 513.89612;
 749.27472; 515.43799;
 286.82285; 517.95721;
 451.87488; 520.18451;
 825.54926; 519.29468;
 349.85358; 521.37292;
 243.26579; 526.89087;
 850.32471; 528.58282;
 416.4588; 529.50543;
 287.8421; 534.22986;
 903.62708; 534.16888;
 309.9848; 535.49725;
 181.55653; 537.2627;
 261.73978; 538.44507;
 881.07532; 539.66296;
 598.32446; 544.4682;
 678.97913; 543.38904;
 138.25862; 550.76459;
 290.39932; 549.9165;
 851.99054; 549.56372;
 311.72302; 553.63837;
 253.0025; 556.1131;
 166.59033; 558.44055;
 352.24799; 558.35645;
 629.34674; 557.18365;
 755.2807; 558.77264;
 776.37469; 558.25128;
 876.4043; 558.72101;
 417.46362; 559.03644;
 599.80835; 560.73486;
 801.38483; 560.03748;
 669.80212; 562.61639;
 471.79218; 563.703;
 130.07878; 569.4364;
 646.48242; 570.35944;
 883.35565; 573.38818;
 180.29256; 579.06799;
 777.74481; 577.19128;
 514.03247; 579.22974;
 698.6416; 579.81592;
 753.78217; 580.59021;
 840.48328; 581.8418;
 724.91193; 584.08862;
 640.19489; 586.53192;
 459.02448; 591.87848;
 483.64856; 590.92487;
 825.90295; 593.20703;
 698.32648; 595.81903;
 801.48663; 595.61548;
 856.41034; 596.34833;
 742.28986; 597.51233;
 767.62915; 598.10156;
 564.92511; 600.28815;
 722.84222; 600.63391;
 635.90607; 602.74756;
 602.92474; 607.05865;
 783.01483; 607.84222;
 905.97333; 608.71802;
 461.23126; 610.06268;
 818.5069; 614.38751;
 843.98877; 613.84418;
 483.86072; 617.7146;
 559.95526; 617.61755;
 633.40576; 620.61176;
 790.95245; 620.14093;
 589.18109; 624.23456;
 906.43018; 624.1156;
 451.01288; 625.84369;
 532.67242; 627.05884;
 789.5882; 629.7807;
 814.67188; 632.83075;
 839.56506; 631.8656;
 861.08478; 632.4729;
 884.33765; 632.61566;
 412.23523; 634.20966;
 646.91095; 633.76331;
 766.96307; 633.73346;
 364.86758; 635.43268;
 905.50732; 643.88788;
 475.00769; 645.44489;
 582.96411; 646.09192;
 670.2182; 645.28485;
 845.83362; 646.25732;
 441.59647; 649.5155;
 502.59219; 649.15546;
 540.21057; 649.96442;
 557.41467; 649.3125;
 887.78479; 650.50146;
 396.77615; 655.0553;
 364.63873; 655.16998;
 868.37506; 655.02435;
 638.44843; 657.31433;
 756.74731; 658.22546;
 609.39911; 659.62976;
 889.69946; 659.73035;
 236.48015; 662.9751;
 316.72595; 663.70587;
 344.99332; 662.03156;
 662.73438; 663.82007;
 693.80212; 663.59766;
 380.42938; 666.81354;
 419.61517; 665.18628;
 579.96765; 665.89789;
 462.55978; 668.14349;
 488.54813; 668.06354;
 516.81671; 668.00604;
 557.90015; 668.13818;
 719.17407; 669.87946;
 777.67255; 669.70801;
 594.19238; 676.73273;
 679.2132; 676.60492;
 803.41479; 676.74567;
 863.7442; 675.66602;
 307.13599; 678.60278;
 408.53177; 678.31769;
 441.43115; 679.81189;
 633.59564; 679.57697;
 886.10492; 680.61853;
 342.54718; 682.34418;
 824.36108; 681.88123;
 508.77054; 684.91351;
 566.16473; 684.33691;
 378.61118; 687.01355;
 658.60992; 686.60168;
 323.43777; 688.7038;
 607.08252; 687.85248;
 421.57254; 690.83618;
 765.35425; 690.32928;
 287.57211; 691.22333;
 358.01932; 694.68445;
 554.08691; 695.59558;
 795.29144; 695.68628;
 580.12329; 697.75769;
 236.04803; 702.24939;
 735.95996; 702.56281;
 854.10492; 702.40631;
 885.82037; 701.21039;
 267.81329; 703.26172;
 625.96173; 703.61218;
 821.77258; 704.73047;
 599.37384; 705.56403;
 320.92374; 708.2821;
 375.95175; 707.40729;
 411.79025; 707.94287;
 459.50702; 707.07245;
 647.21698; 708.82257;
 760.96442; 709.14075;
 694.53339; 711.77051;
 299.35294; 713.45703;
 432.13635; 714.74072;
 277.06082; 718.96533;
 474.97925; 722.9989;
 850.50299; 723.83618;
 270.23972; 725.05255;
 769.86664; 725.92145;
 826.58521; 726.28387;
 871.13666; 725.4859;
 547.53387; 728.27875;
 723.70203; 728.18176;
 370.81436; 729.17017;
 450.19223; 729.31647;
 651.54028; 729.73041;
 888.46088; 729.82166;
 123.63188; 732.71167;
 393.77487; 732.67053;
 427.95654; 731.32953;
 292.42828; 733.7547;
 520.54706; 734.16077;
 674.36896; 736.33594;
 804.98383; 737.44586;
 484.80093; 740.4325;
 587.74591; 739.14478;
 625.53571; 740.05713;
 462.01608; 744.198;
 573.43066; 746.02161;
 694.04828; 745.31378;
 779.78491; 745.34338;
 364.50296; 747.48999;
 387.87622; 748.10938;
 550.54938; 748.08856;
 704.92456; 747.7854;
 422.15381; 749.93549;
 328.95975; 754.64563;
 516.28021; 754.35242;
 290.49933; 755.79327;
 123.40356; 757.61951;
 350.97269; 757.05548;
 482.22882; 757.48505;
 635.8269; 758.08618;
 754.0282; 757.87311;
 803.2934; 758.1239;
 858.15045; 759.85632;
 148.63095; 761.16144;
 369.59076; 761.79535;
 778.41711; 761.63397;
 499.043; 764.92114;
 570.11005; 764.34192;
 420.16876; 766.83453;
 695.87256; 766.30646;
 661.68719; 768.82971;
 393.55942; 770.08264;
 286.155; 774.42053;
 306.15417; 773.25446;
 120.3591; 775.73663;
 171.01988; 775.75623;
 327.65787; 775.08575;
 351.82941; 775.02966;
 507.15836; 778.84271;
 667.53284; 777.89764;
 145.82707; 779.87921;
 778.61554; 779.97382;
 595.96796; 781.20398;
 429.69415; 783.18359;
 734.73108; 784.34747;
 195.59607; 785.50342;
 454.86221; 786.51117;
 405.51935; 787.91736;
 136.60352; 789.38428;
 301.1264; 790.77167;
 394.7475; 792.27747;
 686.70184; 791.4859;
 373.43265; 796.81848;
 718.66144; 795.20837;
 842.78809; 795.73492;
 627.60278; 798.70569;
 452.35434; 802.54633;
 470.728; 801.07648;
 191.48045; 804.00854;
 656.95508; 803.9118;
 142.13727; 809.75397;
 430.44669; 805.78986;
 587.61713; 805.91956;
 378.87247; 814.23877;
 903.90485; 813.51947;
 347.12714; 815.5603;
 462.13565; 818.42133;
 224.71609; 821.36145;
 162.09764; 822.59674;
 365.35443; 821.83319;
 291.89163; 824.24951;
 438.86353; 829.95392;
 705.75024; 824.85455;
 404.5325; 826.65546;
 627.36542; 825.98041;
 653.21344; 825.29895;
 853.53351; 825.86353;
 250.89381; 827.64899;
 878.55878; 833.93195;
 353.27252; 829.63263;
 273.08725; 831.63593;
 899.72565; 833.93707;
 583.013; 836.45319;
 601.03302; 837.52142;
 304.61176; 837.01666;
 675.91943; 837.15265;
 147.48917; 844.04889;
 843.6839; 844.48712;
 246.97758; 845.2674;
 602.95459; 846.02356;
 270.43228; 847.03351;
 323.82629; 848.63464;
 370.93219; 847.76593;
 443.45593; 847.91895;
 492.25977; 847.70258;
 572.18439; 847.81049;
 866.3609; 847.78241;
 123.51253; 849.61145;
 392.62949; 851.50311;
 579.69977; 854.15063;
 743.19202; 851.80072;
 619.59039; 855.72571;
 669.96228; 856.9696;
 205.87057; 857.92877;
 719.95355; 858.73401;
 229.48059; 859.22748;
 361.00183; 859.42303;
 529.86523; 859.39117;
 830.21802; 859.08386;
 474.56775; 862.35236;
 555.52936; 862.20013;
 780.85724; 861.95959;
 599.13959; 865.19696;
 390.7489; 872.08734;
 497.08548; 868.27344;
 690.24951; 868.56976;
 319.24844; 872.64227;
 619.0191; 873.03412;
 745.89868; 871.54749;
 265.75848; 876.70758;
 521.80908; 876.66833;
 204.04776; 878.34137;
 229.64108; 878.11237;
 435.99435; 877.45685;
 550.52917; 878.43231;
 773.5213; 878.3891;
 295.32108; 880.59271;
 569.72479; 880.83319;
 719.01941; 880.53949;
 593.8363; 881.15912;
 525.58209; 883.69202;
 543.56323; 885.54584;
 662.55176; 886.69708;
 636.10626; 887.50537;
 339.46188; 890.87305;
 691.52283; 889.55286;
 446.96423; 897.65863;
 486.44223; 900.07526;
 311.6828; 894.07544;
 365.62375; 893.95441;
 618.81934; 893.84229;
 762.14594; 894.9505;
 508.87967; 897.74036;
 560.12592; 901.37988;
 588.53314; 898.05414;
 744.00751; 903.67834;
 536.43176; 901.87042;
 289.31387; 902.9519;
 397.53647; 901.1496;
 515.41052; 901.54706;
 678.37787; 902.62463;
 658.21222; 903.72144;
 632.8147; 905.4837;
 219.29257; 171.21661;
 303.31323; 198.32419;
 284.87497; 224.2153;
 218.89076; 229.75735;
 253.56361; 236.68831;
 326.08176; 236.77106;
 344.00241; 236.02568;
 276.26581; 252.39214;
 221.92674; 256.84375;
 323.21573; 264.44022;
 251.87207; 266.41974;
 553.1474; 315.10562;
 523.42499; 318.64856;
 714.84772; 332.46008;
 697.72089; 335.28162;
 744.01923; 342.39728;
 668.02313; 409.47653;
 172.07211; 509.48434;
 455.32111; 519.86462;
 418.40622; 526.75476;
 182.65903; 536.81775;
 262.0293; 537.67377;
 348.22623; 558.59039;
 171.63181; 564.4718;
 751.54962; 577.82959;
 796.78333; 592.28619;
 736.51642; 607.02362;
 815.81763; 613.42151;
 843.79602; 614.00018;
 790.6535; 622.42645;
 410.14435; 628.32654;
 763.86945; 633.69446;
 581.94861; 641.87769;
 440.11136; 645.31927;
 472.75571; 643.59442;
 505.33829; 646.29852;
 547.40234; 647.65344;
 340.57382; 657.37476;
 604.50592; 660.95392;
 692.74243; 660.50592;
 420.27664; 664.21307;
 377.90564; 667.2345;
 461.51053; 669.42596;
 491.51797; 667.58618;
 526.5509; 667.12732;
 557.7392; 669.92041;
 779.41827; 668.36084;
 637.43707; 672.12799;
 802.54028; 671.53082;
 343.88641; 681.25806;
 670.86163; 681.8927;
 828.05981; 679.37976;
 509.79688; 685.61487;
 389.06708; 686.46124;
 442.76584; 688.88947;
 756.23816; 688.61108;
 484.68546; 693.60962;
 791.69916; 693.65198;
 285.88141; 695.4989;
 739.91077; 695.14746;
 453.94424; 700.44348;
 365.20648; 702.69226;
 818.81641; 705.93585;
 644.06256; 707.81525;
 406.01654; 710.58612;
 501.41028; 711.76477;
 323.77673; 714.763;
 473.37393; 722.76428;
 278.81238; 727.82092;
 367.31454; 728.20911;
 447.93842; 726.24231;
 548.6507; 726.00421;
 730.5741; 728.57428;
 519.16333; 732.22595;
 807.82874; 733.75452;
 623.23877; 738.66034;
 698.7608; 743.2099;
 406.86499; 746.83997;
 326.078; 750.74176;
 461.70816; 752.39032;
 300.55884; 758.47937;
 364.05548; 760.30536;
 566.81824; 766.23236;
 630.18121; 767.09741;
 696.39783; 767.74701;
 661.88831; 770.21313;
 285.47144; 781.48822;
 328.03445; 780.72717;
 596.2627; 778.63544;
 364.00888; 784.88232;
 723.42798; 786.76367;
 402.26645; 794.87134;
 623.18481; 796.60669;
 655.99219; 799.31946;
 430.95926; 803.72552;
 591.52802; 805.99402;
 221.73647; 819.59882;
 404.19849; 824.22107;
 710.4267; 821.98596;
 619.25519; 828.30798;
 669.94733; 828.35034;
 324.75272; 840.83984;
 371.02097; 841.01685;
 497.32449; 839.23206;
 396.57727; 848.2608;
 400.44543; 752.61261;
 253.42961; 237.4964;
 338.43478; 234.39233;
 578.46082; 642.66516;
 648.70093; 672.99133;
 745.41138; 687.23651;
 284.55539; 694.0105;
 400.24344; 696.52936;
 469.07095; 720.35907;
 278.33359; 732.24243;
 519.73108; 732.1933;
 561.08862; 732.62012;
 731.28296; 730.62244;
 462.15631; 761.19629;
 560.30194; 767.66809;
 651.34875; 767.80475;
 625.0321; 787.27942 
