 275.12616; 30.783195;
 411.48416; 38.459965;
 145.49976; 50.446484;
 106.06025; 64.80764;
 181.62059; 109.41747;
 9.7350121; 120.78417;
 396.09256; 144.85109;
 883.5484; 145.02144;
 352.40454; 146.88377;
 47.239868; 151.95039;
 393.26376; 159.09383;
 331.88351; 159.76947;
 1013.8975; 179.08798;
 227.97394; 234.69977;
 294.13574; 264.95245;
 10.502156; 330.92102;
 1014.7618; 361.57767;
 666.33325; 372.21671;
 1014.5696; 402.63269;
 967.02911; 411.48901;
 1021.929; 414.56174;
 946.28583; 418.70044;
 966.80255; 418.61185;
 1013.9694; 419.33557;
 942.90991; 424.51535;
 1021.9529; 424.11591;
 556.49969; 432.01453;
 320.27286; 442.10849;
 1021.9454; 448.10764;
 1014.4824; 484.853;
 344.2049; 487.55783;
 52.964531; 501.74649;
 1013.9173; 505.61819;
 905.29242; 518.89911;
 416.1261; 531.68951;
 288.93683; 533.41382;
 309.49243; 539.06934;
 924.18787; 539.95337;
 1015.1603; 548.59534;
 876.80664; 558.17932;
 773.65173; 560.7395;
 680.58905; 573.11505;
 849.01184; 574.3576;
 677.7774; 579.22778;
 696.87585; 580.92603;
 884.46375; 606.04297;
 785.68549; 609.51282;
 562.47382; 619.99921;
 827.4339; 625.34448;
 792.13568; 630.30316;
 601.31775; 634.83643;
 846.67511; 642.32166;
 797.06818; 643.35608;
 376.28522; 645.08807;
 826.42804; 644.67828;
 664.9754; 649.56653;
 752.13916; 658.05267;
 801.1571; 657.99829;
 724.64783; 663.92914;
 869.435; 671.45935;
 806.10052; 681.11737;
 937.8501; 682.7085;
 869.05145; 687.78876;
 947.21716; 690.1391;
 681.28967; 692.52148;
 550.97327; 693.02094;
 678.73596; 699.86041;
 946.89844; 699.81366;
 977.50427; 705.78839;
 287.50131; 707.96918;
 1013.8088; 711.21375;
 345.44604; 712.82788;
 300.33112; 715.04272;
 776.85095; 727.86279;
 432.47769; 732.42426;
 2.0472517; 733.00665;
 757.53583; 737.44354;
 348.18094; 742.58575;
 385.26382; 743.30292;
 465.12689; 743.36536;
 348.34247; 750.03918;
 74.270981; 752.97595;
 513.37872; 755.23212;
 1014.5922; 755.2229;
 306.31592; 763.12305;
 850.00317; 762.98505;
 9.2482433; 775.15668;
 861.9837; 775.05176;
 122.09384; 775.81561;
 752.38452; 776.95496;
 698.38232; 778.2724;
 804.31665; 779.14709;
 175.97995; 785.20764;
 181.68025; 786.19244;
 160.74226; 789.17633;
 9.1323338; 797.69434;
 847.16486; 800.0155;
 186.50731; 802.16382;
 854.19537; 819.94031;
 8.9638796; 823.21967;
 121.65371; 822.5993;
 362.05392; 823.04425;
 99.315681; 824.65619;
 852.29242; 827.28192;
 873.03735; 826.55713;
 273.61548; 834.68939;
 332.23721; 837.02863;
 305.72406; 838.16589;
 9.952548; 840.87653;
 324.6174; 842.04474;
 39.714668; 844.13422;
 249.79939; 843.99158;
 389.45938; 849.89423;
 844.02704; 850.09021;
 252.74936; 858.91229;
 459.43164; 860.69904;
 392.45798; 866.34772;
 283.45511; 867.18768;
 768.10492; 870.27899;
 479.88953; 874.1402;
 453.2652; 878.43475;
 763.75586; 895.06995;
 349.2019; 897.95062;
 9.7378788; 899.97754;
 631.5249; 902.69415;
 348.69705; 904.3775;
 697.7702; 905.31677;
 332.84686; 907.83966;
 630.61194; 908.47144;
 502.76743; 916.797;
 364.63208; 921.2619;
 427.81842; 921.46417;
 10.346581; 922.16864;
 382.29184; 927.23193;
 2.0099635; 934.94263;
 119.80608; 970.23993;
 199.48024; 973.36163;
 10.133945; 982.73395;
 9.8868151; 1000.4763;
 240.7943; 3.9547973;
 9.0944986; 12.095568;
 236.51027; 13.1929;
 427.51736; 19.487894;
 248.44696; 21.30687;
 501.03922; 20.581345;
 402.52124; 22.367002;
 203.52921; 24.371574;
 337.78317; 23.464062;
 221.76712; 24.977381;
 358.06879; 26.764605;
 185.15485; 29.476196;
 384.39041; 30.181238;
 274.77911; 30.691513;
 485.19321; 30.725042;
 133.6131; 33.151669;
 499.64078; 35.7328;
 411.42081; 38.876968;
 154.55525; 41.92218;
 128.97368; 44.140835;
 502.07681; 50.180302;
 146.08656; 50.646812;
 592.19659; 57.598785;
 2.9595397; 60.900837;
 283.80554; 64.184319;
 105.68361; 64.432144;
 536.98743; 66.962494;
 585.92975; 66.661766;
 612.12964; 67.08625;
 122.27602; 69.368141;
 559.11646; 69.066589;
 633.09229; 69.733643;
 146.0518; 72.188171;
 537.77118; 76.831131;
 632.47144; 77.429298;
 551.7771; 83.804543;
 420.46387; 85.974655;
 462.427; 88.413109;
 12.374354; 96.088608;
 144.15785; 97.380798;
 516.03265; 101.53299;
 536.05542; 102.23785;
 590.50305; 102.82986;
 141.82292; 107.1627;
 182.89078; 110.17164;
 488.46286; 109.82099;
 210.54787; 110.74226;
 517.20135; 110.88568;
 2.9888318; 113.70596;
 67.053772; 115.5399;
 148.96901; 115.25436;
 121.65096; 119.44546;
 157.19507; 119.315;
 9.8139248; 121.24231;
 381.99658; 126.46085;
 2.9836342; 127.20361;
 413.22333; 129.88899;
 412.8013; 137.75294;
 351.90942; 140.40602;
 380.44131; 139.86664;
 110.03444; 140.98045;
 836.60974; 142.061;
 808.53955; 144.20427;
 395.8775; 145.06395;
 883.38641; 145.7868;
 352.32339; 147.57962;
 821.41687; 149.51013;
 310.77371; 149.58156;
 47.656097; 151.91515;
 392.84958; 158.79419;
 331.58301; 160.03612;
 995.48663; 159.45509;
 296.8609; 161.71613;
 2.9803925; 167.16341;
 997.1944; 175.34428;
 198.05669; 175.75803;
 1013.9554; 179.23537;
 1015.1635; 184.26593;
 1020.9547; 191.52715;
 245.65579; 195.50229;
 277.50296; 205.98448;
 319.13916; 212.41838;
 427.86996; 214.30212;
 782.86273; 214.4061;
 279.83502; 215.45929;
 285.4364; 215.03043;
 1015.2262; 223.50594;
 331.66; 226.87984;
 950.17755; 230.27498;
 1021.0342; 232.2168;
 228.69507; 236.06961;
 514.89502; 239.54509;
 282.03757; 239.9514;
 358.13043; 244.78607;
 506.56161; 246.98851;
 306.01083; 251.04143;
 779.245; 252.57887;
 336.0329; 255.6149;
 327.82715; 256.85876;
 278.17432; 259.68454;
 922.70465; 260.82156;
 257.51236; 261.75421;
 778.74097; 262.21854;
 245.10576; 264.13992;
 294.3696; 265.40918;
 211.61674; 268.996;
 761.60376; 286.41364;
 950.10596; 290.92685;
 319.67935; 294.43057;
 533.03955; 296.44763;
 756.60901; 296.76852;
 782.01166; 297.1571;
 736.62335; 301.69598;
 346.22018; 303.33716;
 594.5152; 303.91623;
 225.84834; 305.00656;
 295.93726; 306.54385;
 564.56775; 306.42822;
 528.6319; 307.63669;
 1013.5497; 310.34909;
 217.53749; 313.47836;
 591.35315; 313.15884;
 561.35602; 315.47614;
 740.84772; 315.18042;
 1021.0126; 319.38831;
 352.11475; 320.67621;
 568.81329; 324.9761;
 1020.9479; 325.60812;
 10.346123; 330.90341;
 559.2699; 330.97302;
 698.08295; 335.45532;
 728.21991; 336.29651;
 1015.3476; 336.08734;
 745.06329; 341.00662;
 543.15637; 341.53281;
 706.65192; 348.76868;
 683.62268; 351.19263;
 553.56915; 354.72928;
 1020.9476; 354.86151;
 972.73474; 360.23453;
 1015.4957; 361.86948;
 374.16806; 363.29221;
 670.50055; 364.32794;
 370.24759; 371.80969;
 666.62238; 371.80078;
 631.35931; 372.76913;
 1020.885; 374.00238;
 552.06567; 378.65244;
 611.99426; 381.84842;
 1006.7141; 382.80569;
 564.4563; 383.70084;
 201.48753; 389.81659;
 1005.5482; 395.61758;
 614.52686; 397.28256;
 665.62891; 399.54114;
 686.57739; 400.29132;
 246.99757; 404.41153;
 1014.4922; 404.21692;
 595.70667; 405.34058;
 906.26501; 406.10022;
 792.61823; 406.50092;
 679.37598; 408.11432;
 712.06647; 407.61511;
 156.07922; 409.98782;
 664.18829; 409.53583;
 966.51276; 411.15906;
 243.36942; 412.91599;
 1020.9682; 413.94348;
 643.5874; 415.44421;
 946.7215; 418.09167;
 975.11462; 418.01416;
 966.90173; 418.66013;
 1013.7548; 419.4606;
 1000.8328; 420.84818;
 380.69159; 423.53738;
 640.70575; 424.7915;
 942.60583; 424.97623;
 962.35663; 425.0697;
 1021.0215; 424.53439;
 45.069843; 428.91428;
 315.38342; 428.93317;
 1015.1966; 430.64093;
 556.37738; 431.53159;
 310.92435; 436.07578;
 549.96991; 438.61975;
 320.29095; 442.3114;
 1020.9995; 447.62177;
 367.33911; 448.60144;
 248.24091; 452.11786;
 869.70441; 452.42404;
 1014.4734; 454.29169;
 1013.2601; 475.18576;
 652.32269; 477.83228;
 128.83148; 482.7547;
 150.94861; 483.60028;
 1014.5486; 485.37204;
 365.19608; 485.78088;
 112.50082; 486.85901;
 344.33157; 487.28116;
 852.00208; 492.30505;
 395.78442; 493.03897;
 968.82544; 493.64777;
 341.63052; 495.35101;
 416.84747; 497.82425;
 192.6418; 499.16501;
 52.62751; 500.98718;
 993.12347; 503.18881;
 341.91983; 504.06384;
 1013.9936; 506.08133;
 958.40759; 507.28345;
 248.49416; 514.53284;
 487.94769; 514.63031;
 749.92194; 517.37372;
 905.94177; 519.35181;
 846.86981; 519.96722;
 287.47272; 522.1015;
 95.479034; 523.42413;
 853.90051; 530.51038;
 416.12222; 531.53882;
 947.87836; 531.58173;
 288.26761; 533.37463;
 873.6001; 532.9646;
 63.544502; 535.87457;
 830.93976; 535.79083;
 906.54694; 536.24445;
 188.92542; 539.18756;
 310.02628; 539.28052;
 923.78528; 539.0235;
 944.24469; 539.12891;
 1021.0035; 538.6955;
 99.333733; 540.03888;
 176.84126; 539.62085;
 842.33484; 539.93811;
 261.91489; 542.98663;
 422.42822; 543.47925;
 638.3941; 544.85217;
 597.13794; 546.64563;
 605.66534; 547.40479;
 840.22961; 547.56262;
 1015.4031; 547.86707;
 949.30066; 548.69495;
 253.86542; 551.46307;
 310.19565; 551.5545;
 355.23953; 550.66962;
 821.35876; 552.26733;
 134.74136; 553.01569;
 854.97894; 555.33191;
 923.49121; 555.65668;
 1020.9109; 555.80804;
 999.04962; 556.64832;
 877.01343; 558.29565;
 269.16827; 558.62897;
 355.48355; 558.97955;
 631.55841; 559.04834;
 900.67792; 558.80103;
 658.36426; 560.27496;
 773.84906; 560.17035;
 132.52248; 563.51202;
 681.82867; 564.88953;
 295.15262; 565.79175;
 940.25165; 567.33002;
 1007.0482; 568.54437;
 650.28577; 571.80768;
 680.81805; 572.84119;
 697.02924; 572.9967;
 848.74603; 573.34778;
 9.5394459; 576.79803;
 759.6745; 577.76501;
 780.78473; 578.10242;
 676.99786; 579.81793;
 697.52924; 580.80688;
 847.24982; 581.37524;
 512.93463; 582.28668;
 3.0720401; 584.32452;
 908.31641; 585.88501;
 711.6568; 586.81586;
 840.14642; 587.83936;
 650.25891; 590.15222;
 1014.8899; 590.3689;
 918.85883; 591.64502;
 704.81598; 594.68463;
 823.87616; 594.57019;
 467.87003; 596.4137;
 487.82736; 596.55792;
 744.07281; 597.5387;
 889.59027; 599.43335;
 719.65063; 601.03522;
 636.72247; 602.98669;
 948.08984; 602.78015;
 971.69421; 603.41034;
 746.45227; 605.2373;
 597.85809; 606.50226;
 884.14532; 606.14545;
 582.86682; 607.28992;
 784.72461; 609.47412;
 908.88391; 610.37726;
 462.46097; 612.76941;
 817.53442; 614.23975;
 877.20166; 613.76886;
 1013.4724; 614.25806;
 825.80652; 616.47742;
 933.42126; 617.85052;
 562.57159; 619.45264;
 1021.0535; 620.07642;
 849.01379; 621.30481;
 811.83258; 623.68298;
 447.16068; 625.96783;
 827.30743; 625.95874;
 559.76355; 627.17371;
 603.53778; 627.39398;
 1014.8745; 628.66461;
 792.07269; 629.75885;
 842.54865; 630.82367;
 570.19727; 633.18158;
 837.59705; 632.94873;
 859.3548; 632.78845;
 884.01257; 634.06781;
 423.98679; 635.50781;
 601.66614; 634.91284;
 945.46301; 635.11133;
 411.45108; 636.20099;
 814.54242; 637.22577;
 371.64957; 639.16321;
 846.53302; 642.13379;
 902.55701; 641.60187;
 952.89655; 642.1264;
 656.59857; 643.44312;
 525.70294; 644.18176;
 601.46729; 643.64648;
 774.96991; 643.57611;
 797.55615; 643.88422;
 481.50531; 645.42719;
 825.83459; 645.49762;
 869.24329; 645.19971;
 402.36514; 648.1051;
 502.38266; 648.43317;
 1010.9689; 648.78772;
 563.29132; 649.59222;
 664.51825; 649.92761;
 361.9826; 651.59668;
 519.62604; 651.72235;
 779.6842; 651.47675;
 817.97498; 653.38171;
 387.4574; 653.57141;
 582.14484; 653.65161;
 869.53809; 653.75146;
 915.85742; 656.15198;
 368.15393; 656.79224;
 660.81677; 657.61237;
 730.44397; 656.99756;
 752.22595; 657.96246;
 801.07593; 658.03284;
 432.34937; 659.0481;
 487.0256; 660.23187;
 851.29883; 659.91162;
 395.5788; 660.862;
 642.29529; 660.60211;
 871.3573; 660.94098;
 346.23868; 664.44891;
 460.00882; 664.23157;
 725.49628; 664.44257;
 775.59784; 664.29852;
 415.10516; 664.84454;
 912.61151; 665.17523;
 316.50092; 665.62921;
 581.31116; 666.10406;
 468.02435; 667.91022;
 758.81848; 668.98938;
 388.14462; 670.1839;
 429.41098; 669.70319;
 561.88898; 670.14355;
 870.289; 671.01617;
 551.52325; 671.77039;
 825.51587; 672.39935;
 844.77478; 672.26715;
 600.76147; 672.73297;
 410.58978; 674.3623;
 448.85568; 675.17828;
 678.39185; 675.61139;
 935.08759; 674.85638;
 341.55878; 678.0318;
 737.77887; 677.99274;
 805.90759; 680.52838;
 918.95325; 682.78363;
 937.81549; 683.25751;
 686.9516; 685.39093;
 764.66101; 685.73743;
 962.66315; 686.26666;
 510.43378; 686.55005;
 532.86603; 686.51514;
 868.61218; 687.32831;
 401.81506; 687.65198;
 658.03735; 688.22192;
 322.99255; 688.54712;
 343.82623; 689.09894;
 391.31958; 689.71191;
 947.62225; 689.97931;
 924.59906; 690.55798;
 680.90997; 692.09711;
 421.9816; 693.19202;
 551.47217; 692.80914;
 910.18988; 693.66132;
 356.19702; 695.92999;
 526.7019; 696.79175;
 978.54657; 698.41876;
 251.82726; 698.75598;
 296.12012; 699.05951;
 544.7605; 699.43127;
 818.73285; 698.77258;
 580.32654; 699.95782;
 678.47937; 699.63867;
 947.32086; 700.10632;
 600.73682; 703.36926;
 319.74734; 704.75812;
 353.45764; 706.33789;
 977.75201; 705.65179;
 677.50635; 706.8656;
 832.02161; 706.89349;
 287.64865; 707.836;
 543.83057; 708.09314;
 940.297; 708.07373;
 696.46667; 708.07434;
 765.83936; 708.59918;
 265.927; 709.50903;
 379.54401; 709.98376;
 1014.206; 711.3902;
 345.12256; 713.00787;
 825.29181; 712.67932;
 846.86853; 713.59082;
 300.20541; 714.6377;
 430.21561; 715.47479;
 923.18152; 716.43817;
 852.97089; 720.46838;
 2.9610944; 721.00049;
 823.52917; 720.80859;
 628.935; 722.03009;
 938.66223; 722.76538;
 847.78156; 724.54083;
 871.12207; 725.46893;
 410.0145; 725.65582;
 523.4707; 726.67346;
 766.24554; 725.93152;
 8.6517944; 727.1756;
 583.71033; 726.66614;
 776.44916; 727.40387;
 888.76337; 729.80762;
 918.82758; 729.86639;
 3.004015; 733.46796;
 432.46271; 732.60803;
 366.73767; 734.05957;
 389.16049; 733.56757;
 548.67883; 733.81195;
 593.64691; 734.27057;
 757.40515; 737.11322;
 933.19635; 737.38861;
 785.41968; 738.46185;
 91.832985; 738.94434;
 911.52423; 739.80066;
 68.964615; 742.12476;
 348.00211; 742.41101;
 808.56171; 742.75159;
 1021.0056; 742.63354;
 385.94156; 743.78131;
 464.38626; 743.58923;
 758.26862; 744.77692;
 8.8187437; 745.42017;
 113.51585; 745.82556;
 568.2464; 746.50623;
 849.4856; 747.1203;
 924.10272; 746.99341;
 704.38928; 747.97552;
 368.26242; 749.0553;
 53.627491; 750.55023;
 348.56534; 750.84949;
 33.313931; 751.87006;
 73.836983; 752.61377;
 330.87454; 754.58093;
 297.31992; 754.54041;
 655.97461; 755.48279;
 728.9447; 755.46869;
 750.81293; 755.15942;
 1014.7446; 754.78424;
 513.43829; 755.79193;
 829.18018; 756.80707;
 851.21362; 756.65295;
 523.83252; 757.75317;
 67.125168; 759.02454;
 123.65161; 759.27124;
 805.03607; 759.36774;
 973.98669; 760.02893;
 693.23419; 761.71808;
 1021.0775; 761.86469;
 305.9964; 763.33746;
 849.60999; 763.57098;
 49.389187; 764.51691;
 76.648453; 763.96985;
 500.33566; 764.72095;
 778.91724; 765.98694;
 884.93121; 765.52441;
 990.57574; 767.96222;
 367.21411; 769.23688;
 72.20636; 771.23175;
 288.82208; 770.55298;
 508.14493; 771.55261;
 842.81061; 771.03857;
 324.88507; 773.08044;
 422.24283; 772.54144;
 305.91562; 774.10748;
 882.56134; 773.90344;
 9.3235025; 775.53284;
 122.22255; 775.47198;
 862.34082; 774.91376;
 352.61856; 775.3548;
 752.58185; 776.85126;
 990.18469; 777.48407;
 173.96106; 777.5849;
 698.21875; 778.28546;
 154.42325; 779.44183;
 783.2442; 780.19165;
 803.77643; 780.09668;
 970.6286; 779.66681;
 2.9615519; 781.86597;
 406.5246; 783.65131;
 426.84259; 784.40656;
 599.74927; 783.85425;
 898.11407; 783.61169;
 937.22418; 785.20575;
 179.94856; 785.99567;
 698.33606; 786.29797;
 877.68768; 785.7782;
 437.26428; 786.88751;
 824.9798; 787.98718;
 159.84877; 788.88635;
 76.989174; 789.66663;
 192.24069; 790.39954;
 686.94836; 790.22729;
 3.1164346; 791.61609;
 55.657402; 792.21716;
 180.74001; 794.53192;
 108.23042; 796.19098;
 85.523193; 796.73328;
 824.52582; 796.65399;
 472.57727; 797.63428;
 9.0811377; 798.76886;
 158.07411; 798.61572;
 375.47482; 798.58118;
 846.71356; 800.13538;
 187.68092; 801.85529;
 126.02617; 802.7981;
 656.91406; 803.0058;
 117.96056; 803.63562;
 350.77145; 803.94196;
 716.6925; 804.54742;
 84.174576; 805.99365;
 636.41113; 805.68903;
 454.53815; 807.13446;
 660.56451; 808.49677;
 842.63196; 808.80255;
 158.37071; 809.97278;
 141.23833; 810.82159;
 214.04726; 811.11926;
 121.646; 812.60522;
 793.88635; 811.82245;
 885.48621; 811.85681;
 856.58191; 812.39569;
 589.49426; 813.81726;
 908.78558; 814.81067;
 455.46484; 816.51392;
 729.22729; 816.01575;
 105.21021; 817.12836;
 622.00317; 817.75507;
 901.39233; 818.49731;
 853.42902; 819.48749;
 141.9724; 820.85712;
 121.69156; 822.4892;
 8.5250435; 823.06909;
 363.78531; 823.49329;
 99.236816; 824.47638;
 312.69125; 824.71405;
 446.05154; 825.22437;
 608.81195; 826.29633;
 873.20917; 826.33539;
 852.33136; 828.64008;
 335.61786; 830.33673;
 398.57324; 830.24878;
 578.00397; 830.17627;
 893.49286; 830.45471;
 291.54675; 830.88837;
 629.50299; 830.49695;
 649.82288; 831.30261;
 357.06458; 832.04791;
 2.9327772; 832.73926;
 873.44348; 833.1073;
 377.37955; 834.16364;
 273.11618; 834.67615;
 364.55786; 834.87628;
 734.22961; 835.45319;
 39.302616; 835.88019;
 250.4626; 835.68475;
 416.3876; 835.65076;
 463.62134; 836.26807;
 332.3494; 837.52985;
 710.34326; 837.00342;
 583.90314; 838.11926;
 898.40747; 837.94788;
 70.977623; 839.45758;
 304.58795; 838.65277;
 576.5191; 839.06464;
 880.84351; 840.32617;
 10.27621; 841.10889;
 202.51126; 841.18372;
 353.66309; 841.16754;
 385.04193; 841.06165;
 324.40634; 842.5827;
 844.04956; 842.20313;
 102.5128; 843.37531;
 39.689716; 844.37177;
 249.34976; 843.89044;
 720.25653; 844.09216;
 271.46649; 845.02783;
 676.03625; 845.7204;
 195.9968; 848.37665;
 226.45251; 847.88867;
 235.34015; 848.2973;
 336.31824; 847.88049;
 410.9588; 847.90808;
 830.43799; 847.72925;
 866.19189; 848.51062;
 369.9216; 848.51941;
 844.39008; 850.03625;
 321.71957; 850.50897;
 391.35962; 851.27582;
 550.53601; 851.08521;
 2.9711416; 852.94745;
 493.81909; 853.21857;
 330.43375; 854.45465;
 678.20673; 854.50494;
 363.21069; 855.16681;
 230.5594; 856.58972;
 342.81439; 857.05054;
 278.31293; 858.37286;
 317.41986; 857.52881;
 394.54202; 858.09058;
 838.53278; 858.35736;
 253.04755; 858.97919;
 700.94202; 859.41394;
 459.1564; 861.19861;
 721.84851; 862.92847;
 10.232676; 865.47119;
 439.69217; 865.38062;
 259.50867; 866.14935;
 802.29474; 865.888;
 283.50262; 866.78851;
 392.35886; 867.18256;
 424.31271; 868.00305;
 784.88947; 867.94836;
 480.34106; 873.19391;
 747.94263; 873.17731;
 283.31573; 875.40546;
 727.35712; 876.53424;
 454.11646; 878.51489;
 552.90198; 878.42261;
 591.99664; 879.47437;
 316.66901; 880.23108;
 571.77216; 880.3324;
 325.41449; 881.75867;
 3.0028818; 883.24121;
 469.92612; 883.92029;
 528.61694; 884.75336;
 549.80115; 886.40601;
 460.39752; 886.76532;
 769.40051; 887.25824;
 734.01495; 888.27228;
 657.04663; 890.0954;
 697.40363; 889.76752;
 360.23013; 890.65363;
 717.55859; 891.31335;
 763.0108; 895.02789;
 454.01614; 896.099;
 348.04306; 896.98694;
 619.70319; 896.9303;
 20.912548; 898.59387;
 9.6555176; 900.00269;
 652.35474; 899.5802;
 545.95062; 900.98553;
 631.50513; 902.12909;
 484.08456; 903.13531;
 512.46057; 903.6864;
 536.2821; 902.42407;
 308.39615; 903.96283;
 715.71735; 903.94031;
 750.52039; 904.10846;
 348.62137; 905.14417;
 696.9032; 904.89899;
 17.432318; 906.91687;
 332.46185; 907.97046;
 628.97168; 908.36743;
 370.41208; 910.23804;
 397.2771; 910.27423;
 485.00702; 911.08337;
 309.35461; 912.99066;
 360.75092; 913.27386;
 691.31543; 913.27435;
 467.15454; 914.24963;
 640.68402; 913.47162;
 712.0766; 913.96326;
 20.450897; 914.98663;
 36.648418; 915.41681;
 503.87543; 915.53058;
 348.26389; 918.40973;
 328.49908; 920.3714;
 384.39093; 920.23962;
 440.34726; 920.34497;
 681.35583; 920.9837;
 10.581244; 922.05426;
 364.42651; 922.04651;
 427.47324; 921.60333;
 507.05573; 924.40131;
 456.05917; 924.93213;
 467.66293; 925.39575;
 352.52356; 927.56055;
 381.7536; 927.57501;
 434.92401; 928.78754;
 487.53162; 929.08453;
 327.57324; 931.3606;
 2.9148309; 934.22034;
 321.07846; 940.05939;
 344.76035; 939.99286;
 757.60004; 944.54291;
 311.11359; 945.99353;
 9.9838257; 950.38611;
 162.15034; 954.14801;
 308.93936; 955.43866;
 286.58957; 956.39044;
 402.99536; 956.68286;
 235.24492; 961.49402;
 257.19745; 963.33044;
 137.72607; 967.74896;
 119.8756; 969.75739;
 232.5578; 969.62573;
 281.28259; 970.02954;
 178.75708; 973.23651;
 199.54662; 974.20471;
 73.142273; 979.76587;
 281.50507; 980.62732;
 10.802473; 981.87793;
 254.16428; 983.62567;
 120.65086; 988.22137;
 2.8707862; 989.70233;
 17.768591; 990.85864;
 68.512016; 990.82233;
 42.012196; 992.78119;
 9.9258566; 999.41797;
 596.01953; 1004.5563;
 2.9587543; 1008.3198;
 596.62897; 1015.855;
 241.13904; 3.3799415;
 435.14352; 11.215767;
 427.5098; 19.145151;
 401.24933; 21.507742;
 357.88693; 26.81106;
 184.7765; 30.12059;
 274.26773; 30.348591;
 383.51208; 30.645275;
 411.18921; 39.974609;
 502.61713; 49.161205;
 105.74153; 64.198601;
 284.01447; 64.105362;
 537.83746; 66.622726;
 632.86389; 69.190735;
 537.50415; 76.778999;
 537.22369; 102.44303;
 120.83447; 104.0087;
 210.22098; 111.41125;
 66.96949; 114.92989;
 125.23643; 120.96881;
 10.718836; 122.03916;
 3.8159347; 128.73895;
 412.46304; 128.82092;
 413.66812; 138.15392;
 352.23508; 147.90282;
 309.4126; 149.5495;
 822.72449; 149.38763;
 3.8375401; 166.81096;
 1020.2595; 192.44359;
 428.46286; 213.90042;
 782.57227; 214.47795;
 951.15393; 230.81387;
 514.52612; 238.99519;
 361.81653; 246.95586;
 506.76508; 247.50732;
 778.66998; 252.48834;
 777.71143; 262.43314;
 210.07764; 270.7702;
 950.755; 292.29965;
 346.5899; 302.97003;
 226.18884; 304.76578;
 68.842308; 307.19727;
 352.52676; 321.00735;
 683.68805; 351.06204;
 1020.1276; 353.9874;
 553.39722; 354.91852;
 972.41766; 360.56198;
 631.52167; 373.29361;
 666.23242; 371.18472;
 369.89374; 371.90768;
 610.57513; 380.05072;
 565.21118; 383.84393;
 201.18614; 389.66806;
 614.76062; 397.29044;
 687.30371; 400.5127;
 246.81813; 403.15494;
 791.73334; 405.39322;
 1014.1168; 404.82208;
 712.40985; 407.24997;
 966.28516; 409.81732;
 789.55603; 415.17151;
 794.58972; 415.98248;
 974.5365; 417.9838;
 641.60083; 424.47296;
 556.47131; 430.7012;
 1014.3861; 432.1666;
 320.24368; 442.91895;
 1020.1307; 447.14319;
 248.69197; 452.11609;
 1013.8217; 454.15314;
 562.87897; 457.97134;
 652.16827; 477.97458;
 365.34378; 485.96689;
 192.48763; 498.76093;
 338.05951; 503.4892;
 1013.6183; 506.20959;
 851.10083; 510.76483;
 853.64972; 530.68652;
 361.73157; 533.07721;
 1020.1516; 537.85388;
 98.003876; 539.68402;
 637.4743; 545.32928;
 605.37927; 546.21576;
 1015.0131; 547.25031;
 998.30096; 555.96875;
 876.40167; 557.92621;
 269.48666; 559.85602;
 774.89978; 559.97461;
 419.04352; 561.43799;
 662.16687; 569.20215;
 848.6225; 572.40106;
 696.49615; 573.04169;
 10.610986; 575.82172;
 698.80206; 580.38666;
 3.8637683; 584.57715;
 1014.5306; 590.7807;
 486.95242; 595.93115;
 999.80499; 595.79181;
 744.12067; 597.1745;
 765.87567; 596.90527;
 948.64246; 602.07947;
 636.39124; 605.58057;
 343.81067; 605.13208;
 908.74664; 612.19641;
 876.94153; 614.33551;
 1013.1215; 614.22083;
 933.29626; 617.89728;
 826.97443; 626.56134;
 1014.1653; 629.09393;
 423.81613; 635.11182;
 601.69586; 635.23785;
 411.07513; 635.67261;
 846.62598; 642.01495;
 903.44226; 641.59271;
 797.46552; 644.09186;
 478.81699; 642.34357;
 825.44379; 646.28137;
 402.5968; 648.41345;
 665.51392; 650.2724;
 779.0285; 652.74695;
 916.48016; 655.15588;
 487.01666; 660.78314;
 641.75873; 661.01886;
 725.63745; 664.58167;
 759.3808; 669.47205;
 870.94769; 670.91064;
 845.51331; 674.0517;
 737.50848; 678.99292;
 880.93604; 681.40479;
 534.26282; 685.57581;
 625.66211; 685.67743;
 401.34177; 687.16827;
 867.20593; 687.47668;
 680.06262; 691.44257;
 551.95007; 692.40405;
 909.55695; 693.1897;
 525.68768; 697.08868;
 978.61237; 697.04517;
 251.877; 698.93665;
 384.57629; 698.70026;
 353.45255; 706.01709;
 287.5386; 707.35785;
 344.98846; 713.93414;
 872.05731; 713.83539;
 923.22455; 717.22284;
 663.83582; 718.41119;
 628.62811; 722.0152;
 582.75183; 726.61115;
 871.06927; 726.92627;
 888.72253; 729.854;
 91.453957; 738.56866;
 347.79459; 741.82373;
 387.04117; 744.909;
 758.51166; 745.4563;
 114.12386; 745.70038;
 849.93073; 748.12262;
 988.66791; 748.82269;
 1002.7609; 748.59967;
 654.52527; 755.20367;
 830.23346; 757.7135;
 305.62421; 763.14349;
 72.76178; 771.50104;
 123.01456; 774.88538;
 881.27734; 774.99207;
 176.52853; 774.73804;
 753.5025; 776.4317;
 178.89951; 786.21387;
 877.87915; 786.00305;
 159.62697; 788.47235;
 76.071442; 788.9917;
 180.4153; 794.51123;
 823.52313; 796.68427;
 158.56812; 798.67743;
 141.88669; 800.70068;
 350.48285; 804.12915;
 717.14294; 804.51666;
 886.11255; 810.46881;
 855.55029; 811.52258;
 728.27057; 815.53717;
 105.47077; 816.80127;
 455.24686; 817.0835;
 8.414278; 822.96674;
 120.54984; 823.66516;
 608.21033; 826.06085;
 335.28989; 829.31305;
 852.52551; 829.17755;
 401.31198; 827.35315;
 358.9509; 833.92944;
 3.7982421; 833.31653;
 489.91064; 834.04932;
 40.144894; 835.28638;
 250.83624; 834.69965;
 376.62335; 834.73486;
 416.86752; 835.49762;
 710.37958; 837.24799;
 899.69928; 838.6795;
 70.43869; 838.16876;
 855.0191; 839.76038;
 880.50116; 840.13068;
 385.35379; 841.03503;
 324.332; 842.60132;
 719.61652; 844.21918;
 39.627033; 844.66345;
 233.69688; 846.86127;
 830.34534; 847.95331;
 224.16666; 848.1886;
 195.61101; 849.10663;
 844.33307; 850.23175;
 342.62558; 857.7052;
 420.66891; 856.85144;
 278.57416; 856.7442;
 318.19537; 858.18512;
 700.388; 859.36664;
 458.70584; 861.78754;
 439.22794; 864.65698;
 260.2063; 867.14221;
 283.70438; 866.73639;
 587.28516; 868.94244;
 480.62033; 872.40033;
 283.11563; 876.08862;
 461.32336; 886.82587;
 733.0965; 888.95087;
 762.21075; 893.23688;
 715.95929; 903.57501;
 697.12866; 905.08057;
 348.21646; 905.64166;
 484.11926; 911.2525;
 642.68542; 912.85657;
 713.14508; 914.10828;
 36.52993; 915.83521;
 440.71133; 919.73743;
 10.841606; 922.10291;
 427.45782; 921.67706;
 507.81775; 924.19556;
 381.67603; 927.71271;
 433.6929; 932.13696;
 326.97156; 930.72693;
 363.84052; 933.69598;
 307.40909; 955.02075;
 279.77972; 970.76727;
 3.7974102; 973.89166;
 200.90994; 976.02332;
 3.6656456; 990.05591;
 18.744072; 990.87482;
 42.147938; 993.0271;
 3.7925255; 1009.6556;
 595.94611; 1016.1044;
 258.84363; 9.0255117;
 82.035439; 11.533925;
 233.10855; 12.229171;
 11.452711; 14.587516;
 104.45849; 17.310478;
 358.43427; 17.048351;
 336.46921; 20.968874;
 248.95784; 22.213638;
 501.70633; 22.907114;
 202.91075; 25.182533;
 97.594223; 30.572586;
 133.79887; 30.67565;
 484.13589; 31.533625;
 500.80658; 37.248844;
 153.03596; 39.07209;
 341.97467; 41.351952;
 129.11621; 43.529999;
 148.28441; 52.584904;
 111.38209; 52.805664;
 593.05951; 56.021507;
 4.8221231; 60.77924;
 520.43219; 66.110954;
 590.68549; 69.167526;
 123.38593; 70.690269;
 598.84668; 71.587334;
 146.3369; 72.017075;
 556.51147; 71.754021;
 579.7392; 72.205498;
 460.37299; 73.216156;
 631.38409; 80.979729;
 421.67535; 85.02594;
 551.57501; 85.069954;
 462.58374; 86.166801;
 400.60214; 86.595894;
 494.64151; 92.151657;
 174.22607; 93.006088;
 142.84662; 95.337135;
 40.447735; 99.736946;
 194.56438; 100.76315;
 519.29803; 101.05362;
 399.7139; 102.50458;
 14.257795; 102.08901;
 164.63783; 102.79336;
 477.28156; 102.8432;
 591.34784; 102.8578;
 138.323; 106.29526;
 162.33437; 106.87563;
 514.71985; 113.29304;
 4.9501433; 111.05344;
 183.78783; 110.79038;
 487.90732; 112.34684;
 90.910072; 115.39567;
 612.02234; 116.20186;
 99.951431; 116.91499;
 152.10526; 116.94225;
 592.7041; 116.8941;
 46.816738; 117.95749;
 31.848572; 120.15878;
 918.40027; 120.01773;
 176.78192; 122.68967;
 66.937813; 127.28706;
 97.534523; 128.28493;
 381.83191; 127.88488;
 442.86621; 128.65596;
 921.48187; 134.04523;
 837.1391; 141.06343;
 439.55515; 141.65475;
 377.45877; 143.05266;
 127.28641; 144.91754;
 13.499201; 147.13861;
 396.06821; 147.44142;
 883.45367; 147.91452;
 121.56965; 157.16971;
 193.94716; 159.12334;
 299.66721; 158.96384;
 350.24515; 159.33224;
 996.62677; 158.69144;
 325.5788; 159.72311;
 823.85486; 161.70554;
 994.67731; 174.11929;
 888.09369; 175.59671;
 196.22659; 176.75674;
 1012.5795; 180.44582;
 162.26724; 188.75108;
 910.23828; 189.44305;
 247.18933; 195.41737;
 766.48584; 197.23784;
 249.34018; 200.59094;
 321.25684; 199.94914;
 275.78976; 202.0679;
 300.96732; 208.78581;
 319.49954; 214.00514;
 281.52667; 217.61554;
 1013.9243; 221.41492;
 330.1304; 226.00624;
 310.24454; 227.1974;
 1019.1874; 234.49367;
 294.25293; 234.92436;
 366.38007; 234.96545;
 229.67548; 238.19191;
 328.2822; 244.1129;
 831.78162; 250.18542;
 281.68057; 256.65186;
 334.3754; 256.74997;
 223.40456; 258.00378;
 921.12183; 259.63684;
 255.74081; 261.35907;
 247.55705; 263.22913;
 1008.9922; 263.41763;
 294.9357; 267.84448;
 765.43262; 271.01645;
 1000.0398; 281.20132;
 762.99524; 284.7644;
 783.28723; 287.06174;
 280.81281; 290.23529;
 742.6333; 290.41473;
 320.2467; 293.16324;
 356.82553; 294.44272;
 1011.7926; 293.53879;
 533.51642; 295.96436;
 780.08588; 297.1864;
 757.1701; 297.72507;
 499.3952; 299.6228;
 596.97919; 300.94208;
 625.53284; 301.07007;
 563.33936; 303.05865;
 946.1817; 306.99609;
 524.96844; 309.15027;
 593.70935; 314.62643;
 1012.5494; 310.82611;
 218.56685; 314.99408;
 557.50531; 316.41815;
 734.9502; 318.07831;
 1019.1711; 322.51218;
 571.14673; 324.50458;
 963.13422; 326.20587;
 224.68335; 327.68414;
 943.39203; 328.95102;
 11.297387; 331.5802;
 379.63095; 330.46735;
 729.60217; 333.9465;
 211.32579; 338.23431;
 699.26971; 337.51953;
 1012.8983; 338.49274;
 542.69366; 340.60632;
 745.04053; 339.76984;
 4.9160018; 341.58459;
 184.39307; 347.02118;
 708.78748; 350.84329;
 343.39758; 348.67126;
 974.76825; 349.42166;
 994.79218; 350.78824;
 533.70251; 354.20233;
 201.53549; 357.49451;
 989.89948; 366.82187;
 701.54877; 372.16037;
 1019.0715; 373.41757;
 459.16193; 373.93066;
 695.0249; 376.2489;
 655.12286; 378.57462;
 920.06342; 380.41577;
 1009.8569; 380.79395;
 987.91461; 382.07266;
 188.59779; 389.3143;
 456.25693; 388.95712;
 667.01068; 389.92807;
 560.29382; 393.72983;
 636.24335; 394.01709;
 1003.7619; 394.436;
 599.3175; 395.01724;
 794.6925; 394.82187;
 141.14259; 397.24002;
 691.38715; 397.32608;
 719.23523; 398.61774;
 532.72998; 403.55835;
 906.65692; 404.99185;
 928.79498; 405.73199;
 678.52783; 411.19894;
 612.62311; 409.08624;
 240.0083; 413.06461;
 647.44745; 415.96411;
 50.902191; 417.56998;
 502.09622; 418.27557;
 399.24829; 419.10083;
 254.5988; 421.55713;
 188.00206; 421.3548;
 885.31116; 422.35611;
 907.05481; 422.1134;
 581.10736; 423.39145;
 380.25641; 424.74237;
 803.02771; 426.38251;
 215.48534; 427.83557;
 43.813416; 429.56979;
 621.00098; 431.59534;
 997.44159; 431.93668;
 179.03235; 436.17114;
 884.83844; 438.24731;
 954.24255; 437.71814;
 550.76532; 441.41235;
 412.20959; 443.62775;
 586.88; 445.13934;
 368.03583; 449.90762;
 870.2207; 450.77872;
 512.79468; 460.81464;
 867.37561; 464.4003;
 297.13965; 466.58203;
 422.80731; 470.42258;
 368.67224; 473.70856;
 486.04828; 474.67734;
 127.57057; 479.91483;
 1011.6901; 479.74435;
 151.99812; 484.45148;
 112.07607; 485.94049;
 345.44907; 486.12775;
 175.69287; 486.63565;
 322.2403; 489.56146;
 854.4007; 490.26718;
 395.62888; 491.77325;
 969.34949; 493.3107;
 304.75449; 495.41379;
 1019.0969; 494.76624;
 51.916634; 500.09738;
 417.66837; 500.90411;
 845.76215; 501.00293;
 139.51389; 502.43475;
 362.80322; 504.58273;
 926.32104; 506.85352;
 992.75726; 506.77365;
 469.56696; 510.22705;
 192.11482; 510.7478;
 213.08205; 512.55511;
 246.85968; 512.37695;
 304.16486; 511.87125;
 63.797329; 512.62372;
 488.90692; 513.79163;
 750.85162; 515.46631;
 908.3595; 518.41443;
 962.36749; 518.19879;
 288.70441; 520.56909;
 357.52533; 521.59692;
 94.799797; 522.84772;
 830.40405; 523.20911;
 71.418015; 524.10291;
 244.35982; 526.52509;
 985.76526; 525.64899;
 49.393257; 526.47186;
 690.41119; 527.76556;
 744.18433; 527.92792;
 948.77161; 529.45569;
 416.36935; 531.89459;
 875.09363; 532.29474;
 288.12738; 533.79779;
 906.01172; 534.00854;
 110.19971; 534.75861;
 439.68546; 535.35114;
 1005.4863; 536.08191;
 63.659744; 536.98724;
 183.39056; 537.29517;
 829.14142; 536.94354;
 311.08832; 539.44739;
 658.38611; 540.18469;
 179.68866; 540.77893;
 261.54446; 540.64124;
 924.33899; 541.64673;
 945.92499; 543.63824;
 409.19943; 543.61279;
 675.5011; 544.30487;
 883.94855; 547.02582;
 599.69739; 548.07648;
 775.61792; 548.09332;
 58.811882; 549.70343;
 310.32907; 551.26093;
 92.57502; 551.98969;
 136.28375; 552.3349;
 855.3941; 553.35303;
 255.1597; 554.14471;
 164.90472; 555.66821;
 633.69586; 557.21161;
 1019.0251; 557.36572;
 922.87213; 558.11969;
 693.42676; 558.86749;
 799.93951; 559.09747;
 354.9223; 560.79541;
 673.98297; 561.32642;
 399.95715; 562.83197;
 756.76709; 563.47253;
 131.39058; 564.70239;
 291.19751; 565.74591;
 1010.8054; 567.23651;
 941.08905; 568.83337;
 309.03708; 569.57867;
 647.15302; 570.42157;
 700.00336; 569.86926;
 639.52655; 571.47131;
 758.5304; 578.3017;
 181.86308; 578.95282;
 890.45959; 578.84796;
 781.04828; 579.69574;
 515.72778; 580.52942;
 452.41727; 584.13031;
 939.80536; 584.44464;
 798.7652; 586.11481;
 844.12079; 586.32086;
 730.77563; 587.01685;
 913.30792; 588.42255;
 357.27771; 589.11237;
 642.44855; 589.7558;
 700.7851; 594.1319;
 857.02246; 598.7688;
 466.54602; 595.56006;
 824.71448; 595.70215;
 770.81616; 596.664;
 621.62476; 599.82764;
 559.14832; 602.24323;
 804.76202; 605.5683;
 1019.1406; 602.24457;
 724.1817; 602.7951;
 969.59131; 603.74902;
 839.25275; 606.35913;
 998.77362; 606.82733;
 601.09125; 607.32312;
 784.09424; 608.25757;
 462.64899; 610.17297;
 258.05429; 611.28802;
 820.28455; 614.02295;
 658.74146; 616.49261;
 561.56641; 617.14484;
 747.25098; 616.77185;
 629.26746; 617.99152;
 847.46924; 617.67255;
 580.31799; 619.80994;
 892.6004; 620.8927;
 449.7308; 623.4884;
 531.96033; 626.32422;
 790.58551; 629.89081;
 841.76422; 631.13416;
 859.28918; 631.5387;
 963.84528; 632.84302;
 573.79242; 634.15552;
 765.54028; 634.80212;
 884.71631; 634.56549;
 645.77551; 637.6106;
 995.65106; 637.95923;
 365.34189; 639.07196;
 813.53937; 638.51355;
 656.64368; 640.23334;
 950.22876; 640.90747;
 871.6571; 642.30328;
 773.69086; 642.51233;
 443.36371; 647.48523;
 503.4888; 647.53198;
 560.539; 647.48279;
 538.87189; 649.27307;
 1009.366; 649.50787;
 582.49457; 651.06134;
 447.83713; 651.80908;
 518.19104; 654.04712;
 730.85034; 653.88428;
 364.8797; 654.49542;
 870.62793; 657.83374;
 433.80862; 659.41321;
 397.43152; 660.34448;
 662.43402; 661.36786;
 607.0152; 662.06995;
 693.9577; 661.75507;
 891.4892; 662.3266;
 316.5517; 663.70923;
 418.5029; 664.44128;
 517.82227; 665.25177;
 238.05618; 665.63464;
 346.28021; 665.80377;
 580.49316; 665.99426;
 776.90186; 665.72107;
 913.18933; 666.11627;
 943.78491; 665.76733;
 462.71942; 667.40363;
 423.54819; 669.07501;
 743.29718; 668.58008;
 559.20605; 670.15381;
 384.1745; 671.14868;
 516.48798; 671.50903;
 826.16949; 673.64746;
 931.50061; 673.78986;
 601.4776; 674.64545;
 486.8656; 676.19452;
 312.38773; 676.56396;
 410.12781; 676.86273;
 680.25629; 678.3866;
 804.81317; 677.99554;
 438.99414; 680.17249;
 920.43579; 679.97833;
 302.50211; 683.92444;
 564.08026; 684.13513;
 16.676657; 684.76202;
 342.76382; 685.92615;
 376.27692; 686.44373;
 509.01291; 686.45837;
 657.4259; 685.67755;
 886.40308; 685.86676;
 825.31378; 686.52277;
 949.62372; 686.84448;
 396.29526; 688.28033;
 475.94482; 689.33746;
 605.50476; 688.83496;
 767.78058; 689.44489;
 323.78058; 691.76685;
 422.02475; 693.81232;
 798.89258; 693.71301;
 292.56516; 695.70605;
 357.25308; 695.64594;
 746.35321; 698.12115;
 866.43695; 699.23309;
 580.64294; 699.89124;
 950.16876; 699.88037;
 236.97574; 701.3797;
 888.58105; 701.43958;
 820.01074; 702.47101;
 600.32074; 704.40002;
 415.30786; 706.14337;
 321.7356; 707.31287;
 265.68118; 708.3454;
 732.56616; 707.86365;
 827.53223; 708.41174;
 379.8313; 709.40497;
 460.81625; 708.67084;
 695.81085; 708.49176;
 854.49908; 708.47003;
 543.50061; 709.92432;
 939.40063; 710.18506;
 1012.6597; 710.5318;
 764.83759; 711.03906;
 411.53668; 713.68726;
 300.52408; 714.92798;
 431.36411; 716.12311;
 892.30463; 716.87;
 993.80499; 718.21619;
 119.07286; 718.83191;
 274.1239; 718.86664;
 354.41931; 718.76019;
 476.48004; 720.42279;
 269.15707; 721.703;
 377.65393; 721.81726;
 805.914; 721.65955;
 852.06543; 723.66553;
 938.65454; 724.22577;
 769.94385; 725.25323;
 917.25299; 728.96014;
 521.51636; 729.96533;
 652.5578; 730.18622;
 430.91696; 731.27338;
 547.37598; 731.86725;
 366.02869; 733.11768;
 390.28116; 732.89044;
 453.29837; 732.89923;
 1012.6849; 733.159;
 626.85394; 734.0697;
 14.869024; 735.2157;
 724.23468; 735.30103;
 120.56781; 735.40137;
 985.22858; 736.53619;
 592.45728; 736.57117;
 805.13434; 737.37128;
 932.0166; 737.70685;
 12.427178; 740.93298;
 291.91394; 742.08569;
 675.06726; 741.87872;
 910.62122; 742.30402;
 1019.1404; 742.21405;
 71.441238; 743.93292;
 463.62762; 743.44116;
 487.11993; 742.79694;
 368.31961; 745.05621;
 571.3031; 747.94879;
 691.9317; 747.98828;
 35.675312; 748.99768;
 779.9433; 748.98505;
 704.79028; 749.81415;
 145.15674; 752.15063;
 56.914753; 752.60425;
 424.71686; 752.77338;
 349.35648; 754.62811;
 515.63214; 757.60126;
 17.817558; 754.72687;
 330.41464; 757.16742;
 805.88074; 757.42828;
 288.99234; 757.4942;
 974.71185; 758.35437;
 725.992; 759.75702;
 124.97959; 761.98077;
 353.49988; 761.51001;
 574.26874; 762.65186;
 691.0105; 762.58502;
 32.009384; 764.21436;
 500.92969; 764.13416;
 780.46143; 763.50891;
 862.95331; 764.33417;
 23.475061; 766.05511;
 51.573437; 765.48645;
 630.93719; 765.72504;
 659.72137; 766.20197;
 1019.0765; 767.18225;
 993.44061; 768.31964;
 520.48004; 769.20496;
 568.63055; 768.42938;
 420.33386; 770.13544;
 288.00107; 771.83405;
 705.78699; 772.09259;
 350.58716; 776.43591;
 844.22858; 773.00189;
 306.06073; 774.45435;
 326.923; 774.5484;
 11.160703; 777.71405;
 507.60056; 775.36774;
 390.31012; 776.94592;
 780.01385; 778.19189;
 152.99059; 779.08356;
 969.54614; 779.18823;
 990.14282; 779.49652;
 671.18909; 780.67767;
 598.20685; 781.88318;
 430.19971; 783.20563;
 341.46439; 785.45886;
 736.74805; 785.26892;
 407.11423; 785.62622;
 706.62177; 785.96692;
 937.96033; 786.74658;
 4.8959336; 787.6228;
 303.01785; 788.45697;
 701.29144; 788.97498;
 98.747467; 788.97437;
 53.31712; 789.60126;
 193.32545; 790.07635;
 686.32959; 790.38879;
 394.00015; 792.24255;
 131.89838; 793.53522;
 766.69031; 794.32281;
 106.70272; 796.05267;
 454.37723; 795.40839;
 429.81305; 797.32104;
 376.04605; 797.62732;
 496.67938; 798.12103;
 473.74738; 798.79657;
 845.68146; 799.07019;
 10.926544; 801.45648;
 191.46967; 802.14575;
 633.88794; 804.21332;
 934.69055; 805.02515;
 451.70547; 806.22998;
 658.67554; 805.849;
 87.01239; 809.54407;
 4.7909036; 810.94067;
 141.03644; 810.8916;
 156.65959; 810.55591;
 589.04706; 810.98871;
 843.30365; 811.48273;
 122.94566; 811.99805;
 907.4126; 813.28955;
 347.94257; 814.55414;
 380.61655; 814.97296;
 432.16074; 815.97845;
 621.43164; 816.35181;
 140.60457; 821.94263;
 156.37175; 822.36163;
 365.02234; 822.41333;
 658.05627; 822.39441;
 703.85431; 822.49146;
 588.07837; 824.32556;
 23.41017; 825.91656;
 223.433; 825.93457;
 411.92963; 825.92914;
 444.90869; 827.40662;
 577.2533; 827.55463;
 632.04852; 827.77936;
 292.24118; 829.75336;
 652.20105; 829.95825;
 93.658981; 832.58411;
 127.62641; 833.32227;
 273.58618; 833.19385;
 90.036911; 835.70374;
 620.78723; 836.58545;
 461.85214; 838.00696;
 556.64618; 838.56195;
 305.11761; 839.54266;
 104.46073; 842.37775;
 12.186362; 842.6889;
 358.42355; 843.49066;
 652.7276; 843.49048;
 675.35571; 843.11572;
 248.43967; 846.06512;
 272.27917; 846.664;
 371.70734; 847.42902;
 442.80704; 848.40497;
 124.52267; 848.82953;
 865.24152; 848.62921;
 493.31989; 849.23798;
 175.03816; 850.82526;
 302.5368; 850.79547;
 552.41101; 851.05365;
 576.65771; 851.07019;
 622.70325; 852.34802;
 878.74371; 851.76563;
 4.8651204; 854.60999;
 169.02347; 855.12463;
 393.24643; 855.18365;
 330.4649; 856.04553;
 676.12048; 856.76764;
 204.98839; 857.95129;
 229.21956; 858.14496;
 833.57977; 858.26862;
 272.95883; 859.02014;
 741.86279; 858.67981;
 305.35815; 861.08698;
 366.64996; 860.94904;
 838.01465; 861.22168;
 201.76506; 861.53491;
 478.35138; 861.89221;
 720.45197; 861.66577;
 552.13031; 865.02295;
 803.91718; 865.76959;
 303.63696; 866.15686;
 784.35663; 865.75873;
 11.730021; 867.01599;
 417.51181; 867.30811;
 391.58713; 868.4657;
 318.40659; 869.98877;
 350.58908; 870.76575;
 684.22137; 871.22906;
 499.51517; 871.71796;
 11.703963; 872.96002;
 747.49139; 873.55286;
 548.57068; 876.19086;
 726.93713; 875.91071;
 319.97202; 876.99115;
 456.60565; 876.75488;
 779.13043; 877.3988;
 265.59494; 878.04645;
 522.0578; 878.22827;
 618.43402; 878.09149;
 208.27406; 879.073;
 553.36432; 879.38635;
 234.04086; 880.41364;
 592.98578; 880.45044;
 525.59576; 881.4552;
 572.32281; 884.72986;
 798.17438; 884.54633;
 746.93732; 886.02039;
 771.54199; 885.80341;
 4.9018197; 886.96014;
 659.30322; 887.33398;
 546.33984; 887.59607;
 406.87964; 889.12286;
 364.73334; 889.54193;
 696.52081; 890.03888;
 632.66779; 891.10858;
 108.90455; 892.74487;
 716.1825; 893.01556;
 316.18741; 894.22968;
 452.60501; 897.30829;
 562.6076; 898.09167;
 11.183749; 899.367;
 98.89283; 899.30438;
 508.63669; 900.96893;
 537.70203; 901.83984;
 654.39288; 902.78271;
 747.23218; 903.62677;
 590.71094; 905.09845;
 677.73224; 905.85938;
 288.68103; 906.87494;
 604.26971; 907.9599;
 396.54608; 908.54218;
 19.983488; 910.3985;
 459.14798; 910.15668;
 311.7948; 913.1156;
 359.82748; 912.85059;
 243.73621; 913.49701;
 486.13904; 917.71082;
 330.54468; 918.57703;
 289.84164; 921.49329;
 403.20273; 921.91272;
 680.80768; 922.84351;
 365.50708; 924.70886;
 466.08752; 925.29895;
 709.70728; 925.43756;
 271.09738; 925.81689;
 458.10144; 925.89301;
 244.73878; 927.85181;
 314.7934; 931.69019;
 350.54657; 929.14905;
 4.8963633; 933.28546;
 380.70886; 938.06567;
 242.76241; 942.03668;
 342.19861; 940.94812;
 755.06653; 942.25854;
 11.865768; 947.20392;
 74.397316; 952.33936;
 96.168518; 953.38147;
 163.90527; 952.60028;
 139.14691; 953.82117;
 750.22449; 954.77716;
 233.55119; 958.65594;
 384.74335; 958.64508;
 753.95697; 966.61151;
 120.90206; 967.46283;
 224.51135; 969.16992;
 231.09987; 971.84955;
 69.452919; 978.09955;
 154.22849; 978.51282;
 13.34179; 979.83563;
 46.251057; 979.72754;
 282.76691; 979.67975;
 120.50544; 986.31537;
 285.68576; 983.638;
 253.96027; 985.09961;
 32.530251; 987.99408;
 197.85982; 989.21649;
 67.846397; 991.64233;
 94.744781; 994.00452;
 151.81052; 994.41974;
 743.9278; 997.15356;
 11.367037; 1000.2896;
 596.72711; 1005.7382;
 734.68188; 1010.0734;
 701.35345; 580.07092;
 87.025291; 796.12311;
 579.69476; 836.13281;
 221.48752; 835.01801;
 582.19836; 839.8067;
 230.7171; 846.02631;
 222.9299; 848.18286;
 194.91238; 850.14093;
 805.11731; 874.97845;
 438.51428; 918.5119;
 651.39221; 918.73511;
 508.40622; 925.92236;
 198.1781; 937.24078;
 4.476171; 990.38446;
 241.71312; 992.7713;
 231.08281; 11.620467;
 358.3786; 16.700127;
 223.38692; 24.254105;
 338.23276; 25.35671;
 95.30397; 34.50452;
 148.72557; 53.123192;
 593.69958; 55.447136;
 555.41437; 71.135735;
 399.95715; 86.295624;
 466.07233; 91.81662;
 494.9371; 91.824158;
 473.28152; 93.780266;
 194.1142; 100.2264;
 519.57703; 97.232849;
 514.99762; 113.86325;
 89.670654; 115.17423;
 152.36084; 117.59986;
 443.04584; 126.71365;
 324.38364; 160.02586;
 348.64441; 160.02167;
 990.14227; 178.04007;
 275.59573; 201.86572;
 281.59677; 218.26375;
 229.90442; 238.39708;
 832.83063; 249.6535;
 208.18761; 268.36514;
 500.46259; 300.01593;
 563.49261; 302.49341;
 525.01843; 312.21609;
 593.63177; 314.80826;
 1011.9999; 338.16434;
 745.01904; 343.1658;
 709.03046; 351.29126;
 183.96382; 346.69067;
 533.39398; 354.22165;
 202.55629; 357.85284;
 749.35187; 377.10092;
 652.98499; 375.18307;
 455.5238; 389.48569;
 642.9223; 397.9184;
 732.65643; 407.21646;
 612.67609; 410.9187;
 643.83698; 411.96072;
 501.241; 417.8172;
 653.59375; 424.25101;
 642.33209; 426.71237;
 800.53253; 427.98755;
 884.78998; 439.32056;
 588.06958; 445.73193;
 512.92261; 461.35196;
 1010.5411; 480.12094;
 301.43109; 490.26566;
 140.2753; 502.08572;
 992.4248; 506.94208;
 247.10146; 511.2113;
 303.87735; 511.91672;
 750.06238; 514.25946;
 909.42975; 518.07977;
 288.9487; 519.99902;
 350.19394; 522.37195;
 244.4781; 527.94562;
 1018.1058; 532.57916;
 905.43036; 533.99609;
 358.62622; 537.54901;
 261.41739; 540.14032;
 924.76282; 541.62207;
 1006.225; 543.02991;
 603.09723; 544.01855;
 681.33765; 545.02252;
 57.460964; 552.78979;
 92.473839; 552.52014;
 255.11368; 554.62866;
 802.23047; 558.40204;
 604.07037; 559.32996;
 922.37347; 558.61719;
 674.33527; 560.41864;
 353.73572; 561.81555;
 755.82141; 559.2287;
 715.40112; 573.79315;
 181.86885; 579.72302;
 867.31317; 581.71283;
 938.63837; 584.30182;
 730.09058; 586.8515;
 641.5918; 589.20392;
 699.62238; 594.00568;
 769.52155; 599.4801;
 724.63275; 603.51849;
 1018.2341; 603.89069;
 602.87628; 606.93042;
 784.11823; 607.97052;
 462.39771; 609.90399;
 257.64105; 612.22449;
 820.94623; 613.49664;
 580.31061; 619.96869;
 415.50208; 636.88281;
 884.38348; 634.73895;
 365.7005; 638.13751;
 646.82898; 633.27991;
 993.95831; 638.22321;
 479.71118; 640.76709;
 1008.636; 650.30835;
 365.56226; 654.12653;
 870.08649; 657.82355;
 237.69968; 664.63684;
 345.65543; 662.09924;
 580.50049; 666.99304;
 421.67151; 669.00189;
 381.10638; 666.7121;
 559.42938; 668.18561;
 931.80237; 673.38495;
 599.7359; 675.8266;
 411.45667; 677.58539;
 804.73138; 677.8905;
 680.63818; 678.89661;
 563.57245; 683.92603;
 659.65851; 688.85236;
 508.75232; 686.21558;
 950.21783; 686.37976;
 605.20306; 688.77362;
 324.62085; 689.17792;
 423.31107; 690.69647;
 357.61551; 695.42358;
 238.35376; 702.94714;
 379.07132; 709.5365;
 764.2179; 711.31989;
 432.26062; 715.04553;
 351.12921; 717.67767;
 938.74457; 724.44409;
 827.81799; 726.32098;
 430.45502; 731.35297;
 463.4299; 743.06506;
 780.90009; 747.37354;
 363.58496; 748.1933;
 571.91901; 748.55981;
 57.74498; 752.745;
 517.90356; 754.21027;
 289.87772; 757.20764;
 804.37091; 759.87195;
 859.43127; 761.59998;
 726.43182; 759.46863;
 942.29608; 761.96667;
 124.05096; 757.96564;
 780.34131; 763.56439;
 1018.1779; 769.20038;
 389.30499; 776.68701;
 351.19482; 776.84552;
 150.30592; 779.31104;
 431.3638; 782.86456;
 74.906357; 780.35706;
 343.34851; 787.59991;
 48.869774; 793.37946;
 103.69993; 795.38312;
 454.68619; 795.3764;
 124.48997; 801.96564;
 935.72571; 805.38605;
 108.92924; 805.8526;
 148.25235; 812.78326;
 905.67065; 813.06683;
 379.15891; 814.11597;
 430.29971; 815.81873;
 105.02034; 819.94574;
 162.90724; 823.06091;
 402.37891; 826.80402;
 578.43726; 826.9126;
 94.683014; 831.58276;
 218.78204; 834.38245;
 127.94447; 837.12628;
 620.69287; 837.013;
 104.90788; 841.34344;
 18.040798; 845.3642;
 840.18958; 846.92688;
 373.2999; 847.70215;
 492.8381; 849.35345;
 872.64258; 851.60962;
 392.98615; 855.23431;
 205.98825; 858.13916;
 201.31822; 862.22607;
 837.08099; 861.78687;
 458.05066; 865.08643;
 784.56152; 865.19086;
 419.05545; 867.76343;
 747.07019; 874.06897;
 619.79596; 876.7887;
 569.90955; 881.6134;
 659.41785; 886.8252;
 747.69403; 885.84491;
 107.53825; 898.19702;
 448.17697; 899.72583;
 509.04407; 899.75867;
 546.60962; 900.23602;
 662.48041; 903.87469;
 746.69812; 904.87964;
 518.39282; 902.89581;
 589.99878; 898.88;
 396.16324; 907.68304;
 537.66974; 907.73096;
 426.63953; 909.70917;
 366.75415; 910.20715;
 235.82463; 910.56183;
 640.72809; 913.47461;
 362.44763; 929.25055;
 461.67917; 927.30756;
 680.71124; 923.38177;
 712.99304; 929.17395;
 351.78314; 930.47516;
 433.70859; 932.68109;
 483.75842; 933.05957;
 754.69934; 940.82965;
 311.18591; 941.70551;
 203.12688; 950.92029;
 139.513; 944.76312;
 191.74843; 952.72424;
 168.89729; 957.05347;
 310.73074; 957.93658;
 126.14569; 965.69379;
 256.7785; 968.97424;
 135.02554; 969.94257;
 229.65688; 974.34497;
 67.053665; 977.3504;
 288.1604; 978.11481;
 14.899978; 978.9472;
 55.536636; 975.24268;
 249.19891; 980.96393;
 288.91812; 983.67529;
 38.33083; 989.1402;
 198.6636; 989.13812;
 225.86749; 991.81848;
 741.75159; 992.60419;
 735.36548; 1010.3831;
 257.67609; 4.8571706;
 397.18433; 5.1048279;
 222.63763; 33.587242;
 409.15253; 39.294083;
 130.67572; 45.254955;
 92.251427; 59.565113;
 7.7253141; 60.520775;
 146.36525; 69.89991;
 593.40381; 73.267342;
 421.87006; 83.083733;
 514.46674; 83.220741;
 591.8653; 99.526543;
 39.751564; 101.97637;
 163.00594; 105.71926;
 396.43787; 104.72198;
 201.92708; 108.15155;
 7.8839073; 113.58899;
 922.44147; 116.05725;
 70.020912; 122.30003;
 478.14172; 130.21155;
 924.84802; 136.98439;
 127.25533; 141.19667;
 376.396; 146.15289;
 195.88167; 158.20143;
 1002.7931; 161.94855;
 824.09308; 162.70502;
 18.21344; 174.87404;
 220.25862; 173.54137;
 316.76935; 179.31415;
 233.59387; 185.08318;
 768.96039; 194.09981;
 318.4324; 196.7874;
 998.85443; 199.61769;
 250.96782; 202.92979;
 303.23322; 207.97575;
 323.70709; 217.31995;
 505.45868; 221.77739;
 252.62527; 225.83421;
 326.30215; 241.16832;
 280.58438; 253.82063;
 330.56836; 261.03192;
 254.47267; 261.14578;
 1005.0337; 262.14328;
 768.90979; 266.89709;
 742.87567; 268.48416;
 294.26779; 270.6637;
 277.54309; 285.39963;
 945.26703; 309.34775;
 731.13428; 314.00485;
 556.64508; 318.6217;
 577.0816; 328.0079;
 724.84546; 329.67081;
 968.08813; 329.41995;
 942.84393; 330.06171;
 381.02255; 331.33478;
 702.0733; 334.16022;
 721.0531; 362.01004;
 989.62878; 366.74554;
 529.44904; 373.22989;
 773.15771; 374.62814;
 1004.3649; 374.03256;
 757.05469; 379.02985;
 919.76935; 379.83963;
 694.52338; 382.49713;
 740.2251; 380.30511;
 764.55225; 380.68277;
 357.04303; 384.34705;
 668.34296; 386.74585;
 785.69714; 390.93936;
 141.43192; 395.27283;
 661.83459; 394.89868;
 696.11792; 401.97244;
 906.11853; 405.53207;
 48.670006; 410.41647;
 956.60504; 418.04593;
 187.91896; 418.81;
 1006.7535; 418.99023;
 887.68402; 420.62393;
 377.35751; 425.55878;
 38.123013; 426.59457;
 45.573849; 446.80426;
 368.48209; 447.44675;
 347.90469; 469.8237;
 371.54575; 470.63803;
 485.23495; 473.85016;
 71.476776; 475.15536;
 122.36436; 476.84482;
 904.75861; 478.20889;
 420.3645; 479.19882;
 149.53845; 484.61832;
 179.80927; 487.90945;
 416.16769; 502.79706;
 55.201202; 502.88406;
 114.30083; 502.25641;
 384.10608; 504.31583;
 927.92474; 505.94534;
 183.84062; 513.23901;
 48.357323; 524.09741;
 986.82874; 527.16071;
 94.165749; 530.45978;
 417.43762; 531.84143;
 881.24792; 540.26483;
 947.57861; 549.19257;
 138.1252; 551.03815;
 168.73021; 559.01166;
 647.16315; 571.1424;
 780.47156; 579.18756;
 754.15582; 581.1272;
 841.76251; 581.69135;
 913.32599; 589.45819;
 982.58783; 589.99432;
 826.51312; 593.40729;
 740.53448; 596.86499;
 858.54468; 596.82831;
 876.68414; 599.02728;
 569.1723; 603.74048;
 800.02008; 594.97498;
 968.04846; 604.52759;
 907.25055; 609.17365;
 845.58942; 614.72742;
 485.66653; 620.74188;
 633.36383; 620.07928;
 1005.7605; 621.83478;
 589.11359; 623.90515;
 453.05478; 627.82837;
 532.71613; 629.02496;
 848.63635; 628.9964;
 815.63135; 633.90887;
 768.16681; 634.65417;
 615.78998; 638.9436;
 948.7608; 640.22009;
 672.49054; 646.17053;
 505.49655; 652.22577;
 735.90271; 655.52515;
 639.70605; 658.14624;
 609.90228; 661.29767;
 663.65015; 664.43329;
 694.51312; 664.37372;
 463.49112; 672.20068;
 524.49365; 671.67242;
 721.37317; 671.31128;
 308.17416; 680.01831;
 442.7934; 681.03857;
 344.07837; 683.69226;
 379.61401; 687.60962;
 287.50955; 691.80731;
 765.67316; 691.94739;
 930.73993; 692.3811;
 796.45355; 696.92755;
 980.62146; 700.66992;
 888.38147; 702.41187;
 268.93326; 704.67883;
 822.6402; 706.44342;
 461.96393; 707.18005;
 411.08405; 708.61359;
 322.70734; 710.00391;
 371.10797; 730.76678;
 549.0152; 728.53058;
 122.65279; 733.40582;
 677.14459; 736.29004;
 18.533119; 738.58478;
 806.95526; 738.38123;
 589.03796; 740.23694;
 929.28558; 740.41534;
 627.41071; 740.89246;
 486.57074; 742.17279;
 581.85596; 743.96857;
 75.609062; 745.75;
 422.75931; 751.13983;
 329.30551; 756.05487;
 974.27087; 761.86469;
 352.59464; 758.34894;
 635.44098; 759.63312;
 364.96713; 762.01398;
 148.62856; 757.22559;
 29.498446; 765.34021;
 694.67352; 767.25311;
 396.06732; 769.13763;
 285.81433; 776.08508;
 328.72153; 776.88135;
 172.03677; 777.99573;
 968.39276; 778.1333;
 597.94196; 785.07684;
 935.59814; 784.83429;
 735.21442; 785.59503;
 197.20763; 786.75024;
 455.78223; 787.35602;
 301.52271; 791.47101;
 396.90768; 793.5069;
 467.61526; 805.14063;
 888.48901; 803.51141;
 658.16681; 805.82996;
 146.73222; 805.82251;
 347.00833; 816.48328;
 621.54126; 816.86688;
 26.509727; 822.56421;
 224.83162; 822.72943;
 294.50299; 825.16003;
 327.70798; 831.68695;
 440.87402; 832.32965;
 68.976334; 838.0249;
 206.38023; 837.90594;
 245.71352; 841.46686;
 150.29512; 845.78967;
 59.406593; 844.43408;
 202.61421; 846.00867;
 444.66922; 848.96533;
 573.83179; 848.82489;
 582.34265; 855.05603;
 437.59467; 858.22809;
 721.66913; 859.54999;
 306.66559; 861.37848;
 361.66644; 860.85382;
 555.41022; 863.19055;
 498.04037; 869.62354;
 17.04047; 871.02045;
 320.85083; 874.03882;
 266.37424; 877.87677;
 775.14282; 878.27472;
 435.19757; 879.03229;
 203.77879; 879.69513;
 550.07416; 880.35059;
 721.33978; 881.48608;
 7.8547955; 883.11005;
 583.44086; 885.41852;
 692.01031; 890.39948;
 613.72437; 892.0882;
 312.98312; 894.43066;
 545.20819; 895.42078;
 340.18591; 890.5954;
 439.93567; 906.85889;
 461.39346; 909.63904;
 484.31769; 916.13501;
 26.207327; 916.51306;
 311.52737; 918.56866;
 277.54651; 923.0423;
 408.14423; 922.44598;
 236.58461; 924.10211;
 199.66899; 932.14514;
 240.4059; 931.04688;
 308.4223; 931.09375;
 210.30217; 938.2821;
 126.04839; 941.86139;
 17.993883; 943.17798;
 336.39191; 945.20013;
 74.609093; 951.88544;
 231.61763; 956.86621;
 367.25754; 958.20154;
 281.46793; 967.11426;
 364.60281; 965.98828;
 157.4496; 978.44843;
 123.30231; 984.00543;
 215.27495; 986.3559;
 119.06613; 1003.241;
 226.57607; 4.9454827;
 40.243061; 117.23665;
 84.124954; 119.08389;
 1002.7225; 226.2874;
 226.92894; 259.25842;
 709.6004; 340.94971;
 46.537563; 480.4899;
 84.252167; 495.23901;
 183.22762; 538.96796;
 262.01465; 543.93329;
 862.50171; 633.35315;
 584.37512; 646.43341;
 438.21695; 652.46741;
 556.68463; 649.43329;
 543.9729; 651.75647;
 890.56256; 652.43933;
 946.96234; 662.48065;
 490.9151; 670.70331;
 864.66949; 675.91205;
 958.63989; 680.53516;
 826.7063; 683.49762;
 502.7233; 714.35468;
 646.87714; 708.7771;
 1010.4167; 723.18597;
 113.6422; 803.86969;
 853.95801; 820.60266;
 247.07918; 827.92145;
 883.46344; 823.99927;
 131.73631; 830.22479;
 838.18579; 842.17279;
 592.17548; 852.21143;
 393.98618; 868.07324;
 694.77551; 867.15271;
 583.94568; 879.14923;
 393.35086; 874.76044;
 610.70398; 886.15442;
 523.55872; 877.33716;
 232.10947; 881.02344;
 296.83566; 881.86353;
 480.30832; 895.4176;
 367.6423; 896.22729;
 773.33337; 899.68671;
 287.44049; 903.82593;
 330.57574; 914.29205;
 288.75256; 920.18848;
 400.95282; 929.20917;
 119.2189; 929.05792;
 231.32285; 938.90765;
 141.68687; 944.17334;
 162.38412; 953.78455;
 98.382301; 961.76953;
 12.598413; 974.25366;
 221.29251; 972.33447;
 94.587654; 991.73016;
 151.33047; 999.07813;
 199.39642; 993.17267;
 173.86928; 994.65192;
 358.31036; 17.965946;
 87.646027; 109.42628;
 25.392677; 120.87936;
 278.73889; 175.8313;
 227.81567; 182.3372;
 306.41501; 199.24728;
 304.80154; 202.19617;
 286.63925; 226.38176;
 344.43906; 240.80263;
 281.02161; 249.40636;
 711.45587; 338.5477;
 746.91425; 349.07101;
 702.0011; 402.05316;
 648.25055; 434.71884;
 180.70044; 482.70883;
 175.82173; 513.23291;
 993.59631; 539.64496;
 173.20575; 564.45654;
 878.57355; 572.56726;
 866.32666; 602.27783;
 775.22736; 600.07501;
 736.72083; 607.26263;
 905.04028; 619.21655;
 792.32568; 622.46216;
 979.76703; 639.24365;
 474.24548; 648.34503;
 1011.1861; 680.13892;
 446.77567; 692.98578;
 291.49524; 700.91968;
 853.00104; 702.19647;
 325.40262; 716.71173;
 472.60666; 727.34955;
 458.38925; 727.92157;
 730.75378; 728.92633;
 288.05493; 733.85883;
 520.80078; 735.36774;
 24.825846; 737.8045;
 79.263428; 747.4765;
 406.93347; 755.52429;
 327.67331; 748.93292;
 10.936958; 754.27875;
 24.978483; 770.88806;
 569.29205; 765.88373;
 32.533691; 772.91339;
 76.058327; 786.88147;
 366.29483; 788.23456;
 726.58496; 789.49402;
 25.860371; 790.82813;
 621.32788; 798.78363;
 431.15222; 804.79175;
 592.77692; 804.68585;
 87.384773; 818.75458;
 380.46759; 818.92151;
 407.00714; 830.26056;
 619.69159; 831.87207;
 211.58351; 835.74402;
 368.90305; 840.06738;
 326.01529; 848.08179;
 742.01959; 846.33221;
 873.68054; 848.12537;
 167.18674; 849.90125;
 395.17627; 850.58661;
 564.6347; 852.01263;
 231.80098; 853.07654;
 664.83624; 859.96533;
 502.87665; 874.55212;
 431.12518; 875.62921;
 317.15445; 878.71887;
 404.71112; 888.8205;
 634.76361; 891.19812;
 720.013; 886.28699;
 680.15002; 902.61755;
 321.41943; 896.88538;
 611.36798; 897.09174;
 745.61298; 897.28839;
 402.19574; 898.83228;
 516.80109; 900.03369;
 488.78381; 910.15015;
 633.3349; 910.26648;
 427.19315; 903.84595;
 423.32657; 925.88251;
 24.168642; 937.03058;
 334.08429; 942.28503;
 371.02954; 959.25189;
 348.40311; 966.91406;
 334.6185; 968.00311;
 71.497581; 972.82233;
 10.800314; 974.48071;
 169.75096; 978.62842;
 288.95099; 981.88519;
 23.272131; 982.71295;
 150.16089; 983.35071;
 127.20739; 988.82306;
 198.49417; 155.20221;
 86.783691; 501.3494;
 437.04617; 560.99854;
 386.52771; 678.9848;
 668.44629; 677.95776;
 490.23383; 697.66821;
 642.50537; 712.85248;
 662.38513; 772.89661;
 14.842135; 818.70465;
 171.62996; 824.77521;
 667.6748; 830.13995;
 119.3342; 842.0799;
 610.51904; 866.21014;
 501.84372; 861.95996;
 379.1517; 901.30139;
 582.52661; 891.71558;
 598.43445; 905.71405;
 569.42834; 909.80237;
 326.68152; 921.00696;
 495.90936; 920.55688;
 723.59564; 926.71204;
 292.48938; 956.85858;
 287.20294; 955.01984;
 203.47258; 959.48547;
 99.90036; 965.77234;
 8.6272936; 997.6687;
 507.19202; 638.96417;
 401.44458; 699.66113;
 469.4115; 720.76917;
 638.23859; 770.15961;
 132.78622; 797.59143;
 612.57208; 824.66803;
 534.51599; 877.61749;
 726.90295; 876.74127;
 509.10718; 894.03015;
 728.591; 893.35883;
 265.98389; 919.81689;
 290.44516; 937.00488;
 184.86302; 942.03497;
 14.596704; 959.34247;
 314.58292; 962.71277;
 131.37233; 975.04053;
 29.965248; 1018.3146;
 898.68066; 461.0358;
 972.98621; 692.03113;
 563.09979; 718.06812;
 592.89862; 797.31439;
 570.81293; 861.07214;
 651.24268; 879.83661;
 478.0322; 900.96039;
 458.90683; 906.11969;
 107.76579; 959.03894;
 41.32053; 979.38428;
 91.864998; 1007.7758 
