 711.71655  42.777328 
 207.42696  48.607944 
 846.01672  48.903252 
 654.92126  51.320587 
 921.31549  51.557926 
 871.33063  58.882294 
 688.9259  60.551479 
 731.36707  62.49342 
 968.32953  65.243744 
 682.92908  68.853378 
 835.33478  69.532295 
 648.25861  72.70343 
 874.49042  74.187141 
 963.62268  73.548332 
 445.17197  75.903084 
 724.56891  78.919464 
 233.72618  80.760101 
 895.96735  81.205467 
 975.56592  81.656754 
 442.57858  84.82148 
 871.23737  85.678162 
 885.53552  86.059196 
 816.92236  87.771568 
 385.05154  92.087799 
 89.347435  92.827301 
 380.77377  99.434448 
 465.23831  99.522667 
 474.90005  114.10137 
 204.96335  118.06511 
 195.65263  121.68861 
 704.27979  128.86491 
 853.34326  133.66821 
 740.8775  137.39609 
 711.79346  142.12108 
 943.79224  143.20662 
 735.22339  146.85022 
 314.61411  150.5076 
 754.19269  156.50269 
 824.22229  155.83052 
 80.716606  159.79881 
 654.85876  160.20781 
 307.82397  164.0172 
 747.54114  165.0611 
 813.87561  165.58943 
 966.70264  165.55681 
 399.59122  166.61076 
 441.45102  166.67532 
 863.05292  168.56717 
 845.15649  169.6203 
 444.65723  176.91432 
 878.24341  178.04381 
 266.32324  181.58061 
 333.68494  194.39841 
 714.85437  195.68517 
 353.7261  197.88754 
 975.94501  198.56996 
 949.21527  202.03458 
 707.86658  202.64453 
 967.51111  206.89548 
 746.53644  213.45361 
 652.43054  213.6239 
 550.4259  218.25447 
 519.69214  221.61761 
 669.46808  243.18896 
 73.719978  243.49519 
 238.6124  248.84116 
 186.34573  252.632 
 641.27338  253.72275 
 607.58008  254.53831 
 653.79999  255.98874 
 797.43127  257.8754 
 308.38388  282.10736 
 759.72498  283.91431 
 42.868298  286.47684 
 415.34085  289.90805 
 619.86859  290.23737 
 847.18103  290.0332 
 614.57269  297.84073 
 49.301468  299.63895 
 842.77771  298.56302 
 209.49895  300.92773 
 772.69  301.10092 
 788.93927  304.02316 
 640.29529  306.15009 
 767.96472  308.03168 
 43.723782  315.13754 
 287.08386  318.71634 
 622.13812  326.2345 
 280.04767  327.92087 
 644.90491  327.51059 
 849.62323  329.10709 
 94.26693  329.56775 
 669.7796  331.3736 
 694.88574  333.42117 
 492.18576  335.97311 
 790.48737  340.90833 
 615.81287  343.1055 
 69.683075  350.06775 
 812.00867  354.59711 
 80.583771  355.54355 
 600.40936  359.08569 
 166.63844  365.6774 
 710.11566  365.80777 
 608.73651  368.55731 
 173.17828  370.96786 
 598.37341  370.77261 
 251.76239  374.99643 
 703.16156  379.1301 
 439.39874  380.02875 
 684.95624  383.00388 
 758.96576  388.24985 
 871.00836  389.03418 
 447.75519  390.98795 
 730.35364  394.36649 
 679.11749  395.27209 
 753.83112  395.69955 
 443.00586  398.95477 
 580.39453  400.78757 
 566.65948  402.57462 
 727.05603  402.60745 
 958.26978  404.8288 
 456.74353  406.50012 
 470.38766  409.57413 
 693.80902  410.59811 
 731.0697  412.34787 
 464.00607  417.50613 
 638.52301  421.14731 
 322.34988  423.36606 
 498.93637  425.8931 
 364.64801  427.65109 
 317.10507  433.82828 
 300.43478  438.32004 
 89.633392  441.58899 
 50.530437  444.99899 
 102.02238  449.34436 
 256.52057  458.12231 
 248.24109  464.83743 
 490.75171  464.73737 
 569.66046  468.19666 
 835.79456  468.42056 
 679.10907  514.12598 
 597.62311  516.67542 
 974.66638  520.77411 
 823.49799  523.20087 
 152.5509  524.58307 
 100.57025  526.15997 
 834.21027  526.58148 
 967.71448  527.69739 
 583.638  533.19873 
 378.93622  540.5542 
 593.67615  541.32629 
 148.51273  551.57874 
 389.61475  552.67438 
 826.27118  554.92041 
 905.59515  558.18341 
 516.03217  558.67767 
 163.1236  562.42407 
 456.13525  565.31238 
 813.17084  565.96271 
 610.4007  566.95447 
 181.28021  569.22632 
 509.1416  572.37225 
 793.32141  572.9317 
 894.95142  573.08728 
 493.60898  574.16711 
 909.52991  578.74908 
 397.41531  580.46082 
 679.15826  583.29962 
 91.057243  587.4278 
 353.67361  589.50195 
 44.748558  596.47467 
 512.25256  596.35699 
 194.97153  601.40387 
 413.17041  603.87128 
 549.3689  606.65277 
 975.72528  609.73163 
 226.355  613.30823 
 950.78748  613.5163 
 964.54224  615.92651 
 944.4751  622.53766 
 304.69635  630.87604 
 547.22363  637.2052 
 895.12378  637.78229 
 309.87598  640.02655 
 108.45054  640.58209 
 164.54028  659.45435 
 860.21619  659.76685 
 820.1853  662.93494 
 159.57426  666.75348 
 319.25186  667.32648 
 534.28754  669.35388 
 112.17658  669.94244 
 869.28278  676.84265 
 947.97223  676.50238 
 132.29065  681.11499 
 794.34442  681.14197 
 958.56067  682.33972 
 616.56592  684.92029 
 610.45435  692.02472 
 202.7892  699.67078 
 600.53119  708.64032 
 381.49255  711.89819 
 81.980988  715.82416 
 378.2825  719.86768 
 128.51089  723.47827 
 86.978661  724.83856 
 215.02704  728.88879 
 117.45187  729.78778 
 361.7338  730.62128 
 288.61905  733.71625 
 208.89719  735.49048 
 342.19635  749.68689 
 611.86285  753.22656 
 765.68823  754.6272 
 164.28804  755.88055 
 948.14087  758.45233 
 369.74796  758.80615 
 204.62492  761.16107 
 195.73502  771.75269 
 416.33252  776.32587 
 810.36542  778.1803 
 743.19397  780.93665 
 267.39862  793.48309 
 328.96066  802.79535 
 422.76636  806.25531 
 111.14439  810.47296 
 816.86469  811.87738 
 894.92023  814.83759 
 418.39441  820.3197 
 873.8504  820.54303 
 818.24274  838.57526 
 858.66571  840.17981 
 493.77386  844.14691 
 265.74097  857.09296 
 278.05325  860.01605 
 678.05963  877.30774 
 326.22064  884.11975 
 674.15295  884.74536 
 949.81635  892.31866 
 297.90857  895.93951 
 400.74759  901.41296 
 702.25262  920.11835 
 61.516026  921.02985 
 714.55298  921.07843 
 408.56152  924.35645 
 488.75467  923.57141 
 671.70276  923.46729 
 167.57983  928.6499 
 45.335602  930.35303 
 471.74002  930.50452 
 372.17322  934.15863 
 418.91605  935.07837 
 361.54984  937.21198 
 188.97366  937.7157 
 881.02045  938.01886 
 224.04074  939.18231 
 883.55731  939.86462 
 368.95248  943.91156 
 756.98053  956.47229 
 776.7699  961.28918 
 704.54443  963.10309 
 420.84164  963.64758 
 590.60339  966.12732 
 565.27655  975.88562 
 577.69244  976.16742 
 468.63672  977.284 
 153.25545  980.07715 
 776.52905  302.93384 
 456.36331  552.26526 
 871.28021  58.88966 
 689.19464  59.896694 
 901.38  61.457623 
 731.40417  63.201626 
 788.52954  63.823887 
 236.24117  64.666206 
 834.19733  67.437645 
 883.34064  67.457603 
 862.85883  68.410385 
 682.56226  69.050514 
 352.19272  72.956215 
 648.0639  73.423256 
 963.61365  74.355331 
 445.50546  74.934837 
 874.65808  74.869576 
 787.99634  76.401245 
 724.58862  77.651558 
 663.54999  79.137985 
 187.80431  80.26268 
 895.63025  80.25676 
 233.75102  81.997597 
 870.50513  84.149086 
 442.24124  85.347603 
 818.12671  87.785278 
 886.69092  87.766457 
 702.04987  88.820076 
 385.18179  91.488998 
 79.344307  92.956139 
 88.755623  92.856949 
 457.27109  93.604126 
 813.02533  97.358192 
 912.59601  96.713905 
 380.67175  100.11356 
 464.88968  99.699928 
 719.10333  99.819382 
 707.05078  102.81997 
 743.88812  103.00654 
 404.19916  103.63653 
 480.77533  104.78293 
 729.02075  109.6096 
 229.00175  110.77812 
 474.41614  113.74176 
 854.30414  114.21451 
 205.53502  117.55412 
 397.90747  117.61209 
 196.18169  123.54556 
 859.20709  125.68997 
 704.56195  130.06042 
 196.25386  130.80716 
 852.94226  134.50192 
 213.43073  137.11189 
 741.51343  137.03983 
 711.59973  141.72749 
 882.18091  143.01881 
 943.79932  142.49902 
 735.034  147.09612 
 418.7204  149.72572 
 314.90723  150.93478 
 753.84143  155.41144 
 824.04828  155.34395 
 430.66031  159.08147 
 655.55518  159.07771 
 80.929466  159.98639 
 836.16083  160.70309 
 307.70135  164.07896 
 812.08575  164.12831 
 747.6059  165.72321 
 396.8905  166.62292 
 862.59149  166.74825 
 845.50677  169.97661 
 648.77625  170.54282 
 457.65201  173.90445 
 188.76602  176.00189 
 444.50085  176.97411 
 924.38342  177.19127 
 859.85291  177.56004 
 878.24396  178.27357 
 266.61673  180.8568 
 942.72314  185.05525 
 334.10361  194.01956 
 714.90576  195.54147 
 353.39008  197.01242 
 646.33606  201.94174 
 707.6828  202.9451 
 949.97095  203.41901 
 238.27882  206.3278 
 273.37888  212.19292 
 746.00067  212.81148 
 652.65613  214.11018 
 940.02478  214.27747 
 550.30725  217.4313 
 868.29224  219.16924 
 519.86725  220.71243 
 539.224  225.13422 
 738.86084  224.59781 
 366.13849  226.42799 
 558.42615  227.13635 
 514.85474  231.13489 
 757.54303  235.05412 
 572.56335  237.1669 
 240.91248  239.95915 
 73.476845  242.37836 
 669.33777  242.55206 
 364.52164  243.84702 
 856.00238  243.65936 
 653.53558  245.33502 
 238.84747  247.85706 
 186.40329  254.23846 
 640.64044  253.52696 
 693.05377  253.70616 
 355.55374  255.3313 
 607.39844  255.05743 
 889.70026  256.04642 
 653.87134  256.85742 
 877.57892  257.46295 
 797.36823  258.31018 
 371.4007  260.02228 
 638.25079  265.3887 
 174.63206  267.09079 
 439.52423  277.49768 
 223.24341  282.84607 
 325.58878  282.93887 
 759.96436  284.60599 
 826.83704  286.26669 
 845.98193  289.45773 
 835.40491  289.71918 
 415.17468  290.88446 
 620.54578  290.46973 
 863.43445  295.51758 
 216.51257  297.16971 
 613.83563  297.3602 
 918.87299  296.95755 
 842.10413  299.24545 
 368.79736  304.06665 
 788.38922  303.40851 
 930.9389  306.32376 
 640.54797  307.24933 
 751.86273  307.57492 
 353.65088  308.54416 
 297.09915  309.99615 
 767.84192  309.78619 
 404.74261  311.87726 
 614.80975  315.13806 
 287.34763  318.5145 
 622.32483  325.68988 
 644.78577  326.75665 
 704.05853  327.46417 
 849.81506  328.06274 
 280.3049  328.64841 
 93.468254  329.69418 
 236.06364  329.55023 
 669.67993  331.35858 
 870.15253  331.74011 
 694.19763  333.22119 
 616.091  333.75513 
 657.53546  334.33807 
 491.75409  335.99988 
 743.21735  335.71423 
 177.89278  341.93146 
 615.97131  342.40723 
 790.8324  341.83206 
 666.72314  342.90732 
 649.05548  344.86362 
 414.86459  345.91922 
 69.511795  349.60107 
 404.29184  351.44876 
 624.53046  352.71295 
 812.01251  354.93176 
 600.50287  359.69958 
 624.43915  363.62302 
 710.32996  364.80026 
 637.43536  366.33682 
 168.59232  366.36682 
 609.71069  369.44113 
 597.69244  370.6293 
 947.75519  372.80969 
 427.99701  373.85825 
 899.86987  374.46805 
 163.29466  375.92996 
 251.70576  375.82718 
 703.19293  377.60379 
 439.42209  379.18408 
 887.22461  379.64566 
 685.29358  383.10498 
 725.63599  382.94586 
 758.90302  387.30566 
 436.53394  388.5715 
 636.75806  389.03485 
 709.48407  389.12671 
 872.60406  388.81653 
 448.24759  390.58939 
 861.81458  393.02963 
 731.08423  393.79221 
 965.39032  393.85382 
 678.35999  394.92792 
 940.90051  396.44745 
 753.19049  396.76849 
 442.57968  399.02441 
 567.05566  401.40845 
 709.05621  401.02243 
 850.21545  400.60703 
 581.17078  402.41187 
 726.16772  403.3139 
 684.41046  404.86124 
 456.58746  405.65567 
 959.15497  405.70007 
 558.24518  408.03394 
 470.61044  409.11139 
 373.61478  409.5361 
 694.81775  410.86407 
 225.78223  411.47629 
 667.67419  411.8869 
 705.7948  412.52774 
 648.16876  412.96436 
 551.67334  415.55093 
 464.64157  417.96716 
 788.17816  418.62262 
 638.36639  421.19702 
 323.20935  423.3053 
 497.78305  425.31683 
 364.81412  428.48917 
 623.87891  431.22491 
 123.29601  431.8399 
 747.78351  432.3548 
 317.15543  433.40295 
 299.90488  438.0983 
 88.484558  440.93018 
 122.24556  442.43353 
 102.07583  449.28342 
 351.93134  456.76816 
 257.79169  458.63617 
 491.74786  464.95084 
 248.0238  466.04031 
 569.85034  467.71735 
 837.09454  469.2413 
 760.2171  470.48764 
 605.19775  475.78952 
 864.0426  476.62473 
 292.76462  480.36292 
 538.60553  481.69769 
 251.24739  489.25635 
 534.84998  491.67972 
 850.46857  504.60565 
 455.91565  505.94186 
 476.83008  506.39285 
 827.61548  512.82941 
 679.15472  513.76105 
 356.78589  515.65289 
 470.23233  516.21436 
 598.90088  516.86188 
 874.53766  518.23938 
 822.36951  522.83655 
 102.79398  524.54199 
 152.46718  524.44885 
 611.20636  524.86725 
 624.61188  526.2146 
 834.88446  525.89935 
 65.523552  533.10638 
 583.23785  532.98132 
 885.25024  533.55017 
 454.18112  533.94055 
 95.018936  538.17426 
 378.86353  540.81055 
 593.99231  541.34186 
 447.48849  541.95813 
 830.86499  543.3877 
 621.23621  545.27197 
 158.71558  546.09491 
 680.80884  546.96295 
 602.04047  548.59894 
 75.461121  550.0896 
 586.34131  550.47772 
 147.83557  551.52228 
 377.86887  552.32819 
 391.32217  553.16461 
 466.6134  553.32043 
 826.66333  553.39893 
 905.0105  557.3056 
 515.94507  557.78522 
 382.99405  559.12152 
 163.29303  563.09509 
 824.47742  563.52808 
 396.14355  566.19025 
 610.41113  566.25128 
 456.47501  566.82831 
 813.18011  566.64465 
 181.23056  568.8017 
 215.70439  571.07373 
 509.47861  571.17865 
 792.60547  572.31091 
 894.77417  572.61682 
 493.48166  574.21777 
 98.453278  577.63776 
 953.21796  578.13647 
 908.84253  578.65302 
 209.04874  579.94922 
 178.7532  580.50653 
 397.35446  581.03699 
 678.32355  582.40582 
 803.64526  582.05042 
 193.0708  584.88257 
 895.70386  585.51996 
 90.768631  587.12048 
 352.63806  588.17224 
 677.4054  591.22064 
 551.68243  591.74432 
 512.05371  595.69299 
 315.23294  597.12646 
 348.17316  597.72656 
 82.201042  599.20782 
 194.9948  601.28516 
 834.07825  601.52917 
 413.34619  603.75128 
 550.48248  606.62427 
 79.703003  608.42957 
 82.888031  611.52856 
 226.99864  613.32648 
 950.70502  612.63208 
 632.82379  618.14337 
 573.82941  619.49622 
 59.867874  620.68097 
 530.92285  622.86505 
 943.32367  624.19189 
 102.58659  625.94415 
 305.10809  632.85858 
 410.08142  634.26251 
 546.86578  636.14288 
 254.98962  637.06396 
 894.6333  637.06952 
 309.1485  638.909 
 107.60405  640.27576 
 401.44983  644.15991 
 309.32108  652.02252 
 113.53104  654.47662 
 408.7648  656.62292 
 165.25168  659.1936 
 860.26001  659.26764 
 544.78204  661.151 
 938.70978  661.15564 
 819.64581  662.87061 
 319.21179  666.7439 
 159.78252  667.43463 
 548.67505  667.93011 
 534.25488  669.28497 
 113.41485  669.65515 
 931.34448  670.51031 
 357.94736  675.48157 
 947.91125  675.61469 
 869.32996  676.69592 
 772.48395  680.11603 
 132.129  680.79572 
 542.51892  681.13861 
 793.82581  681.93402 
 806.27295  682.59973 
 958.47266  682.79602 
 617.2655  684.34845 
 448.18024  687.6344 
 729.93231  689.14404 
 105.04971  690.02643 
 544.60199  691.25085 
 609.06927  692.05768 
 293.72888  692.96704 
 819.40485  693.72833 
 253.47151  697.17487 
 203.68306  698.20331 
 441.76419  699.53583 
 197.93599  706.07318 
 599.87207  708.51331 
 382.28641  710.94452 
 532.25592  711.68842 
 304.14246  712.81586 
 194.90016  714.33746 
 215.25784  713.98627 
 81.306015  715.31927 
 456.29266  715.66534 
 943.14087  716.55249 
 206.00755  720.5921 
 378.63275  720.69879 
 99.72081  722.32428 
 189.19579  721.78021 
 128.8311  722.56061 
 87.136383  725.96887 
 361.39792  728.95862 
 102.87695  730.37366 
 117.4982  730.26166 
 289.26062  733.73749 
 732.35559  734.492 
 207.91496  735.23938 
 334.38733  734.90912 
 178.04315  735.74591 
 438.22552  739.04657 
 361.1322  741.74225 
 342.45578  748.76227 
 611.49084  754.33594 
 765.8031  754.5166 
 164.51584  755.87415 
 370.36115  758.02209 
 949.04987  758.08728 
 479.59439  759.16742 
 205.37042  760.04639 
 513.01019  760.03455 
 365.0806  767.77814 
 195.97572  772.29852 
 580.97662  774.99744 
 416.66711  775.94855 
 405.04376  778.46411 
 810.59222  778.73578 
 909.00134  780.25244 
 828.28015  784.38336 
 920.63611  787.60498 
 901.80756  788.78802 
 422.48001  791.12512 
 333.85614  792.49524 
 268.16895  793.09015 
 913.82324  794.73364 
 434.75577  795.77747 
 329.19785  803.17346 
 475.27164  802.61017 
 422.76871  806.34491 
 635.55054  809.5368 
 110.85485  812.37421 
 816.94617  811.65924 
 251.82236  814.55768 
 647.00745  816.90271 
 893.89978  816.76428 
 417.36563  818.58051 
 887.64178  819.20435 
 873.06183  819.84204 
 820.21185  823.24078 
 113.1395  829.60358 
 654.51807  833.52405 
 380.38864  837.25104 
 818.23077  838.28723 
 858.77069  839.66614 
 493.48615  844.32733 
 352.47955  849.92169 
 265.24387  857.09589 
 804.9881  858.46753 
 278.26361  859.51367 
 643.57983  860.19763 
 769.28369  860.26178 
 671.461  863.1806 
 470.28586  873.50427 
 664.2406  872.56964 
 820.00696  874.75079 
 678.26013  876.45587 
 457.85519  879.1615 
 820.6958  881.28839 
 326.51019  883.63739 
 673.65045  885.15918 
 920.76794  887.87207 
 949.88129  891.50903 
 810.53082  893.1109 
 321.04657  894.49237 
 298.79251  895.47766 
 958.25659  895.90918 
 400.73352  901.80444 
 815.35675  906.55066 
 413.86249  908.68591 
 725.9046  913.52765 
 701.78198  919.4021 
 61.773365  919.54285 
 715.04596  921.95203 
 488.74042  922.63342 
 671.72583  923.19495 
 408.51807  924.17395 
 202.80539  928.13641 
 868.06183  928.36401 
 471.49445  929.47583 
 257.06049  929.67059 
 371.9953  933.77551 
 419.37915  936.1651 
 719.79114  936.18884 
 199.56007  937.20142 
 224.13667  939.44391 
 361.29318  938.42084 
 883.86591  941.38116 
 964.50458  940.89526 
 368.41406  943.83325 
 186.9494  947.07886 
 655.82416  947.45685 
 381.84235  952.49524 
 711.56201  952.72839 
 897.80212  953.5285 
 756.74023  955.31128 
 104.8418  956.16193 
 776.36877  961.53772 
 420.14349  962.69006 
 748.70282  963.21045 
 705.8233  963.92084 
 820.83484  86.515091 
 440.92987  87.754601 
 704.9115  86.975182 
 886.91278  91.048904 
 182.43716  92.547585 
 855.34729  94.214775 
 911.82599  95.512421 
 459.71338  97.293488 
 717.42896  97.9039 
 481.46695  100.357 
 584.78082  99.468666 
 744.69482  99.215202 
 811.04346  99.115128 
 406.94379  101.84872 
 702.68011  102.46017 
 227.76732  110.75783 
 854.08234  110.07259 
 908.05182  111.17599 
 474.742  120.62077 
 729.95288  113.11624 
 207.95056  117.24731 
 395.89087  117.8214 
 572.3598  117.50119 
 931.52551  119.77721 
 860.46179  125.07184 
 196.9229  127.59872 
 212.87143  133.19249 
 705.8302  133.10796 
 744.22876  136.10876 
 851.32935  135.01167 
 882.13745  139.60803 
 649.90143  142.82387 
 183.89102  143.73116 
 440.95224  144.07785 
 833.28394  143.7812 
 418.32578  146.64951 
 315.4968  149.12035 
 482.58667  149.63428 
 691.98969  150.48943 
 868.36945  150.75302 
 754.59564  153.16614 
 382.68655  156.32889 
 656.99194  155.97784 
 705.75891  155.60214 
 836.18286  157.03619 
 430.91788  161.16281 
 810.12531  161.677 
 861.56628  161.64543 
 307.07169  163.34518 
 393.89981  164.38789 
 745.98138  168.70116 
 457.98056  171.3522 
 645.99054  172.38388 
 686.81189  172.40672 
 847.47223  173.04509 
 186.40936  173.34746 
 923.70874  173.74698 
 879.71344  176.73108 
 856.83612  177.88089 
 267.28964  179.93083 
 792.52905  183.42241 
 335.17444  190.81735 
 242.68813  191.60818 
 669.61188  192.47717 
 715.61682  193.7009 
 742.52966  195.15256 
 871.25177  195.87955 
 666.53455  201.19852 
 321.50049  203.40489 
 374.24762  204.99069 
 237.01532  208.21234 
 745.77521  209.96083 
 230.12439  212.25861 
 272.7662  213.88156 
 550.04266  214.39326 
 566.35022  214.23938 
 651.95313  214.42908 
 518.87848  218.52666 
 868.00793  220.66801 
 537.43195  225.52321 
 739.84937  226.50998 
 366.05035  228.3255 
 640.55023  228.02457 
 552.07916  232.10054 
 513.48755  232.94289 
 264.26639  234.05893 
 710.59613  233.86253 
 573.44281  237.38544 
 765.42792  240.47974 
 668.66284  241.37169 
 365.19064  242.73259 
 854.36365  241.12384 
 240.46503  244.96742 
 644.70459  244.12181 
 767.4115  243.40129 
 432.54562  247.79317 
 638.87512  251.11887 
 184.71359  254.9875 
 890.36975  254.27985 
 353.63947  256.85635 
 606.44958  256.48163 
 371.98138  251.75931 
 795.92938  259.23483 
 226.97856  262.78189 
 172.23625  266.04178 
 635.77924  267.74692 
 898.59869  270.94226 
 363.56625  274.0426 
 307.31433  277.50403 
 223.97769  279.38141 
 355.72757  280.45178 
 170.09851  281.35437 
 657.28912  283.51465 
 831.17535  286.72665 
 837.42657  286.56439 
 292.14651  288.60699 
 414.38983  293.45911 
 625.24847  293.31531 
 215.16342  295.67447 
 609.73773  295.7348 
 864.00928  296.89944 
 916.56659  297.05856 
 667.31451  298.97089 
 366.65149  301.99402 
 778.41644  301.89777 
 838.59253  301.42313 
 146.40855  304.24106 
 354.02023  305.65338 
 750.90649  308.45755 
 404.70889  310.91498 
 640.39862  309.47995 
 208.01642  314.20935 
 768.68829  313.23007 
 288.65219  315.44055 
 646.33508  321.17139 
 704.19745  323.21625 
 807.55042  324.93237 
 236.6041  326.51727 
 622.32416  325.51254 
 849.00232  325.98676 
 327.17252  327.39984 
 774.56335  327.29471 
 90.866096  330.24969 
 668.57495  330.01028 
 279.07574  331.19324 
 740.17255  331.84387 
 613.78033  337.73093 
 696.47644  337.46695 
 176.62215  339.27896 
 231.74561  346.32892 
 792.35992  344.23648 
 417.30804  345.34372 
 650.67029  348.73245 
 86.979668  350.88278 
 625.83636  350.27863 
 886.41656  350.73889 
 402.27179  353.21158 
 812.24329  355.76202 
 710.92322  361.32153 
 596.68604  363.49771 
 171.31996  366.57281 
 624.83185  367.23114 
 425.11035  371.69421 
 771.41986  370.02188 
 609.86908  373.98587 
 252.73633  376.03552 
 900.7619  376.68338 
 162.38065  378.8631 
 439.75708  378.12009 
 702.60443  377 
 631.61853  380.0448 
 684.59705  381.10651 
 757.96924  384.66724 
 634.0827  385.8324 
 874.53717  385.77859 
 730.73346  388.71759 
 708.08905  392.79721 
 860.38763  391.09015 
 675.46747  393.86713 
 437.87875  395.01111 
 566.59857  400.3714 
 755.00549  400.23846 
 849.104  400.32819 
 248.70111  402.85498 
 457.9126  403.89523 
 583.56653  403.26361 
 469.57169  406.52292 
 725.5943  405.78821 
 373.25775  409.23169 
 650.13696  410.1965 
 226.86215  411.42648 
 698.90259  411.38733 
 139.7973  413.76761 
 542.60132  407.53885 
 916.19238  416.77109 
 466.97064  419.75543 
 496.13251  423.69058 
 539.26117  426.06592 
 118.01733  429.33463 
 363.50894  430.32578 
 621.52649  431.42288 
 688.07373  431.74545 
 749.82556  432.70187 
 784.32709  431.50079 
 298.5191  436.62073 
 85.742294  438.2724 
 101.22488  448.71182 
 290.46439  451.31412 
 730.46057  458.27423 
 259.24136  458.82672 
 492.66898  463.7608 
 570.4071  463.87347 
 401.9696  466.8476 
 761.07263  468.26837 
 247.97884  469.88034 
 344.79825  470.39969 
 911.42554  470.32584 
 604.24261  472.32462 
 838.94177  471.272 
 863.02679  473.80817 
 537.74457  475.66391 
 746.49689  475.8147 
 292.79602  478.98495 
 385.51486  479.99716 
 487.17096  479.03665 
 560.3429  479.82355 
 751.45917  481.26279 
 812.53955  481.91605 
 362.96179  488.14182 
 249.93922  487.29654 
 686.20264  493.15402 
 899.11365  488.60657 
 614.01923  489.32025 
 284.3782  494.0025 
 681.71002  493.30051 
 751.38806  499.75525 
 809.86603  499.23184 
 616.14355  502.77646 
 708.16748  502.89618 
 850.53888  501.40381 
 455.50925  503.01538 
 828.14948  507.21414 
 545.82019  511.966 
 677.59033  513.59064 
 469.95978  516.68933 
 355.39844  517.6601 
 754.83618  517.5788 
 101.78389  522.0658 
 608.23175  521.86859 
 875.98151  522.91144 
 151.44539  524.38916 
 818.52856  525.01178 
 626.4071  526.84167 
 364.20844  530.50415 
 456.3609  530.06403 
 579.66199  531.18896 
 885.21143  533.32288 
 910.19775  534.758 
 93.72377  538.17065 
 378.55228  539.09033 
 448.05768  541.49219 
 597.49451  541.9248 
 869.18378  542.44226 
 160.50262  545.4259 
 620.51508  545.24786 
 678.8421  545.91064 
 831.50928  546.5824 
 145.02602  551.4892 
 466.36472  553.23523 
 377.69208  556.12177 
 515.57019  554.97437 
 902.05164  555.97302 
 327.97577  560.29956 
 397.9895  562.65759 
 611.38013  563.79163 
 825.16968  564.25763 
 162.6342  565.36945 
 183.77925  566.36005 
 217.08011  568.50037 
 456.9874  568.23218 
 789.54468  568.75403 
 508.87198  570.48669 
 894.02942  570.20587 
 354.61011  572.17804 
 493.76968  574.76318 
 100.76742  576.23126 
 905.83966  576.13843 
 177.09325  581.63464 
 209.81238  582.79559 
 319.28503  581.80261 
 396.06137  582.80084 
 803.18475  583.39136 
 350.99167  586.37024 
 892.03241  585.61749 
 485.09064  587.25885 
 551.08875  590.55585 
 511.60052  591.18335 
 314.48715  598.3139 
 346.22815  598.89307 
 853.13959  597.02594 
 195.03854  600.09094 
 836.06427  600.41278 
 415.02878  604.2243 
 671.78864  603.61615 
 272.60214  607.25018 
 502.36884  607.0412 
 228.01643  611.2674 
 573.49054  615.70599 
 634.46185  617.89581 
 363.90283  620.62018 
 403.51483  619.12238 
 103.37843  623.49249 
 528.88483  623.95721 
 411.48798  634.5957 
 546.86407  633.23303 
 892.09528  633.86029 
 307.95483  635.29266 
 102.3596  640.15021 
 146.78011  642.82373 
 361.59439  649.66309 
 405.51855  651.34967 
 862.56665  652.1994 
 114.5487  654.02478 
 306.91452  653.3941 
 816.05719  660.83978 
 653.35675  662.55115 
 834.39911  662.11084 
 547.24731  663.35828 
 115.75295  665.74847 
 320.46646  665.45233 
 160.3658  668.30115 
 929.18018  674.08215 
 359.76825  675.70166 
 869.74554  675.34503 
 486.05832  678.01483 
 538.90942  678.49756 
 332.909  679.81097 
 772.99597  681.00842 
 791.99023  682.96204 
 601.43683  684.85303 
 449.94324  685.49377 
 730.34918  686.76276 
 106.86761  687.25983 
 293.16022  691.30188 
 545.07434  691.3891 
 819.79028  691.65863 
 253.7928  695.7536 
 441.6571  701.22449 
 722.76874  701.98633 
 536.2594  706.15173 
 384.34473  708.55139 
 672.59601  709.60291 
 818.54279  709.46222 
 305.30475  712.27838 
 215.27254  713.41199 
 327.3475  716.12866 
 336.72943  713.7428 
 130.43936  720.31671 
 100.50594  722.1803 
 362.49426  727.07324 
 413.66583  725.39728 
 723.69153  726.67035 
 85.683281  728.25317 
 205.17093  727.42047 
 118.84829  732.31335 
 595.60144  732.4668 
 335.3775  733.90271 
 176.79549  734.79578 
 290.83722  735.90784 
 437.7012  736.73535 
 361.02124  741.53363 
 934.45538  742.18341 
 342.9035  746.26221 
 417.52094  747.17816 
 487.53317  746.97607 
 164.86433  755.32642 
 206.48405  756.97418 
 370.25208  755.28033 
 609.08856  755.71008 
 509.35526  758.85468 
 479.59363  760.88916 
 567.78363  759.34406 
 334.98273  764.53979 
 727.10101  765.63995 
 196.67245  771.82428 
 457.91943  772.04352 
 417.87671  773.59088 
 581.48224  777.19958 
 908.05511  777.18903 
 809.43207  780.00732 
 828.81061  781.35693 
 925.71252  786.39801 
 898.00519  788.16193 
 335.6973  790.16345 
 412.49261  789.62305 
 776.49872  794.67743 
 436.89658  795.37177 
 913.8382  796.00098 
 648.27356  801.75488 
 328.32608  803.89612 
 635.784  805.44678 
 817.20428  808.67999 
 384.01801  810.35376 
 250.74536  811.85388 
 111.69342  814.95703 
 416.57712  818.20325 
 870.5874  818.31934 
 891.75629  819.71777 
 627.07355  822.9942 
 820.11768  826.24091 
 506.07385  833.20087 
 651.92352  833.59869 
 271.9592  842.52368 
 491.78201  845.00305 
 354.67737  854.69446 
 94.321579  855.10962 
 279.23373  856.79523 
 637.76215  857.21704 
 803.07849  859.08435 
 670.5304  861.74188 
 771.21893  861.26794 
 611.67639  863.63489 
 272.21094  872.99695 
 358.65024  871.93964 
 820.78009  875.79181 
 875.53937  877.4903 
 327.63898  880.60089 
 925.1673  881.33557 
 809.13586  890.69965 
 298.02231  893.30383 
 320.46896  896.3028 
 398.97748  902.38641 
 816.1217  905.67578 
 725.53497  910.8172 
 371.96237  911.64636 
 417.0629  911.54639 
 698.79578  916.29364 
 801.96875  918.57208 
 673.17383  920.35681 
 407.63501  923.01544 
 869.0141  924.66083 
 716.32727  925.65436 
 470.24146  927.89099 
 372.95361  930.46661 
 501.50882  933.36963 
 608.59784  933.06299 
 800.59387  934.79529 
 321.29514  279.73297 
 769.33649  292.21292 
 520.79901  728.43146 
 936.69281  831.24945 
 436.84433  115.74206 
 572.20221  116.978 
 208.92197  118.18361 
 732.08148  118.28353 
 397.31689  120.41127 
 816.46741  123.48994 
 860.76617  123.86956 
 209.05571  134.15356 
 708.05792  135.3475 
 882.83691  136.66147 
 439.24985  142.05602 
 420.12433  143.07469 
 182.17424  147.11108 
 316.39343  147.3895 
 483.38516  147.28479 
 755.2392  149.77232 
 277.98901  152.90941 
 655.52625  152.56001 
 837.16974  151.72507 
 162.13297  153.94135 
 694.40906  153.72733 
 863.51563  157.24657 
 808.6427  159.55371 
 391.18088  161.50673 
 306.85327  164.24403 
 432.01498  164.78262 
 684.95569  168.35808 
 459.59677  169.81033 
 644.28223  172.83363 
 743.17218  173.2892 
 883.1994  174.28772 
 267.98828  179.4594 
 794.23456  183.41808 
 338.20483  188.05241 
 667.23871  196.063 
 867.76904  196.88722 
 196.18808  204.03297 
 374.0072  203.30931 
 745.42584  203.48848 
 850.44971  204.06659 
 321.82043  207.23604 
 551.84167  210.67844 
 232.19345  213.93048 
 273.2384  213.76244 
 651.87982  215.4955 
 517.09796  217.07527 
 869.18573  221.23656 
 537.49115  226.83871 
 739.05249  227.59946 
 365.52689  233.01111 
 641.97595  232.70851 
 713.11127  234.13603 
 264.27811  236.89554 
 577.03271  238.55092 
 830.42584  237.42186 
 904.01465  238.21954 
 853.53369  241.18317 
 670.48871  244.69453 
 241.45645  246.72594 
 893.02014  250.6133 
 185.55951  253.26755 
 673.5459  254.01762 
 607.15656  257.99612 
 351.70374  260.91705 
 794.47125  260.34158 
 170.5554  266.03555 
 635.73041  270.35327 
 897.56201  272.53983 
 227.24895  273.75937 
 309.16534  273.84372 
 358.37976  279.11655 
 739.10822  283.46127 
 833.71521  284.67902 
 291.71063  288.83228 
 659.93683  287.68661 
 697.82617  290.75897 
 626.36249  292.27316 
 214.25491  295.69745 
 864.20221  296.65384 
 779.85211  301.46741 
 835.83667  301.67502 
 359.43329  303.91339 
 290.90775  312.66324 
 404.7695  311.54388 
 209.54997  316.20261 
 644.18835  315.2724 
 771.66492  318.18909 
 706.26904  320.33707 
 239.0708  324.58191 
 805.5564  325.49521 
 848.25659  325.26266 
 738.28046  328.28128 
 329.29367  329.70993 
 667.40863  329.44812 
 276.67856  333.93283 
 611.08337  334.92682 
 870.72626  336.57172 
 695.02252  337.69696 
 175.3553  339.3732 
 335.2598  343.4787 
 419.39615  343.85132 
 792.78534  346.03836 
 627.16675  348.96109 
 653.36548  349.95999 
 887.85651  352.20126 
 275.71643  355.83823 
 401.95294  358.8631 
 712.06165  358.26727 
 814.07697  357.41547 
 218.87949  361.33353 
 594.92212  362.6506 
 172.46997  366.21667 
 421.16949  369.17786 
 772.02063  370.58786 
 626.92908  372.60104 
 254.26991  376.5094 
 608.039  376.62909 
 683.09833  379.00336 
 702.92621  377.43518 
 441.24292  379.64578 
 875.1759  378.63367 
 162.21327  382.6167 
 631.38928  380.86746 
 756.89911  382.6254 
 729.60693  386.24722 
 141.4283  391.16794 
 860.91357  391.98126 
 672.83026  394.47989 
 163.63364  395.25848 
 437.04456  395.60065 
 706.96619  395.79449 
 847.43915  400.70016 
 459.88565  402.43597 
 247.60155  403.44107 
 586.21576  403.85733 
 724.28369  407.0943 
 761.35138  405.09778 
 653.21039  407.12982 
 229.89397  410.936 
 374.19748  409.01965 
 136.08757  414.7431 
 699.47504  413.08405 
 470.77136  422.69778 
 118.50025  427.46841 
 537.71881  428.75491 
 363.67984  430.49146 
 688.42065  430.74066 
 744.68903  430.46631 
 301.15393  432.75034 
 439.35538  432.75217 
 619.74072  432.64691 
 753.69452  432.95715 
 287.3613  453.33987 
 602.94537  453.19629 
 260.10486  458.73593 
 570.71478  460.5889 
 493.8782  462.85385 
 671.15381  464.96967 
 710.1521  463.73123 
 403.48602  465.67609 
 471.70493  466.03632 
 763.4718  466.69141 
 602.85168  468.11716 
 343.73972  470.47852 
 863.50189  472.10477 
 536.51459  473.24722 
 712.94275  474.48141 
 247.50052  476.39856 
 744.57861  475.88821 
 292.80423  477.7355 
 841.08997  477.06207 
 560.37421  480.22586 
 813.62976  480.32782 
 384.35645  481.74585 
 612.35632  493.43677 
 283.75656  495.90857 
 894.52649  496.66702 
 164.79791  497.61111 
 750.12512  497.21756 
 851.59564  497.3689 
 704.80554  500.31378 
 806.8316  501.90189 
 831.37823  506.7063 
 541.78564  510.54514 
 676.39575  514.70026 
 836.8349  515.60101 
 758.76648  518.84833 
 354.55423  520.0304 
 606.87109  521.44739 
 814.33838  523.63074 
 879.17181  524.17603 
 630.1969  528.04602 
 458.97412  529.66138 
 378.18088  538.70624 
 446.31781  540.60272 
 599.25671  541.65485 
 162.47412  544.36218 
 619.98767  546.70367 
 676.48248  546.14301 
 868.53766  546.01239 
 831.22925  547.26923 
 467.59369  551.57208 
 516.21185  553.06653 
 900.11096  554.59167 
 375.71942  556.70392 
 495.32385  559.6167 
 184.76685  562.82104 
 327.12418  561.7821 
 611.35315  563.3252 
 785.75781  563.57916 
 219.56555  565.54736 
 162.08377  568.67114 
 353.56378  569.27197 
 457.34494  569.25446 
 508.65826  571.43713 
 904.75128  575.46289 
 321.82962  578.59253 
 175.48399  583.11438 
 210.83467  584.15759 
 282.36203  586.94061 
 396.75064  586.41241 
 607.94342  585.22101 
 352.11957  587.5509 
 510.7558  589.01678 
 889.70404  587.35767 
 486.72632  591.57666 
 551.05389  593.96051 
 660.2204  593.34589 
 850.99933  596.39636 
 195.36942  599.9129 
 314.65884  600.94598 
 417.50232  603.14294 
 673.12421  606.68365 
 272.72015  608.7088 
 228.49319  609.99725 
 572.46765  611.61072 
 635.6958  617.41931 
 400.79694  619.08911 
 363.80319  622.34528 
 526.992  625.9812 
 888.755  627.97131 
 549.20154  632.77319 
 308.95157  633.65955 
 414.06293  634.91107 
 147.58087  642.81091 
 863.99707  648.7771 
 406.38083  650.7984 
 361.58908  652.26294 
 304.36972  654.14307 
 116.68891  658.65314 
 813.81177  659.04376 
 653.41699  661.11218 
 833.99744  661.61499 
 436.41833  664.48834 
 549.57843  663.34143 
 484.42316  676.31122 
 872.18597  675.11078 
 536.11011  677.39087 
 331.61978  681.99396 
 765.85956  682.48853 
 451.00122  683.34979 
 599.09595  684.58887 
 731.2998  683.57324 
 790.84271  684.04749 
 817.73004  685.71521 
 692.64014  687.90027 
 254.16481  694.01001 
 441.22913  704.09338 
 722.56494  703.99304 
 218.99681  706.3457 
 535.66949  705.41718 
 670.81128  707.40637 
 815.13843  710.46887 
 132.66249  716.9649 
 414.42184  723.51697 
 363.04138  725.85535 
 722.69684  726.67767 
 203.98427  728.67554 
 247.39577  732.45538 
 437.13226  731.72101 
 597.39343  731.36285 
 119.91214  733.85455 
 175.53481  734.81946 
 290.81635  735.84796 
 577.59167  738.68243 
 902.10059  737.94977 
 340.47827  740.52008 
 519.76392  740.0083 
 487.04318  744.47198 
 420.26334  751.01666 
 208.63504  753.7959 
 369.97363  755.79492 
 565.3869  755.13806 
 606.46796  757.74921 
 509.65668  759.91797 
 726.87311  759.81885 
 478.57639  763.82843 
 334.28781  766.62921 
 419.32401  770.6275 
 196.69763  772.28522 
 736.78363  771.43671 
 459.08646  773.73694 
 830.42773  777.37927 
 581.9231  779.97113 
 806.02197  783.70685 
 338.97864  788.63867 
 894.30334  787.79712 
 410.06186  790.50592 
 775.73395  794.10828 
 639.61298  801.29877 
 326.98935  805.29425 
 818.24634  805.09076 
 385.07211  808.45276 
 252.10158  810.58374 
 416.76086  818.87115 
 893.3822  820.85034 
 627.16364  822.81171 
 505.37869  829.20886 
 820.57983  829.62451 
 650.50574  835.92169 
 490.04724  846.70776 
 279.98367  853.94604 
 634.38629  857.72302 
 800.69769  861.39911 
 774.21729  864.93365 
 356.31152  866.6048 
 673.85614  865.68915 
 453.4353  872.34656 
 271.52005  874.83911 
 823.80048  873.79736 
 876.01923  875.30261 
 329.63834  877.20728 
 428.51419  879.37573 
 807.15753  888.33429 
 295.7002  891.37067 
 320.93115  898.0271 
 671.83539  899.96631 
 396.93622  904.48248 
 817.68176  906.95721 
 337.54886  185.1671 
 799.82782  187.42316 
 666.09741  193.70139 
 374.05438  197.18454 
 749.37109  198.69669 
 195.14796  202.09201 
 553.36407  203.94223 
 278.93518  209.17508 
 323.37976  211.4756 
 236.03651  214.23451 
 653.36676  214.88078 
 418.33014  226.3979 
 733.56598  228.48383 
 825.2099  227.77571 
 540.15894  232.86609 
 367.37833  235.89209 
 581.47534  236.99767 
 636.59534  237.93384 
 771.49164  237.05859 
 267.8504  238.83995 
 240.14101  246.07216 
 669.4314  251.46498 
 605.20557  264.13181 
 794.63293  263.37894 
 225.57419  270.09534 
 310.32837  269.56366 
 352.60373  272.23138 
 833.10278  278.14145 
 730.05298  282.49661 
 626.20251  291.53979 
 661.55072  291.96799 
 773.49292  290.52448 
 358.44672  304.32138 
 402.40442  307.84915 
 704.74719  309.83185 
 206.08598  316.64584 
 291.43146  314.02661 
 644.65076  315.95667 
 668.11731  315.04001 
 240.30257  322.26834 
 737.50214  325.34656 
 772.49811  323.33929 
 805.87524  323.69556 
 844.97449  327.51633 
 335.75797  334.24054 
 691.08594  337.14243 
 274.3858  339.69376 
 422.4292  339.18021 
 626.53815  346.89819 
 791.86469  348.57562 
 174.4431  351.25122 
 225.09323  352.29297 
 656.40186  350.67685 
 717.72522  355.69882 
 820.52026  361.82077 
 414.11545  368.44806 
 255.73804  375.63928 
 625.95483  378.60522 
 729.57526  381.57327 
 461.84341  397.24216 
 377.50085  401.36526 
 545.34717  401.26596 
 239.61526  404.24091 
 590.39984  404.22919 
 652.0683  405.86273 
 504.83401  408.65506 
 765.68646  406.60764 
 716.34143  411.20444 
 617.87897  429.73972 
 362.18503  429.67703 
 439.73898  431.74356 
 534.27673  435.67221 
 682.49927  434.43411 
 260.01459  456.40286 
 603.01312  460.5502 
 759.77301  459.76144 
 498.8284  462.87863 
 708.77332  462.80365 
 335.57004  466.34482 
 411.17786  465.83667 
 657.79517  470.86679 
 812.15991  476.29968 
 248.85956  482.6196 
 740.89435  487.85614 
 368.54861  489.92371 
 693.39709  494.24365 
 616.59888  495.88229 
 804.07617  515.35052 
 601.88245  519.67255 
 673.86176  521.13068 
 763.44012  521.04633 
 351.39243  525.39398 
 636.90027  523.61664 
 673.55603  542.16644 
 515.30219  548.72168 
 827.06635  547.18158 
 605.84137  558.5733 
 781.35748  555.49994 
 186.73694  560.54901 
 225.0768  558.50812 
 358.08258  558.88098 
 403.82001  560.23859 
 322.86884  568.91669 
 460.03558  573.39825 
 213.9231  581.2439 
 289.15738  585.32697 
 393.76694  591.6712 
 842.78839  592.79193 
 660.06085  597.74451 
 486.17819  598.90155 
 205.25351  604.31818 
 575.76569  605.74963 
 223.81908  608.02991 
 268.94263  610.82898 
 391.07739  609.83142 
 630.51715  616.56287 
 310.46436  630.80652 
 555.09198  634.96722 
 367.24051  644.05829 
 410.05469  647.93921 
 293.76031  655.01593 
 554.02515  660.24323 
 474.47034  671.72711 
 446.6044  674.51361 
 594.04059  676.64539 
 730.70508  675.3952 
 688.31384  680.72076 
 788.88  687.01172 
 523.37079  694.67639 
 669.75165  704.83594 
 334.89056  706.23267 
 813.10864  713.14606 
 721.40765  715.85724 
 596.86359  720.15936 
 202.46269  725.79907 
 363.46198  729.21094 
 520.34821  733.1922 
 343.13345  739.24994 
 567.38989  747.19666 
 603.91205  756.90869 
 731.81415  756.7807 
 330.12009  765.13116 
 421.61801  762.33246 
 508.80658  767.15454 
 836.89923  767.67969 
 464.20618  773.39282 
 579.00739  783.33801 
 347.31314  793.00549 
 405.61615  793.21362 
 640.39325  791.92725 
 772.37604  791.62415 
 813.37427  797.41498 
 382.19409  811.16016 
 418.02832  816.42633 
 626.64661  819.11652 
 505.79767  823.81927 
 822.22852  832.05658 
 654.41284  839.29816 
 276.94949  844.70654 
 604.6734  843.66071 
 728.02313  231.25731 
 776.68555  232.01331 
 629.68109  234.90596 
 371.56351  238.1315 
 537.6377  238.49133 
 272.19687  242.40796 
 666.32587  247.48389 
 311.05386  269.43921 
 351.73557  271.15891 
 604.12891  270.2966 
 775.41052  288.12018 
 692.08374  300.405 
 358.93768  308.16394 
 291.87207  315.60797 
 240.4599  319.67456 
 749.98627  325.66135 
 338.0914  336.95084 
 383.33823  336.74435 
 427.82373  339.73883 
 276.5827  343.62845 
 624.81738  347.45844 
 683.48541  346.3768 
 662.60913  350.93954 
 728.71149  368.91101 
 257.3067  376.57504 
 376.54929  394.04175 
 464.2283  391.37073 
 543.16711  396.90125 
 500.84567  403.67017 
 769.45715  404.80685 
 235.5092  407.26968 
 658.24078  411.47842 
 713.64691  413.57101 
 433.84186  429.76538 
 533.43506  439.24362 
 751.11084  449.10938 
 416.32858  456.05099 
 325.8544  461.14673 
 606.77252  458.47684 
 710.01721  460.40128 
 654.73486  471.36108 
 732.60516  488.38135 
 374.16052  491.09366 
 697.49603  493.90106 
 622.41479  503.50519 
 763.26215  520.96967 
 588.57684  525.88208 
 676.06311  529.00024 
 348.81537  532.34998 
 514.38  551.78473 
 413.77588  558.69336 
 604.18231  558.9256 
 317.31894  566.60577 
 480.09784  592.40259 
 395.75204  599.02148 
 581.48254  602.78632 
 672.17651  606.53241 
 267.00076  615.66913 
 627.66846  620.01123 
 408.77707  631.53253 
 363.25784  640.85724 
 556.82245  649.30872 
 667.29474  648.6922 
 454.67822  668.94098 
 728.25568  667.80212 
 596.87103  671.44965 
 690.57062  679.97955 
 521.44891  688.97949 
 786.25928  690.12244 
 334.24799  698.89587 
 721.42334  711.38245 
 429.40701  715.81744 
 516.1651  732.15039 
 352.86047  736.76276 
 568.47449  744.95154 
 607.08441  755.83838 
 738.07172  758.53455 
 422.98724  762.31232 
 326.83502  767.4931 
 471.30026  777.40265 
 502.31628  774.0437 
 764.2182  782.07202 
 576.64899  789.20306 
 580.00122  231.15559 
 669.03534  353.84299 
 466.79315  377.71387 
 366.43387  392.3808 
 651.95795  414.26419 
 428.09464  437.25714 
 376.47318  495.93378 
 621.16028  505.69803 
 359.62027  539.01099 
 416.90662  553.46124 
 581.12622  595.11591 
 378.21823  598.17603 
 479.76889  600.37482 
 398.98343  612.58734 
 624.90216  627.17279 
 348.80832  642.92255 
 552.04913  645.20062 
 454.87408  663.66254 
