 550.26367  29.92824 
 220.67935  31.960094 
 248.38123  32.134098 
 164.70502  32.787544 
 214.04868  32.744213 
 559.2052  33.300892 
 189.14935  34.441776 
 233.21556  34.323952 
 430.95871  33.956154 
 182.68967  34.891869 
 344.83154  34.593391 
 141.16708  35.802193 
 195.85999  37.200668 
 218.54768  37.6334 
 276.02628  37.999058 
 209.03102  39.396011 
 470.09824  38.901222 
 184.94377  40.614639 
 333.19293  41.260094 
 343.1485  40.570492 
 242.3243  41.49432 
 214.96582  43.716576 
 144.33765  44.12043 
 349.64304  44.039986 
 251.41837  45.056976 
 273.84015  45.175697 
 189.81902  45.94379 
 194.76289  48.510044 
 202.00894  47.558765 
 220.34315  48.31926 
 278.47983  48.533173 
 314.54343  48.3092 
 246.5965  48.852947 
 331.48987  48.994961 
 177.72572  51.001156 
 209.44684  51.377472 
 236.07721  53.215897 
 251.22937  51.381008 
 272.78259  50.824669 
 336.68301  51.053867 
 385.16733  50.750233 
 466.7468  50.772739 
 119.79901  53.148144 
 184.30229  54.89922 
 278.17236  52.014675 
 390.65936  53.577648 
 215.38034  54.133408 
 285.93579  53.34108 
 202.38525  55.039215 
 222.90378  55.195744 
 228.64436  56.154068 
 329.01456  55.603462 
 269.99948  57.140194 
 388.10596  55.959637 
 234.33769  57.766571 
 332.82236  58.847038 
 248.09625  60.041672 
 262.64972  60.451431 
 277.49335  59.904278 
 111.98098  62.834015 
 338.14194  60.953842 
 411.13077  61.695591 
 360.96982  61.697079 
 142.98547  63.008366 
 329.48822  64.154961 
 162.90829  65.378845 
 213.18141  65.365242 
 402.28729  65.096069 
 151.60193  67.311432 
 277.38147  66.083626 
 169.13089  66.117813 
 335.63748  67.697594 
 151.99278  68.957481 
 199.04561  67.47065 
 260.3439  69.822639 
 344.00754  71.219505 
 146.85185  71.727615 
 160.49818  71.57692 
 184.08981  71.12281 
 224.22905  72.242203 
 231.28041  73.476295 
 393.84952  73.973106 
 167.5569  75.321709 
 260.35303  75.078384 
 195.10384  75.93615 
 267.50125  75.497093 
 351.44162  75.872147 
 149.66589  75.120003 
 175.49422  77.673851 
 217.65482  76.239929 
 406.00058  76.755234 
 373.62384  77.750198 
 157.60783  79.004784 
 144.28578  79.480484 
 378.47314  79.510773 
 207.52599  79.903915 
 224.61868  80.407425 
 360.48608  80.560303 
 95.4702  82.168297 
 169.94485  82.705711 
 337.30661  82.135521 
 81.719795  83.497917 
 167.34392  83.117393 
 185.49071  83.468773 
 195.2059  84.900848 
 214.11661  83.799614 
 253.94327  84.077789 
 349.12561  85.079102 
 118.76405  85.035912 
 141.60811  83.320969 
 259.15292  85.275223 
 368.34424  84.738327 
 149.24448  84.975418 
 202.78615  87.224365 
 234.84779  87.110329 
 71.95668  88.386635 
 214.75735  90.041748 
 120.51788  91.79361 
 140.14474  92.707413 
 362.94724  92.057816 
 147.38042  92.924965 
 162.5907  93.696579 
 191.01865  92.624359 
 362.50238  92.419708 
 66.394951  94.226028 
 153.00499  94.048111 
 128.26006  94.800415 
 261.95013  95.200981 
 371.6459  95.733322 
 76.589584  97.130447 
 196.14508  95.737724 
 382.13541  98.411278 
 84.680466  100.85246 
 182.28104  98.690178 
 117.71661  99.21225 
 345.35266  100.37789 
 63.004448  101.1002 
 171.6489  101.95949 
 351.48114  100.63021 
 125.96123  102.54765 
 199.13445  102.82944 
 150.13725  103.56053 
 368.13214  104.43475 
 82.867798  104.9491 
 187.53178  104.77395 
 117.7849  106.03387 
 138.00656  105.79592 
 343.41489  106.35536 
 108.03911  105.85852 
 156.46481  107.7205 
 374.64969  107.15539 
 174.87244  109.61086 
 349.66348  109.13377 
 117.66383  108.67669 
 199.96968  110.58275 
 341.12192  111.07356 
 378.80948  111.40443 
 271.52618  111.56139 
 356.02032  111.81754 
 266.08731  113.3627 
 385.35062  113.21219 
 85.245743  114.10914 
 125.28495  113.82938 
 160.85136  115.38007 
 346.38675  113.38777 
 107.19127  114.5187 
 76.49131  115.67288 
 214.65694  115.59657 
 257.10919  116.14857 
 276.64282  115.91227 
 96.148392  116.61543 
 339.95636  116.74117 
 114.61651  118.5444 
 285.46359  117.72067 
 82.966843  120.01672 
 100.39851  119.80323 
 203.78813  119.62006 
 223.17213  119.27705 
 355.31689  120.42356 
 127.75971  121.14228 
 154.02737  120.765 
 375.13776  121.075 
 423.44537  121.35446 
 208.51666  122.02776 
 261.87881  122.09161 
 314.20786  122.14484 
 365.13733  122.3297 
 47.41272  120.77248 
 288.34988  124.77491 
 381.4743  123.34892 
 133.7908  123.82616 
 165.8103  122.99036 
 403.7666  123.9385 
 56.705429  125.40499 
 74.867355  125.62556 
 300.46338  125.15878 
 55.293098  126.30565 
 309.84518  125.57587 
 80.377068  129.63217 
 411.71384  128.25836 
 272.76663  129.02615 
 278.37167  129.01663 
 421.66656  130.03543 
 171.50761  129.5127 
 310.28409  131.28113 
 361.60944  131.43718 
 86.078926  132.82588 
 125.41891  132.46138 
 369.68677  131.64278 
 49.817818  132.71478 
 58.789749  132.87553 
 92.181496  132.78008 
 148.56859  133.34914 
 135.10756  133.74985 
 275.22366  133.98332 
 450.39047  133.64201 
 108.16467  134.35747 
 64.654747  136.60449 
 116.46922  136.62772 
 140.20076  137.24515 
 132.09454  137.94998 
 260.78821  137.77846 
 34.12991  138.85281 
 372.86716  138.70862 
 52.244221  139.44405 
 144.90254  139.92815 
 151.30206  140.20677 
 380.83386  140.996 
 276.16858  139.87506 
 39.028599  141.66492 
 224.39345  141.54723 
 244.90787  141.4189 
 355.87009  144.00023 
 82.574074  144.45923 
 303.89334  143.76367 
 231.55222  145.45389 
 364.69907  144.98943 
 382.95166  145.05698 
 419.8588  144.56384 
 31.292625  145.66315 
 108.4479  146.96948 
 413.50446  147.06985 
 218.1053  149.15053 
 372.31778  146.80173 
 116.6921  150.0002 
 207.18929  148.65169 
 454.16571  150.09245 
 211.79691  151.48213 
 364.66406  151.57947 
 376.93793  151.98671 
 461.13422  153.30632 
 147.24619  153.85437 
 229.78831  154.34575 
 315.17239  153.98097 
 325.64963  154.29111 
 369.34167  153.84206 
 165.85971  154.7352 
 201.10489  156.52415 
 215.74551  154.63774 
 273.00623  156.02991 
 479.65634  156.01695 
 243.0771  155.85085 
 107.10526  157.0358 
 32.989262  159.11299 
 198.96951  160.24287 
 268.15778  159.12808 
 322.28409  160.22588 
 168.29773  160.97249 
 237.15883  160.89731 
 281.77301  161.32864 
 306.98935  160.54478 
 312.45132  160.82202 
 327.33893  161.41212 
 351.30484  159.86562 
 475.93542  160.5878 
 114.46906  161.2108 
 274.24121  162.4926 
 454.73279  162.29918 
 481.25418  161.67226 
 192.85231  163.3746 
 382.29208  162.81798 
 249.49026  162.95876 
 105.09376  165.10927 
 204.09528  165.84019 
 331.48166  164.70218 
 341.74152  164.98993 
 160.70578  167.15457 
 320.42081  163.1105 
 299.58789  167.48149 
 388.69742  165.55693 
 175.2104  167.92076 
 34.100346  168.99312 
 113.76823  168.82333 
 378.51477  168.96222 
 118.00069  170.26857 
 189.02567  169.14616 
 474.24207  169.48734 
 480.77902  170.16042 
 327.08813  171.59198 
 345.9281  170.84991 
 102.83949  172.35822 
 356.43219  171.50481 
 376.19983  170.59169 
 385.44702  171.79506 
 126.32977  173.37915 
 407.19717  172.95134 
 108.85777  174.90814 
 192.68663  176.16881 
 333.6203  174.24989 
 351.18582  175.31657 
 480.88904  172.47415 
 489.23944  175.39174 
 161.85413  176.67357 
 473.47195  176.66742 
 359.31265  175.04564 
 107.23653  177.83603 
 241.33897  177.90327 
 388.21283  177.35432 
 417.48898  178.32327 
 405.13351  179.53702 
 153.71725  180.91998 
 135.15756  181.28954 
 249.95085  181.70038 
 451.02408  181.61772 
 186.50142  185.17212 
 197.97734  182.60191 
 462.69449  182.83531 
 469.19739  183.23857 
 38.522102  183.80246 
 118.67894  183.39549 
 356.45969  185.39505 
 439.47012  183.37878 
 417.86499  185.3148 
 481.76898  185.81882 
 139.99428  186.92935 
 256.27301  186.28511 
 264.87985  187.12158 
 127.66547  187.66174 
 187.05721  187.83224 
 349.56418  187.85278 
 287.03519  189.32123 
 196.82596  191.15488 
 363.8558  189.23894 
 275.54129  191.03473 
 355.16351  190.53242 
 395.79581  191.1266 
 249.09633  192.47137 
 273.92319  191.54999 
 437.74075  192.19359 
 106.03961  193.00726 
 405.12616  192.63324 
 137.43356  193.33084 
 256.0676  194.8847 
 423.85419  193.83937 
 113.79076  194.52351 
 144.47919  195.35309 
 281.49518  195.98178 
 292.18506  194.76146 
 411.1395  194.68031 
 180.01125  196.39058 
 265.73242  196.96054 
 360.81558  196.28291 
 462.59842  196.36069 
 126.55499  197.70445 
 430.94077  196.84805 
 246.9709  197.81593 
 184.12477  199.30098 
 414.65024  199.24948 
 420.30234  199.16324 
 275.258  199.96834 
 115.8217  202.55598 
 134.68217  201.72816 
 149.91246  200.59778 
 189.96324  202.91806 
 267.84177  201.38159 
 342.65588  201.52989 
 373.48495  199.23497 
 427.85809  200.05785 
 435.38385  202.00142 
 360.08951  199.73462 
 100.96286  202.91988 
 251.3958  204.38541 
 273.87875  203.55528 
 315.30338  204.36162 
 387.82907  204.48633 
 411.56754  204.32079 
 472.86639  203.72227 
 188.19714  204.67175 
 376.92163  206.20976 
 395.31985  204.89584 
 459.7251  205.14278 
 55.58815  207.10287 
 105.38372  205.99142 
 258.75412  207.51044 
 477.21466  206.69209 
 290.85928  208.33574 
 335.00797  206.91374 
 416.32217  207.87241 
 424.16434  207.52435 
 467.69095  208.22856 
 66.224266  208.99884 
 79.779472  208.58928 
 165.01045  209.36024 
 361.13367  209.48364 
 342.26505  209.62425 
 410.03964  209.8288 
 430.30884  210.22665 
 265.83401  210.65744 
 382.60129  211.313 
 317.68973  211.03987 
 132.57625  213.72113 
 140.61636  213.50218 
 180.91284  212.57317 
 390.64813  213.61459 
 186.03867  215.24979 
 459.96112  214.05016 
 64.239525  216.14201 
 197.45152  215.42807 
 261.26575  215.09392 
 301.07034  215.3071 
 36.761551  216.33432 
 270.60391  214.38939 
 293.30814  215.75545 
 29.769606  217.47801 
 279.69156  217.57265 
 306.68643  218.12741 
 347.69849  217.10149 
 398.50446  217.16583 
 427.92117  217.15034 
 184.00984  217.5455 
 316.94257  217.77257 
 330.00931  218.84116 
 359.56552  218.37567 
 437.01169  217.68161 
 251.85927  218.89703 
 415.90561  219.08226 
 353.07587  219.50681 
 257.87064  220.89023 
 50.062855  221.70525 
 136.64774  221.87025 
 364.79346  222.08481 
 34.222763  223.35742 
 43.189045  223.20525 
 296.71564  222.22125 
 324.57584  223.08162 
 330.66138  223.21686 
 358.08224  224.45404 
 408.63004  224.6689 
 434.3851  223.46588 
 281.06119  224.93185 
 304.1499  223.92816 
 187.73471  225.11493 
 440.22247  225.49113 
 232.51474  226.45575 
 258.77649  227.10112 
 237.25201  227.96632 
 266.07904  227.9698 
 421.57825  227.8909 
 176.77563  229.35934 
 428.14285  229.22525 
 40.710419  229.69048 
 243.7627  230.81371 
 293.34778  230.30263 
 316.09338  229.93636 
 47.213673  230.96156 
 139.58107  231.39191 
 307.66568  231.22409 
 181.98412  232.63959 
 257.56378  232.34886 
 354.66013  235.15775 
 424.04272  233.19719 
 132.98659  235.99138 
 171.03633  236.63649 
 230.9951  236.70538 
 178.72054  237.95033 
 186.92027  237.81131 
 314.59082  238.91217 
 450.05765  237.61276 
 308.34143  239.5249 
 428.46716  239.23471 
 351.41522  239.2571 
 403.70874  239.76367 
 141.42232  241.13789 
 445.35364  241.47366 
 315.25037  242.14557 
 334.9722  242.17476 
 358.39114  242.87933 
 35.269447  243.03584 
 228.51067  245.02966 
 271.81195  244.34024 
 346.52444  244.13724 
 277.5524  245.11534 
 450.8158  244.48582 
 310.87964  245.66336 
 321.00497  245.80809 
 351.3204  246.9209 
 417.06992  246.82443 
 163.46739  248.29251 
 213.8613  246.79724 
 34.780098  248.81082 
 340.81711  248.97984 
 358.58301  249.68834 
 219.96295  250.371 
 466.27734  250.17589 
 310.57257  251.48805 
 149.80492  251.94717 
 271.82266  252.34988 
 471.30194  251.83461 
 168.44276  253.06039 
 260.38498  252.85155 
 342.93051  254.32271 
 353.7579  254.2626 
 320.56183  257.15555 
 162.5499  256.2648 
 174.83928  256.72693 
 202.32182  257.6395 
 219.03682  257.19809 
 445.19031  256.6348 
 170.69087  259.16824 
 210.34935  259.83478 
 262.02704  258.84213 
 321.90134  259.24957 
 438.28036  260.31531 
 512.93799  259.11627 
 307.21701  262.25482 
 354.80856  259.93945 
 449.73322  260.14581 
 299.43643  260.45557 
 34.55949  261.62247 
 337.05692  261.66669 
 282.43073  262.38394 
 148.76605  264.22797 
 202.32341  264.02924 
 243.47345  263.16913 
 273.8183  263.93903 
 334.1257  264.32373 
 42.204586  265.12378 
 169.96669  264.82516 
 438.573  262.38266 
 34.186916  266.08008 
 157.23199  266.64215 
 191.35367  266.35941 
 264.12784  266.02133 
 290.09528  266.12766 
 175.15056  266.81168 
 227.45197  266.89267 
 360.09055  266.69037 
 485.2438  266.74316 
 250.27423  267.67972 
 270.38861  268.34735 
 299.67636  268.07336 
 344.53775  268.12161 
 185.22852  268.49164 
 347.21161  269.33099 
 304.91138  269.89014 
 199.57924  271.24103 
 216.14644  270.46277 
 235.56351  271.4122 
 160.8092  271.08505 
 177.28888  273.0816 
 276.30234  271.47034 
 353.59021  272.61563 
 40.894276  273.16245 
 52.859409  270.97641 
 192.29916  271.5495 
 452.17508  274.46613 
 45.958351  276.13455 
 58.963585  275.47241 
 204.50571  277.17365 
 285.80618  275.84299 
 314.20258  275.80841 
 123.99593  276.06903 
 83.265526  279.4277 
 195.37187  278.87619 
 212.79422  278.87872 
 303.48495  278.64517 
 523.54041  279.28027 
 339.46738  280.41989 
 375.31454  280.16785 
 497.67407  279.27032 
 131.03178  281.1535 
 61.835777  282.13791 
 238.9666  281.98813 
 281.34683  281.39392 
 312.52191  282.59662 
 352.13934  281.82117 
 482.84146  282.40009 
 363.9241  283.13437 
 55.256954  284.41046 
 291.56146  283.98419 
 36.364479  284.82901 
 269.28958  284.86264 
 115.43657  286.13004 
 196.32532  286.85712 
 298.44925  286.37109 
 358.01953  285.79428 
 249.97853  287.42947 
 324.27161  286.98441 
 276.401  289.1636 
 466.1156  287.86496 
 211.63982  288.07813 
 329.14212  288.60446 
 44.393654  290.32758 
 479.32468  290.12344 
 186.33304  291.81613 
 220.56302  290.87216 
 178.22414  291.74854 
 203.69969  291.74127 
 291.64655  292.22427 
 313.88782  293.20779 
 361.19833  291.30045 
 369.15109  291.84048 
 527.33563  293.45474 
 121.72454  293.61481 
 236.80592  293.16232 
 485.00461  291.63367 
 499.40726  292.15335 
 320.99554  294.12015 
 537.68542  296.11914 
 130.02248  297.73389 
 343.15344  295.04019 
 353.93295  296.28384 
 375.57684  295.70517 
 42.77494  296.922 
 120.2965  296.64331 
 243.00917  296.88855 
 463.56012  296.63364 
 153.98361  298.89874 
 179.28781  297.77277 
 303.36691  297.65985 
 495.85446  298.15604 
 47.880959  299.23468 
 248.73755  299.19785 
 325.23953  299.02139 
 488.28036  301.36188 
 385.21808  299.92947 
 190.98557  300.44669 
 332.06552  301.23563 
 363.96503  300.89401 
 453.78162  300.58035 
 553.97192  300.84882 
 36.682194  302.4859 
 293.41086  302.43546 
 317.12674  302.15222 
 352.24539  302.33142 
 481.17734  302.38419 
 525.33081  302.48157 
 170.16206  303.65894 
 202.98392  302.89691 
 239.68112  303.73071 
 401.05075  303.18423 
 487.24869  302.76019 
 496.67627  303.8764 
 530.32751  303.45294 
 558.75378  303.90344 
 161.87993  305.58759 
 209.09517  305.51083 
 300.03235  305.89514 
 358.32205  304.52225 
 367.97342  304.68582 
 377.02954  306.39691 
 539.46033  305.07144 
 127.99902  306.79745 
 482.29434  306.93213 
 493.55838  307.18723 
 38.947659  308.33948 
 179.61595  308.26804 
 280.56064  309.01077 
 390.42676  307.60361 
 443.35254  307.92331 
 553.25757  307.74875 
 203.18457  309.74438 
 272.88275  307.87064 
 333.5983  308.93774 
 476.35498  308.97943 
 487.82309  310.13425 
 354.2674  310.65659 
 414.19501  311.41986 
 325.05814  311.76431 
 278.14621  313.23932 
 494.59927  314.17267 
 237.61757  313.01813 
 443.66858  313.97861 
 268.43188  315.43109 
 315.00684  314.42279 
 406.57037  314.69681 
 506.76193  314.69318 
 519.31995  315.17004 
 537.72681  316.02292 
 433.74194  316.55859 
 530.51074  314.00974 
 545.31018  316.41849 
 562.03107  315.59415 
 111.7494  317.06342 
 329.27802  317.21796 
 293.68326  317.75 
 482.12573  318.25717 
 509.92395  318.08981 
 503.65323  319.33194 
 235.48465  320.58038 
 262.73044  322.02951 
 390.37006  321.46811 
 514.86285  320.72821 
 536.77594  318.85233 
 412.38272  321.68396 
 431.45453  322.14215 
 241.18115  322.87766 
 295.14731  321.97705 
 439.0845  323.60803 
 331.90881  326.38126 
 416.99149  326.6124 
 252.16765  326.01358 
 285.0242  327.28506 
 304.76736  324.93765 
 349.73972  324.80688 
 246.32959  326.5975 
 394.81433  326.1759 
 388.78348  328.01242 
 518.78662  328.27634 
 557.91547  328.19806 
 108.08302  328.30045 
 320.72827  329.43811 
 82.264694  329.20819 
 134.43275  330.80438 
 526.82306  331.20392 
 563.65979  330.55347 
 343.99164  331.12119 
 376.16812  330.54703 
 425.01117  329.78851 
 478.92538  329.80341 
 196.48721  332.00861 
 237.76541  331.8584 
 287.85678  331.85098 
 370.55652  331.47678 
 46.820847  332.96927 
 246.21289  333.03842 
 203.55501  335.18494 
 211.6962  333.95694 
 383.89587  332.03082 
 486.72171  333.69794 
 103.46523  335.92276 
 255.81349  335.41382 
 537.00421  335.0452 
 556.38062  334.69876 
 270.11728  335.06613 
 281.6962  336.19562 
 296.27579  336.0614 
 372.65536  336.92288 
 390.91681  337.19604 
 136.24074  337.57532 
 262.84247  338.80127 
 287.49396  338.27991 
 303.80502  338.91711 
 387.03375  338.49435 
 69.048462  340.28503 
 420.1373  340.10565 
 476.73291  340.35941 
 334.64566  341.08496 
 523.57581  341.98059 
 276.69925  341.77698 
 311.10507  341.81824 
 464.86102  342.08649 
 550.1095  342.17133 
 73.485748  342.83078 
 186.66721  341.63721 
 393.72357  342.81406 
 48.2033  343.56503 
 139.48651  344.50903 
 373.64896  343.5224 
 490.13788  344.14713 
 534.8147  344.45828 
 402.38553  345.89484 
 406.81018  345.01495 
 437.11832  345.48251 
 52.567455  345.79651 
 154.20744  346.4212 
 565.00287  346.3382 
 191.60257  347.00467 
 231.81212  346.79318 
 469.55875  348.52609 
 485.31549  347.35281 
 499.49374  347.62662 
 44.052212  348.87387 
 60.426643  349.26193 
 415.8974  349.43906 
 240.29694  349.18933 
 284.65359  349.49487 
 476.34814  349.80045 
 55.420177  350.49313 
 270.5542  351.29599 
 506.6358  352.30612 
 160.41017  352.92453 
 224.7588  352.56793 
 247.34691  352.91617 
 290.27716  352.85583 
 299.02591  352.66956 
 317.08929  352.83887 
 47.796719  355.09329 
 256.03802  355.04874 
 277.09641  354.76929 
 232.15041  355.73618 
 263.19904  356.00583 
 473.58749  356.98471 
 67.307953  356.53235 
 481.34796  357.94449 
 497.95105  356.51041 
 194.1926  356.58252 
 502.77283  360.45715 
 305.65524  358.19781 
 221.04379  360.07492 
 160.31337  360.776 
 167.49702  360.88242 
 201.75641  361.75342 
 264.02359  362.37848 
 312.64655  362.0817 
 319.93811  362.30081 
 357.07727  362.60504 
 278.92154  362.72781 
 364.71765  364.00699 
 511.50681  363.49695 
 223.88127  364.95807 
 285.02188  364.94662 
 235.02327  367.16714 
 254.95576  365.89224 
 366.64102  365.90305 
 124.45725  366.74417 
 129.925  366.54196 
 476.94321  366.6954 
 215.899  367.34909 
 269.43338  369.64792 
 376.47784  367.46536 
 483.81128  369.07382 
 193.05733  368.42084 
 228.29034  368.47961 
 355.76465  369.43674 
 389.74197  368.55579 
 499.44153  368.93875 
 277.52393  369.80276 
 490.70969  369.56683 
 72.393089  370.67328 
 246.91902  371.71338 
 340.00992  371.18021 
 349.28381  370.98413 
 361.07095  371.27893 
 105.03104  371.58707 
 125.23952  372.22397 
 467.89343  372.08179 
 515.19775  371.82751 
 202.08492  372.20483 
 194.46988  374.258 
 385.0672  374.36954 
 426.60986  374.20633 
 256.05341  374.69357 
 308.15659  374.47339 
 345.8443  374.88376 
 500.77158  375.60074 
 526.10785  374.7605 
 314.12616  376.05118 
 337.32968  377.94443 
 391.64508  376.96573 
 400.94791  378.4982 
 455.16669  377.71951 
 472.07504  376.49719 
 508.03366  378.29626 
 119.60939  377.8602 
 351.30167  377.56281 
 482.27451  377.12238 
 74.737534  379.35269 
 131.761  380.21848 
 214.84625  378.6153 
 262.86362  378.746 
 358.37738  379.91565 
 407.7782  379.91821 
 526.76978  380.46893 
 192.09718  381.48172 
 344.3017  381.11206 
 491.78949  380.77289 
 200.05206  382.05417 
 323.93253  383.00687 
 363.03488  385.44751 
 470.52344  382.92612 
 87.583611  384.08893 
 123.91312  384.25452 
 223.48637  384.03232 
 476.05014  385.22699 
 298.83932  386.68494 
 331.612  385.54324 
 419.80682  386.50305 
 230.13606  386.73438 
 367.96487  387.10147 
 379.2785  386.70554 
 288.48441  389.55444 
 384.72278  388.94427 
 433.04498  389.16296 
 509.25113  389.19012 
 529.31604  389.3595 
 249.43301  390.11487 
 266.29459  388.7562 
 341.32153  391.0856 
 425.00458  391.77231 
 88.120605  391.08511 
 189.32991  391.95291 
 241.40219  391.15744 
 417.46234  389.60388 
 493.02365  391.7421 
 163.11867  390.37607 
 254.96638  391.61102 
 308.45761  390.82678 
 439.6239  391.53333 
 198.36206  393.46616 
 538.18402  390.94669 
 276.08786  394.80344 
 172.1149  395.61264 
 210.43927  394.74777 
 228.78088  394.80591 
 314.82224  394.94019 
 378.1749  393.51822 
 475.82947  393.94727 
 501.29974  394.94183 
 218.71707  396.75641 
 407.32828  394.92758 
 469.07614  396.46622 
 485.99066  396.33359 
 132.85812  396.65909 
 234.1122  396.86441 
 322.11349  396.81351 
 372.45502  398.41779 
 384.26993  398.56845 
 413.17801  397.47958 
 250.90015  398.93176 
 400.15033  400.10263 
 482.10654  398.77267 
 136.86339  400.18854 
 266.40897  400.61783 
 329.84744  398.83701 
 534.64355  401.41064 
 377.84488  400.73257 
 297.40311  401.61063 
 455.40173  400.21732 
 464.52478  401.36893 
 425.54614  403.02756 
 214.02258  403.10083 
 205.37578  404.51587 
 324.38623  405.02771 
 141.31775  406.13055 
 188.93947  405.98242 
 337.88293  404.89517 
 119.35454  408.32935 
 126.74779  407.46704 
 171.09727  406.80215 
 376.01031  406.85123 
 411.59177  407.33029 
 449.37894  407.25247 
 106.01649  408.12592 
 393.06339  408.16241 
 420.01068  407.5723 
 502.54156  406.32608 
 217.07768  410.47269 
 254.08965  407.86203 
 368.87146  409.75027 
 494.13559  408.66589 
 532.703  408.78751 
 551.01489  408.5162 
 133.33977  410.80273 
 177.40814  410.15509 
 262.61069  409.53833 
 292.33261  410.42642 
 246.62439  411.02478 
 272.52911  410.0054 
 400.24155  411.63162 
 544.32562  411.67093 
 319.25714  412.93164 
 383.77319  412.12253 
 389.32358  411.89798 
 508.73654  411.71457 
 526.11841  411.24326 
 182.26418  414.26962 
 309.02002  413.76163 
 224.71471  414.19714 
 454.99243  414.61679 
 463.14667  413.55606 
 190.0076  415.99658 
 499.39871  416.18408 
 199.03358  416.86139 
 297.07431  417.30344 
 363.9057  415.07382 
 377.81979  416.81491 
 427.31949  417.39862 
 535.60144  416.69751 
 289.64099  417.85461 
 126.49433  418.67401 
 156.17085  418.69278 
 161.62543  419.4715 
 247.8801  418.77652 
 314.14908  419.28833 
 327.81967  417.05103 
 532.76154  418.67084 
 204.24022  419.65802 
 434.22266  420.22272 
 133.94572  421.07169 
 253.83531  420.70944 
 315.51019  421.77814 
 341.12402  422.90872 
 383.89691  424.23758 
 392.4368  423.7627 
 411.7998  421.5722 
 423.90131  422.62247 
 439.76712  422.9003 
 283.93341  423.62592 
 428.82434  424.30005 
 277.43802  423.62918 
 330.1004  424.54501 
 505.85245  425.34665 
 148.09796  425.76651 
 405.66391  425.91977 
 165.60802  426.94324 
 258.87485  426.96323 
 321.79099  426.77084 
 209.10081  427.27985 
 242.22212  428.40793 
 289.37122  428.97058 
 174.12126  429.23279 
 230.9951  428.63605 
 220.70142  429.98685 
 297.61398  429.19409 
 390.13995  429.60583 
 379.08359  431.25397 
 524.55103  432.06555 
 245.19952  432.84497 
 277.53503  433.21381 
 317.03925  432.53415 
 201.36108  435.24173 
 309.32242  434.37534 
 223.71184  434.99533 
 323.72635  436.26791 
 347.56192  436.99075 
 364.04413  437.71405 
 327.90259  439.03052 
 374.38898  439.27332 
 332.91504  440.42145 
 271.95682  441.37158 
 284.07373  441.67361 
 406.16946  441.78448 
 532.14313  441.84076 
 289.72467  444.12555 
 319.40833  443.99896 
 229.72798  444.98605 
 324.996  446.14334 
 277.3147  447.90472 
 339.7666  450.94366 
 359.11539  449.20441 
 292.35907  451.73309 
 318.33365  451.92499 
 252.79581  453.44638 
 208.94501  453.85364 
 323.90891  455.10843 
 412.39276  454.37039 
 392.70526  454.52072 
 352.56262  455.99158 
 404.16736  456.18497 
 281.6167  458.08676 
 306.17621  458.06036 
 331.01874  456.88138 
 385.65411  457.50681 
 533.26215  459.02792 
 298.87082  460.81497 
 242.25517  462.33951 
 304.85703  461.68976 
 541.00092  462.00662 
 317.85168  462.60065 
 259.77945  463.98123 
 347.03415  465.0697 
 355.30634  465.27411 
 311.52771  465.15384 
 392.82272  466.18149 
 400.15186  465.57761 
 253.55089  466.95825 
 413.59543  467.01904 
 273.04568  467.83365 
 290.85516  468.8735 
 305.82904  468.9184 
 525.84979  468.03879 
 230.58928  468.52151 
 317.99915  469.92847 
 533.54596  470.3855 
 310.40091  471.59134 
 247.84955  473.28738 
 300.65414  473.06113 
 351.14694  472.15512 
 256.49692  475.17181 
 264.69614  473.76477 
 358.6973  476.61563 
 232.97772  479.26419 
 268.94452  477.81729 
 559.84814  477.69009 
 367.32346  479.5766 
 278.63367  478.58585 
 321.45261  480.70132 
 327.53665  480.15793 
 346.8165  479.77203 
 434.80646  479.08499 
 515.7832  481.08417 
 297.56174  481.00824 
 441.89758  481.64368 
 568.07904  480.54831 
 309.9856  482.83911 
 515.38916  481.78113 
 543.73596  482.60007 
 266.72314  483.30478 
 272.67776  483.42297 
 391.28214  482.98563 
 353.15329  483.96545 
 284.56085  484.89636 
 303.02118  484.61456 
 462.16028  484.61346 
 504.18991  485.15176 
 341.22385  485.33548 
 258.59766  487.63 
 310.32919  487.32471 
 348.58389  488.20117 
 456.99994  487.82248 
 466.83591  487.91888 
 244.7023  490.27371 
 417.37741  489.08612 
 427.80203  489.28372 
 439.5444  490.44501 
 319.40839  491.43231 
 376.97647  491.0336 
 251.18553  492.10797 
 302.0983  492.27414 
 395.13162  492.12646 
 505.13089  491.88876 
 264.76077  492.85089 
 363.14645  493.08453 
 498.4169  492.46616 
 292.65247  493.66559 
 473.7525  494.26163 
 270.6445  495.22122 
 306.95654  494.84698 
 456.78064  496.12814 
 539.58093  494.72137 
 283.14218  496.27588 
 437.02206  494.32101 
 464.14676  497.06989 
 348.99442  497.79776 
 423.50601  498.1506 
 442.72855  497.64789 
 546.25928  498.4191 
 269.7627  497.88217 
 277.10971  500.68875 
 287.23605  500.11328 
 400.67361  500.85788 
 365.71338  503.91425 
 430.86789  503.362 
 454.53925  501.30234 
 387.35272  503.34012 
 375.06897  503.76468 
 543.07678  504.40842 
 272.17361  505.04196 
 450.05225  505.64148 
 392.14963  508.61624 
 465.6882  508.07108 
 382.34839  510.50961 
 322.3945  512.64722 
 389.90231  511.78394 
 453.0715  513.73505 
 470.96887  512.26617 
 540.78918  511.82648 
 460.90991  513.08606 
 547.01672  512.73761 
 364.72122  511.798 
 373.6579  513.68689 
 346.73721  514.53235 
 428.05164  514.41064 
 249.88762  518.49768 
 437.02487  517.43616 
 539.23517  516.28784 
 401.224  518.9563 
 525.51965  519.02887 
 359.9657  519.9812 
 459.24109  519.9892 
 466.34805  520.03998 
 546.91901  520.8266 
 421.44641  523.05286 
 506.00159  523.70288 
 384.31812  523.51227 
 443.94974  525.54199 
 468.8533  526.47162 
 349.23221  527.34802 
 389.52899  526.98065 
 452.39349  526.9906 
 473.57452  527.08484 
 524.7525  527.65674 
 373.52664  527.74603 
 401.88684  527.96844 
 461.85815  528.10712 
 486.67191  529.46088 
 380.48206  529.6239 
 394.43878  532.49805 
 386.02563  534.08563 
 355.88452  534.69489 
 352.05273  536.07355 
 494.68378  536.03326 
 380.37045  537.50555 
 462.92322  536.71576 
 482.42474  536.73273 
 487.46844  538.37604 
 372.70102  538.86816 
 501.75507  539.4364 
 363.88498  540.45728 
 387.15936  540.04742 
 442.46881  539.51599 
 448.21072  540.16315 
 473.24661  540.22009 
 337.68301  540.73376 
 479.02573  541.49359 
 391.26141  542.3241 
 415.51038  541.53223 
 358.03842  543.021 
 437.38712  541.63202 
 374.69867  545.80597 
 386.47034  545.70966 
 463.26074  546.93127 
 380.64862  548.01971 
 440.25858  549.08801 
 355.51733  549.40076 
 416.46207  548.80646 
 447.40857  551.13776 
 352.28711  549.0332 
 366.992  549.84821 
 360.53238  552.07861 
 372.49808  552.40662 
 389.53763  552.91364 
 411.9534  551.87042 
 440.95697  552.90704 
 455.44675  553.2431 
 397.87158  554.5564 
 333.60202  555.47583 
 386.84933  555.66925 
 429.48669  560.36108 
 441.24185  560.94415 
 450.89059  563.08423 
 384.45322  565.02649 
 225.98543  43.140038 
 476.17239  43.291981 
 126.20632  43.955143 
 126.47724  46.82943 
 143.08383  52.365063 
 343.35675  53.589184 
 220.80022  59.644691 
 177.42931  62.440441 
 205.05449  63.618454 
 117.32722  71.100876 
 106.20582  77.786858 
 132.64189  88.049484 
 95.042435  91.772705 
 211.99846  91.572121 
 206.96779  113.19086 
 366.54938  113.4217 
 85.08213  116.39786 
 142.54305  130.13786 
 95.313194  130.62158 
 158.36032  131.55984 
 398.23816  131.49205 
 431.36172  140.20805 
 267.65466  140.98549 
 122.22038  142.04762 
 392.98633  143.20605 
 252.78828  143.95512 
 59.226082  144.91428 
 133.71446  154.13855 
 385.61118  155.51965 
 363.74863  158.49542 
 220.85335  160.19257 
 375.36197  159.93259 
 185.40692  162.87662 
 132.51901  165.98424 
 350.60748  168.2657 
 180.0385  176.25674 
 208.87997  177.87746 
 397.98096  181.17049 
 430.09305  186.7955 
 388.49887  188.19925 
 467.11044  189.18813 
 160.11916  194.3271 
 351.55118  203.25851 
 491.40616  205.89569 
 151.52271  208.16362 
 165.81161  211.77596 
 262.54504  212.09396 
 420.91452  213.05083 
 351.15292  213.78009 
 450.0444  215.63283 
 56.241772  220.9207 
 321.78781  222.37944 
 272.60315  223.89601 
 145.83429  224.80853 
 324.00687  231.9399 
 49.657463  239.18327 
 184.96002  244.04347 
 46.987835  254.20894 
 139.5347  253.73239 
 49.007862  266.98737 
 199.06819  266.99518 
 490.51031  275.63507 
 504.0723  276.60922 
 376.00131  283.35321 
 458.7045  283.573 
 467.28763  284.9754 
 501.63217  286.62054 
 141.50862  287.48389 
 351.52219  288.44214 
 281.88211  297.15344 
 375.26346  298.67685 
 218.51607  303.28336 
 261.12714  302.50473 
 108.18388  308.52277 
 324.74628  309.39453 
 258.34222  312.5336 
 191.89795  314.1474 
 214.8728  314.2677 
 364.83252  314.00729 
 147.11221  315.42087 
 156.48279  315.25806 
 420.84073  316.07245 
 474.96918  318.28888 
 261.27756  327.00378 
 541.15265  328.28238 
 277.0864  328.80533 
 95.706177  331.5907 
 323.97729  336.69208 
 295.88501  342.57925 
 81.276283  343.40536 
 448.52148  349.11996 
 327.54318  350.95749 
 263.8046  359.1348 
 297.97064  361.22455 
 50.780369  364.29028 
 331.24222  366.21014 
 291.8924  377.05112 
 282.07056  378.00937 
 371.89462  378.56033 
 117.01995  379.91357 
 203.99258  389.49457 
 391.02289  396.12109 
 162.4736  399.68936 
 285.427  402.99011 
 112.63491  404.45343 
 474.76492  405.67844 
 343.37845  413.05801 
 408.16074  416.83191 
 521.90424  418.33667 
 228.14943  422.93829 
 302.69791  425.74222 
 326.69724  427.15689 
 434.34213  427.39792 
 192.46497  428.54843 
 349.25726  428.81305 
 254.011  435.83121 
 237.53363  450.4696 
 297.37891  458.0191 
 364.07892  463.00998 
 374.61301  465.44226 
 283.84485  471.4494 
 387.09961  471.18655 
 291.07233  476.18933 
 378.22369  477.73019 
 535.03998  480.1174 
 293.95007  491.49139 
 238.1541  500.50824 
 475.31708  502.09769 
 299.19107  503.35834 
 384.93179  505.84479 
 438.56152  505.91721 
 315.95358  508.81155 
 446.9162  515.46838 
 392.99475  519.24207 
 473.07407  529.86078 
 432.05173  532.09393 
 406.65414  538.50146 
 271.9657  48.359299 
 331.22778  48.635296 
 194.87398  49.737617 
 383.34253  50.164295 
 208.42461  50.940201 
 202.75902  55.742748 
 328.78159  55.688484 
 228.37202  56.548122 
 246.50638  58.222439 
 262.75757  60.222275 
 338.52246  60.595345 
 361.17566  61.89975 
 166.83673  75.731804 
 360.1557  79.76207 
 214.28392  83.233185 
 117.97398  84.435547 
 260.08691  84.41787 
 190.21367  91.283401 
 153.37474  94.207214 
 340.91727  98.200729 
 59.807247  102.72778 
 125.83392  103.02906 
 374.73911  107.30092 
 349.19006  109.35645 
 265.48575  113.19856 
 385.70575  113.32554 
 276.83566  115.97238 
 340.72794  117.42337 
 127.10605  122.34849 
 382.3725  123.741 
 299.84885  124.99528 
 410.46198  128.50075 
 310.74545  131.96886 
 48.199913  133.43161 
 145.29445  139.05093 
 372.45499  139.24393 
 151.49525  144.63516 
 302.8877  144.10304 
 82.487007  144.75143 
 413.15118  147.83635 
 166.0782  153.58945 
 325.95978  154.44287 
 370.04971  154.27844 
 473.81525  160.95576 
 382.53302  162.75732 
 105.66914  165.75656 
 175.2937  167.71967 
 101.8042  172.95413 
 126.68426  173.53371 
 241.40543  177.86711 
 450.6694  181.50571 
 198.63011  182.17618 
 470.46048  182.18913 
 140.77661  186.45688 
 405.0546  192.32133 
 248.83746  192.65166 
 411.44763  194.44084 
 145.38594  195.99461 
 184.52054  198.25395 
 245.34901  199.14212 
 149.61371  199.84792 
 98.922752  199.65263 
 315.18588  202.87671 
 387.32855  203.72694 
 67.719475  208.53467 
 82.126968  208.65822 
 288.28427  209.73608 
 300.44855  213.57593 
 347.26135  216.80229 
 426.59137  218.89911 
 359.31808  218.7496 
 415.87  218.88858 
 257.19949  220.50084 
 352.97513  219.83211 
 365.50879  222.50795 
 434.41782  222.92651 
 440.39825  225.5025 
 174.75867  228.92851 
 265.49243  228.77 
 294.16541  229.97572 
 231.29436  236.49576 
 307.86575  239.34317 
 403.6922  239.62766 
 443.78174  240.74225 
 271.26941  244.52441 
 350.8764  247.1031 
 417.33981  246.61356 
 163.71468  248.11823 
 220.45006  249.61246 
 310.21155  251.62419 
 343.37375  253.76578 
 273.73816  263.00064 
 169.04424  265.58722 
 317.60495  272.76846 
 46.203079  276.17606 
 339.90759  281.034 
 290.29172  283.5863 
 323.07144  286.02698 
 358.15839  285.7016 
 44.500076  289.49142 
 478.38773  289.34473 
 178.18347  290.60266 
 320.80597  294.12186 
 463.14282  295.92374 
 325.10153  299.07889 
 48.323956  299.52957 
 364.00156  300.47958 
 358.12494  304.97858 
 377.24014  306.7522 
 553.65869  307.33966 
 440.87897  308.73715 
 489.10788  309.41193 
 406.36984  314.67966 
 443.47873  315.01141 
 514.99939  320.9151 
 411.88748  322.13849 
 241.04549  322.82324 
 245.85022  326.03378 
 252.22427  326.50372 
 556.29919  327.05896 
 320.54434  329.4444 
 237.13858  327.94531 
 343.91367  331.42987 
 68.630562  339.67261 
 304.17023  339.47269 
 393.57605  343.74841 
 43.137463  349.53119 
 299.26779  352.48138 
 291.05936  352.82288 
 224.6226  364.96136 
 285.47083  365.07404 
 390.16339  368.53433 
 232.44754  369.64267 
 276.7648  370.35147 
 360.8642  371.6409 
 351.61591  376.60544 
 392.91309  376.79639 
 74.883408  379.46161 
 214.6555  378.81442 
 408.13412  380.1788 
 344.46204  380.84308 
 469.39447  383.21722 
 476.14648  385.49652 
 231.0085  386.66437 
 377.51736  386.58316 
 432.88858  388.42377 
 249.60878  390.16919 
 88.924896  390.56641 
 228.45517  394.69537 
 132.62709  396.20227 
 234.32813  397.34531 
 413.26871  398.00491 
 376.95493  407.12289 
 448.8129  407.21664 
 106.00509  408.89688 
 177.31557  410.57874 
 246.08955  411.13629 
 455.10553  414.44482 
 182.28749  415.56082 
 297.58588  417.2251 
 499.26474  416.65793 
 161.67123  418.8479 
 204.08038  419.57642 
 252.84605  421.26425 
 440.38351  421.55823 
 428.17599  424.07095 
 404.92404  425.366 
 505.94943  424.6525 
 377.68713  430.90259 
 318.55325  432.42654 
 347.70163  437.58542 
 284.28915  440.39999 
 333.36102  441.01227 
 406.01611  441.09442 
 352.23065  456.36795 
 330.64719  457.46899 
 318.66534  463.41342 
 253.16252  466.09439 
 318.34607  469.84402 
 256.47913  475.35172 
 297.73016  479.89117 
 346.08261  479.73868 
 390.55472  482.91299 
 265.00067  483.81 
 271.80933  484.98529 
 251.45621  492.42065 
 264.73343  492.06549 
 301.89197  492.38977 
 282.9855  495.77359 
 349.63528  497.04276 
 287.52457  500.73901 
 273.05576  505.06693 
 464.90552  507.58511 
 547.62079  514.19238 
 359.5293  520.52509 
 383.99765  523.11859 
 402.41788  528.59473 
 463.43076  529.86859 
 380.48215  529.61603 
 462.94293  536.12823 
 366.95532  549.89551 
 360.46848  553.26282 
 221.43759  59.667404 
 411.20917  62.130291 
 111.13001  63.412422 
 142.73685  63.406876 
 152.55588  65.989746 
 171.04836  65.743591 
 199.76857  66.341675 
 401.9404  66.077095 
 389.47528  66.805901 
 118.59863  70.160286 
 183.84122  70.236786 
 334.21814  69.473152 
 260.10928  70.516159 
 343.83804  71.422081 
 232.49908  72.593849 
 149.68199  75.159523 
 215.5804  75.268394 
 268.87836  74.612137 
 194.6799  75.676254 
 351.8732  75.799751 
 174.759  78.581032 
 205.77638  78.118141 
 158.5262  78.974609 
 224.20657  80.160774 
 96.188911  81.555428 
 140.50758  81.846962 
 80.31649  83.720459 
 185.88309  83.798592 
 149.40353  85.12149 
 348.58212  85.342873 
 192.93738  86.19503 
 234.19054  86.624397 
 72.71994  87.936638 
 202.25285  88.213272 
 94.961128  92.420036 
 119.01594  91.882385 
 211.70549  92.030014 
 361.48599  91.504562 
 140.47528  93.55394 
 162.7793  94.057678 
 127.78457  94.564873 
 371.67642  95.386627 
 75.468666  97.682205 
 116.80224  99.774506 
 351.17917  100.40833 
 172.03088  101.16432 
 84.299904  102.05784 
 148.63789  102.9819 
 108.99464  104.74373 
 367.92194  105.15892 
 187.71515  105.83127 
 156.19006  108.07359 
 117.07922  109.07375 
 164.93344  110.15063 
 175.26526  110.84478 
 356.3139  111.46886 
 366.40338  112.93925 
 125.51742  113.67161 
 75.09346  114.82415 
 214.7565  115.44428 
 257.43213  116.18724 
 85.12719  116.67776 
 159.31976  116.80412 
 115.19327  118.7776 
 223.65179  119.39022 
 375.08719  118.53963 
 166.00824  122.12168 
 354.80936  121.76758 
 401.11676  121.57795 
 263.61511  123.29585 
 366.34781  123.02483 
 75.026352  125.44998 
 287.39984  125.66705 
 142.01274  129.11212 
 172.56833  128.99986 
 423.2952  129.22008 
 96.439354  130.18091 
 125.41136  131.0162 
 360.29913  131.47562 
 369.77191  130.84267 
 78.191872  132.00839 
 158.27159  131.84081 
 58.424431  133.21683 
 86.856339  132.7708 
 106.89729  132.59396 
 449.61725  132.98668 
 148.06366  134.65605 
 65.129875  136.57159 
 116.01787  136.50024 
 132.76491  137.64471 
 275.81458  138.31633 
 431.37643  140.47249 
 223.90422  140.87202 
 245.48633  140.95842 
 266.56769  141.50938 
 381.57227  141.74612 
 392.86017  143.03917 
 354.52216  144.12489 
 421.09647  144.06715 
 60.055943  144.87967 
 364.49164  145.3936 
 231.81372  145.82758 
 106.74471  148.52061 
 217.68166  150.60529 
 453.8114  150.42703 
 117.37933  151.1873 
 133.61702  153.0155 
 462.52829  153.16628 
 147.15503  154.4124 
 242.33293  154.08472 
 106.09956  155.1539 
 225.52235  154.64841 
 385.3457  154.89291 
 395.79434  155.46866 
 200.19287  156.93227 
 269.21582  158.55759 
 353.05667  158.6703 
 363.6929  158.86899 
 115.3979  159.84651 
 169.0112  160.98946 
 184.50597  161.26985 
 312.01248  160.88182 
 374.60767  161.4169 
 250.57051  162.14157 
 480.89798  161.60364 
 280.49277  162.52457 
 130.0143  164.07651 
 320.65564  163.94998 
 193.07291  165.83188 
 205.34186  165.74683 
 160.30231  167.56372 
 116.27098  170.17354 
 375.82312  170.9653 
 326.71652  171.65678 
 407.44049  172.67194 
 479.19174  173.37863 
 359.22443  174.50279 
 108.86948  176.15187 
 350.40146  175.9563 
 489.09912  176.38828 
 179.00027  176.69748 
 192.97156  176.62033 
 387.79297  176.765 
 162.55881  177.87392 
 417.90775  178.0162 
 473.12003  178.96191 
 135.55525  180.45621 
 153.25262  180.1169 
 398.88837  181.05992 
 249.40016  181.48163 
 118.25083  182.61633 
 438.86072  182.75394 
 462.38742  182.42926 
 356.07016  185.45583 
 481.91409  185.34068 
 256.1821  186.05927 
 430.5929  186.23268 
 186.47198  186.53311 
 265.586  186.6125 
 127.39897  187.50414 
 365.1123  188.86447 
 387.92944  189.26247 
 467.72861  188.70096 
 274.98392  190.16074 
 157.25101  191.63727 
 195.91402  192.00926 
 104.43335  193.07603 
 136.7971  192.85312 
 438.38995  193.33693 
 113.52843  194.43929 
 422.34406  193.89641 
 256.39407  195.71204 
 124.50415  198.1234 
 266.11868  197.69989 
 375.37061  197.64073 
 358.50436  199.26633 
 428.18417  198.99623 
 276.32941  200.26442 
 436.9115  200.48552 
 191.22168  202.183 
 135.50764  202.67009 
 115.84908  203.90608 
 159.01816  204.19974 
 458.11725  204.47028 
 491.25763  204.93649 
 105.54526  205.5936 
 251.10957  205.80255 
 333.96219  205.59679 
 395.99017  206.52115 
 414.80453  208.36891 
 424.36673  207.97955 
 150.83282  208.61224 
 342.61438  208.78654 
 361.45566  209.28992 
 467.33655  208.834 
 261.51294  209.77557 
 317.88428  210.68594 
 430.74002  210.69475 
 165.21542  212.52711 
 176.2039  211.66853 
 131.46713  213.54768 
 270.53775  214.01741 
 388.31741  214.02556 
 460.37213  214.18962 
 141.09821  214.76108 
 185.87253  214.92081 
 62.498291  216.25693 
 196.84848  216.02289 
 448.01074  216.39665 
 398.26593  217.27933 
 280.00659  218.02391 
 305.70493  220.29385 
 330.60376  219.96875 
 136.03162  221.90425 
 320.27029  222.24365 
 357.97379  223.74838 
 146.47522  224.71252 
 188.39117  225.15813 
 273.11102  224.79718 
 408.21133  224.86739 
 236.7421  228.23491 
 316.14624  230.12488 
 426.8161  230.15491 
 307.65262  231.5244 
 323.77521  231.68541 
 180.80766  234.41479 
 436.31281  233.8698 
 131.78133  235.3546 
 336.14728  235.19633 
 169.86438  235.97708 
 440.98831  236.48958 
 351.77512  238.34988 
 314.16397  239.45522 
 428.48819  240.1844 
 141.80617  241.12561 
 151.77995  241.15958 
 334.48819  241.93353 
 450.8082  243.44885 
 185.45384  243.13669 
 359.59335  245.0853 
 229.09497  245.7478 
 321.22531  245.5477 
 140.32762  253.73816 
 163.83548  256.27786 
 446.06879  256.366 
 174.57108  257.16534 
 200.95068  257.35999 
 220.41522  257.52823 
 319.78418  258.25696 
 299.3609  259.07672 
 210.23363  260.41025 
 282.89767  260.95825 
 243.16162  261.89218 
 438.37955  261.74908 
 307.46457  262.98111 
 147.33611  264.18167 
 290.54034  265.56198 
 334.17441  264.47232 
 226.15771  266.38361 
 264.32529  265.57626 
 361.54407  266.25189 
 199.90678  266.79028 
 250.52625  267.51651 
 344.85822  268.21268 
 158.86118  268.53378 
 191.61504  269.02505 
 236.23351  271.44016 
 275.89465  270.79187 
 353.17487  272.59045 
 177.51524  273.78729 
 59.631203  274.88721 
 122.93744  274.75183 
 489.86243  275.31497 
 452.8584  275.49335 
 285.26636  277.33868 
 303.47189  277.14163 
 195.35696  278.40179 
 501.30692  277.64481 
 213.19009  279.11661 
 83.447113  279.49081 
 131.39529  280.47775 
 204.06003  281.66733 
 312.65463  282.35019 
 237.59541  283.25504 
 351.09625  283.19601 
 468.02744  283.17191 
 377.42953  283.91266 
 268.08322  284.97144 
 115.25446  286.50934 
 196.19943  287.05167 
 297.6492  286.85193 
 139.90019  287.59537 
 210.96089  287.80695 
 248.91154  288.21808 
 276.00385  289.89426 
 361.08871  289.72876 
 220.49681  290.73059 
 369.32767  291.18219 
 484.95132  290.54095 
 500.29138  291.08841 
 293.10583  291.68634 
 185.90752  292.65015 
 236.83112  292.99167 
 120.0462  294.23471 
 311.01434  293.96439 
 527.69379  294.276 
 343.05966  295.0289 
 304.11359  296.45355 
 281.89233  296.99005 
 353.9675  296.93967 
 376.67728  297.54224 
 153.72493  298.89139 
 249.11409  299.25073 
 384.69125  298.65665 
 128.96976  300.39258 
 520.73486  300.2684 
 190.42029  301.3804 
 332.46402  301.23657 
 453.56528  300.68057 
 316.77121  302.25882 
 487.55228  301.43015 
 218.61877  303.16556 
 291.96237  303.42346 
 529.92731  302.63647 
 468.12857  303.71252 
 495.97388  304.25403 
 539.28418  304.08652 
 261.11475  304.65533 
 163.16193  306.22049 
 239.08881  305.70285 
 206.90985  307.1279 
 271.71271  306.60562 
 300.48807  307.08191 
 325.90665  307.39749 
 390.59454  308.06393 
 418.02713  307.7554 
 107.27869  308.67545 
 179.04874  308.72751 
 476.07019  308.79254 
 280.27777  309.89111 
 191.19037  313.96951 
 528.64404  313.87015 
 214.75262  314.6131 
 256.70303  315.28143 
 314.67545  314.81299 
 157.44167  316.01202 
 270.00024  315.81079 
 494.01135  315.83694 
 146.15894  316.53799 
 328.52121  317.39066 
 536.86029  317.84067 
 111.75111  319.05923 
 503.60641  318.7059 
 379.27332  319.59528 
 295.0065  321.08383 
 432.41931  320.82004 
 474.63876  320.32996 
 391.5835  322.58502 
 350.3627  324.00787 
 261.84531  325.25638 
 304.58121  325.12247 
 108.16084  327.43768 
 330.67798  327.2645 
 82.741486  329.20886 
 285.94113  329.07785 
 414.44257  329.0809 
 477.25366  329.13391 
 517.4212  328.73312 
 275.89902  329.83676 
 424.69211  329.50897 
 375.62912  331.04858 
 385.20874  331.04492 
 195.9996  331.94119 
 526.79932  331.63239 
 94.260834  332.83746 
 186.48613  333.19022 
 487.01425  333.04971 
 271.02231  333.56241 
 136.37851  334.87711 
 212.69827  334.47617 
 254.28668  335.7767 
 296.87048  336.51236 
 103.67145  336.95639 
 203.8521  336.80652 
 286.99274  337.56091 
 322.47183  337.66931 
 390.24774  337.86313 
 185.77449  339.37448 
 262.39743  339.42865 
 334.91998  341.00705 
 419.5061  341.10022 
 476.67709  341.14941 
 81.746918  341.89551 
 277.34329  341.90402 
 296.06979  341.91956 
 464.20084  341.74847 
 524.23273  342.2576 
 373.28809  342.76904 
 534.75079  344.51633 
 143.07549  345.42004 
 192.07578  346.34814 
 405.29868  345.46124 
 437.18109  345.72446 
 155.42003  346.98462 
 231.90356  347.10892 
 487.42032  346.52249 
 240.23279  347.70831 
 416.46484  349.04425 
 448.26596  349.40302 
 499.6745  349.16217 
 284.63678  349.56076 
 321.24048  349.61612 
 468.89627  349.99048 
 78.436028  351.07376 
 270.62292  350.70972 
 222.99199  351.70816 
 247.35297  353.02545 
 232.11952  354.96014 
 255.76422  354.74628 
 277.47119  354.96002 
 67.465858  355.66153 
 194.50777  356.3364 
 177.05891  356.70258 
 303.62863  358.45813 
 471.7258  358.25354 
 481.15988  358.23654 
 167.61842  360.68372 
 264.04965  359.50989 
 158.59547  361.33371 
 298.68817  361.69287 
 356.4108  362.33447 
 502.18616  361.46674 
 276.9382  363.10608 
 312.19141  362.97922 
 511.78159  363.12613 
 365.70383  363.56268 
 215.9735  366.62134 
 330.30704  367.07208 
 376.01944  367.18976 
 193.17337  368.58887 
 72.38887  370.3251 
 124.96899  371.98401 
 203.63458  371.87326 
 515.95605  371.69659 
 470.31561  373.21545 
 384.48376  374.22903 
 426.76373  374.16125 
 255.0849  375.04468 
 500.42468  374.60242 
 482.13315  375.80969 
 292.0603  377.11053 
 263.31216  378.33267 
 282.26581  377.51877 
 455.4039  377.55014 
 372.41016  379.18994 
 507.90701  378.78677 
 132.52699  379.93433 
 491.90237  380.44669 
 189.80072  381.1145 
 199.68518  382.02396 
 114.84205  383.15573 
 322.31427  383.21436 
 222.66367  383.67392 
 124.09637  385.29349 
 331.6138  385.55353 
 373.39169  385.47864 
 298.37683  387.02652 
 363.03476  386.49719 
 161.11473  388.99017 
 266.16788  388.99509 
 289.84293  388.93066 
 384.56635  388.90723 
 416.90591  388.67307 
 510.08475  389.3656 
 528.67657  389.17856 
 308.40729  390.01447 
 539.70514  389.9762 
 204.74158  391.25565 
 240.79094  390.92276 
 341.75452  390.90628 
 189.53009  392.10965 
 425.23956  392.05289 
 440.16476  391.89893 
 492.77509  391.62967 
 199.94089  393.22726 
 407.57938  394.03406 
 476.25812  393.75745 
 171.79794  395.25342 
 276.74515  394.75259 
 501.39856  395.07245 
 218.636  397.32739 
 321.7674  396.58978 
 329.67215  396.96198 
 251.00061  397.90024 
 388.9321  398.43451 
 483.38028  398.38547 
 525.23871  398.04749 
 455.27313  399.23239 
 161.01045  400.2066 
 312.60419  400.60391 
 297.49341  400.767 
 465.73639  400.67911 
 400.66336  401.43765 
 426.63126  403.11292 
 535.31714  402.7894 
 285.87918  403.65591 
 203.69402  404.86914 
 324.74503  404.8201 
 337.35208  404.526 
 141.74867  406.44113 
 474.60193  405.69403 
 502.84317  406.01462 
 169.83574  407.24945 
 392.14185  407.34512 
 253.82152  407.95538 
 411.40485  408.15781 
 119.67765  408.79248 
 263.24252  409.05667 
 273.75031  409.47296 
 524.83875  409.59052 
 133.57738  410.92709 
 367.13889  411.30878 
 215.19434  412.28799 
 399.93466  411.85223 
 309.02206  413.37515 
 319.07303  412.89319 
 344.13986  412.69769 
 463.48196  413.34967 
 224.89554  413.74249 
 190.21935  416.06546 
 327.69336  416.3342 
 535.20758  416.05762 
 375.94849  417.40591 
 287.95148  417.94022 
 409.69641  417.63055 
 133.96255  421.3371 
 315.7504  422.56445 
 339.50754  422.96375 
 383.47992  424.12469 
 147.32274  425.29297 
 393.28387  424.50122 
 229.71829  425.58545 
 209.91148  427.01865 
 300.58862  427.04376 
 435.09006  427.34308 
 164.7765  427.81427 
 259.0499  427.5336 
 326.50885  427.90805 
 537.5097  427.93207 
 191.45628  428.26956 
 289.43646  429.29199 
 350.23462  428.89337 
 221.77185  432.38809 
 245.08908  432.9093 
 524.76373  432.71268 
 278.12085  434.14075 
 309.12106  433.92706 
 200.68454  436.4379 
 374.9108  439.5563 
 270.69287  440.82257 
 533.46143  442.07526 
 290.40176  443.47763 
 319.10471  444.07098 
 277.33795  447.83994 
 358.93405  448.63913 
 238.02235  450.54095 
 338.86655  451.35056 
 293.85486  453.16003 
 252.28082  453.67285 
 392.49316  453.74417 
 383.29358  455.60818 
 403.53351  455.96442 
 306.11389  457.70169 
 531.73633  458.01791 
 281.54227  458.82159 
 541.14648  461.74405 
 365.75204  463.25787 
 310.6308  465.71896 
 374.21542  465.7128 
 231.33905  466.68262 
 273.18686  467.75754 
 524.02484  467.5126 
 533.78448  470.14746 
 246.65244  473.21603 
 283.38867  473.20343 
 265.37833  474.34799 
 300.23056  473.96475 
 290.88666  474.76047 
 358.60635  476.84338 
 278.5853  477.55212 
 379.31662  478.12601 
 433.62527  478.15857 
 233.57632  479.92566 
 367.61603  479.83545 
 320.47269  480.55551 
 441.72104  481.41241 
 533.98621  480.88446 
 310.38034  483.923 
 341.4498  483.74857 
 284.65518  485.17557 
 302.25873  484.82086 
 258.76984  486.57199 
 349.66727  488.246 
 428.30112  488.95193 
 244.00677  490.17447 
 293.92929  490.52194 
 319.51242  491.98865 
 395.25098  491.59018 
 506.68658  492.41995 
 363.34995  492.77151 
 437.34021  494.02939 
 538.27106  494.6521 
 269.64215  497.46231 
 421.76169  498.44073 
 456.25644  497.72058 
 238.02609  499.92862 
 401.09332  500.93292 
 430.64819  504.21191 
 365.39291  505.14624 
 384.66907  505.39282 
 315.23529  508.52087 
 391.87653  509.46002 
 374.26016  513.37585 
 426.06552  513.59705 
 469.936  514.40424 
 448.0155  515.4754 
 452.51508  514.51514 
 537.5639  514.87329 
 436.73831  517.45581 
 250.00069  518.86487 
 392.58881  520.0498 
 401.54926  520.55646 
 421.81561  523.50665 
 505.65695  523.94287 
 444.35019  526.29858 
 452.31024  526.91858 
 373.00009  527.90442 
 524.9635  527.88226 
 486.44403  530.51294 
 511.56848  532.48004 
 431.3895  533.06201 
 352.08032  535.44873 
 494.42868  535.85602 
 380.92514  537.9057 
 424.83749  537.98993 
 364.23621  540.31647 
 437.12402  539.59888 
 447.8902  540.48865 
 502.18323  539.69324 
 415.51483  540.98621 
 386.15219  113.07845 
 371.75153  140.51646 
 300.82419  143.2549 
 411.81894  148.70563 
 105.5  166.27304 
 126.97025  173.41922 
 403.61398  191.4265 
 385.82184  202.54541 
 366.6478  223.75223 
 440.12451  224.1747 
 295.82568  229.08354 
 269.72681  244.23997 
 251.39377  326.31375 
 343.29288  331.31149 
 306.09146  340.06091 
 355.13055  369.22702 
 346.60126  378.58112 
 475.16531  385.30682 
 89.105469  389.69199 
 447.55682  407.77426 
 177.10503  410.67178 
 105.92366  411.20929 
 424.61472  419.20941 
 502.89716  419.69757 
 349.332  456.61316 
 351.00302  491.3017 
 275.28638  502.57059 
 148.15369  86.162727 
 186.56798  85.163292 
 200.64302  88.556717 
 360.29831  91.203568 
 95.931206  93.570702 
 126.86246  94.778221 
 162.23343  93.500999 
 212.57947  93.462959 
 372.77667  95.253174 
 112.09756  100.43811 
 175.32889  100.10069 
 337.54147  99.150307 
 145.07849  102.31052 
 155.42746  107.55847 
 353.55722  108.16824 
 368.08084  110.8791 
 124.40678  114.67716 
 176.44919  113.67014 
 214.15007  114.16779 
 258.4549  114.60004 
 116.60667  117.36329 
 399.21124  118.22257 
 154.36821  121.17271 
 166.04491  122.02873 
 288.44958  126.89169 
 353.63474  125.86983 
 423.57797  126.32197 
 100.39017  127.85865 
 124.71724  128.63721 
 263.48364  127.18607 
 368.63037  129.24472 
 134.14389  136.45572 
 275.77988  135.75722 
 113.91215  137.95987 
 246.29164  138.77158 
 381.48798  141.728 
 394.53391  142.87732 
 349.74271  144.01379 
 424.17688  143.46593 
 230.90353  145.50002 
 362.48831  147.6694 
 103.15114  150.58725 
 452.66858  149.84531 
 116.21192  154.83234 
 240.86185  154.1423 
 384.90982  156.64116 
 465.54538  156.24017 
 268.94446  158.30518 
 353.09732  157.38907 
 129.53133  159.62534 
 310.97699  160.26352 
 193.42642  162.78531 
 479.01358  161.9158 
 492.30981  162.01105 
 207.94945  163.82916 
 157.68748  169.55841 
 372.95721  168.95085 
 407.30429  170.53891 
 106.20258  172.27258 
 347.6947  174.31816 
 194.25441  176.58592 
 386.7623  175.50856 
 473.64175  175.86179 
 117.68293  180.49084 
 399.36346  180.67459 
 434.87851  182.61751 
 484.09772  182.44742 
 127.43301  186.19487 
 254.90884  185.55478 
 185.173  188.83498 
 365.57892  187.24844 
 138.05487  190.41147 
 99.231384  192.67491 
 156.96989  192.175 
 379.88651  192.30263 
 111.74005  194.53522 
 196.61166  193.82574 
 440.19733  196.03368 
 278.53101  200.42363 
 121.58115  202.45958 
 487.97208  201.56264 
 104.56727  205.29002 
 137.42453  206.26311 
 259.43066  206.67729 
 151.8326  207.71854 
 340.72913  208.36214 
 361.70865  208.56183 
 413.51599  209.56606 
 464.64786  210.15076 
 269.90323  212.7831 
 184.95607  213.98224 
 197.87653  216.9902 
 331.63599  217.5584 
 280.4884  220.47028 
 304.93253  220.06183 
 351.41534  221.57159 
 148.07341  225.87589 
 189.05209  225.48708 
 407.66513  225.46086 
 463.36191  228.71251 
 167.70442  230.93587 
 234.35146  229.6239 
 424.53897  230.27942 
 153.92838  236.32712 
 178.839  235.86636 
 335.63876  237.44408 
 435.95474  238.00432 
 350.75803  240.41608 
 450.03534  242.13235 
 186.70959  244.56549 
 320.35858  245.18901 
 335.8887  245.76183 
 362.24585  245.15367 
 140.79961  249.58194 
 161.6283  255.58421 
 175.67111  257.56522 
 208.19324  260.76917 
 319.8356  259.99896 
 437.66858  260.59747 
 306.91425  261.69846 
 222.38277  264.37445 
 262.26791  264.72964 
 333.46472  263.94901 
 347.91776  264.99313 
 363.10388  264.4675 
 145.70808  267.02271 
 247.58801  268.01611 
 160.27719  270.20441 
 274.43265  269.15811 
 120.11594  270.97012 
 177.95554  272.08658 
 257.62137  275.0509 
 502.99942  274.86276 
 454.16989  276.31567 
 130.26559  278.90829 
 283.71567  280.3205 
 469.56277  281.69116 
 202.67259  282.91473 
 234.70047  286.81427 
 265.80295  285.35269 
 140.22783  287.19315 
 295.63562  287.62842 
 483.94955  288.79572 
 219.12877  289.3974 
 249.37166  290.97992 
 368.80762  289.42551 
 342.53754  292.77075 
 498.45078  291.62225 
 182.02831  293.61862 
 114.16383  295.89487 
 306.48517  294.94434 
 354.35577  298.29861 
 126.63872  302.51849 
 263.85895  302.61938 
 316.3797  301.28842 
 190.80759  303.08594 
 218.77609  304.43561 
 163.45612  306.30002 
 205.10425  306.92816 
 177.26292  307.15134 
 238.4229  307.39304 
 392.1701  307.8205 
 278.02225  311.10754 
 254.92755  313.87112 
 143.92009  316.64377 
 216.34592  315.79797 
 314.44791  315.41974 
 493.99927  315.93051 
 328.41318  317.00613 
 506.15369  317.78854 
 294.82007  319.42517 
 378.80191  319.54361 
 434.46921  319.92044 
 350.11856  321.24738 
 109.18819  324.08167 
 392.45795  323.89743 
 238.74324  326.98944 
 261.73273  326.1777 
 472.8446  326.27289 
 271.69577  329.03174 
 424.18207  329.10162 
 486.10361  330.92139 
 195.46463  332.4068 
 135.07205  334.04959 
 182.45865  334.92862 
 284.57312  334.061 
 193.83038  339.97556 
 335.43594  340.49472 
 373.17471  339.74484 
 474.63187  341.31796 
 417.95749  343.57202 
 487.39157  346.45935 
 319.2887  349.09018 
 499.90408  349.5658 
 218.27133  351.14667 
 256.37735  352.44183 
 231.66913  354.02258 
 466.76535  354.34232 
 196.49626  355.13605 
 386.44894  355.40027 
 479.50494  358.59747 
 263.9129  360.60757 
 298.2883  360.6033 
 311.59933  363.97672 
 216.50323  366.76224 
 375.7326  366.41904 
 192.30536  367.74649 
 329.20126  370.39908 
 426.51572  372.66702 
 468.46182  372.89014 
 480.9928  373.91132 
 492.01367  377.897 
 507.70715  377.96524 
 184.45329  379.17264 
 197.88097  380.96774 
 319.66214  381.56442 
 371.24973  381.04971 
 124.07752  385.0368 
 157.50438  385.77423 
 293.71603  386.16171 
 330.69101  385.46518 
 383.41699  388.33234 
 239.07468  390.06827 
 262.94055  389.129 
 307.91916  389.33081 
 189.4231  391.81372 
 343.13071  391.06635 
 440.64474  391.78259 
 491.1355  391.82681 
 170.1008  393.93289 
 275.94666  394.91626 
 249.75728  395.23874 
 454.4137  396.6088 
 217.08891  397.81903 
 298.95959  398.48938 
 156.76776  400.79562 
 200.27826  399.82498 
 466.3515  399.18362 
 387.28793  402.42651 
 429.4632  401.98099 
 336.84314  403.94232 
 503.86258  405.55206 
 168.11484  408.5069 
 251.67441  408.80164 
 264.35046  407.04691 
 345.6272  410.68576 
 399.2471  409.62549 
 225.86389  412.70178 
 309.04489  412.43015 
 364.84241  411.54968 
 326.14563  414.27502 
 411.61292  414.17044 
 464.07898  413.64276 
 284.62305  415.51074 
 132.00647  422.85544 
 231.64796  424.58505 
 316.53949  423.23318 
 336.91699  423.78336 
 209.52895  425.87274 
 393.90475  426.80679 
 160.44688  428.76248 
 353.44879  427.85602 
 188.36459  429.31857 
 258.90204  429.79355 
 287.52332  431.00824 
 244.72273  431.43582 
 221.74327  433.53021 
 279.64624  434.94449 
 309.09543  434.10712 
 199.80293  438.24286 
 375.07782  438.9704 
 318.16132  444.84647 
 277.90793  446.23349 
 359.23166  448.32047 
 237.79034  450.76517 
 252.67415  454.46744 
 404.72012  455.25067 
 306.70709  457.28214 
 391.38474  458.17725 
 282.86362  459.97025 
 369.8598  464.82898 
 271.69675  467.79178 
 231.27359  469.2413 
 284.19067  472.34314 
 299.46924  471.22043 
 356.93579  475.8605 
 232.29358  477.75677 
 321.8414  478.61789 
 380.52646  477.88617 
 258.11658  484.3508 
 271.54224  485.68997 
 281.88306  486.77899 
 247.10289  488.45758 
 295.70929  488.15149 
 395.69864  488.89859 
 426.63367  487.78793 
 316.28229  491.7326 
 439.70639  494.58279 
 453.96414  498.86139 
 402.12024  502.7981 
 418.23416  501.3894 
 362.58118  505.9931 
 312.63461  507.3252 
 374.46033  511.83215 
 307.80869  341.32581 
 151.27989  123.86475 
 422.61154  124.91293 
 290.70752  126.71307 
 350.11566  130.62567 
 368.96283  132.85484 
 116.57897  149.06282 
 131.84015  156.65509 
 241.26439  156.56245 
 355.32526  155.81175 
 383.23206  158.59354 
 194.0934  160.67799 
 373.25024  165.57243 
 155.53474  171.64159 
 196.5912  178.36263 
 345.94568  186.29657 
 127.67931  185.47362 
 365.0835  185.9845 
 184.44185  190.33861 
 383.22653  192.3804 
 155.91026  197.32561 
 444.56561  198.49716 
 120.62397  207.82941 
 362.93921  208.20731 
 414.30069  208.285 
 137.55919  210.95773 
 464.26675  209.61371 
 185.0081  213.81862 
 268.69131  214.03554 
 332.68335  214.4169 
 303.63345  221.68971 
 350.68491  221.87444 
 152.62085  228.00201 
 408.0163  227.19102 
 424.95102  230.49083 
 464.70688  229.98158 
 335.19479  236.44147 
 177.46371  238.55452 
 351.77072  242.80846 
 449.82996  242.73346 
 317.86472  245.24925 
 140.75067  246.69632 
 437.46304  258.13937 
 305.99759  259.87546 
 317.92178  262.45343 
 206.72064  262.92517 
 334.22208  264.36758 
 118.2047  266.72171 
 244.85849  267.87402 
 275.17056  268.72318 
 161.99379  271.00739 
 180.62357  274.34988 
 131.25909  276.09695 
 453.85693  275.41129 
 470.30502  278.92108 
 147.4399  280.0979 
 140.82297  286.11191 
 234.34798  286.86185 
 279.46094  285.23422 
 200.89391  287.76941 
 217.54259  288.88611 
 268.11752  287.3277 
 295.74042  288.72992 
 343.68073  289.85315 
 368.29095  291.30273 
 249.41383  296.54425 
 177.60445  297.77979 
 318.1348  300.26517 
 239.89401  303.02292 
 126.04103  304.27155 
 204.97545  306.10004 
 221.30232  308.54993 
 394.56412  307.41245 
 237.63065  309.28125 
 277.1348  311.82797 
 142.61499  315.41351 
 329.85907  315.75842 
 298.27679  320.42831 
 346.7677  319.46246 
 258.89752  321.92133 
 468.97079  324.38342 
 115.90269  326.90781 
 357.03522  325.44452 
 393.93311  327.72318 
 134.65071  334.77737 
 194.25409  335.98569 
 282.89566  335.6918 
 373.819  338.86493 
 473.43137  340.22635 
 335.96494  341.02136 
 416.61389  345.19931 
 318.0961  348.04379 
 232.75175  355.92255 
 462.21814  355.98511 
 330.13425  360.7601 
 478.77023  360.19263 
 311.51059  364.30945 
 352.60474  370.66492 
 465.87408  373.61902 
 196.01456  377.86194 
 124.16268  382.51801 
 261.24933  386.49942 
 382.94757  388.56451 
 237.65683  390.93643 
 307.30273  391.27771 
 346.13846  392.62726 
 167.81769  394.73553 
 454.85764  395.33603 
 217.9828  399.27936 
 198.70108  401.23608 
 265.34894  406.08618 
 383.36737  406.23715 
 416.17844  408.16022 
 246.93475  410.08868 
 365.19196  410.08408 
 399.12173  409.40741 
 283.93161  412.95197 
 323.8374  413.70126 
 208.40126  422.52716 
 334.62164  426.24051 
 245.93307  430.67538 
 260.42206  432.34836 
 222.33292  435.05521 
 309.54184  434.99188 
 279.32193  438.77866 
 376.39453  437.29431 
 358.27585  446.36151 
 236.49324  451.38721 
 284.65485  462.96378 
 301.521  467.95117 
 366.25143  467.03076 
 231.53905  474.56046 
 382.48114  478.01413 
 363.24564  191.61794 
 336.88962  236.44858 
 204.96606  263.51831 
 243.03665  304.45316 
 256.97876  321.9111 
 282.16968  333.38242 
 231.80194  359.86606 
 217.62131  394.12189 
 171.64116  395.20901 
 265.01553  402.72873 
 196.8949  410.97778 
 287.62869  411.80295 
