 254.58636  29.328413 
 167.12578  29.605459 
 219.08617  29.778147 
 445.89359  30.77564 
 185.96782  31.94693 
 192.71461  31.657183 
 355.33966  31.889622 
 142.5468  33.03677 
 199.82109  34.644222 
 223.48395  34.945702 
 283.60947  35.504993 
 182.7513  37.46172 
 213.52315  36.807144 
 486.80606  36.516323 
 188.42276  38.079758 
 354.06168  38.305695 
 248.8028  39.610138 
 220.48869  40.500935 
 147.06807  42.022415 
 360.88998  42.138416 
 281.6308  43.063663 
 257.96851  43.305058 
 193.37134  44.3559 
 198.84241  46.57568 
 206.28308  46.207817 
 286.26675  46.245594 
 225.45615  46.563351 
 252.92636  47.153091 
 323.89767  46.836536 
 341.67148  47.560497 
 181.21489  49.815445 
 242.16234  51.30629 
 483.00577  49.282581 
 214.28299  49.990452 
 257.74478  49.98764 
 280.49274  49.831432 
 346.99835  49.742622 
 396.23929  49.06736 
 188.02518  53.418308 
 285.88846  51.286236 
 371.01736  52.349083 
 227.74507  55.527885 
 293.89429  52.375359 
 403.5585  52.556828 
 207.11429  54.502045 
 220.32439  53.134197 
 234.23795  55.24773 
 339.0607  54.80994 
 277.4823  56.249538 
 399.96725  55.745941 
 240.81354  56.804508 
 225.82079  59.219662 
 285.05676  59.195545 
 342.79794  58.639465 
 254.33609  59.210373 
 269.81818  59.8624 
 366.21384  60.100178 
 112.67148  61.962872 
 348.43332  60.716148 
 372.27295  61.247036 
 424.80945  61.126789 
 380.93219  62.102989 
 144.88055  62.774822 
 339.53558  64.088615 
 165.77295  65.498421 
 217.96021  65.177834 
 415.42969  64.908951 
 151.0372  66.410141 
 285.06641  66.002304 
 109.76823  66.08567 
 172.02582  66.336609 
 345.95972  67.601082 
 262.16113  68.435715 
 203.19695  67.841148 
 267.39575  69.575516 
 153.92021  67.745171 
 148.88936  72.02784 
 247.2366  71.817963 
 354.71021  71.639435 
 163.04437  72.224464 
 187.85448  71.891762 
 229.39034  72.124115 
 388.41629  73.888794 
 406.36813  74.873482 
 169.97841  76.496986 
 236.88306  74.380302 
 179.07753  78.36895 
 199.51422  76.887527 
 267.57309  76.617622 
 274.64636  76.51931 
 351.83167  76.852348 
 362.25232  76.870712 
 151.94191  75.828964 
 419.12183  77.577126 
 223.18439  77.578598 
 385.62354  78.765961 
 159.95377  80.008865 
 146.59076  80.909813 
 390.43954  80.870529 
 212.30699  81.544876 
 230.11348  81.899544 
 371.78726  81.967812 
 95.376099  83.867218 
 173.24074  84.189201 
 81.508293  84.977684 
 170.14922  84.658104 
 199.76913  86.1203 
 219.38751  85.029274 
 347.9722  83.967003 
 359.93015  86.950188 
 260.77048  85.743706 
 379.82391  86.424187 
 119.9423  86.804146 
 143.60109  85.528915 
 151.68427  86.702423 
 266.07092  87.140289 
 201.91679  88.030571 
 207.54109  88.746468 
 241.00215  89.121407 
 360.97351  88.965668 
 350.90509  90.032005 
 70.398933  91.384087 
 218.39343  93.413513 
 142.17763  94.844696 
 377.8895  94.129478 
 121.87253  93.871429 
 149.91997  95.096298 
 195.35062  95.199394 
 375.05505  94.733421 
 129.82748  97.115822 
 155.72  96.677795 
 65.085075  97.765892 
 269.16928  98.156822 
 76.868973  100.85746 
 200.52411  98.80928 
 383.09344  99.491333 
 186.35966  101.2945 
 118.7814  101.9378 
 393.84561  102.48884 
 85.20591  104.11971 
 62.732197  104.42834 
 127.59303  105.42992 
 137.00279  105.05009 
 175.22269  105.08162 
 355.92862  104.53909 
 203.78178  106.4357 
 362.20593  104.73222 
 112.38358  107.06409 
 153.14951  107.28202 
 191.9565  108.37172 
 83.140656  109.18824 
 118.84824  111.35652 
 140.17212  109.09634 
 379.53741  108.76191 
 108.8455  109.2846 
 159.70615  111.54169 
 353.82443  110.79128 
 178.78761  113.45412 
 386.12601  111.86697 
 346.12112  113.54107 
 360.228  113.6404 
 204.78862  115.25832 
 121.47859  115.6744 
 278.97684  115.7905 
 351.47311  115.78519 
 45.65564  116.82806 
 366.74792  116.64532 
 390.267  116.63125 
 164.78096  119.39418 
 273.42194  117.81554 
 356.86932  118.23143 
 85.922302  120.45213 
 108.72434  118.89114 
 127.27305  118.38932 
 220.08372  120.49586 
 397.26331  118.46884 
 264.14767  120.76443 
 284.34531  120.48284 
 76.868881  120.84151 
 97.322327  121.64772 
 293.52698  122.30712 
 350.06644  121.73095 
 116.25596  123.37725 
 101.64184  124.83274 
 208.99216  124.82248 
 365.96497  125.37625 
 83.374779  125.28425 
 129.70914  127.05282 
 157.32079  125.86697 
 436.77673  126.0264 
 164.02904  126.78318 
 213.85243  127.18513 
 268.93936  127.0873 
 323.25912  127.22722 
 386.63144  127.06424 
 46.570126  126.1082 
 296.90714  129.77824 
 376.07285  127.94472 
 136.44286  129.46317 
 56.01078  130.92273 
 75.640755  131.04428 
 169.47665  128.71239 
 392.92093  129.51305 
 416.36954  129.52864 
 309.14542  130.73563 
 318.89069  131.07268 
 54.843605  131.56575 
 81.637794  135.00876 
 424.56506  133.59911 
 278.86823  134.71715 
 286.37244  134.74025 
 175.35829  135.24873 
 434.62463  136.12244 
 319.25949  137.03596 
 372.68198  137.56886 
 48.238274  139.1254 
 87.17878  138.93217 
 127.98549  138.72354 
 58.88446  138.82158 
 151.96249  139.56738 
 380.88519  138.1378 
 138.26349  139.92007 
 282.71536  141.58617 
 464.63168  139.87337 
 40.134796  141.43228 
 110.15035  140.69644 
 127.62807  142.11581 
 64.93116  143.05901 
 118.63031  143.10106 
 143.45366  144.13988 
 268.12418  144.20076 
 32.72691  144.64088 
 134.79713  144.90779 
 52.085873  145.84311 
 383.78259  145.97917 
 37.697937  147.40671 
 148.12956  147.13176 
 154.82269  146.97328 
 191.31879  146.78093 
 309.60034  146.70822 
 251.42847  148.24809 
 284.0455  147.00563 
 392.08023  148.20515 
 230.40457  148.58748 
 312.89893  150.41159 
 366.82401  150.36023 
 29.797264  151.53719 
 83.488968  151.25735 
 110.42954  153.50446 
 237.74727  152.46054 
 375.6449  152.20497 
 432.70303  151.25623 
 47.237392  152.9861 
 394.40433  152.79836 
 426.23798  153.90041 
 224.00665  156.14554 
 383.32767  154.79842 
 118.68714  156.93318 
 212.73318  155.98181 
 468.28976  157.08051 
 217.34514  159.12187 
 366.67178  159.0748 
 375.61444  159.1207 
 475.3999  160.34563 
 388.09756  160.0538 
 150.91667  161.73232 
 169.71869  162.04056 
 221.80734  162.0368 
 236.0408  162.07881 
 324.25546  161.55165 
 335.05002  161.82919 
 380.23685  161.9017 
 206.56102  164.26439 
 280.67514  163.75824 
 494.39563  163.64371 
 249.76857  164.23393 
 31.765614  165.97827 
 108.98692  164.93738 
 275.41837  167.21513 
 316.09821  168.48457 
 331.72955  168.06567 
 490.81088  168.47131 
 172.20114  168.75212 
 204.04401  168.57352 
 243.62488  169.44765 
 289.6969  169.25716 
 321.54428  168.69193 
 361.6571  168.21327 
 336.7327  169.58917 
 468.76971  170.07477 
 496.12  169.85909 
 116.43552  169.43497 
 197.98688  171.34239 
 282.97336  170.62012 
 393.65179  171.29987 
 106.78359  172.98401 
 190.38567  171.65326 
 209.32933  174.25488 
 256.26907  171.59572 
 341.13522  173.13525 
 164.77426  175.45801 
 328.10837  173.55673 
 351.85037  173.46265 
 261.42505  175.20898 
 400.2233  174.26091 
 179.65613  176.46623 
 308.18448  176.00775 
 33.059193  176.77876 
 116.02916  177.17616 
 193.8436  178.12892 
 312.9039  178.15884 
 389.80106  177.88283 
 488.77533  177.92209 
 120.37191  178.98584 
 495.40607  181.17648 
 336.63785  180.22447 
 356.07291  179.85004 
 104.73807  180.79021 
 366.94882  180.82713 
 396.82047  180.69923 
 419.5347  181.29408 
 110.92445  183.24884 
 129.44051  182.47693 
 387.17319  179.86079 
 197.83408  185.18178 
 343.30313  183.18192 
 361.50238  184.72881 
 498.01611  183.68845 
 504.00638  184.43272 
 165.95811  185.64612 
 476.67377  185.51129 
 487.97989  185.17278 
 363.68835  186.06352 
 109.06927  187.14928 
 248.04778  187.12903 
 369.95834  184.83945 
 399.74878  186.70775 
 430.04865  186.84146 
 417.31619  188.26979 
 464.66962  190.55173 
 157.72943  190.60217 
 138.539  191.20915 
 191.37297  194.2222 
 203.38902  192.3709 
 257.06711  191.46268 
 265.84793  192.20955 
 476.61273  192.1564 
 38.350979  193.18607 
 121.43781  192.98732 
 452.78641  192.3497 
 483.20529  192.60011 
 366.83588  195.27548 
 429.69864  195.12668 
 375.39236  195.63 
 495.9841  195.789 
 143.60455  197.15991 
 263.35675  196.42297 
 272.22891  197.24031 
 130.82692  197.64954 
 192.13696  198.11636 
 359.70798  197.94423 
 295.11899  199.26271 
 202.49123  200.97911 
 374.20538  199.68858 
 286.10788  200.80048 
 365.48257  200.96564 
 407.25378  201.06656 
 450.75443  201.4973 
 283.40134  201.4247 
 417.02951  202.3251 
 108.53897  202.78595 
 255.93851  202.63309 
 141.14902  203.7879 
 263.06351  205.06882 
 423.35052  204.36487 
 32.150108  205.22174 
 116.35718  204.60294 
 289.6329  206.28479 
 436.71469  203.90695 
 148.33891  206.0016 
 295.90079  205.96503 
 476.29547  206.30312 
 129.82892  207.98978 
 184.93646  207.16702 
 272.97397  207.31836 
 371.15146  206.77512 
 443.73041  206.94098 
 253.92302  208.12465 
 426.7218  209.37627 
 432.58173  209.57643 
 189.08472  210.26126 
 109.2648  210.86577 
 118.82693  212.49821 
 137.91846  212.22777 
 448.00174  212.63719 
 154.13757  211.84288 
 194.95264  214.34343 
 384.07755  210.56744 
 440.12457  210.88286 
 258.41449  215.0432 
 275.30145  212.65659 
 352.12054  212.54617 
 370.65732  210.91377 
 102.04163  212.3174 
 281.50992  214.86777 
 324.22134  215.17064 
 423.8143  214.95604 
 486.60522  214.69145 
 193.24455  216.00366 
 258.15079  215.97105 
 398.98502  215.53484 
 406.66986  215.61078 
 473.53818  215.91502 
 56.348469  217.45956 
 107.4977  216.91452 
 387.6889  217.49084 
 344.60843  218.07529 
 436.50833  218.39502 
 490.87244  218.00006 
 82.11544  219.23669 
 265.61346  218.54709 
 299.09195  219.47789 
 428.3584  218.98427 
 481.31189  219.14447 
 67.219032  219.71526 
 103.27523  219.6214 
 169.8448  222.38301 
 371.43991  220.69072 
 352.0108  220.82666 
 421.85254  220.57462 
 442.64288  221.31926 
 273.44656  221.90858 
 393.59482  222.48982 
 326.5932  222.40642 
 136.0836  224.94162 
 144.17599  224.44427 
 185.88005  223.90363 
 402.08356  224.78888 
 473.24496  225.22963 
 191.09508  226.66885 
 65.981445  227.3318 
 203.17531  226.72444 
 268.55875  226.86082 
 301.58316  227.20384 
 309.16367  225.24039 
 278.04559  226.12798 
 409.94867  228.61484 
 440.25937  228.42175 
 30.369106  228.87543 
 37.410713  229.08 
 188.76781  229.26915 
 287.59103  229.18048 
 315.43542  229.50853 
 326.00415  229.2825 
 339.21225  230.19147 
 357.6731  228.83644 
 449.6546  228.98079 
 369.67578  230.01379 
 257.26489  229.91978 
 363.1214  231.18553 
 427.78223  230.86043 
 51.205067  233.18044 
 265.15314  232.81871 
 44.390167  234.51205 
 140.2513  233.75043 
 375.11057  233.88342 
 34.949024  235.01549 
 305.12921  234.30545 
 333.91577  235.09572 
 408.948  235.47336 
 446.80859  235.16069 
 340.07318  235.69623 
 420.30219  236.65068 
 288.95895  236.91197 
 312.64371  236.4308 
 452.88486  237.18933 
 192.87848  237.05199 
 239.05858  238.69193 
 265.93445  239.28816 
 243.97015  240.11232 
 273.65781  240.15044 
 432.32016  239.5843 
 440.54034  241.15608 
 41.986668  241.84593 
 181.84018  241.63904 
 250.55894  242.9162 
 324.98431  242.30055 
 301.52701  242.7832 
 48.434746  243.20341 
 143.46706  243.53932 
 316.11081  243.72636 
 187.18944  244.90935 
 264.84149  244.95203 
 364.77176  247.67915 
 435.6987  245.88826 
 360.19901  247.25861 
 365.27701  248.60693 
 176.10138  249.34422 
 191.98759  252.19981 
 237.75591  249.23282 
 323.44595  251.49619 
 462.62894  250.02647 
 183.69812  250.78912 
 415.06735  252.32024 
 440.34631  251.99965 
 317.05502  252.53165 
 361.19388  252.27979 
 457.91452  254.25372 
 36.488651  255.33842 
 324.21445  255.21779 
 368.31583  255.75401 
 235.02057  258.05301 
 279.371  257.76895 
 356.24234  257.47968 
 463.34927  257.75671 
 285.26178  258.46848 
 319.52829  258.93152 
 330.00427  259.07489 
 361.25836  260.22293 
 428.67996  259.97995 
 221.76367  261.02725 
 35.997673  262.35126 
 167.96426  261.69684 
 350.30664  262.53864 
 479.23627  263.3895 
 226.14119  263.98495 
 154.15656  265.24554 
 319.23553  264.97852 
 484.3042  265.11835 
 173.51447  266.55057 
 267.73746  266.51917 
 329.95505  268.16077 
 352.27008  268.27502 
 363.56744  267.91788 
 167.27419  269.81931 
 180.02293  270.54315 
 208.35948  271.46698 
 225.13232  270.92877 
 450.20364  273.29465 
 457.35284  270.59613 
 175.56068  273.12531 
 216.45293  273.69492 
 269.42004  272.71606 
 329.50977  270.29266 
 526.96381  272.99069 
 29.052698  273.9032 
 315.78647  276.23883 
 364.5975  273.96854 
 462.03244  274.08627 
 36.015038  275.48151 
 307.827  274.57266 
 346.79922  275.2955 
 290.38733  276.65543 
 153.55412  278.12714 
 208.2106  278.1705 
 250.51712  277.4021 
 281.49341  278.15561 
 343.27151  278.48047 
 44.089676  278.9274 
 175.12379  278.97174 
 450.70139  277.50858 
 35.972019  280.42783 
 161.86824  280.50909 
 271.61227  280.31439 
 180.41759  281.10452 
 197.00526  280.67075 
 234.10983  281.17123 
 298.21704  280.42682 
 498.38263  280.89923 
 257.39658  281.98059 
 308.0611  282.34253 
 369.93063  281.04248 
 190.77034  282.93045 
 278.03452  282.74554 
 313.51355  284.1752 
 356.94272  283.88998 
 222.83313  285.02206 
 242.36368  285.71799 
 165.87923  285.8338 
 205.5334  285.82187 
 363.36713  287.31082 
 43.042267  287.42487 
 55.21204  285.64459 
 182.64503  287.53653 
 198.06342  286.6665 
 284.13272  286.00919 
 464.29037  289.16086 
 61.438477  290.05811 
 210.67197  291.47897 
 322.96738  290.36581 
 48.168083  290.70068 
 293.91226  290.44971 
 128.18526  290.93665 
 219.05603  293.48947 
 86.46225  294.24872 
 201.23447  293.75912 
 311.95547  293.62296 
 537.35333  294.13162 
 348.80936  295.30359 
 385.4722  295.04596 
 510.73834  294.20502 
 135.39714  296.04581 
 245.95929  296.68259 
 289.16412  296.48428 
 321.31668  297.45145 
 361.89548  296.79016 
 373.89972  298.27164 
 58.001614  299.16248 
 299.79285  299.26315 
 38.57196  299.68076 
 119.27227  301.50919 
 202.46066  301.92081 
 277.00775  299.96213 
 306.90323  301.47781 
 367.79623  301.08069 
 29.171179  301.7341 
 257.43381  302.33151 
 333.29825  302.21069 
 479.44443  300.62701 
 218.10223  303.31516 
 284.23645  304.40161 
 338.20743  303.89258 
 46.927147  305.58173 
 192.17261  307.10318 
 227.1286  306.21585 
 491.88049  305.7702 
 183.81845  307.2959 
 209.90262  306.98038 
 299.71484  307.75986 
 322.77365  308.41959 
 370.99393  306.91345 
 379.09769  307.5166 
 512.27039  307.81696 
 540.91156  308.95486 
 126.11887  309.10114 
 243.81694  308.60883 
 497.72757  307.14734 
 329.87201  309.62314 
 134.65196  313.01505 
 352.54404  310.7959 
 385.61603  311.40427 
 551.52411  311.63953 
 44.809456  312.59506 
 124.75623  312.24796 
 363.48502  312.05487 
 475.67123  312.58789 
 542.02148  311.73419 
 250.15654  312.46307 
 159.10913  314.64932 
 311.71915  313.37283 
 508.61475  313.92938 
 50.640156  314.76675 
 255.94691  314.8718 
 334.2345  314.79279 
 500.90939  317.16324 
 395.60474  316.03357 
 196.94017  316.11673 
 341.1149  317.21552 
 373.76169  316.85519 
 465.61868  316.53818 
 499.79535  318.79364 
 567.98645  316.95465 
 39.219864  318.33636 
 301.82806  318.09348 
 325.88708  318.0174 
 361.87292  318.27252 
 383.14447  318.11252 
 493.5278  318.32712 
 175.84435  319.57458 
 209.26846  318.72354 
 411.63977  319.26453 
 538.82135  318.62671 
 509.40268  320.14838 
 543.85968  319.69968 
 167.14503  321.5589 
 215.60078  321.33478 
 308.39584  321.76575 
 367.97299  320.58517 
 377.82321  320.74347 
 553.12781  321.46915 
 387.03732  322.58484 
 494.6391  323.15399 
 506.22116  323.26984 
 41.75563  324.48584 
 185.48105  324.267 
 288.66003  324.8403 
 400.72699  323.86285 
 454.91904  324.17551 
 567.11835  324.07455 
 209.44313  325.7836 
 280.73062  324.2298 
 342.65259  325.21475 
 488.57312  325.38385 
 500.12491  326.414 
 363.83011  326.97818 
 333.97464  328.23932 
 424.94852  328.06723 
 544.44293  327.78186 
 244.56653  329.59909 
 285.95947  329.78464 
 455.11725  330.41882 
 507.06641  330.48352 
 323.72531  330.87708 
 368.28152  330.90427 
 417.12708  331.2543 
 519.60199  331.11624 
 276.06094  332.01443 
 532.1875  331.87433 
 116.18327  333.49222 
 444.76572  334.16653 
 543.83948  330.59741 
 558.20203  332.51361 
 301.92749  334.0022 
 338.25455  333.86761 
 494.23828  334.99066 
 522.65979  334.77896 
 516.20068  336.13828 
 242.58105  337.30887 
 527.61993  337.4942 
 270.38327  338.58392 
 400.53558  338.23077 
 423.14767  338.37473 
 549.53687  336.68567 
 442.37701  339.10849 
 248.37363  339.56467 
 303.57745  338.85339 
 450.14267  340.64572 
 340.93723  343.38663 
 427.87024  343.2236 
 253.70732  343.40329 
 259.69565  343.15662 
 292.99564  344.19125 
 313.10754  341.90155 
 358.97412  341.89499 
 492.26474  343.4697 
 405.10013  343.26904 
 398.92038  344.93933 
 531.66589  345.26608 
 112.57208  345.5304 
 86.280357  346.15536 
 329.27841  346.58405 
 539.74048  348.1828 
 139.33754  347.84622 
 353.11844  348.68854 
 386.06137  347.59613 
 490.9328  347.0899 
 202.78497  349.27744 
 244.94212  348.94028 
 295.91818  349.04626 
 380.33054  348.90411 
 435.84515  346.96393 
 253.46724  350.02988 
 50.169083  350.65265 
 218.2993  351.14172 
 393.44922  349.65878 
 498.78302  350.98325 
 107.85151  353.27625 
 209.86411  352.73523 
 549.86902  352.35004 
 569.11493  351.77866 
 265.52307  352.62613 
 304.44376  353.27466 
 277.80264  352.65332 
 289.67862  353.5903 
 401.21176  354.46432 
 382.21692  354.8493 
 141.45485  355.34787 
 270.50589  356.13818 
 295.56665  356.11572 
 312.15884  356.44464 
 396.96906  355.82074 
 430.8356  357.50775 
 73.057449  357.70309 
 488.28946  358.07574 
 319.04568  359.41882 
 343.56976  358.76227 
 476.22913  359.91364 
 536.00189  359.41388 
 77.703423  360.05099 
 284.59793  359.46707 
 403.64832  361.13577 
 563.15503  359.66415 
 51.954487  361.28467 
 192.85876  359.70096 
 383.29089  361.1879 
 417.16556  362.73166 
 502.17477  361.90225 
 547.505  362.04541 
 56.499496  363.22546 
 144.82318  362.53555 
 412.39996  363.68875 
 447.93121  363.28098 
 159.62961  364.30252 
 197.8439  365.12201 
 238.89314  364.41464 
 47.900341  366.45404 
 480.92249  366.44781 
 496.75339  365.42816 
 511.49576  365.31415 
 64.479225  366.82672 
 293.04724  367.13184 
 426.47147  367.15643 
 59.44207  368.15439 
 247.60793  366.95215 
 487.8515  367.79257 
 278.39618  369.05759 
 518.54614  370.32181 
 166.2655  371.18774 
 231.88026  370.5401 
 254.79004  370.71542 
 263.66495  372.7186 
 298.61475  370.74615 
 307.30377  370.48883 
 325.64972  370.77524 
 51.718788  372.85669 
 285.00458  372.59656 
 239.30315  373.78671 
 270.89755  373.76837 
 484.97031  375.17197 
 492.83472  376.15768 
 509.74774  374.7554 
 71.601097  374.56165 
 514.68109  378.34314 
 200.57736  375.01865 
 314.13232  376.36481 
 228.13237  378.23224 
 166.27811  379.35977 
 173.5015  379.43326 
 208.42505  380.19156 
 321.20193  380.17966 
 328.50009  380.62274 
 372.77792  380.39761 
 271.76456  380.63705 
 286.93213  380.8168 
 366.36472  381.01535 
 523.39117  381.78104 
 230.9505  383.20343 
 293.07706  383.10376 
 374.06543  382.5343 
 242.30545  385.34549 
 262.591  384.10846 
 375.93756  384.41235 
 129.90869  385.48019 
 135.40755  385.2587 
 488.13974  385.31604 
 222.78052  385.9176 
 277.39856  387.79288 
 386.03558  386.0571 
 235.49687  386.84137 
 399.44836  387.22189 
 495.18777  387.2637 
 511.00861  387.45758 
 285.53668  388.12442 
 364.87177  388.07571 
 502.07288  388.24548 
 77.117401  389.16946 
 110.20372  390.20938 
 130.82863  390.98071 
 254.32262  390.10461 
 348.95807  389.95483 
 358.31274  389.78226 
 370.14026  390.31512 
 478.79111  390.74731 
 208.67479  391.0307 
 526.91974  390.38815 
 201.09486  393.2131 
 263.79016  393.22446 
 316.61105  392.88486 
 394.72433  393.25912 
 436.84256  393.13098 
 538.00427  393.40543 
 354.86792  393.81296 
 512.2486  394.32224 
 322.62079  394.5546 
 483.06094  395.31567 
 346.17773  396.88028 
 401.23819  395.95593 
 410.83954  397.38617 
 465.82578  396.56824 
 519.66943  396.86218 
 125.09735  396.86047 
 221.83133  397.41968 
 360.34308  396.5459 
 493.37341  396.11734 
 79.548889  398.10651 
 137.39906  399.31415 
 270.57126  397.49573 
 84.69294  398.84473 
 367.60699  398.76572 
 417.65967  398.99457 
 538.52692  399.23743 
 198.88237  400.55673 
 353.22314  400.19034 
 502.97461  399.74103 
 517.30914  399.97983 
 206.84058  401.08929 
 332.75214  401.93201 
 481.36194  402.03653 
 92.737823  403.12634 
 230.70177  402.918 
 372.15479  404.63849 
 129.46059  403.37778 
 486.94708  404.27032 
 97.873589  405.06525 
 307.16147  405.60764 
 340.33826  404.66861 
 429.91165  405.43442 
 238.12489  405.62088 
 388.73178  406.01755 
 296.54779  408.60068 
 394.12466  408.43677 
 443.03351  407.83264 
 520.43335  408.33368 
 540.98694  408.52368 
 256.9881  409.13263 
 274.09286  407.82367 
 435.03357  410.88248 
 87.685318  409.89066 
 94.006744  409.87808 
 195.95778  411.27362 
 350.12085  410.3833 
 427.36478  408.8775 
 504.06738  410.92142 
 248.83255  410.25781 
 262.6073  410.71796 
 316.87747  410.07858 
 449.82159  410.83353 
 169.65105  410.1199 
 205.17377  412.69498 
 549.78741  410.29663 
 283.96188  413.97537 
 217.53345  414.04642 
 235.73637  413.8093 
 323.19214  414.17758 
 387.48218  413.07135 
 512.44757  414.15042 
 178.54362  415.13538 
 338.23361  414.84491 
 417.06378  414.34863 
 486.56186  413.19629 
 138.80798  416.26453 
 225.8623  416.0755 
 241.49983  416.03238 
 330.69293  416.33914 
 479.7261  415.76105 
 496.87997  415.64792 
 423.00928  416.8414 
 98.940056  417.9346 
 381.71384  418.14618 
 393.57358  418.18048 
 409.70599  419.60217 
 258.48453  418.35663 
 274.21954  419.98889 
 338.49771  418.54605 
 345.90668  419.40045 
 492.53268  418.36511 
 546.04395  420.8259 
 142.86702  419.78284 
 305.62524  421.18945 
 387.06573  420.50085 
 474.95169  420.94592 
 465.68143  419.90863 
 435.28436  422.76974 
 212.51721  424.03922 
 220.98329  422.74451 
 195.68823  425.5813 
 332.85983  424.78558 
 346.64993  424.64706 
 147.50732  425.72153 
 421.2934  426.98325 
 125.24875  427.90839 
 132.79227  427.1279 
 177.77899  426.35291 
 385.14456  426.75137 
 459.53885  427.11209 
 111.79372  427.90765 
 261.71942  427.45596 
 402.59183  427.97549 
 429.67148  427.54834 
 504.87802  428.31708 
 513.41583  425.91269 
 139.41635  430.4158 
 224.33392  430.04861 
 270.33783  429.16998 
 378.04907  429.65494 
 543.94379  428.60114 
 184.05098  430.12463 
 280.33813  429.77444 
 300.53723  430.0853 
 561.77386  430.12314 
 254.1665  430.6586 
 519.52356  431.31409 
 555.62213  431.51633 
 392.96609  432.27567 
 398.56802  431.84952 
 409.85751  431.37909 
 327.72952  432.7645 
 537.26428  430.96133 
 189.07944  433.93103 
 232.01277  434.00253 
 317.38248  433.77036 
 465.10049  434.75925 
 473.29117  433.6636 
 196.91016  435.76364 
 510.01852  436.01169 
 546.77032  436.55655 
 206.07198  436.72202 
 305.68539  437.34085 
 372.71854  435.49573 
 387.09625  436.89478 
 437.02203  437.69067 
 297.77655  437.98093 
 543.71967  438.53784 
 132.6552  438.59366 
 168.23889  439.25214 
 255.59123  438.77234 
 322.48727  439.22446 
 336.43613  437.06174 
 211.34598  439.56812 
 260.6965  441.13318 
 443.90292  440.44379 
 140.23679  440.94794 
 349.86264  442.909 
 323.87384  441.78592 
 393.03888  444.46188 
 401.70627  443.80499 
 421.29471  441.92218 
 433.63818  442.97269 
 257.48895  444.19394 
 338.88605  444.41907 
 449.40778  443.50946 
 285.35046  443.80313 
 292.02209  443.89124 
 438.38562  444.85858 
 154.69118  445.80246 
 415.02655  446.1712 
 516.31812  445.66885 
 172.32629  446.86484 
 266.62607  447.0231 
 330.21744  446.95941 
 216.21164  447.51294 
 249.81137  448.53091 
 180.87856  449.33444 
 238.49098  448.8082 
 297.48447  449.27084 
 228.03462  450.11728 
 305.67755  449.5314 
 399.23138  449.9913 
 418.17191  450.91086 
 252.92627  452.94971 
 285.43466  453.38062 
 388.20615  451.57953 
 535.17749  452.23273 
 325.36316  452.78448 
 208.69719  455.3273 
 231.17458  455.37509 
 317.63379  454.66339 
 332.10101  456.69034 
 356.19696  457.36966 
 372.9021  458.17142 
 336.40939  459.48126 
 383.28687  459.88269 
 341.39102  460.81348 
 292.11258  462.19595 
 542.64691  462.17282 
 279.90747  461.88315 
 415.27066  461.83401 
 297.76346  464.71408 
 327.80655  464.38104 
 237.19804  465.50497 
 333.35974  466.64502 
 285.26041  468.51575 
 367.83102  469.77798 
 348.2804  471.5542 
 300.4165  472.4213 
 326.67917  472.5004 
 260.56418  474.03796 
 216.3204  474.75671 
 332.27896  475.74323 
 401.70554  475.39893 
 422.03104  475.60202 
 316.91287  477.44089 
 339.52896  477.4397 
 361.1528  476.77838 
 413.21228  477.25507 
 289.58731  478.88141 
 314.39151  478.80875 
 394.5929  478.33203 
 296.64285  479.6691 
 543.48627  479.7933 
 306.97876  481.7919 
 249.95869  483.05283 
 312.95993  483.45859 
 326.14395  483.31827 
 551.14294  482.86636 
 267.6066  484.92798 
 355.48938  485.99136 
 363.94034  486.15686 
 319.82291  486.05313 
 401.75766  487.33124 
 409.07605  486.82376 
 261.30743  488.02872 
 422.60837  488.2323 
 280.96451  488.88336 
 314.00116  489.94113 
 535.76471  489.23645 
 238.1741  489.56586 
 326.27707  490.77899 
 543.43616  491.52933 
 318.548  492.46991 
 255.65584  494.32159 
 308.80197  494.09625 
 359.53687  493.25888 
 264.32404  496.27716 
 272.57562  494.84711 
 367.23679  497.6701 
 240.69478  500.29993 
 276.87668  498.90451 
 541.0578  498.59445 
 569.80426  498.70703 
 286.64142  499.71973 
 329.72995  501.72745 
 335.83118  501.22888 
 355.23373  500.87381 
 375.8956  500.70944 
 443.81967  500.49582 
 305.68854  502.10822 
 318.1524  503.78418 
 450.8934  503.08432 
 525.08789  502.76218 
 553.44678  503.76358 
 274.67404  504.39032 
 280.65292  504.51752 
 400.01236  504.21564 
 361.70175  505.06268 
 292.6174  506.02866 
 311.20251  505.70468 
 471.23862  506.08273 
 349.58807  506.57437 
 513.34491  506.76373 
 266.51743  508.73553 
 356.98465  509.38464 
 466.03711  509.35538 
 475.89398  509.47763 
 252.57426  511.36884 
 426.16919  510.49805 
 436.66727  510.69852 
 385.49265  512.41113 
 448.33871  512.0849 
 259.07922  513.21606 
 310.27768  513.4527 
 327.65356  512.62433 
 403.77835  513.50299 
 514.31189  513.3847 
 272.70929  514.02264 
 507.60651  513.9339 
 302.05725  512.61725 
 371.59683  514.43146 
 278.6452  516.27496 
 315.11185  516.08057 
 353.01364  516.07617 
 482.76505  515.69855 
 548.96844  516.20178 
 465.69727  517.62097 
 291.14215  517.64246 
 445.76508  516.01166 
 555.76874  519.58014 
 357.31332  519.18396 
 432.19193  519.61346 
 451.47073  519.27747 
 473.04099  518.60852 
 277.73849  519.11755 
 285.14163  521.95032 
 295.36151  521.35822 
 409.21866  522.34857 
 374.0155  525.31897 
 463.40073  522.83868 
 439.52118  525.02124 
 383.5029  525.16901 
 395.79266  524.86035 
 280.16772  526.34808 
 552.20874  525.91333 
 458.73581  527.28015 
 400.69199  530.0683 
 393.29727  527.46533 
 474.46811  529.51556 
 390.81317  532.05023 
 398.94257  532.60205 
 479.76947  533.65936 
 549.83228  533.16492 
 330.60284  534.12848 
 461.75671  535.34631 
 469.72153  534.43488 
 556.08325  534.1745 
 372.93506  533.54163 
 354.90817  536.15234 
 381.99603  535.29163 
 436.58005  536.06055 
 529.04181  536.83929 
 445.56833  538.99799 
 548.16876  537.85333 
 257.8118  540.02783 
 409.72885  540.2099 
 468.0929  541.2475 
 368.18512  541.65277 
 475.01056  541.43628 
 555.81287  542.37073 
 429.867  544.6795 
 514.71136  545.22125 
 392.59216  545.20203 
 452.40369  547.05652 
 477.29044  547.98328 
 357.3931  549.09851 
 397.85181  548.51343 
 410.2178  549.39978 
 460.88733  548.48938 
 482.04047  548.78473 
 533.38928  549.17004 
 381.77917  549.46222 
 470.30713  549.61493 
 495.1474  550.95581 
 388.72433  551.26172 
 402.74698  553.97314 
 364.06058  556.41711 
 394.25113  555.7066 
 358.32074  557.9447 
 471.29968  558.20807 
 490.85342  558.17413 
 503.49509  557.64557 
 387.98688  558.90582 
 380.9809  560.44733 
 495.85913  559.8891 
 450.80963  561.02936 
 456.7486  561.00244 
 509.76315  560.74176 
 371.96399  561.88458 
 481.57077  561.74103 
 345.75208  562.53094 
 487.35425  563.01129 
 399.46204  563.90991 
 424.02264  563.7204 
 366.09756  564.87 
 444.76492  565.17712 
 394.67657  567.2652 
 382.79385  567.48792 
 471.47766  568.51367 
 388.75412  569.78503 
 424.66394  570.26563 
 448.37607  569.99554 
 120.38437  51.720226 
 144.82222  51.484856 
 354.0376  52.545567 
 248.69601  55.359589 
 128.23097  59.098583 
 180.55437  62.049496 
 210.08521  63.113094 
 90.897438  77.998108 
 106.54898  78.64888 
 208.38388  79.183647 
 189.60783  84.944351 
 134.19463  90.32534 
 96.955124  92.476067 
 166.01349  95.873749 
 164.05707  101.52467 
 212.28169  118.11522 
 377.82581  118.68834 
 229.03519  124.4435 
 196.13791  132.15413 
 203.17648  134.87312 
 145.80034  136.0051 
 96.451202  136.92207 
 162.14154  137.40323 
 410.68527  137.52026 
 244.78806  144.41217 
 444.68344  146.75549 
 275.34668  147.70059 
 404.99332  150.29689 
 259.487  150.80974 
 59.418602  151.82512 
 136.23145  162.41789 
 397.07175  163.76065 
 374.21884  167.04651 
 226.62669  168.23518 
 386.439  168.50626 
 135.95612  174.95027 
 360.86087  176.98708 
 184.89856  185.32785 
 214.26845  187.00229 
 409.72687  190.263 
 442.90253  195.76546 
 399.84067  197.70747 
 480.84412  199.04066 
 301.2063  204.19713 
 164.24458  204.83319 
 127.89007  208.47589 
 42.808121  207.65634 
 345.7626  208.69484 
 283.02219  210.49094 
 361.42972  213.98344 
 162.87503  215.49246 
 505.78287  216.93082 
 155.69106  219.62108 
 269.60928  224.25377 
 432.92322  224.5009 
 93.002289  225.06607 
 361.34048  225.01093 
 463.25845  226.84079 
 57.50555  232.75122 
 331.01123  234.32808 
 280.08246  235.72348 
 320.03888  235.94296 
 149.68381  236.60258 
 368.20111  236.57579 
 333.18866  244.37477 
 136.91042  248.77728 
 51.317238  251.33586 
 145.53094  253.73195 
 344.35471  255.21388 
 190.20712  257.34497 
 368.41925  263.12701 
 279.02081  265.84906 
 143.57344  267.23865 
 49.028263  267.69128 
 51.061951  280.67316 
 204.85588  281.23706 
 354.05609  282.52411 
 503.65582  290.41251 
 517.64099  291.24402 
 209.43665  297.23837 
 470.94165  298.98962 
 386.1333  299.54883 
 514.92151  301.46426 
 146.24698  302.69861 
 361.09735  304.07529 
 262.85361  309.05139 
 289.84729  312.8959 
 385.08194  314.93365 
 268.71048  318.30136 
 225.23277  319.08377 
 246.8409  319.30356 
 112.63631  324.70264 
 266.13208  328.66229 
 374.54251  330.42105 
 152.15176  331.14966 
 221.34778  330.67639 
 161.85974  331.57062 
 486.96686  334.94257 
 244.01546  343.90665 
 268.75397  344.38086 
 285.05472  345.93091 
 554.26239  345.58987 
 100.00103  348.05359 
 263.45828  352.63373 
 304.22537  359.97955 
 85.619202  361.02197 
 459.53357  367.14676 
 336.33774  368.90717 
 271.47156  376.95441 
 306.2384  379.26477 
 65.790588  379.81131 
 481.93201  381.03629 
 54.958225  382.50104 
 340.06049  384.62485 
 454.08472  390.84723 
 299.99973  395.66364 
 290.14505  397.08768 
 381.1218  397.81033 
 122.54705  398.88528 
 210.7896  408.55081 
 400.67471  415.509 
 168.79074  419.20016 
 293.42465  422.33865 
 118.41374  424.05777 
 485.4343  425.32874 
 352.10944  432.91248 
 417.21552  436.44574 
 532.88629  438.09451 
 235.45715  442.77112 
 310.99734  445.9465 
 335.44901  447.20422 
 444.06497  447.88812 
 199.49385  448.80261 
 357.99533  448.98856 
 261.70709  456.15128 
 245.24203  470.98373 
 305.46378  478.99347 
 372.73749  483.84769 
 383.32645  486.25156 
 395.88461  492.24097 
 291.85492  492.50479 
 299.12564  497.39896 
 386.86154  498.89334 
 544.68494  501.31909 
 245.98654  521.85864 
 484.2601  523.56494 
 307.28647  524.71643 
 447.13953  527.70544 
 324.14261  530.27295 
 455.37488  537.10236 
 535.06262  539.95435 
 401.34723  540.83618 
 440.43185  553.4502 
 341.42297  47.309303 
 198.91081  47.728119 
 279.33868  47.950321 
 213.24162  49.661129 
 338.84647  54.771767 
 234.05589  55.526112 
 286.39261  60.431065 
 348.87976  60.329376 
 372.54761  61.591751 
 164.75439  64.702995 
 371.40637  81.22068 
 119.20765  86.320175 
 266.94495  86.226524 
 380.84305  86.163994 
 194.48212  94.144264 
 148.92987  97.165688 
 156.11938  96.902672 
 351.71689  102.7164 
 59.080597  106.14452 
 127.44576  105.95301 
 386.21072  111.97846 
 359.87061  113.84823 
 272.86804  117.68217 
 397.33963  118.72468 
 284.46619  120.43431 
 97.192879  121.30976 
 350.72556  122.38923 
 207.93839  124.52013 
 308.52777  130.44083 
 393.8548  129.87956 
 423.30951  134.06122 
 319.69379  137.64282 
 148.31349  146.58157 
 154.94664  151.78955 
 83.447395  151.50203 
 311.18991  150.88469 
 425.94424  154.45409 
 169.90923  161.12971 
 335.29276  161.87762 
 380.84137  162.37471 
 488.76727  168.81557 
 329.85526  171.95425 
 393.85043  171.25624 
 107.2953  173.63235 
 179.77533  176.41255 
 116.22703  177.40036 
 103.73804  181.25555 
 343.80774  183.5784 
 415.83441  188.87607 
 464.29736  190.55066 
 203.85522  191.97395 
 484.36325  191.97714 
 144.2964  196.63162 
 417.01855  202.11104 
 255.76845  202.79927 
 423.53867  204.18565 
 149.04237  206.40305 
 189.59242  209.24002 
 252.36864  209.45015 
 426.54575  209.49419 
 154.10703  211.27921 
 324.15289  213.90848 
 421.76587  213.97469 
 398.54196  214.9263 
 68.492828  219.34505 
 296.31888  221.00284 
 357.13306  228.30696 
 439.10382  230.37357 
 363.0856  231.40347 
 427.74738  230.57295 
 264.57047  232.42389 
 375.79684  234.07562 
 446.8053  234.80896 
 453.00507  237.26378 
 177.60158  242.80652 
 273.05511  240.88469 
 302.33304  242.38896 
 316.59869  252.33647 
 456.45706  253.65717 
 355.11624  256.66733 
 278.9812  257.76962 
 220.09457  260.11957 
 360.75067  260.48935 
 428.99066  259.70999 
 168.34453  261.48022 
 226.70142  263.14868 
 319.00034  265.065 
 352.88544  267.55606 
 526.39276  273.30447 
 269.77386  273.83588 
 281.41782  277.38974 
 174.20131  279.72162 
 180.7032  281.24292 
 326.38666  287.40302 
 48.448654  290.60529 
 349.21008  295.95416 
 298.72827  298.97406 
 332.13882  301.28394 
 367.85907  301.01337 
 47.006756  304.69199 
 490.9924  304.75159 
 183.81323  306.14917 
 329.7121  309.5867 
 475.31369  311.79187 
 51.096756  315.043 
 334.04813  314.85205 
 373.78439  316.48523 
 361.29947  319.35251 
 367.78134  321.06296 
 378.23627  321.26736 
 387.24826  322.93039 
 333.62549  325.64078 
 452.65399  324.89847 
 343.30789  325.54855 
 501.38651  325.73785 
 416.9165  331.30948 
 454.92261  331.436 
 494.56314  335.48889 
 527.77966  337.74023 
 422.56747  338.97629 
 248.28691  339.46381 
 253.05821  343.06726 
 244.8672  348.51758 
 378.58182  348.78577 
 72.769516  356.94403 
 312.43253  357.00845 
 319.75302  359.29977 
 148.28831  363.31424 
 46.93819  367.22488 
 307.56906  370.21008 
 299.35217  370.70981 
 508.89938  372.48688 
 231.59349  383.29108 
 293.54413  383.19986 
 489.19785  383.91272 
 399.85458  387.16931 
 234.96504  388.23743 
 284.76089  388.6181 
 322.96039  394.95135 
 360.68713  395.61908 
 402.49023  395.93399 
 79.700996  398.18088 
 221.63034  397.60989 
 418.00937  399.26907 
 353.36572  399.9245 
 480.26483  402.17328 
 487.03534  404.54822 
 386.9166  405.96552 
 257.10327  409.27347 
 138.48058  415.90082 
 241.6832  416.52014 
 322.93179  415.99728 
 423.0759  417.4151 
 386.12695  427.03424 
 458.98636  427.05853 
 111.79895  428.47568 
 253.74529  430.8443 
 189.13145  435.13495 
 465.25925  434.57501 
 509.87112  436.44958 
 168.27367  438.69394 
 211.18947  439.56009 
 450.14514  441.94937 
 437.89093  444.49554 
 516.47192  444.93991 
 414.38675  445.56375 
 386.79581  451.35995 
 326.90268  452.66437 
 356.33228  457.90005 
 292.29141  460.91425 
 341.87115  461.30911 
 360.90176  477.06982 
 339.11505  478.09238 
 326.97812  484.0625 
 260.98477  487.10995 
 326.69495  490.70224 
 264.27103  496.47961 
 305.82571  501.04376 
 354.60944  500.79617 
 399.26819  504.15698 
 272.96405  504.87866 
 279.78305  506.09921 
 272.69318  513.20856 
 259.28326  513.53387 
 310.03882  513.54486 
 291.0358  517.01007 
 357.93042  518.51282 
 295.63297  522.03918 
 281.02844  526.4093 
 473.69556  528.97888 
 409.65747  540.51862 
 367.77884  542.15302 
 392.26413  544.80328 
 410.76404  550.00781 
 470.72482  550.09015 
 388.72818  551.31708 
 226.47684  58.983292 
 268.91229  59.104469 
 424.74954  61.620319 
 144.50493  62.978321 
 111.72353  63.801048 
 154.67502  66.434196 
 173.29471  66.088753 
 415.16489  65.834076 
 203.82204  66.566391 
 344.8623  69.23082 
 119.11242  70.81588 
 187.63342  70.721245 
 267.16284  70.802399 
 164.66594  71.792435 
 354.50565  71.93026 
 237.99701  73.527107 
 90.194771  76.304703 
 151.89708  75.686325 
 221.18884  76.468109 
 275.88367  75.902496 
 199.00807  76.551376 
 362.4967  76.966614 
 178.53523  79.312759 
 161.01202  80.106071 
 210.79555  79.706047 
 229.72884  81.699089 
 96.107689  83.142204 
 348.27542  83.355522 
 142.70486  83.780579 
 172.44833  84.010521 
 80.240387  84.983696 
 189.65308  84.980133 
 151.87671  86.506294 
 197.79417  87.338753 
 359.41592  87.077896 
 239.97794  88.436356 
 207.06808  90.072823 
 70.50898  91.546669 
 95.927345  93.884277 
 120.4109  93.985405 
 216.97186  94.141747 
 373.51166  94.812988 
 142.54565  95.638557 
 166.04611  96.202316 
 129.30685  96.952293 
 202.16014  97.364914 
 383.09674  99.024498 
 185.5907  100.40559 
 75.616699  101.03207 
 118.24003  102.37183 
 175.48135  104.39384 
 185.50305  103.76147 
 362.04962  104.26367 
 84.867363  105.49117 
 151.7874  106.68376 
 204.88263  107.0821 
 110.04249  108.22697 
 191.85422  108.82915 
 379.21991  109.22988 
 159.45909  112.05338 
 118.51498  112.89859 
 168.60939  114.07436 
 179.18349  114.5843 
 367.14453  116.29968 
 127.46623  118.13168 
 377.521  118.3405 
 75.483833  120.08692 
 220.21667  120.28013 
 85.873169  121.41104 
 163.17841  121.24458 
 264.37631  120.90315 
 116.75373  123.60623 
 229.36032  124.30885 
 386.33032  125.9834 
 365.51059  126.72836 
 437.39325  126.81763 
 169.66435  127.7139 
 270.5058  128.03549 
 376.91513  128.41437 
 414.66565  127.83768 
 75.665863  130.8959 
 295.45642  130.87166 
 176.38292  134.76047 
 97.685219  136.25296 
 145.13387  135.57961 
 286.14468  135.67044 
 436.14896  136.00098 
 79.697113  136.98407 
 371.3721  137.4856 
 380.99942  137.39844 
 128.06133  137.68633 
 161.89676  137.82834 
 58.519333  139.00015 
 87.936531  138.66379 
 108.8549  139.09081 
 463.88361  139.09064 
 151.68848  140.71872 
 65.366219  143.00676 
 118.23765  142.85286 
 135.56447  144.18465 
 283.70877  145.65292 
 383.2243  146.66756 
 444.64386  146.94983 
 229.87616  147.93419 
 252.06656  147.86211 
 274.32999  148.25748 
 392.89478  149.1295 
 365.49167  150.44727 
 404.63092  150.14124 
 433.9292  150.78813 
 60.203526  151.71121 
 375.46521  152.25299 
 238.00458  152.8566 
 108.75218  155.0181 
 467.96515  157.46529 
 119.37805  158.0759 
 223.57011  157.88913 
 476.65073  160.45181 
 136.7052  161.06482 
 150.79045  162.24246 
 231.72658  162.11775 
 108.01942  163.26491 
 249.10777  162.4882 
 396.80325  162.90233 
 407.39978  163.24931 
 205.71443  164.68164 
 276.46613  166.59134 
 363.0437  167.25558 
 374.25314  167.21637 
 117.32177  168.09187 
 172.93922  168.88876 
 321.08292  168.75502 
 189.31786  170.02324 
 385.76508  169.69484 
 495.83075  169.64919 
 257.21515  170.61377 
 288.23831  170.5061 
 133.19902  172.75664 
 210.43689  174.30632 
 197.55426  174.94579 
 164.39818  176.08702 
 336.25284  180.34293 
 386.99149  180.0388 
 419.66525  181.08412 
 493.99557  182.18694 
 129.90826  182.77284 
 369.61047  183.98587 
 111.04509  184.65805 
 360.73233  185.38522 
 503.89426  185.37418 
 183.93933  185.67873 
 197.98929  185.84775 
 399.32642  185.98747 
 166.67085  186.79601 
 247.60919  187.2457 
 430.41388  186.57924 
 487.06699  188.55266 
 138.97296  190.27132 
 157.2632  189.94406 
 410.62747  190.11218 
 256.50302  191.1356 
 121.02385  192.31946 
 452.15558  191.7451 
 476.30792  191.7561 
 496.11176  195.22269 
 191.48758  196.19577 
 263.40652  196.13301 
 366.41226  195.68089 
 443.23477  195.58414 
 130.51326  197.41333 
 272.98523  196.94362 
 375.53549  199.17316 
 399.30289  198.91495 
 481.45169  198.55988 
 282.78171  200.65726 
 161.39587  202.0495 
 201.3306  202.08867 
 106.87511  202.85358 
 140.30521  203.21019 
 451.41953  202.44476 
 116.0779  204.46133 
 435.08432  203.8044 
 263.48361  205.98479 
 476.26648  206.68524 
 273.50577  208.35936 
 385.93387  208.94485 
 369.02704  210.1219 
 440.54956  209.72069 
 100.91427  210.5616 
 283.94711  210.8676 
 449.36627  211.74934 
 138.82417  213.21538 
 118.4583  213.98611 
 196.12021  213.67538 
 163.11928  215.35313 
 471.84274  215.24359 
 258.03912  216.46008 
 505.69379  215.90092 
 107.4482  216.66013 
 343.56259  216.90646 
 407.39468  217.43074 
 83.711563  219.32706 
 426.70401  219.45325 
 436.65082  218.69106 
 154.93134  220.0937 
 352.39301  220.15921 
 371.81479  220.51297 
 481.07382  219.65215 
 268.95013  221.33972 
 326.59979  222.05014 
 442.99854  221.78938 
 181.14359  223.06242 
 169.66216  223.59637 
 308.06561  223.56161 
 135.08781  224.98375 
 361.24512  225.12265 
 399.62857  225.32869 
 473.56384  225.39079 
 144.8062  225.85797 
 190.96544  226.40083 
 278.07443  225.63585 
 202.1996  227.3325 
 64.269348  227.63968 
 461.07242  227.66383 
 409.71115  228.68555 
 287.73709  229.56812 
 314.83374  231.43425 
 339.8613  232.06807 
 139.67607  233.66705 
 304.11465  233.6769 
 329.65503  234.2616 
 150.43703  236.41174 
 368.08713  235.95549 
 193.52638  237.01572 
 280.60382  236.58945 
 419.95541  236.77567 
 243.51624  240.37195 
 325.04535  242.46158 
 439.31271  242.06854 
 316.21771  244.05173 
 333.02094  244.14569 
 448.64981  245.8992 
 185.96609  246.9516 
 345.82449  247.06393 
 135.63014  248.06454 
 238.83986  248.04512 
 453.44318  248.6707 
 174.63074  249.14047 
 361.57718  251.16165 
 323.12967  252.18893 
 414.86533  252.25375 
 440.37711  252.79128 
 145.90315  253.76897 
 156.17493  254.74942 
 343.89563  255.09229 
 190.58775  256.00778 
 463.47061  256.71103 
 369.45483  257.74216 
 235.56523  258.73605 
 330.18878  258.74707 
 144.53587  267.01874 
 168.62541  269.86975 
 458.16409  270.0181 
 179.61894  270.8638 
 206.96538  271.27356 
 226.50827  271.1792 
 328.73553  271.73672 
 307.76038  273.26193 
 216.38567  274.43045 
 290.78226  275.41324 
 250.08447  276.26758 
 450.40652  275.94473 
 316.08459  276.95288 
 152.01555  277.94785 
 343.51669  278.56592 
 271.84897  279.95737 
 298.69412  279.85001 
 205.77304  280.99658 
 232.98244  280.6434 
 371.23218  280.70911 
 163.42618  282.44879 
 257.67215  281.82709 
 354.34531  282.52283 
 197.36307  283.87552 
 283.76898  285.35791 
 243.04901  285.87332 
 362.95432  287.27405 
 182.80223  288.33704 
 62.112461  289.45456 
 127.0734  289.66605 
 464.87106  290.19913 
 502.96149  290.00137 
 293.54352  291.43634 
 311.98123  292.12543 
 201.1644  293.32767 
 514.27716  292.61813 
 86.732971  294.31061 
 219.36552  293.88754 
 135.75105  295.38766 
 210.17328  296.4819 
 321.36423  297.26395 
 245.15652  297.65167 
 360.80032  297.8533 
 480.30441  298.3783 
 387.48236  299.12332 
 57.979313  299.75607 
 275.81863  299.94226 
 119.32859  301.71606 
 202.15622  302.16208 
 306.29785  301.85629 
 144.90532  302.29111 
 217.44803  302.95297 
 256.16364  303.21298 
 283.84842  305.11017 
 227.08765  306.0513 
 370.85086  305.70819 
 497.7247  306.08844 
 300.96094  307.47174 
 379.28775  306.87881 
 513.12402  306.91479 
 191.79152  308.01846 
 243.91464  308.56119 
 320.11728  309.43253 
 124.49577  309.68903 
 541.23444  309.74158 
 352.45724  310.7959 
 312.35452  312.22916 
 289.849  312.66177 
 363.51917  312.60474 
 386.62195  313.57504 
 133.80489  315.45184 
 158.94897  314.73096 
 256.32083  314.94229 
 394.94962  314.82291 
 534.29877  316.01553 
 196.38358  316.9838 
 341.51691  317.1839 
 465.33847  316.49332 
 500.26172  317.25452 
 325.50726  318.17416 
 225.26387  318.8876 
 300.17722  319.23584 
 268.44498  319.604 
 480.26013  319.84152 
 508.77737  320.31357 
 246.21388  321.0451 
 168.45847  322.20203 
 213.59846  322.86865 
 279.70486  323.0632 
 308.81027  322.8721 
 400.86758  324.29495 
 428.82571  324.19766 
 111.75082  324.79883 
 184.90747  324.73416 
 488.22287  325.16705 
 288.33499  326.08676 
 244.92975  327.74179 
 197.35789  330.21884 
 221.15697  330.9679 
 323.33679  331.19418 
 162.76282  332.13452 
 264.15195  331.76828 
 277.43298  332.4122 
 506.51251  332.13074 
 151.40465  332.75525 
 337.55423  334.04965 
 116.46686  334.26984 
 516.16602  335.40738 
 389.24991  336.47473 
 486.61224  336.97672 
 303.27936  337.91919 
 443.31232  337.75299 
 401.63293  339.33499 
 359.6095  341.02051 
 312.99524  342.03818 
 259.57944  343.60034 
 339.66183  344.27719 
 112.70824  344.77429 
 244.18663  344.98703 
 86.886887  346.07034 
 293.74316  345.79562 
 425.20282  346.0459 
 530.20575  345.74512 
 283.95773  346.80859 
 329.10617  346.73505 
 435.49677  346.57837 
 489.33109  346.39984 
 385.58838  348.03238 
 395.22308  348.1373 
 202.27216  349.20325 
 353.12421  348.7843 
 539.60712  348.75 
 98.591682  349.80774 
 192.64041  349.92685 
 499.06406  350.4285 
 278.59973  351.02139 
 219.30232  351.68823 
 141.71622  352.84158 
 261.95459  352.82031 
 108.05532  354.27054 
 210.20778  354.1651 
 305.10513  353.61081 
 295.16376  355.3848 
 331.36172  355.03204 
 400.33627  355.11313 
 269.97049  356.91287 
 191.91722  357.59445 
 86.085838  359.20541 
 343.87253  358.66583 
 430.20724  358.47018 
 475.61603  359.47845 
 488.22931  358.86203 
 285.22842  359.51932 
 304.36771  359.75473 
 536.73804  359.6738 
 382.97433  360.52002 
 403.73132  363.18152 
 415.58328  363.19876 
 448.00281  363.51471 
 499.05493  364.44949 
 160.72751  364.7435 
 198.2139  364.53595 
 238.95363  364.4978 
 247.41052  365.64227 
 293.00522  367.20273 
 426.9614  366.84918 
 459.24484  367.33502 
 511.74152  366.79947 
 480.20654  367.86493 
 82.787949  368.78351 
 278.44205  368.5173 
 230.16641  369.67233 
 302.70209  370.2114 
 254.78384  370.79327 
 239.29247  373.07932 
 263.30493  372.7854 
 285.39856  372.80447 
 71.846268  373.84711 
 183.19218  374.96344 
 200.93942  374.65863 
 492.66751  376.46445 
 271.76999  377.48422 
 312.17371  376.58923 
 483.2114  376.45349 
 173.62357  379.40747 
 164.58681  379.89877 
 307.12805  379.67734 
 513.93396  379.76099 
 285.53232  381.10577 
 320.78476  381.07391 
 365.72433  380.7168 
 523.62268  381.47473 
 374.99646  382.10959 
 222.8504  385.15991 
 339.26611  385.34073 
 385.54941  385.73264 
 199.66972  387.22894 
 77.077377  388.8645 
 369.4859  390.39279 
 527.61884  390.24258 
 130.43631  390.87689 
 210.25548  390.68942 
 254.88503  390.72147 
 481.25946  391.97122 
 262.78745  393.47394 
 394.08572  393.05823 
 436.97879  393.09631 
 511.95038  393.43677 
 493.22537  394.78616 
 290.22757  396.17572 
 300.22366  395.85938 
 346.70685  395.63406 
 466.00058  396.42981 
 271.0014  397.05737 
 519.49109  397.46408 
 381.67126  397.83752 
 409.92163  397.81284 
 138.13351  399.04556 
 503.12912  399.42014 
 196.61531  400.25342 
 206.47701  401.08524 
 120.43745  401.98126 
 331.01224  401.96707 
 229.7988  402.64011 
 129.64859  404.43851 
 238.98805  405.3309 
 340.36288  404.63251 
 382.70062  404.95749 
 306.7049  405.96817 
 372.17606  405.63562 
 443.1073  405.61392 
 167.41187  408.52463 
 274.00494  407.96954 
 297.89459  408.02847 
 393.99408  408.35547 
 426.86417  407.8898 
 540.3194  408.34195 
 94.609802  409.48129 
 316.81061  409.21899 
 521.31128  408.45343 
 211.15587  410.31433 
 248.22585  410.02197 
 350.504  410.22211 
 435.27011  411.28033 
 450.34366  411.16623 
 503.83688  410.81662 
 196.13095  411.52328 
 206.36594  412.72519 
 215.07266  412.6055 
 487.03546  413.0054 
 284.66794  414.04034 
 417.22308  413.55176 
 512.50183  414.28564 
 178.22977  414.80133 
 330.31747  416.13638 
 338.3125  416.36298 
 225.79932  416.69638 
 258.59421  417.40604 
 536.68042  417.25983 
 398.57495  417.90009 
 494.14462  417.7814 
 465.59311  418.83319 
 167.59236  419.84137 
 305.73151  420.40805 
 320.92154  420.18674 
 476.16995  420.285 
 410.22641  420.94766 
 293.94809  422.96057 
 436.31485  422.81451 
 210.8093  424.33365 
 346.08328  424.22604 
 333.19815  424.63489 
 485.21249  425.33258 
 147.90411  426.02853 
 513.66217  425.56857 
 176.45494  426.84232 
 401.60144  427.22519 
 125.55226  428.41376 
 261.47202  427.42584 
 421.0838  427.69455 
 270.97348  428.67593 
 281.53333  429.03253 
 536.03595  429.27664 
 139.73674  430.65216 
 184.00615  430.7095 
 299.69406  430.86816 
 376.52887  431.06665 
 222.51151  431.82428 
 409.5202  431.6904 
 317.3479  433.36362 
 327.63058  432.81393 
 352.87494  432.58713 
 473.68011  433.31461 
 232.17461  433.51059 
 197.12143  435.86374 
 336.26529  436.30258 
 385.10544  437.45248 
 296.0892  438.13062 
 419.1825  437.76855 
 140.28378  441.24222 
 258.88693  442.26938 
 324.03653  442.4751 
 348.28391  442.9715 
 392.65649  444.3949 
 153.92601  445.33972 
 402.49472  444.63089 
 237.29556  445.95987 
 217.06689  447.14929 
 266.81345  447.58286 
 308.767  447.37033 
 171.58705  447.73938 
 335.02682  447.9566 
 444.79984  447.8447 
 198.43246  448.6767 
 358.94962  449.08081 
 297.49847  449.60062 
 229.19356  452.68506 
 252.75963  453.08261 
 535.40271  452.89612 
 286.09195  454.42346 
 317.4025  454.21426 
 207.87196  456.80298 
 383.81049  460.15677 
 278.655  461.32294 
 415.11786  461.58395 
 298.45792  464.15491 
 327.46713  464.44824 
 285.27985  468.4494 
 367.67215  469.19043 
 245.64497  471.02689 
 347.37778  471.93887 
 260.01181  474.24609 
 301.77133  473.7049 
 401.47391  474.58405 
 332.01517  476.08334 
 392.24457  476.48563 
 412.5679  477.05527 
 314.32224  478.47964 
 289.42548  479.57883 
 374.3262  484.09787 
 318.96921  486.52231 
 382.95395  486.64114 
 238.92868  487.62277 
 281.12003  488.78647 
 533.93213  488.7095 
 254.45137  494.25241 
 273.23456  495.38562 
 308.40045  495.03418 
 298.97546  495.8963 
 367.13403  497.90726 
 286.57608  498.65894 
 387.96271  499.26791 
 442.61093  499.5799 
 241.1505  501.10284 
 376.18085  500.95389 
 328.68146  501.58292 
 450.67209  502.90176 
 318.63498  504.85089 
 349.81967  504.9137 
 292.70123  506.31836 
 310.51941  505.98083 
 266.69073  507.70081 
 358.11276  509.32187 
 437.20587  510.42667 
 251.82451  511.32126 
 302.05057  511.6795 
 327.75934  513.18701 
 403.90253  512.98566 
 371.82227  514.09906 
 515.89514  513.94836 
 446.12415  515.66315 
 277.60663  518.68573 
 465.18472  519.21246 
 430.50824  519.84448 
 245.8735  521.17725 
 409.63083  522.41382 
 373.77115  526.47113 
 439.30157  525.87152 
 393.08279  526.98114 
 323.43185  529.99408 
 400.36703  530.96552 
 382.61081  535.01239 
 434.53134  535.24481 
 461.44797  536.1358 
 456.35153  537.15845 
 476.76331  538.37897 
 445.25165  539.00409 
 257.92288  540.38586 
 252.26413  56.999874 
 397.94824  118.26877 
 424.62537  155.31564 
 107.31705  174.04819 
 415.67947  201.03949 
 151.44461  207.84215 
 397.1506  213.64487 
 376.83508  235.14575 
 452.72165  236.15886 
 304.00095  241.54904 
 277.39719  257.5849 
 360.54617  252.8737 
 428.48047  259.47043 
 314.38632  357.59717 
 355.32397  397.70667 
 486.07843  404.47964 
 457.69995  427.44882 
 111.67265  430.84805 
 434.31516  439.54996 
 515.18115  442.39838 
 357.97614  477.39099 
 540.31378  477.1517 
 359.37686  512.59296 
 283.09015  523.99866 
 150.54672  88.234314 
 191.10551  87.400589 
 358.79913  86.896187 
 204.77333  92.424736 
 371.39426  93.791779 
 96.294243  95.527336 
 127.85046  96.816612 
 165.54079  95.959999 
 217.74026  95.449532 
 384.19247  98.446342 
 347.94412  101.90923 
 113.39088  103.65345 
 178.59401  103.03628 
 147.96938  105.47573 
 84.604042  108.2253 
 158.2755  111.8717 
 364.71616  114.35703 
 378.82303  115.90581 
 180.42412  117.40964 
 219.75784  119.01672 
 85.048882  120.07631 
 265.42325  119.32965 
 118.64339  122.1944 
 411.48801  123.9375 
 158.05072  125.7114 
 169.76372  127.06734 
 364.19556  130.54877 
 271.24634  132.13945 
 296.38568  131.9473 
 436.81006  132.00459 
 101.91393  134.1741 
 127.01678  134.14226 
 379.85327  135.37051 
 283.52179  142.24153 
 115.99058  143.90085 
 136.58426  143.44832 
 252.74301  145.72025 
 392.92969  149.23062 
 406.24646  149.79205 
 437.0842  149.94463 
 237.28136  152.66817 
 272.29849  151.67668 
 360.40704  151.18684 
 373.41574  154.82845 
 466.8031  156.87682 
 105.1306  157.6162 
 134.43529  160.82436 
 222.61224  159.36491 
 118.3591  162.36238 
 247.45116  161.50697 
 396.34668  164.49602 
 479.81433  163.70421 
 276.49103  166.09758 
 363.664  165.16273 
 131.99692  168.71144 
 319.89148  168.13055 
 493.92816  170.03226 
 507.14255  170.75389 
 198.04912  171.98569 
 213.23366  172.23204 
 162.23761  177.66655 
 384.02048  178.57718 
 419.50214  179.1812 
 398.18979  184.79628 
 108.5125  184.94444 
 199.10199  185.82532 
 488.065  185.14429 
 120.28444  190.25549 
 411.19852  189.67961 
 448.04498  191.6429 
 497.90067  192.77237 
 130.37692  196.54399 
 262.09445  195.57184 
 190.24435  198.67857 
 376.1803  197.82875 
 141.38199  201.05066 
 161.07828  201.89529 
 101.44305  203.21986 
 114.23938  204.59485 
 202.03625  203.95798 
 390.35529  203.14795 
 273.88269  206.72968 
 452.99271  205.47818 
 124.53072  212.27692 
 286.14438  211.35994 
 502.60913  212.66818 
 106.74434  215.95345 
 140.87314  216.55533 
 267.08865  218.15395 
 155.60823  219.37329 
 350.70999  219.08534 
 372.02008  219.68332 
 425.20886  220.82268 
 478.00967  221.41638 
 143.49911  222.74521 
 277.54639  224.20218 
 189.90384  225.51343 
 396.63501  226.2621 
 203.0981  228.35918 
 438.77725  228.35019 
 340.81741  229.45425 
 288.27322  231.99254 
 313.77386  231.63333 
 361.75421  233.65089 
 151.94983  237.26074 
 194.5686  237.14014 
 419.11765  237.33981 
 476.47433  240.39502 
 241.25612  241.62238 
 436.80209  242.34018 
 172.49152  243.99205 
 184.07735  248.11362 
 158.1682  249.6825 
 345.03748  250.14063 
 448.36038  250.13416 
 462.66956  254.97894 
 191.66159  257.5647 
 329.56055  258.28918 
 372.06674  258.36703 
 345.19626  259.96298 
 145.2265  262.67279 
 166.93953  269.34525 
 180.62537  271.37683 
 214.44511  274.65933 
 328.82544  273.53949 
 315.59235  276.08774 
 449.75836  274.97308 
 228.87311  278.53168 
 269.8819  278.80746 
 342.73178  278.10779 
 372.96375  278.90036 
 150.20155  280.3501 
 357.26959  279.47879 
 255.21561  282.11978 
 164.88966  284.29266 
 282.17267  283.70566 
 124.24647  285.95728 
 183.01657  286.37854 
 264.81717  289.87265 
 466.36053  291.32819 
 85.413704  294.50616 
 134.70111  293.7016 
 291.76917  295.32864 
 481.9043  296.92685 
 209.08777  297.66003 
 273.3638  300.25726 
 359.21701  300.5528 
 144.73602  302.35568 
 241.61339  301.66733 
 304.02243  302.82651 
 225.77052  304.81024 
 496.67776  304.09668 
 256.56888  305.83554 
 378.82758  304.97388 
 511.38831  306.96652 
 188.49965  308.60486 
 351.86227  308.41611 
 315.2468  310.11279 
 118.73962  311.56552 
 363.78217  314.08774 
 325.10983  317.1329 
 131.28542  318.07062 
 196.84613  318.61523 
 271.3428  318.92218 
 225.54123  319.91815 
 169.00772  322.24625 
 211.5233  323.01404 
 183.10875  323.58313 
 245.53351  323.15515 
 402.27905  324.16821 
 487.84552  325.27997 
 286.15109  327.24979 
 262.3233  330.25687 
 222.7708  332.08847 
 323.20709  331.80597 
 506.29553  332.65851 
 149.21947  333.33868 
 337.3829  333.66766 
 302.95633  336.00784 
 388.67468  336.2037 
 445.44131  336.81558 
 359.35516  338.30692 
 113.47163  340.96832 
 402.41183  340.23032 
 86.017075  344.82397 
 245.58731  343.97095 
 269.25037  343.27286 
 484.90311  343.57413 
 279.78445  346.18042 
 435.069  346.19922 
 498.20602  348.30786 
 201.75882  349.4205 
 140.27345  351.42923 
 188.75008  352.61081 
 292.8161  351.33633 
 344.38034  358.08047 
 382.73328  357.9614 
 85.432915  361.1918 
 486.22949  359.10666 
 198.54492  361.54572 
 428.64462  361.00201 
 499.00427  364.31317 
 225.43156  368.9866 
 328.12625  367.13446 
 511.82019  367.40488 
 263.87778  370.29474 
 238.76746  371.90012 
 478.11432  372.20023 
 202.71938  373.42648 
 395.98193  373.85269 
 491.0235  376.78949 
 271.65411  378.54245 
 306.60452  378.75659 
 320.07245  382.15192 
 385.23492  384.94626 
 198.77237  386.39389 
 223.35805  385.05435 
 364.28259  387.93814 
 338.02991  389.18719 
 436.67065  391.61472 
 479.54303  391.54526 
 492.22839  392.52838 
 260.35648  395.60294 
 503.20132  396.89307 
 191.3119  398.29831 
 204.70029  400.17758 
 328.16299  400.62973 
 380.73541  400.20001 
 129.74205  404.47519 
 339.53693  404.3555 
 163.74017  405.36713 
 301.95438  405.29837 
 270.81696  408.14301 
 316.33875  408.40366 
 392.74323  407.87625 
 423.68179  408.54105 
 246.45737  409.40479 
 351.89645  410.38376 
 196.00185  411.23434 
 450.91757  411.04044 
 502.13824  411.04745 
 176.50334  413.42001 
 257.4158  414.5249 
 283.88513  414.17499 
 464.70383  416.26703 
 207.30034  419.0459 
 224.27522  417.13919 
 307.1441  418.01587 
 476.85922  418.77988 
 163.15549  420.3566 
 396.72281  422.13623 
 439.23248  421.67047 
 345.51895  423.66144 
 272.05606  426.47632 
 174.62592  428.12082 
 259.38834  428.40536 
 354.47232  430.69446 
 408.73813  429.67493 
 233.12476  432.47989 
 317.33929  432.39844 
 373.98956  431.46835 
 334.86154  434.26425 
 421.09769  434.28256 
 474.26797  433.53873 
 292.69525  435.84366 
 138.33029  442.81186 
 238.96303  444.72403 
 324.88336  443.33514 
 345.58124  443.78857 
 216.68657  446.1564 
 403.28644  446.81012 
 167.22717  448.84512 
 362.09476  448.14188 
 195.43968  449.40018 
 266.60696  449.90701 
 252.40025  451.57108 
 295.46823  451.44119 
 229.05183  453.6889 
 287.75562  454.9299 
 317.41003  454.37906 
 206.90359  458.48627 
 384.13181  459.57239 
 326.45602  465.44229 
 285.77853  467.01712 
 367.8819  468.87723 
 245.38562  471.32599 
 260.37042  474.84866 
 413.72678  476.27267 
 314.97525  477.98029 
 290.7493  480.68521 
 400.27493  479.30981 
 378.62527  485.70084 
 279.69858  488.71191 
 238.9606  489.98758 
 307.5773  492.19519 
 292.1687  493.52072 
 365.47366  496.81003 
 389.15964  499.02148 
 240.09674  499.41495 
 330.06497  499.70813 
 266.03198  505.44748 
 279.52432  506.77029 
 289.89764  507.98969 
 254.76747  509.60965 
 303.78235  509.28934 
 404.34369  510.28998 
 435.5993  509.18008 
 324.49063  512.96423 
 316.22763  359.15811 
 125.56033  119.76588 
 154.52643  128.28909 
 435.92523  130.6953 
 298.64816  132.48717 
 361.25809  135.36034 
 380.18024  138.57092 
 283.90805  142.74397 
 118.37123  158.4469 
 134.24377  164.62019 
 247.7148  164.1534 
 365.75839  163.76198 
 394.97919  166.5929 
 198.48674  169.63258 
 383.86365  175.08987 
 159.74716  180.63525 
 398.88498  184.30173 
 355.68115  185.9388 
 201.52847  187.34834 
 131.00452  194.9458 
 356.50293  196.76318 
 375.7753  196.22427 
 189.60022  200.29285 
 394.09399  202.29356 
 160.5407  206.26665 
 457.33234  207.98697 
 123.52124  217.78629 
 373.15985  219.66386 
 425.92645  219.91049 
 477.73206  220.78343 
 141.0923  221.20114 
 342.11618  226.21884 
 189.79018  225.24469 
 276.24744  225.59744 
 312.22049  233.75349 
 360.67581  233.80884 
 156.30376  239.63429 
 419.86646  239.10721 
 437.08951  242.51047 
 477.66879  241.70131 
 183.03032  250.42227 
 344.63089  248.86311 
 361.55652  255.35625 
 462.56027  255.34384 
 327.09064  258.26685 
 145.26608  259.41498 
 449.26126  272.39679 
 314.36685  274.06732 
 327.01254  275.55328 
 212.867  276.90811 
 343.40793  278.5134 
 122.15369  281.77686 
 252.06548  282.14551 
 282.89569  283.00412 
 166.74957  285.37021 
 186.19029  289.18713 
 466.1282  290.17645 
 135.29749  291.18839 
 482.69238  294.23386 
 151.81067  295.39828 
 287.82913  299.15491 
 207.06964  301.85898 
 241.37755  302.00592 
 275.57523  301.93991 
 224.21886  303.91583 
 304.02548  303.82932 
 352.74457  305.84366 
 378.39871  306.67953 
 256.74368  311.62314 
 182.9221  314.13388 
 326.64636  316.48859 
 130.79575  319.83969 
 195.48877  319.31885 
 211.37718  322.1846 
 227.90651  324.23334 
 404.81583  323.91876 
 244.65855  325.12006 
 285.05475  328.23889 
 147.56111  331.63538 
 321.13821  333.1424 
 338.7037  332.84378 
 356.25482  336.27173 
 306.18304  337.03012 
 266.80261  339.71252 
 366.39966  342.16321 
 481.03348  341.78763 
 120.37868  343.60037 
 404.10837  344.67075 
 139.86395  352.11581 
 290.92453  352.79346 
 200.63878  353.47214 
 383.48972  356.32336 
 344.94333  358.50922 
 427.44147  362.72421 
 326.74332  365.92554 
 239.87862  373.72232 
 473.6636  374.0155 
 338.87689  378.60422 
 320.01489  382.60339 
 338.18979  387.22504 
 361.78528  389.35605 
 476.98816  392.18201 
 202.83777  397.11533 
 129.84435  401.67212 
 300.71121  402.07047 
 269.1008  405.85385 
 392.25711  408.06546 
 244.88669  410.26175 
 315.42044  410.55548 
 354.92285  411.74173 
 174.12033  414.2876 
 465.14014  414.7641 
 225.04695  418.53491 
 205.84662  420.33893 
 273.16245  425.52338 
 392.67038  425.96826 
 425.98373  427.66754 
 254.64728  429.6637 
 374.23361  430.16364 
 408.63934  429.26669 
 291.91705  432.91422 
 332.34644  433.52548 
 215.6676  442.52658 
 343.29605  446.45746 
 253.56757  450.77161 
 268.20685  452.60498 
 229.74222  455.21741 
 317.85773  455.17914 
 287.56006  459.11908 
 385.4144  457.72598 
 367.15738  467.02597 
 244.21001  471.95242 
 291.87241  482.00967 
 390.5127  170.4088 
 373.91763  200.97955 
 346.26352  249.00829 
 250.93355  319.40842 
 264.41608  338.37973 
 290.07156  350.64835 
 238.9973  378.01978 
 224.98851  412.58603 
 178.60326  414.54135 
 273.08459  421.76154 
