[35.076698, 28.933563;
 214.02728, 28.839714;
 241.32895, 29.347408;
 224.07428, 31.404688;
 281.8732, 34.269901;
 337.38828, 33.88018;
 176.10222, 40.115303;
 74.191589, 41.127438;
 137.5592, 40.725677;
 164.86133, 42.053482;
 288.79214, 42.407654;
 262.62769, 43.117863;
 285.32022, 44.964035;
 94.420708, 45.609276;
 158.38475, 45.550121;
 56.466484, 48.627777;
 73.676842, 48.410736;
 165.37253, 50.512569;
 324.00241, 50.398315;
 119.14874, 51.038628;
 63.497021, 53.514828;
 70.101906, 54.393997;
 156.86308, 53.2393;
 193.07426, 52.920162;
 267.49036, 50.778759;
 94.322807, 54.461456;
 110.85949, 54.865414;
 296.13171, 57.006325;
 202.79813, 58.115932;
 265.17279, 59.949589;
 103.46986, 60.924519;
 126.69716, 61.860989;
 150.74637, 59.960541;
 144.26459, 64.130951;
 81.242256, 63.722206;
 167.96065, 65.572441;
 74.899429, 66.643654;
 111.78, 67.710907;
 151.03954, 68.340416;
 244.04846, 68.400703;
 125.6188, 69.97419;
 81.734467, 72.131676;
 107.9085, 70.191597;
 187.40353, 71.863037;
 245.46313, 76.548889;
 285.12863, 75.387978;
 112.84151, 78.261826;
 189.75894, 79.644104;
 92.372406, 79.988144;
 86.045952, 84.084587;
 117.05701, 84.440323;
 242.24092, 85.36953;
 139.23306, 86.651817;
 94.474602, 88.717537;
 86.431313, 89.573303;
 153.3522, 92.843933;
 105.42867, 93.662468;
 240.1595, 94.710068;
 257.65582, 92.884003;
 139.15457, 96.455513;
 156.12907, 95.109779;
 137.33717, 98.004219;
 256.84476, 100.59317;
 83.959335, 99.67305;
 104.85979, 101.34225;
 140.21175, 104.06519;
 148.49416, 103.04809;
 120.49931, 104.77141;
 171.62849, 104.76807;
 40.270119, 106.15032;
 84.142921, 107.62141;
 71.284729, 107.19363;
 54.829247, 108.29066;
 96.285934, 107.14677;
 186.66516, 109.01802;
 59.688862, 110.23715;
 206.17056, 111.06363;
 175.04477, 111.52715;
 339.41373, 110.84267;
 74.071487, 112.72747;
 55.017681, 115.0996;
 95.470505, 115.66107;
 343.65063, 114.68093;
 316.14255, 115.34818;
 185.27753, 118.25183;
 195.16525, 119.03799;
 233.38445, 120.26363;
 318.43173, 122.94266;
 36.482212, 122.89211;
 82.817459, 121.18347;
 64.81002, 124.83388;
 155.84558, 125.74658;
 108.37534, 127.42888;
 194.446, 126.97402;
 265.41913, 127.14403;
 167.95992, 130.04309;
 236.117, 129.94417;
 105.19797, 130.12657;
 33.644928, 132.05513;
 220.6311, 132.10378;
 175.6391, 132.67738;
 293.71826, 132.60304;
 126.2806, 133.61234;
 268.2355, 134.47701;
 87.670113, 136.78963;
 113.34989, 135.30728;
 158.6051, 137.62961;
 219.79637, 137.85388;
 242.15361, 138.39775;
 53.125427, 139.79074;
 125.10633, 140.14359;
 169.36938, 139.61378;
 274.33682, 139.69048;
 66.243729, 141.22986;
 227.15892, 141.3542;
 345.69778, 140.60889;
 42.069599, 144.25401;
 115.39491, 144.07896;
 240.8398, 145.21179;
 88.361923, 146.27098;
 153.99327, 147.12131;
 188.22447, 146.866;
 304.61996, 146.45743;
 343.90216, 148.18193;
 67.386597, 148.88451;
 226.17941, 147.77983;
 54.937618, 150.05551;
 97.022308, 151.7787;
 324.52145, 152.69167;
 54.778782, 155.68285;
 173.00266, 156.69238;
 222.25708, 157.03638;
 160.40547, 160.18057;
 212.12718, 159.8678;
 47.123352, 160.91525;
 71.347252, 162.86887;
 174.35342, 165.14919;
 186.28726, 165.4727;
 201.04193, 164.88072;
 312.66931, 164.53564;
 101.52561, 165.9908;
 318.72827, 166.4684;
 212.08549, 167.99902;
 32.507671, 169.0686;
 73.978882, 171.44109;
 315.25681, 172.33719;
 167.14415, 174.75714;
 134.12067, 175.92868;
 231.79283, 175.94078;
 57.421165, 180.54492;
 236.62793, 182.49442;
 169.03372, 183.70726;
 85.830383, 185.29668;
 100.17498, 185.24348;
 100.67039, 186.26016;
 31.542971, 187.42213;
 326.34412, 186.41965;
 236.01106, 188.26602;
 138.27626, 189.84386;
 216.73096, 190.85162;
 68.59433, 194.34627;
 144.84042, 193.57918;
 123.91883, 196.00023;
 135.3175, 197.16096;
 172.03349, 199.50746;
 90.613625, 201.67447;
 189.01752, 203.10356;
 124.13445, 203.8502;
 81.86071, 204.89604;
 104.3711, 205.15526;
 108.75874, 204.19109;
 347.63297, 205.18799;
 47.192123, 206.78738;
 306.22821, 208.53566;
 87.125404, 211.39795;
 283.13251, 210.35864;
 109.73554, 211.431;
 199.69562, 210.59436;
 349.8183, 213.42628;
 58.02507, 214.16495;
 63.392002, 216.31729;
 136.37299, 223.61177;
 42.510429, 225.23766;
 72.770088, 225.46913;
 363.47711, 226.40298;
 97.407272, 225.36459;
 189.30243, 226.17984;
 272.69952, 226.99957;
 53.942303, 229.22533;
 145.8145, 228.24208;
 161.46895, 229.02921;
 120.97315, 232.02435;
 191.72856, 233.27821;
 250.50134, 232.7496;
 145.97206, 235.64752;
 273.9826, 235.61598;
 121.13655, 237.42934;
 314.07944, 236.70944;
 97.038086, 240.38574;
 174.79745, 240.80707;
 42.701385, 243.41855;
 260.81403, 242.95834;
 356.11661, 244.04846;
 108.83059, 246.129;
 235.98488, 246.24567;
 148.95721, 245.99278;
 48.475273, 247.50591;
 60.850315, 247.62923;
 79.154755, 248.38832;
 190.60757, 248.17331;
 107.09696, 251.55753;
 259.21365, 256.78806;
 64.698814, 258.90805;
 152.05673, 262.61081;
 179.12044, 261.70535;
 292.72443, 263.89996;
 195.28444, 268.11212;
 56.989761, 271.42148;
 67.528221, 271.39813;
 141.41156, 271.48828;
 256.03662, 275.50137;
 114.17618, 277.22052;
 163.36076, 279.78842;
 253.68816, 280.7919;
 290.26471, 290.27194;
 102.21108, 291.48557;
 329.84668, 292.44968;
 253.25879, 293.6066;
 328.05981, 293.57211;
 301.87488, 295.77377;
 38.77557, 296.10684;
 246.98155, 295.87842;
 175.69347, 296.2189;
 345.72269, 297.67511;
 291.16528, 300.12772;
 274.57639, 300.83755;
 357.2359, 301.43988;
 56.91864, 302.75461;
 210.75111, 305.69482;
 251.16278, 305.88043;
 170.11406, 310.03757;
 283.30487, 308.83121;
 145.41835, 308.4108;
 58.433159, 310.53885;
 317.75662, 311.90878;
 41.732788, 313.47174;
 353.95212, 313.4278;
 99.867638, 315.11038;
 319.36172, 320.01263;
 359.75104, 320.20169;
 193.80661, 321.05096;
 236.96144, 321.00391;
 166.74911, 323.39081;
 248.55934, 326.34259;
 72.582336, 327.03452;
 308.24506, 326.73352;
 33.091354, 327.81445;
 238.57681, 329.57416;
 214.86954, 329.0636;
 59.016895, 330.30203;
 156.19472, 331.90472;
 331.95889, 330.0401;
 111.18599, 331.3631;
 128.49765, 330.62378;
 156.20149, 332.94427;
 124.27657, 338.03159;
 205.65593, 337.22995;
 185.84982, 342.35056;
 52.529202, 344.26471;
 267.39624, 344.13647;
 236.18266, 344.90646;
 49.373981, 345.79016;
 275.56732, 346.76596;
 111.87315, 347.63321;
 285.19614, 346.67819;
 167.83778, 348.93127;
 78.802109, 351.21204;
 82.687271, 350.67416;
 284.46854, 353.83524;
 170.39116, 353.72266;
 210.59035, 355.94962;
 83.922241, 358.22879;
 170.55893, 359.13031;
 194.8586, 358.6796;
 101.32328, 362.04239;
 129.57355, 363.13043;
 340.23215, 363.22717;
 46.255177, 366.12714;
 362.85153, 365.79218;
 66.171364, 43.32497;
 111.4557, 45.962147;
 142.01328, 47.84267;
 201.63463, 49.000023;
 144.05032, 57.047405;
 166.44958, 58.185555;
 343.6857, 62.33231;
 186.69162, 64.306488;
 343.33762, 71.469612;
 302.49719, 73.240517;
 98.213387, 74.2285;
 138.28673, 76.242043;
 252.98462, 79.831062;
 100.56584, 85.067398;
 151.74323, 85.645821;
 282.09695, 88.956352;
 324.91931, 90.625938;
 177.1684, 92.269913;
 211.79256, 91.664497;
 88.030205, 94.189781;
 304.82159, 94.086723;
 347.8353, 94.972488;
 44.566174, 97.031639;
 120.54255, 96.516899;
 180.87045, 100.78137;
 326.84824, 101.14243;
 276.28915, 102.4416;
 207.39211, 102.9111;
 264.94907, 103.85588;
 343.03003, 108.38763;
 276.82565, 110.28207;
 106.35191, 119.99088;
 162.16551, 120.63286;
 85.143814, 129.08044;
 187.46356, 133.46861;
 303.61679, 138.41687;
 274.84686, 146.77434;
 247.91771, 151.66112;
 128.79193, 153.31514;
 104.03693, 158.68138;
 97.280403, 162.30627;
 256.61987, 166.02165;
 81.183334, 166.63309;
 47.81773, 172.27122;
 224.36494, 184.71449;
 189.52115, 185.89314;
 57.89975, 190.50024;
 49.445518, 192.01799;
 198.43605, 199.10817;
 162.46989, 211.90962;
 128.19835, 212.92775;
 189.23819, 213.33107;
 238.6783, 219.69492;
 194.82484, 226.52762;
 102.75967, 230.98993;
 224.69727, 230.85577;
 331.29001, 235.54425;
 135.28236, 238.1893;
 105.61744, 239.47551;
 76.647392, 248.32339;
 65.940941, 251.34917;
 104.7463, 251.36507;
 339.30609, 254.13335;
 53.089245, 256.2493;
 127.35188, 263.7294;
 273.8826, 268.04962;
 278.04395, 271.76163;
 254.96944, 278.09262;
 204.00757, 279.12161;
 282.59283, 281.84299;
 300.91177, 286.09039;
 116.39366, 287.35138;
 263.76001, 297.32953;
 332.09549, 301.14163;
 308.78989, 301.99957;
 337.55426, 309.75525;
 252.87164, 316.979;
 55.238781, 318.71072;
 50.45174, 321.52023;
 196.91252, 348.63879;
 185.57722, 353.39139;
 119.22494, 51.419975;
 144.21605, 65.03318;
 167.65591, 65.664108;
 187.02916, 71.726044;
 148.91006, 102.99701;
 72.434166, 116.11311;
 343.83081, 115.95582;
 156.28915, 124.87607;
 236.65891, 130.40508;
 220.18222, 131.12241;
 293.09872, 132.06381;
 242.35997, 137.6458;
 124.30737, 141.16815;
 324.51379, 152.18059;
 186.77437, 164.95612;
 236.92726, 181.67607;
 235.51306, 189.4039;
 145.36864, 193.98097;
 87.459747, 201.07018;
 236.24741, 246.05525;
 60.535435, 247.46564;
 291.8602, 263.41071;
 57.102695, 302.03427;
 58.313168, 310.86768;
 72.726494, 326.5715;
 58.95356, 329.74738;
 265.38489, 59.801201;
 126.00777, 61.4496;
 81.057968, 62.920609;
 187.72935, 63.296688;
 244.66765, 68.175629;
 148.62213, 68.883049;
 108.15331, 69.665176;
 126.42049, 70.652626;
 81.732635, 73.364578;
 302.92465, 73.183083;
 285.98636, 74.47966;
 137.92465, 76.026505;
 113.72015, 77.486099;
 93.632484, 78.040054;
 189.68823, 79.773346;
 251.80608, 79.876022;
 220.43968, 81.555779;
 152.45822, 84.439346;
 241.59, 85.317177;
 138.70612, 86.019699;
 115.45886, 86.556786;
 95.467049, 88.608971;
 176.36217, 90.84082;
 325.38681, 90.866714;
 258.11807, 92.102844;
 105.54547, 93.115479;
 305.14603, 94.113434;
 86.551498, 95.277008;
 155.11427, 95.003693;
 139.01265, 95.984673;
 241.82892, 95.605011;
 207.31488, 101.81282;
 258.31989, 101.91457;
 276.02731, 101.83918;
 105.69075, 102.50007;
 170.7222, 104.28668;
 262.74478, 103.95949;
 120.77757, 105.35509;
 139.82817, 105.02186;
 71.504913, 106.5996;
 96.017708, 106.81425;
 84.747986, 108.09434;
 186.54703, 108.8788;
 206.64021, 111.47889;
 174.76198, 111.82626;
 316.60596, 114.65375;
 95.503044, 115.92581;
 184.77596, 118.34038;
 195.63341, 118.62555;
 83.142807, 120.05124;
 106.76357, 119.62302;
 161.79898, 119.82906;
 233.55785, 120.02641;
 64.919403, 124.49485;
 319.05707, 124.07076;
 195.56271, 127.16151;
 105.33469, 129.9648;
 165.61389, 131.0322;
 125.36835, 132.6696;
 114.6166, 134.33682;
 187.88573, 134.00313;
 267.40836, 134.77374;
 87.337845, 136.78699;
 219.02261, 137.95203;
 170.01747, 140.0105;
 67.117096, 140.80229;
 116.26568, 144.87634;
 240.48633, 145.06877;
 87.975677, 146.46167;
 153.85695, 147.08295;
 164.73369, 147.9924;
 67.299934, 149.94455;
 97.597481, 151.94482;
 129.76141, 153.51424;
 173.61322, 155.78017;
 212.88002, 159.12659;
 71.672394, 162.47534;
 313.57007, 164.1729;
 98.913483, 164.89407;
 201.18561, 164.67085;
 82.920914, 166.16306;
 175.28635, 165.59175;
 212.54094, 169.15967;
 73.790352, 173.04866;
 315.60321, 173.61362;
 168.52574, 174.91704;
 135.05568, 176.01106;
 57.803329, 180.40402;
 99.544182, 184.20622;
 225.58435, 184.5072;
 84.553543, 185.44621;
 189.04201, 186.48491;
 326.43405, 185.9855;
 136.45396, 188.40741;
 59.065975, 191.18275;
 69.128654, 194.33838;
 124.50146, 195.18311;
 99.772438, 195.49168;
 172.35168, 199.14938;
 199.81772, 198.89317;
 189.06419, 203.07265;
 82.353622, 204.0717;
 108.28957, 204.09142;
 123.86273, 204.21347;
 306.86591, 209.01419;
 199.88734, 210.27705;
 87.229713, 212.51842;
 127.84002, 213.09395;
 162.58841, 212.92909;
 112.50023, 214.47533;
 188.92477, 213.53757;
 59.491531, 214.8309;
 238.88913, 218.59059;
 97.768738, 223.9642;
 190.72244, 225.24089;
 273.19766, 226.46968;
 146.9223, 227.5399;
 162.39603, 228.8085;
 223.99991, 229.34718;
 251.86905, 231.53322;
 192.086, 235.06223;
 274.03073, 236.24832;
 314.16922, 236.17715;
 146.375, 236.65623;
 172.99696, 239.4202;
 97.452881, 240.81548;
 135.66615, 240.61546;
 150.89168, 246.82091;
 76.659149, 247.88428;
 190.33249, 247.82458;
 103.52751, 251.30305;
 340.69415, 252.99094;
 179.84497, 261.36865;
 150.77914, 263.08255;
 128.04182, 263.65805;
 195.04034, 267.17065;
 277.17084, 270.82065;
 142.53934, 272.95932;
 254.93896, 276.67035;
 114.00924, 277.81216;
 163.28259, 280.1709;
 282.96158, 281.41931;
 300.6727, 285.65939;
 116.09729, 288.38156;
 290.42072, 289.62085;
 330.18195, 291.84366;
 248.63564, 295.23248;
 300.35843, 296.35159;
 291.9599, 300.36832;
 275.12177, 300.79697;
 333.86163, 301.73621;
 211.01091, 305.76468;
 250.99113, 306.11765;
 145.27534, 307.94623;
 336.95874, 307.87228;
 283.02066, 309.06897;
 170.79422, 310.69971;
 317.96881, 311.16623;
 99.180489, 315.2146;
 253.19527, 316.90668;
 236.96809, 320.08997;
 193.51605, 320.51089;
 320.16379, 320.79556;
 308.50583, 326.40042;
 99.172379, 326.54544;
 248.29778, 327.24957;
 128.17052, 330.00378;
 215.06821, 329.59268;
 239.24451, 330.66943;
 112.37699, 331.57184;
 155.79315, 332.07526;
 205.5878, 336.9592;
 279.93127, 336.67264;
 123.98849, 338.78021;
 236.56648, 179.7576;
 236.64316, 245.52286;
 96.378418, 88.257408;
 155.63396, 94.634399;
 207.87003, 100.13651;
 260.00546, 102.82039;
 107.29972, 117.27848;
 161.34145, 118.282;
 102.52506, 130.69228;
 118.73795, 131.60925;
 163.62903, 131.57263;
 238.6702, 143.75479;
 117.18415, 145.3587;
 154.17247, 146.48076;
 99.581398, 151.88045;
 174.76683, 164.82471;
 99.256058, 165.86755;
 136.46681, 175.39218;
 167.86177, 175.71741;
 98.909782, 181.35583;
 190.13089, 187.10045;
 135.94882, 189.00409;
 188.82054, 202.43362;
 107.92873, 203.86026;
 306.72565, 208.41002;
 161.31015, 213.16414;
 85.905067, 215.5396;
 190.26407, 220.99156;
 273.16913, 224.2739;
 164.0499, 226.88313;
 272.92218, 236.93964;
 192.09908, 237.12077;
 99.039253, 240.00352;
 135.52802, 241.78967;
 102.95702, 253.37709;
 149.84909, 263.03302;
 192.59731, 267.14871;
 276.9935, 268.70001;
 113.21423, 276.96185;
 162.22752, 279.43225;
 296.83676, 284.71466;
 249.93571, 293.57013;
 296.26978, 299.1492;
 277.00378, 301.68317;
 251.54549, 306.22507;
 119.77353, 128.55644;
 118.68676, 146.11118;
 190.1339, 203.84969;
 189.43544, 220.9894;
 164.94769, 228.12126;
 150.13597, 263.17694;
 189.68213, 266.45544;
 278.5134, 266.59641]
