 383.38736  1.7379742 
 482.90945  1.8498826 
 520.8587  1.7627305 
 623.96906  1.825518 
 990.57556  2.0952117 
 676.36145  4.309217 
 395.65588  4.9181995 
 400.24167  10.004554 
 955.36414  10.643024 
 480.32028  12.390131 
 880.12616  11.597407 
 994.30823  13.463715 
 737.495  15.312841 
 944.04327  15.750419 
 949.99207  16.172859 
 831.90607  16.572998 
 753.17828  18.194122 
 984.36481  17.862175 
 195.1814  19.030384 
 617.2146  19.327242 
 744.80762  19.173422 
 539.93866  19.740156 
 202.46364  21.349993 
 399.37473  20.971491 
 287.51727  22.517113 
 712.86371  22.662504 
 199.06363  24.966082 
 275.38638  24.840616 
 719.0296  24.925472 
 301.31042  26.480103 
 404.90689  25.954613 
 435.396  25.715839 
 281.94897  26.48208 
 549.2887  27.020292 
 936.99792  27.732761 
 809.68481  32.187805 
 312.02908  33.65836 
 513.3338  37.051311 
 149.43933  38.283058 
 519.86224  39.411163 
 256.34662  48.156956 
 263.83804  52.299236 
 256.8667  54.787556 
 244.33559  55.916286 
 555.38007  55.558155 
 519.13263  58.006153 
 921.18359  60.209492 
 546.78259  60.958775 
 552.42194  61.680588 
 245.5685  62.91309 
 203.51994  65.651871 
 520.08051  65.900978 
 638.89246  66.233437 
 625.46124  67.257111 
 804.35553  67.862915 
 241.9812  69.13205 
 657.47461  68.504562 
 820.96338  69.585793 
 737.79639  70.834984 
 514.59595  71.984047 
 806.1153  71.927177 
 898.53918  73.030304 
 296.9537  75.440117 
 667.33325  77.870369 
 987.29065  79.70134 
 100.08994  81.326202 
 291.89145  81.916855 
 293.87598  87.379585 
 90.030586  88.479263 
 414.74072  89.453606 
 969.88879  90.816673 
 562.51392  93.238289 
 537.72278  103.15844 
 694.13416  103.12 
 700.98499  104.87714 
 505.96048  105.95498 
 588.91901  105.93283 
 751.79193  106.74706 
 685.7926  107.5445 
 691.60608  109.20507 
 805.89575  111.04724 
 673.77979  113.27478 
 812.31512  113.10821 
 917.99194  113.49786 
 571.95428  114.93039 
 583.59698  114.64838 
 676.52728  119.27363 
 525.82782  123.35197 
 89.887123  126.91894 
 629.026  127.87215 
 711.31512  133.40337 
 133.84685  134.00107 
 37.359146  136.17278 
 51.220337  140.22177 
 709.59131  141.84103 
 722.92731  143.53726 
 763.41229  142.4964 
 983.74701  144.16841 
 715.73657  145.78139 
 971.05957  147.21164 
 48.193638  147.67981 
 574.86615  149.24318 
 808.86749  150.51869 
 583.25537  152.2041 
 817.14575  152.13834 
 823.33472  154.27615 
 172.78049  154.75043 
 504.08319  156.96201 
 9.8177567  160.38263 
 177.99953  163.17224 
 15.856337  164.46498 
 588.99384  172.25697 
 903.8017  171.98424 
 638.66858  174.54524 
 359.09842  177.26276 
 503.53311  180.50116 
 542.92926  179.86177 
 421.80823  180.71538 
 105.87708  181.51125 
 258.42929  183.81638 
 357.92352  183.81602 
 479.62918  185.07144 
 722.2702  186.69972 
 265.12335  189.49838 
 183.91356  190.23466 
 189.52357  194.2724 
 137.52168  196.01637 
 465.81747  195.68279 
 143.08936  199.17642 
 644.84662  199.21884 
 497.99503  201.07326 
 817.66217  204.64204 
 539.00323  206.3264 
 397.96292  208.44206 
 202.23814  210.21786 
 284.27853  210.1425 
 894.73846  211.18327 
 456.78687  212.1868 
 605.57361  213.23253 
 209.17822  215.34496 
 1007.8975  214.6624 
 69.404198  215.87465 
 673.49121  224.62123 
 445.91772  227.30949 
 143.89798  227.69986 
 912.49353  231.25 
 688.81024  231.98792 
 729.51202  233.08257 
 442.30029  238.02986 
 623.83203  238.16173 
 768.58136  241.22687 
 331.81433  242.06201 
 250.89417  242.80893 
 158.912  247.52962 
 117.02654  250.25409 
 246.05049  250.00453 
 307.26999  249.9348 
 108.90349  251.7388 
 703.81024  254.57062 
 325.30838  256.22632 
 500.51962  257.34637 
 940.3974  256.85773 
 72.676598  258.40451 
 506.50745  258.04956 
 512.94037  259.73306 
 356.19644  262.1763 
 667.47296  261.76636 
 754.48401  262.93115 
 323.8396  264.84985 
 413.04214  266.11508 
 342.93533  266.93863 
 666.47919  268.45999 
 395.21756  271.02698 
 459.79535  273.13358 
 505.39734  273.01663 
 808.18433  274.90912 
 738.82935  276.22272 
 225.97589  276.69263 
 480.90555  277.08719 
 379.32745  279.79086 
 488.04233  280.18823 
 281.50412  283.38547 
 885.30237  282.96719 
 189.22551  283.82141 
 288.29785  285.00101 
 86.837189  287.65009 
 535.61237  288.73901 
 91.328125  292.26559 
 239.89059  294.40875 
 913.88489  301.25421 
 665.90057  303.3858 
 543.76898  307.87347 
 591.02002  307.78915 
 1001.8134  307.99518 
 271.96405  313.31787 
 547.29828  313.2739 
 694.01318  314.05557 
 868.27222  313.7637 
 364.88708  314.57886 
 1012.5959  314.43982 
 334.05127  315.59561 
 266.93515  317.50647 
 25.441225  318.90475 
 875.06415  318.754 
 369.29822  320.05902 
 881.87085  319.56409 
 46.707153  321.07462 
 65.785622  324.7988 
 303.52405  325.02628 
 949.2088  325.14362 
 448.6723  325.98486 
 338.81189  328.3511 
 244.38611  329.23294 
 547.96283  328.49606 
 3.6868968  330.31027 
 630.58484  330.45667 
 954.93738  329.98553 
 332.51578  330.97287 
 636.6557  331.90747 
 474.37201  332.86688 
 242.84261  336.30984 
 421.04538  336.22647 
 516.63892  336.25537 
 1019.6198  336.80063 
 235.07916  337.47928 
 485.1282  338.18451 
 922.71777  338.37332 
 256.28882  342.40659 
 705.62933  341.86908 
 477.03726  343.42529 
 183.62485  346.4566 
 514.07758  346.72568 
 749.12207  348.3389 
 965.28778  348.32681 
 482.09232  348.98743 
 707.11047  350.53305 
 621.85278  351.97787 
 988.95813  353.45355 
 698.90637  354.1763 
 943.6311  358.31558 
 1022.1597  358.9043 
 780.89087  360.87909 
 490.28647  364.26245 
 207.15088  366.10019 
 279.17267  365.81537 
 214.09229  366.67593 
 755.76318  367.87134 
 766.9975  368.90002 
 110.08059  370.23035 
 133.30278  370.84192 
 218.74405  370.90228 
 514.09869  371.25934 
 276.52548  373.21884 
 75.542458  374.33209 
 744.43646  373.94141 
 64.398605  375.27777 
 337.17819  376.89883 
 516.10229  377.12405 
 791.04291  377.41925 
 325.34146  378.4519 
 69.895378  379.74503 
 128.84499  381.09491 
 75.166855  381.77545 
 403.6825  383.99796 
 1014.5449  383.62033 
 395.51785  385.79474 
 370.27301  388.02634 
 311.99225  389.91507 
 765.60309  389.82172 
 65.722397  393.55334 
 235.045  393.05493 
 452.55637  393.42413 
 495.42029  392.50644 
 758.16687  392.57193 
 444.48135  394.27158 
 479.4382  393.53171 
 217.62062  397.79172 
 305.82004  398.3085 
 314.18585  397.6022 
 249.0121  400.01102 
 319.31168  399.57745 
 440.56372  399.74414 
 222.62025  401.65314 
 294.94205  403.89319 
 387.10968  405.18784 
 375.97409  406.70212 
 436.42981  406.86893 
 484.66672  406.63373 
 680.04089  406.98608 
 935.45398  406.49063 
 13.083319  408.10678 
 211.95073  407.62598 
 46.820328  412.15912 
 1011.6769  412.31497 
 21.953396  413.05978 
 54.455921  413.28409 
 367.96811  413.17209 
 107.6881  415.42154 
 832.4892  415.33517 
 281.41116  416.1954 
 598.05908  415.77402 
 900.05933  415.83078 
 576.2998  417.15353 
 67.236053  421.44092 
 640.79669  421.63214 
 658.65051  421.92114 
 515.32642  425.12164 
 263.35019  429.51825 
 851.50195  430.77643 
 520.26758  432.72174 
 105.72588  434.17224 
 575.95093  434.07733 
 399.4346  437.3208 
 41.856308  441.20966 
 134.41321  441.71497 
 241.31924  441.63251 
 26.519339  447.14227 
 32.447353  448.42227 
 273.40686  448.06116 
 41.365437  449.39218 
 227.72548  450.10974 
 434.56976  451.35916 
 15.70886  452.90469 
 367.97  452.89832 
 390.10059  452.52142 
 218.84012  455.22165 
 322.10791  454.52994 
 327.08984  459.06638 
 215.95261  459.7027 
 499.78226  460.09354 
 275.16064  460.95447 
 265.76868  463.4061 
 488.58868  463.30762 
 537.82043  463.43701 
 114.13126  463.72275 
 900.62689  464.2301 
 206.45306  464.56058 
 508.33014  465.14352 
 498.69223  466.29062 
 56.338993  469.52008 
 256.90073  469.21939 
 619.68695  469.09726 
 489.39948  470.15417 
 263.7171  471.99808 
 503.2619  472.23508 
 649.64905  475.10464 
 724.59918  474.7045 
 588.86792  476.23853 
 613.61353  475.54333 
 709.10968  476.14948 
 620.45978  476.76602 
 715.54175  478.0054 
 631.1532  480.61496 
 614.09381  483.79169 
 328.88791  485.46347 
 346.22116  484.69995 
 700.02045  485.58987 
 95.079041  487.39938 
 929.93567  487.21411 
 65.668861  489.345 
 226.57759  488.94733 
 463.14838  489.22687 
 627.75031  489.45541 
 310.84479  492.56677 
 839.28851  493.95996 
 324.4982  495.01395 
 388.13928  495.0625 
 61.749081  495.93057 
 727.22473  503.14508 
 97.859268  504.41006 
 435.03107  503.67664 
 733.61914  506.62463 
 58.846313  507.54865 
 65.61647  510.23465 
 714.73718  510.32544 
 816.00488  509.74725 
 305.52524  510.63699 
 545.90308  520.55035 
 402.73895  521.90717 
 501.29626  522.07141 
 253.29269  525.70984 
 442.46735  526.30774 
 883.63318  526.24243 
 476.07346  527.11053 
 506.95087  528.5824 
 551.50311  529.32379 
 174.46629  531.10547 
 351.28265  531.3136 
 456.29959  531.18097 
 903.13202  530.78229 
 60.585056  534.59949 
 74.948708  535.02466 
 965.07367  536.75397 
 521.59216  537.64612 
 416.98898  539.86633 
 842.93402  540.80621 
 103.71209  542.55127 
 285.64484  543.15784 
 429.99661  542.87738 
 567.67438  542.99017 
 461.46872  543.57184 
 64.590958  549.54474 
 743.09558  550.45898 
 138.8371  553.03552 
 43.485546  554.32446 
 400.05652  554.93268 
 520.92688  555.08081 
 294.08917  556.33185 
 755.80579  556.42114 
 300.58124  557.16858 
 740.39496  556.84088 
 718.7442  558.26086 
 333.08932  563.20764 
 754.70581  563.10284 
 237.00185  564.27014 
 328.2272  569.16431 
 939.00128  569.10608 
 2.2697716  570.17822 
 575.17566  570.40393 
 698.69775  570.16943 
 505.03818  571.95074 
 144.24086  573.87976 
 201.43559  574.61249 
 333.80234  574.8197 
 827.96716  576.47217 
 327.70102  577.22272 
 366.47653  577.56104 
 428.93176  579.30713 
 146.25801  580.31458 
 542.23761  580.42944 
 844.00616  579.60406 
 373.1217  581.18262 
 656.62469  581.021 
 139.68713  585.36615 
 359.26431  585.9635 
 632.96869  585.52673 
 791.96796  587.4693 
 934.14783  586.89508 
 70.134796  588.69214 
 506.18076  589.0033 
 527.97382  589.86206 
 64.818542  591.23474 
 619.65643  590.7149 
 288.87549  592.30994 
 111.31149  593.75165 
 465.15356  593.89398 
 816.11243  593.74866 
 231.358  596.21832 
 606.07208  595.53552 
 199.76756  596.65692 
 273.09088  597.33118 
 108.68555  598.302 
 802.0965  598.27448 
 839.56934  597.86426 
 977.9812  598.35205 
 115.72987  599.28754 
 267.9184  599.1731 
 899.49658  598.54639 
 418.7312  600.52057 
 831.5379  600.65057 
 961.13153  602.39563 
 688.37897  603.01343 
 919.56982  603.04456 
 258.68915  604.04535 
 595.8938  604.97986 
 267.84015  605.77454 
 353.00876  605.66418 
 477.1875  606.9812 
 920.8241  609.51984 
 799.60986  613.13269 
 371.28445  613.81317 
 433.02927  613.50818 
 379.37582  615.84851 
 466.12482  616.80054 
 954.90149  617.17096 
 259.55875  618.50909 
 21.222565  618.93469 
 160.5726  619.02374 
 968.46722  618.81085 
 278.74667  622.2381 
 115.39768  622.96698 
 209.86055  622.62427 
 320.4581  624.43958 
 106.55203  625.4881 
 524.13757  626.03436 
 980.67169  626.44989 
 341.16309  629.04321 
 907.64441  629.03967 
 100.13976  631.72009 
 527.12976  632.32098 
 1018.7858  632.28693 
 402.05783  632.97961 
 929.37738  633.10217 
 171.94576  634.32104 
 437.07809  633.93933 
 1017.14  635.77869 
 1022.2302  637.00781 
 230.51308  638.16669 
 398.11871  638.00653 
 822.8996  638.86169 
 775.49744  640.1712 
 550.3479  641.99573 
 607.90216  641.77588 
 806.8349  642.70862 
 157.69046  644.12164 
 212.22536  645.25006 
 725.99182  644.5343 
 2.4924636  647.2027 
 460.05399  646.76709 
 446.52682  647.74457 
 556.05524  648.24811 
 128.20711  648.86597 
 938.54736  649.37238 
 566.79279  650.12531 
 660.08954  649.88678 
 8.3010912  651.97479 
 142.4729  653.00488 
 159.07799  652.6925 
 612.94037  653.16083 
 842.00659  653.22559 
 561.04535  653.87848 
 578.54877  653.71216 
 942.13385  655.32178 
 2.2738509  656.07977 
 177.53233  655.99329 
 339.23849  655.64392 
 604.04614  656.83661 
 82.345787  658.25574 
 138.77754  659.21222 
 171.94046  659.22266 
 188.04185  658.99298 
 794.68872  659.25769 
 943.84235  661.30524 
 469.67307  661.95239 
 1018.2057  661.94867 
 13.179616  664.23676 
 519.94482  664.07245 
 107.79366  665.3374 
 450.35126  664.94104 
 978.05707  665.36639 
 441.98529  665.84625 
 418.86633  668.51648 
 523.59521  669.53918 
 694.33771  670.216 
 7.8161168  670.90149 
 136.65584  670.92792 
 69.029961  671.53259 
 480.57309  672.16791 
 594.18152  672.08624 
 629.30835  671.54279 
 686.13068  671.96295 
 707.84509  672.31549 
 979.86859  672.23724 
 246.13814  673.85883 
 315.41995  673.69055 
 743.39661  675.05347 
 57.460056  675.51947 
 63.775249  676.6579 
 837.1748  677.38477 
 478.26477  678.86694 
 286.15948  679.64624 
 315.11197  679.86908 
 513.02649  679.69183 
 96.471779  681.1156 
 58.427704  682.97437 
 308.3909  683.25415 
 933.36035  683.06555 
 646.51465  684.06122 
 383.67828  685.3017 
 543.4765  685.14429 
 613.05145  684.79333 
 112.89241  686.26617 
 421.89209  686.05322 
 602.5321  688.05206 
 729.8725  687.85626 
 256.90906  688.50726 
 286.85733  688.91632 
 467.6232  688.79431 
 228.0683  689.80798 
 818.91418  690.46533 
 101.83484  691.24414 
 189.96906  692.47638 
 927.65692  691.90662 
 431.34509  694.16962 
 731.27356  694.08179 
 81.48822  695.29181 
 116.69273  695.27222 
 424.37677  694.70465 
 955.86084  696.04504 
 708.9173  697.39453 
 520.12701  697.59528 
 781.44263  697.55542 
 143.79413  700.48938 
 654.36707  700.24634 
 818.91669  701.64032 
 962.10657  701.88129 
 52.057556  704.38904 
 423.89301  703.91144 
 448.97693  704.4151 
 672.30255  704.2085 
 141.11182  705.26971 
 414.23267  705.18365 
 545.40558  704.7984 
 953.22571  705.24786 
 202.56726  707.89874 
 565.68475  707.75104 
 232.39651  708.68347 
 573.03644  708.48291 
 972.77313  708.58374 
 463.42813  710.19769 
 891.11823  710.138 
 930.22675  710.45685 
 496.48865  710.84314 
 663.21808  710.92133 
 745.36566  710.74982 
 864.48346  710.78979 
 992.46753  712.12793 
 876.93219  712.86194 
 444.42053  713.78766 
 596.80377  714.30927 
 725.85767  713.56946 
 787.09515  714.12305 
 549.62946  715.14844 
 671.52618  715.12738 
 326.00452  717.05621 
 347.00833  716.7608 
 653.72858  717.15601 
 84.246857  717.90204 
 144.0713  717.87073 
 158.92755  718.99097 
 521.17523  718.90137 
 193.69637  720.51837 
 254.29681  720.68512 
 852.67865  721.41638 
 150.173  721.93976 
 295.68652  722.64148 
 749.83844  723.40741 
 522.34418  724.2088 
 260.12585  724.78064 
 312.9595  724.69763 
 530.42712  725.42657 
 771.68805  724.59387 
 857.42657  724.44495 
 305.96063  726.27783 
 516.66376  725.14417 
 568.71259  726.38763 
 134.18613  727.23602 
 341.21411  726.74451 
 393.45096  726.91846 
 500.37781  726.67316 
 57.421146  728.58325 
 720.95374  728.3147 
 518.22748  728.75787 
 838.64014  729.31964 
 999.00372  729.07336 
 128.94115  730.06946 
 51.731117  731.43219 
 825.70276  730.9339 
 474.75034  731.86145 
 765.44147  732.13239 
 38.868019  733.05878 
 658.53473  734.12457 
 454.31958  734.92395 
 839.84467  734.61633 
 918.45306  734.9621 
 379.15103  736.43347 
 420.70996  736.32611 
 533.93646  736.38605 
 955.12646  735.7179 
 650.99121  736.46295 
 736.91772  737.34869 
 789.79779  738.14392 
 495.98239  739.29883 
 999.12366  738.58472 
 488.24344  739.79736 
 927.24957  739.7536 
 628.2193  740.4903 
 1.9592758  741.67444 
 640.81482  743.21924 
 918.35742  742.61987 
 647.39825  744.43921 
 361.93436  745.68683 
 374.50751  745.71045 
 458.68652  745.91876 
 560.63452  746.16901 
 600.0741  745.49841 
 488.89099  746.55243 
 968.44598  747.33685 
 24.430313  747.75165 
 510.7077  748.09027 
 723.7099  748.10846 
 50.770779  748.87091 
 747.03973  748.78076 
 177.13652  752.43884 
 455.82635  752.3725 
 585.99738  752.80872 
 741.12366  753.25708 
 367.64279  753.6933 
 292.71329  755.10992 
 358.22888  755.28217 
 595.44128  755.79431 
 363.92758  759.28149 
 808.14801  758.51825 
 743.02704  759.91956 
 469.94543  761.20764 
 589.69714  761.29272 
 436.79349  761.43469 
 582.92706  762.68677 
 782.58954  762.68073 
 545.58105  765.34064 
 708.47949  765.04449 
 976.95123  765.51343 
 513.43115  766.30554 
 943.90515  767.18066 
 117.01118  767.59058 
 107.8433  769.09546 
 536.77063  768.84192 
 720.37048  770.03888 
 860.45404  769.72571 
 121.08764  771.32581 
 137.96716  771.18756 
 982.66962  770.83942 
 655.7395  771.67078 
 949.86865  773.52576 
 425.60693  773.89764 
 778.01501  773.63287 
 977.24719  774.12714 
 988.24951  773.95093 
 397.80023  775.39856 
 766.23993  775.1441 
 20.764278  775.73755 
 408.29877  776.39069 
 96.058029  776.83899 
 664.98889  777.33655 
 871.14294  776.97888 
 839.19489  777.8429 
 101.15599  779.3125 
 26.791191  779.53827 
 604.26294  780.40442 
 820.7688  780.23535 
 850.48944  780.25403 
 395.7825  780.54852 
 579.47803  780.55914 
 173.65685  783.95483 
 570.76086  784.14941 
 183.50839  785.13 
 1009.4821  785.92712 
 221.58505  786.92914 
 692.61469  786.81677 
 841.68378  787.07086 
 179.37024  787.89111 
 457.54761  789.41504 
 565.56677  788.55457 
 953.29413  789.01575 
 228.63612  791.09607 
 235.45465  791.09558 
 655.75128  791.74304 
 904.68298  791.50287 
 378.91504  793.81323 
 415.70865  794.86975 
 641.61804  797.68042 
 398.28461  800.32343 
 568.44476  800.19733 
 555.5127  801.80365 
 332.7478  803.70557 
 136.97563  807.12524 
 564.72314  806.92017 
 593.75476  808.24878 
 646.3139  807.70313 
 672.75317  811.49701 
 17.89913  811.91589 
 75.080742  812.28094 
 612.1972  811.78662 
 81.740486  814.44543 
 867.35022  816.70337 
 246.76308  818.23047 
 124.54774  819.05957 
 227.62993  818.88983 
 132.42136  819.97906 
 300.49466  823.37994 
 664.01697  822.74219 
 76.504089  824.55304 
 620.10052  824.27411 
 625.69946  824.492 
 11.249223  824.79895 
 225.15427  825.0965 
 312.50333  825.92535 
 564.97479  826.37628 
 574.4884  826.44061 
 180.18071  826.53888 
 144.11098  828.52753 
 809.55487  827.60931 
 81.194153  829.28503 
 653.23389  828.53821 
 980.99078  829.57019 
 733.901  835.47211 
 628.56439  836.21307 
 692.43103  835.61145 
 739.32153  838.05035 
 990.64795  840.43646 
 196.69763  841.26758 
 724.43536  841.50983 
 264.17877  842.40955 
 842.42413  842.44366 
 346.60403  842.81 
 624.15485  842.81165 
 596.2937  843.68097 
 553.5282  845.1308 
 968.23932  846.53802 
 559.32428  848.0163 
 12.053757  849.85699 
 349.08875  849.9256 
 357.02255  850.08746 
 4.6523981  852.12244 
 340.68295  852.5871 
 662.89117  851.66626 
 166.9597  853.70911 
 203.07703  854.22162 
 678.12231  853.94049 
 724.43079  853.73236 
 942.07245  854.8385 
 209.70895  856.39166 
 701.2085  856.53241 
 50.549782  858.16699 
 594.19226  857.74426 
 684.19202  857.5824 
 325.91794  858.92706 
 914.03448  859.35657 
 202.91742  860.45184 
 254.63478  861.3382 
 677.49573  860.68884 
 921.08533  861.12891 
 333.21616  861.604 
 441.07074  861.99231 
 754.94159  862.09271 
 155.07765  863.50928 
 241.33418  863.80731 
 683.48303  864.39453 
 632.37836  864.78607 
 175.86932  867.77637 
 12.107254  872.1618 
 919.40613  872.46362 
 78.192627  873.06549 
 229.24916  872.88898 
 623.99615  873.30292 
 863.77606  873.58032 
 832.13452  874.67609 
 1007.6719  874.79016 
 69.827545  876.55811 
 630.61975  876.81659 
 651.92938  878.22131 
 913.10474  877.77765 
 235.08044  879.01923 
 753.73779  879.04138 
 806.31818  879.38397 
 174.20187  879.88153 
 198.61356  880.21179 
 428.27374  880.31177 
 730.4267  880.41998 
 139.89226  880.61829 
 226.82422  882.21356 
 576.4295  881.33228 
 668.85419  882.50854 
 701.05951  883.43103 
 581.1377  884.35547 
 77.784271  885.25952 
 621.38635  885.29486 
 201.48463  886.05988 
 728.96356  885.99249 
 918.21893  885.65546 
 234.94643  886.57965 
 593.96313  887.12744 
 66.914001  888.6004 
 998.40881  889.06268 
 204.16656  893.17957 
 984.85748  893.06909 
 233.43756  894.44696 
 619.97919  893.8783 
 122.18475  896.10065 
 717.64246  896.50769 
 215.83998  898.98126 
 466.89548  899.45013 
 509.97107  898.73175 
 177.51924  900.6181 
 191.90082  904.26532 
 77.726219  906.90289 
 961.5321  908.29175 
 342.22281  910.53705 
 899.62262  914.8847 
 45.844875  916.53149 
 404.88806  919.30292 
 77.019058  922.13306 
 850.45282  922.58167 
 938.00208  922.55988 
 387.82538  923.54169 
 627.65192  924.22809 
 16.28318  924.51056 
 867.10297  926.13989 
 434.3071  927.5191 
 50.925499  929.40582 
 263.64548  929.6134 
 406.60049  933.92908 
 547.62408  935.9248 
 631.19818  937.2981 
 654.56506  939.09094 
 39.436054  946.98181 
 258.62631  947.6684 
 512.29962  947.66125 
 797.78412  947.60986 
 450.25168  948.59918 
 829.52869  948.77448 
 419.9375  951.94244 
 268.64963  955.24878 
 788.96069  954.89496 
 872.43188  954.97253 
 274.36389  956.18347 
 389.46283  956.8396 
 584.58759  959.34479 
 566.71887  963.13135 
 273.3475  963.90149 
 602.72382  964.30493 
 45.895287  965.67114 
 73.216629  967.06036 
 101.87766  967.37091 
 171.14815  967.01813 
 336.85144  966.61584 
 454.17587  968.11566 
 373.4671  969.7514 
 498.8551  971.17444 
 838.92902  972.19379 
 604.55719  974.20795 
 653.16296  974.43689 
 13.705399  975.12598 
 853.74011  975.37292 
 643.85724  976.11499 
 874.11322  976.0332 
 337.96954  978.1142 
 150.85612  978.78815 
 135.36238  981.0556 
 311.78519  981.45288 
 455.99841  980.57556 
 588.97498  981.12793 
 195.75194  982.16412 
 332.24911  981.56342 
 544.72437  982.33069 
 355.62546  984.40216 
 141.90575  985.49951 
 598.14545  985.31323 
 112.84949  986.02527 
 56.829838  986.98627 
 147.82996  986.79907 
 830.3396  986.49231 
 63.041374  987.82019 
 562.36066  988.06384 
 457.99469  990.39569 
 871.20465  989.96368 
 291.31714  991.60291 
 651.05743  995.01624 
 668.99017  995.16663 
 682.24933  997.25012 
 588.47754  997.96033 
 66.928108  999.60089 
 639.14063  999.76526 
 28.696943  1001.1068 
 461.98798  1003.0003 
 291.07718  1004.4669 
 359.21735  1004.7955 
 363.01758  1006.7798 
 570.02893  1006.9227 
 668.46722  1007.3929 
 15.292742  1007.7425 
 22.254984  1009.4724 
 393.45129  1009.7563 
 551.91827  1010.2396 
 746.00598  1010.0114 
 838.44489  1009.7726 
 628.70941  1012.3782 
 342.14996  1012.6631 
 698.49133  1013.4464 
 87.783615  1013.7017 
 535.11176  1015.29 
 638.92804  1015.5137 
 201.66077  1017.4538 
 314.47415  1016.6766 
 608.54401  1017.2549 
 99.257622  1018.9064 
 185.44193  1019.3029 
 431.5697  1019.5421 
 565.05505  1018.6162 
 656.10712  1020.5233 
 304.95947  1021.8985 
 312.01566  1022.3274 
 424.77338  1022.2023 
 712.75366  1022.1281 
 808.14722  1021.6934 
 376.43027  2.9611826 
 399.25952  2.5374763 
 439.57523  2.6219244 
 529.43945  2.7515118 
 623.17059  3.0016065 
 990.53723  3.0038173 
 586.4978  4.6006222 
 675.78076  5.223012 
 313.84457  7.2856836 
 450.59399  6.5897713 
 606.07648  10.190969 
 955.49121  10.03266 
 987.44324  10.21086 
 401.37976  10.764671 
 441.23413  10.587672 
 880.88202  12.221978 
 481.07962  12.981765 
 964.23669  13.068137 
 995.17102  13.172152 
 669.33179  14.801424 
 737.55273  15.092339 
 588.76868  16.233541 
 942.95441  15.812233 
 950.31104  16.350883 
 217.67122  16.6999 
 492.86713  16.908638 
 195.15327  18.211956 
 225.4615  18.461792 
 984.56128  18.574787 
 753.49323  18.806187 
 616.41119  19.899027 
 744.51178  20.090763 
 399.45428  20.916256 
 540.50824  20.804003 
 288.29086  21.876863 
 200.94133  23.249081 
 711.37817  24.051758 
 719.59863  25.526018 
 299.23462  25.989182 
 281.98523  26.792221 
 406.03928  26.909754 
 937.93231  26.545176 
 549.55841  28.207968 
 980.32983  27.506643 
 379.34464  29.46018 
 810.06519  31.567955 
 586.39307  33.388325 
 312.44803  34.316147 
 944.96344  33.813866 
 512.99695  36.791611 
 149.09787  37.528069 
 936.13928  38.020004 
 520.534  39.639938 
 858.07861  41.634979 
 347.04318  43.145889 
 485.53726  42.609287 
 255.758  47.937393 
 320.09229  48.962944 
 592.25928  49.356945 
 841.8913  50.412563 
 857.64752  51.262775 
 262.84384  53.90694 
 258.77908  55.561039 
 517.60297  56.916611 
 826.38  59.026054 
 277.23804  60.278915 
 921.04431  60.395988 
 540.69904  61.002567 
 553.14465  61.376766 
 245.7187  63.676056 
 836.22284  64.46067 
 639.33252  65.404655 
 688.70587  64.938782 
 899.7738  64.991051 
 203.48204  65.620728 
 340.05029  66.345123 
 520.74408  66.173843 
 234.93672  67.10424 
 625.16016  67.226768 
 717.40094  67.012115 
 505.74545  68.704445 
 657.55151  69.143936 
 820.90356  68.802567 
 211.40392  70.238426 
 281.74954  70.371262 
 737.55109  69.846123 
 805.28406  69.993507 
 724.164  70.964119 
 194.07863  72.068169 
 513.21747  71.219032 
 641.1524  73.855461 
 897.92761  74.408531 
 162.28442  75.007408 
 776.89063  74.46257 
 297.48386  75.515335 
 861.52533  77.032379 
 605.90161  78.066872 
 666.9281  77.747025 
 508.75925  79.252083 
 942.91321  78.581116 
 987.72504  79.311188 
 169.5161  79.873749 
 592.06616  80.583923 
 100.21322  81.538094 
 291.77652  81.633568 
 583.38977  82.319458 
 937.84613  83.216133 
 255.38777  86.349846 
 860.67627  86.499245 
 90.955048  87.839821 
 107.7812  87.954781 
 414.44476  89.343918 
 969.66138  90.648727 
 503.07883  91.659912 
 274.7749  92.528519 
 562.03589  92.770149 
 571.17554  93.948395 
 698.20746  94.99604 
 185.36415  98.76165 
 745.32147  100.80167 
 536.58105  102.39888 
 692.79498  102.5974 
 998.8197  103.25055 
 492.4072  104.6032 
 701.63629  105.28821 
 588.03052  105.92475 
 505.95456  106.70159 
 685.56677  106.56892 
 751.64703  106.95092 
 804.4563  110.17039 
 673.45746  111.90733 
 732.47961  112.86452 
 918.1994  112.99918 
 813.36761  113.57383 
 904.03668  113.98273 
 571.57068  114.91399 
 583.51685  115.38554 
 513.5434  116.55051 
 997.93335  118.87612 
 676.4483  120.38009 
 525.31384  123.51407 
 88.782776  127.25986 
 472.50348  127.01251 
 630.12561  128.54085 
 132.7421  133.4133 
 712.11432  133.96059 
 38.477104  136.58113 
 554.79089  138.63211 
 141.96672  142.47205 
 709.25531  141.97173 
 763.48645  143.4126 
 466.03229  143.50739 
 723.58221  143.6404 
 803.51514  144.19643 
 439.84308  145.29491 
 983.29865  145.88594 
 47.979218  146.37285 
 712.07568  148.68674 
 971.16528  147.52238 
 574.54193  149.36707 
 142.63297  149.70874 
 808.92334  150.84697 
 583.48267  152.16891 
 816.8877  151.56683 
 107.9342  153.74956 
 518.96173  153.95671 
 768.00269  153.83047 
 824.46161  154.46497 
 173.20161  154.82156 
 503.61621  156.66655 
 9.8122387  160.48427 
 122.04954  159.73927 
 799.37164  160.69469 
 706.19769  162.56438 
 176.89803  164.43423 
 548.85126  163.54536 
 15.994601  164.5865 
 51.947765  165.49673 
 371.97156  166.98579 
 516.09955  166.86217 
 638.59583  166.99159 
 494.84003  167.52614 
 671.84625  169.28029 
 588.9231  172.11385 
 758.66547  172.27893 
 903.32507  172.19612 
 638.46832  173.88002 
 653.42017  173.58064 
 475.37738  177.32469 
 543.00391  179.47243 
 334.26541  180.14787 
 503.13284  180.45364 
 630.55328  180.82445 
 105.62054  181.66521 
 420.41208  181.72713 
 258.44238  184.31618 
 480.15427  184.7393 
 722.44159  186.58362 
 154.35883  187.35812 
 342.57715  186.9666 
 465.32916  188.07356 
 182.40657  189.50517 
 265.06348  188.90987 
 401.55478  188.52747 
 312.7666  191.00977 
 190.31174  194.85413 
 736.0567  194.8371 
 137.19434  196.13113 
 465.81091  196.42638 
 307.62531  197.7428 
 645.23083  199.0881 
 143.38551  199.52928 
 7.2151585  200.68753 
 497.52658  201.06195 
 1003.5112  202.90181 
 531.38953  203.54547 
 816.96356  203.94601 
 161.46069  205.12831 
 333.29507  205.03864 
 232.48123  206.18135 
 228.43253  207.15009 
 475.70822  206.67491 
 399.14484  208.38968 
 538.91022  207.83772 
 581.27252  207.63301 
 202.04903  210.13382 
 590.16925  210.03737 
 324.75598  211.13457 
 486.61417  211.22208 
 895.29553  211.06892 
 456.64752  212.17493 
 409.92337  213.55423 
 605.31519  212.9874 
 342.13599  214.03508 
 67.912804  215.50099 
 209.84492  216.1897 
 252.91992  215.64053 
 1008.4493  215.90125 
 498.51508  217.93231 
 774.19312  218.15378 
 354.52597  218.7986 
 479.07159  218.53879 
 654.96155  219.11505 
 518.1864  222.18901 
 674.1225  223.28813 
 472.62262  224.65475 
 485.20032  225.47392 
 289.16736  225.48599 
 446.4617  226.95515 
 79.558578  227.96426 
 438.22565  231.36246 
 911.73718  230.55444 
 688.85144  231.9198 
 722.06897  232.19153 
 619.11505  232.51601 
 435.43692  233.96182 
 587.33868  233.57318 
 695.62878  235.10974 
 224.37215  236.93016 
 320.31357  237.77628 
 597.64789  239.11043 
 940.31757  239.94939 
 978.49255  239.90503 
 189.20317  240.882 
 768.02258  241.30389 
 250.10297  242.38921 
 332.18442  241.78477 
 340.33478  243.27747 
 521.73071  245.41454 
 948.54071  245.46858 
 615.57147  245.3972 
 776.10474  246.19247 
 909.68811  246.46538 
 158.90489  247.36597 
 307.87296  248.6339 
 791.54364  249.26453 
 1013.5168  249.43657 
 117.58234  250.27298 
 108.5095  251.14577 
 83.982735  251.79193 
 247.18823  251.60327 
 345.98318  252.09581 
 703.64972  253.34956 
 281.66824  254.08174 
 500.00134  255.22546 
 776.84546  255.73871 
 47.443207  256.50653 
 326.00262  256.67743 
 940.11804  256.85522 
 10.938287  257.7619 
 72.908165  257.81058 
 684.3446  258.00162 
 211.60066  260.80905 
 820.01172  259.80313 
 513.00928  260.75046 
 667.0423  262.1886 
 203.52563  263.01556 
 754.85132  263.40106 
 990.91583  262.8577 
 609.08276  263.60199 
 324.37695  264.6145 
 316.12082  266.56836 
 413.16879  266.00238 
 379.54193  267.09659 
 78.08326  268.82141 
 342.53625  268.85062 
 665.89313  268.83487 
 352.38724  270.20535 
 630.72089  270.27008 
 393.84122  271.07715 
 614.4989  271.41028 
 460.44153  273.36652 
 471.41608  273.32678 
 505.6395  273.08459 
 739.06049  274.78613 
 808.81445  275.02026 
 225.75256  275.65149 
 638.78046  276.07025 
 183.11836  277.38544 
 480.71829  276.5448 
 1004.9863  277.07889 
 29.464178  277.47781 
 386.92462  278.07919 
 748.08838  278.40945 
 417.44531  279.50638 
 379.0192  279.52664 
 488.25296  280.32837 
 71.468376  281.08481 
 280.71234  283.01227 
 610.88446  283.46817 
 885.2652  282.81796 
 190.16823  283.76743 
 288.45538  285.16159 
 833.30884  285.51117 
 535.38  288.07803 
 733.1203  288.68152 
 473.84814  290.77618 
 91.697868  291.87628 
 629.88721  291.64304 
 323.59988  292.8494 
 239.3075  294.6933 
 251.80023  295.98004 
 291.1409  296.78925 
 477.71976  300.47824 
 929.65826  300.71362 
 561.31134  301.91876 
 665.65625  303.40311 
 252.23183  303.95734 
 744.20166  304.03705 
 578.29218  305.46021 
 695.44403  306.89734 
 1000.9393  306.88617 
 542.56866  308.25922 
 934.14185  308.33215 
 869.45685  311.63272 
 272.20428  312.40994 
 993.45239  313.05887 
 117.7606  314.32446 
 410.60529  314.31888 
 1013.5709  314.1102 
 334.29263  315.38666 
 362.91153  314.75839 
 591.99841  315.46594 
 255.91136  315.2738 
 1003.386  316.62967 
 266.09784  316.77072 
 882.78857  316.94559 
 25.103317  319.25793 
 138.99347  318.62695 
 874.41919  319.28378 
 370.34195  320.52963 
 944.1123  321.31702 
 680.70544  320.37201 
 276.91052  322.27411 
 983.23639  323.53952 
 236.83238  324.92395 
 51.515263  325.99402 
 300.56012  326.11642 
 310.98529  325.44321 
 448.15674  325.96683 
 422.21967  326.81952 
 339.64337  327.65179 
 854.20013  328.17587 
 894.9328  328.30374 
 547.33948  328.49927 
 808.24683  328.54492 
 2.7375083  329.99927 
 629.77576  330.31369 
 954.83691  329.8577 
 331.90506  330.95004 
 472.12759  332.14868 
 636.91583  331.65558 
 273.22992  332.92203 
 316.52267  332.36127 
 529.62604  334.67224 
 420.41455  336.28329 
 516.03082  335.60727 
 1017.8367  336.17685 
 241.6554  337.25931 
 923.271  337.25128 
 235.12077  337.9072 
 486.01666  337.66183 
 350.78503  338.86368 
 522.44604  340.24933 
 324.48737  341.29434 
 169.1465  342.38504 
 399.61011  341.79855 
 255.55878  342.80188 
 476.85132  343.1019 
 559.42029  342.79681 
 352.49316  343.853 
 533.72156  344.4537 
 366.93213  345.02811 
 513.77521  345.05008 
 184.38669  347.52744 
 482.86014  348.50778 
 748.74298  348.54462 
 872.65466  349.57907 
 294.27707  351.73679 
 621.84009  351.82806 
 377.30716  353.25458 
 989.21735  353.3071 
 679.69409  354.4277 
 699.44305  355.02127 
 304.28958  357.67191 
 420.38519  357.22348 
 667.49127  357.32706 
 943.58179  357.29181 
 481.99731  360.47607 
 780.80963  360.45132 
 134.63066  362.63937 
 200.92386  361.50232 
 296.72717  361.61807 
 234.29071  364.26791 
 279.73044  364.8663 
 490.77072  365.173 
 213.66071  366.15445 
 754.98157  367.99979 
 110.50078  370.49432 
 309.12393  370.18604 
 910.57208  369.61258 
 218.61635  371.30078 
 512.76251  370.96893 
 132.48199  372.33002 
 74.960617  373.45898 
 944.9823  372.90033 
 234.69048  373.68405 
 276.1535  373.69516 
 746.36639  373.37643 
 63.480118  375.66858 
 572.98785  375.2236 
 518.513  375.96536 
 596.086  376.34543 
 337.16556  377.58542 
 791.96918  378.06039 
 324.96817  379.27417 
 129.30785  379.66599 
 893.23657  381.21194 
 74.202118  382.28598 
 781.01306  381.62836 
 260.45313  383.10638 
 354.01886  382.6109 
 1014.7142  383.45117 
 144.59683  383.65192 
 403.05551  383.8671 
 675.20367  383.51938 
 395.3624  385.76102 
 278.64105  387.34982 
 369.53165  388.05142 
 22.27997  389.68689 
 107.99271  389.77786 
 312.34818  389.77618 
 764.40558  390.87039 
 496.64484  391.66837 
 64.962852  392.72977 
 759.78522  392.48215 
 988.04761  392.93173 
 599.89404  394.27173 
 612.33923  393.83151 
 333.52237  394.82584 
 472.22412  395.91095 
 591.05011  396.27524 
 217.6317  397.03857 
 305.88455  397.9451 
 313.21338  398.91077 
 441.49371  398.76678 
 976.17657  399.44983 
 248.53824  399.89236 
 495.78687  400.25061 
 867.93701  399.97983 
 615.75775  401.38474 
 221.90665  402.54028 
 422.46667  402.22672 
 528.62347  403.1853 
 294.1925  403.55884 
 596.36591  403.99783 
 386.87177  405.46979 
 889.40833  404.57501 
 936.22107  405.95947 
 211.39487  406.63388 
 311.8746  407.30731 
 374.7995  407.61154 
 435.49069  407.68878 
 484.77252  406.5806 
 680.05261  406.48337 
 981.98712  406.55865 
 1017.133  407.39886 
 13.412397  407.43094 
 111.75764  407.79483 
 255.30569  408.04242 
 494.77148  409.55026 
 270.75449  410.1875 
 263.95355  411.07239 
 369.00055  411.12906 
 46.410286  412.24295 
 21.433704  412.59964 
 54.864368  414.11499 
 109.35814  414.30447 
 281.25748  414.48526 
 430.90945  415.46494 
 439.54865  415.18341 
 605.88232  414.63684 
 832.13281  414.81714 
 1011.2226  414.89365 
 574.56982  416.29593 
 900.47504  415.50946 
 881.25763  416.5751 
 545.04529  417.77762 
 302.48517  418.86224 
 462.00632  419.29764 
 66.405907  420.37659 
 640.47308  421.24185 
 172.07925  422.10574 
 658.31787  421.69193 
 188.94521  423.12006 
 486.04413  422.89093 
 516.01373  425.18112 
 139.79463  426.61478 
 542.66602  427.32718 
 199.80145  427.62198 
 749.82349  428.51083 
 263.80515  429.48276 
 441.73123  429.00351 
 164.81259  430.7691 
 850.39984  431.15939 
 186.17786  432.13983 
 760.22247  433.51135 
 23.469931  433.37183 
 575.82843  433.98248 
 328.34613  434.86859 
 398.86942  436.85965 
 605.88574  438.73386 
 406.94208  440.40909 
 950.44849  439.63339 
 41.840611  440.81586 
 241.41985  440.86621 
 335.16348  441.23175 
 134.83069  442.38483 
 193.70813  441.77939 
 286.99356  443.24649 
 459.41434  442.91373 
 216.47983  443.83655 
 752.06616  445.14877 
 998.68817  445.19342 
 26.474958  445.79187 
 670.62427  446.4491 
 126.16003  446.88712 
 273.74197  448.15903 
 399.0593  448.26288 
 32.634159  448.73047 
 679.05048  448.716 
 42.696438  450.2291 
 876.25494  450.13635 
 228.18556  450.63583 
 390.81818  451.43112 
 434.14682  451.19641 
 581.89246  450.66052 
 382.22662  452.02161 
 450.55817  452.16019 
 780.49731  452.03882 
 15.075339  452.84232 
 292.95325  453.88669 
 322.38904  453.7485 
 367.35376  453.48093 
 216.87979  457.72726 
 568.73083  456.1788 
 151.39517  457.81793 
 328.14484  458.44556 
 557.78046  457.70111 
 27.986675  458.88425 
 225.88719  459.38718 
 425.54306  459.18869 
 584.68341  460.21243 
 276.27539  460.78827 
 486.99973  462.97229 
 561.48315  463.24252 
 5.9009299  463.69791 
 113.8502  463.63333 
 139.41383  464.16797 
 205.99869  464.16534 
 508.05997  464.25537 
 538.13147  464.57434 
 900.41449  463.39877 
 334.23746  467.4823 
 498.27917  466.54956 
 19.834841  467.43536 
 55.661892  468.6882 
 257.58865  468.67819 
 618.75916  468.73227 
 489.6546  470.31714 
 514.93451  470.48633 
 503.44943  472.92072 
 649.86493  474.9967 
 724.44061  474.81308 
 612.72046  476.11133 
 708.461  476.22916 
 590.14423  477.60303 
 621.08191  477.10593 
 715.9892  478.59036 
 630.74963  480.2121 
 1017.4191  479.92642 
 112.86708  482.96664 
 613.8476  482.81491 
 132.7462  484.30884 
 392.0358  484.01334 
 539.09705  483.81757 
 297.88077  484.89996 
 345.12463  484.81491 
 699.94525  485.52087 
 94.765244  486.74112 
 454.49777  488.32144 
 929.49304  488.03592 
 65.983292  489.27591 
 225.04387  489.04727 
 628.0144  488.64835 
 145.38918  490.19843 
 463.60254  489.84662 
 311.14188  492.05167 
 350.37656  492.22159 
 838.64532  493.27191 
 387.11526  493.86148 
 324.29852  494.75656 
 61.457901  496.22464 
 467.1283  498.8866 
 943.78674  499.69482 
 434.28922  502.17688 
 726.88922  502.14651 
 96.374725  504.44867 
 828.70776  504.24158 
 124.63801  504.75958 
 268.83118  506.60214 
 472.0575  506.46344 
 732.65424  508.17068 
 58.186596  508.66116 
 616.6413  509.58356 
 815.9552  509.08658 
 305.1171  510.3869 
 313.47125  509.81604 
 65.918037  510.62985 
 715.64355  510.77036 
 875.43976  511.90109 
 410.48224  512.65576 
 284.84048  518.67188 
 817.03021  519.21082 
 80.448853  520.61481 
 402.19739  521.3028 
 109.01015  521.6795 
 546.47394  522.01324 
 501.39008  522.82275 
 170.25162  524.98163 
 442.21442  526.19427 
 883.87653  526.27612 
 477.38644  527.16754 
 661.67535  528.13379 
 507.42633  529.24255 
 690.0423  529.18085 
 812.86584  528.61383 
 552.00128  529.86096 
 797.64728  530.10583 
 903.04449  530.69824 
 88.84169  531.88165 
 176.61026  531.83704 
 252.66374  531.97485 
 927.54022  531.92487 
 456.74683  532.79193 
 243.85545  534.08386 
 482.36115  533.89038 
 75.52037  535.01331 
 965.97205  535.65448 
 521.48315  537.17407 
 291.0285  537.95129 
 784.76941  537.11218 
 501.53629  539.09259 
 546.28369  538.5097 
 386.63647  539.79657 
 540.25354  539.73932 
 842.11011  540.88263 
 567.23047  542.1792 
 103.11796  543.03131 
 292.86774  542.83716 
 363.53491  543.29065 
 429.84821  543.2464 
 462.85648  543.88788 
 65.592735  548.96625 
 375.61725  548.67883 
 264.79626  552.18805 
 743.06958  551.9303 
 43.981453  554.92877 
 281.53983  554.58954 
 400.33542  554.58472 
 521.10175  555.25543 
 293.39337  556.44275 
 135.39792  556.84747 
 301.09692  556.98761 
 718.82184  558.2757 
 648.59729  562.3092 
 296.81409  562.89288 
 333.29938  562.51721 
 75.763779  563.44836 
 754.56415  563.82025 
 873.22504  563.81274 
 238.61095  565.21014 
 248.55013  566.03192 
 317.86337  567.16492 
 329.22125  568.56067 
 985.29486  568.40442 
 2.6213939  570.27692 
 41.218304  570.42303 
 574.89294  570.27411 
 698.9837  569.72754 
 270.43713  570.4823 
 436.28159  570.46851 
 919.4671  571.35614 
 109.20343  572.01166 
 342.53946  571.74847 
 505.68011  572.1601 
 1000.1144  571.65393 
 143.0562  573.18976 
 200.62234  573.3468 
 583.7937  573.20734 
 293.39444  574.47064 
 869.4649  573.88898 
 40.286812  574.23779 
 650.07617  574.70465 
 309.95758  576.63678 
 327.14001  577.36694 
 366.75323  576.69116 
 428.54532  578.20599 
 829.13068  577.66638 
 147.05241  580.44879 
 541.85248  580.31189 
 844.11249  579.45721 
 27.744654  581.48358 
 530.34436  581.12451 
 656.26849  581.08661 
 373.54102  581.58563 
 948.46063  583.44434 
 550.39459  584.10645 
 319.0705  585.40356 
 633.10852  585.26428 
 139.92282  586.11029 
 359.92581  585.75751 
 984.72253  585.99762 
 63.172779  586.76465 
 934.25092  587.11566 
 208.60658  587.83881 
 792.9541  588.4165 
 70.940987  589.02802 
 506.24951  589.02063 
 447.97833  589.99146 
 480.38327  590.67847 
 860.44775  589.70697 
 618.2818  591.47552 
 289.00113  591.83569 
 808.80933  591.87329 
 942.85413  592.99097 
 464.73834  593.64392 
 536.72968  593.94391 
 779.44904  594.48315 
 198.65843  595.54761 
 230.79369  596.12885 
 867.50403  596.21057 
 108.4507  597.63269 
 498.08713  596.77301 
 801.10779  596.68945 
 838.61731  598.11725 
 899.45502  597.98083 
 525.43604  598.35925 
 978.23499  599.68768 
 116.50022  600.43384 
 418.58951  600.30206 
 591.24554  599.58307 
 261.00693  600.58911 
 831.55499  600.84741 
 688.23578  601.9057 
 961.77167  601.69257 
 28.149191  602.76654 
 59.661541  603.02893 
 505.11411  602.77319 
 579.95154  604.11047 
 353.34491  605.23181 
 477.68225  605.92126 
 595.09839  606.16815 
 803.18182  605.76428 
 920.44531  608.80524 
 180.00032  609.90552 
 1004.3929  610.27393 
 21.521259  611.20453 
 95.134392  610.61694 
 106.17885  610.71448 
 151.6971  611.08893 
 584.53339  611.20593 
 17.484125  611.67651 
 433.56732  613.11328 
 785.01868  612.83099 
 798.57275  613.30066 
 371.81412  613.92267 
 286.86258  614.8158 
 378.83734  615.75964 
 955.27588  617.44708 
 21.484619  619.5462 
 260.50317  618.87079 
 160.72285  619.56207 
 473.78455  619.64215 
 147.61157  621.01715 
 209.82222  622.05603 
 168.89212  622.59198 
 278.88086  622.91028 
 320.73898  622.73712 
 564.49622  623.29657 
 296.39532  624.04089 
 461.55869  624.45166 
 884.28137  623.59668 
 997.13617  623.93085 
 105.47922  625.85126 
 790.84052  625.77502 
 982.14893  626.46313 
 860.97772  626.34839 
 516.43518  628.60254 
 799.01276  627.61829 
 341.12286  629.47687 
 100.44441  631.32813 
 474.95969  630.84991 
 509.02948  631.38715 
 930.0603  631.92664 
 437.79205  632.9079 
 462.59561  632.99805 
 527.1889  632.84186 
 211.14627  634.43292 
 1017.4733  633.98639 
 172.25076  634.82141 
 739.80847  636.51233 
 957.63416  638.22369 
 390.35968  638.26733 
 353.05219  640.20959 
 822.3692  639.44836 
 551.01373  641.42914 
 608.33417  641.57544 
 775.90344  641.9292 
 830.39209  642.04089 
 339.53516  642.7464 
 147.35793  643.45923 
 726.11047  644.35565 
 806.76642  643.74133 
 156.87207  644.54205 
 212.52132  644.48328 
 554.60901  645.21106 
 2.7624998  646.95032 
 302.03049  647.09674 
 446.76605  647.54877 
 128.17986  647.84113 
 224.00999  649.28088 
 853.07526  649.06421 
 568.03815  649.47742 
 660.33362  649.63538 
 897.73962  650.34784 
 938.09625  649.52704 
 9.3010111  652.1098 
 613.6535  652.15479 
 775.50745  652.20929 
 842.17676  653.20734 
 561.01196  654.159 
 231.43327  655.27209 
 338.66599  654.42529 
 536.98828  654.41333 
 2.6481676  656.23315 
 81.815422  656.9165 
 212.03761  657.09308 
 604.56116  656.61682 
 248.7229  657.94989 
 547.64069  658.4939 
 138.4189  658.66022 
 172.65898  658.76929 
 765.46472  659.49396 
 794.25281  659.5318 
 161.10765  659.74884 
 187.4315  659.92035 
 311.94513  661.6239 
 332.46884  661.70459 
 469.84848  662.24762 
 477.79645  661.71893 
 723.41089  661.8634 
 943.67279  661.86578 
 1009.6306  661.98474 
 1018.1347  662.14203 
 60.803074  662.74854 
 518.56116  663.66498 
 689.50647  664.59241 
 12.989341  664.50867 
 107.38775  665.0506 
 320.42172  664.55408 
 448.61456  665.32434 
 978.70654  666.19299 
 99.177841  666.43793 
 418.54205  667.37115 
 442.45114  667.59064 
 862.84247  670.36182 
 7.585793  670.65308 
 523.01727  670.90192 
 686.49554  671.52136 
 1016.0184  670.49707 
 136.27338  671.55933 
 481.39575  672.15759 
 593.66534  671.75598 
 629.44421  671.67535 
 776.74988  672.07245 
 246.80548  673.09167 
 702.49792  673.40558 
 56.348183  675.24561 
 375.80002  674.41742 
 647.16101  675.05652 
 743.79419  675.76648 
 837.62866  675.60529 
 316.14709  677.84161 
 64.211479  677.71417 
 129.18124  679.47913 
 477.30042  679.0741 
 285.92926  680.44397 
 513.11224  680.27911 
 96.159462  681.11871 
 234.84691  682.37683 
 646.7912  683.27325 
 932.99255  682.77936 
 59.192268  683.76605 
 306.22934  683.71661 
 541.75189  683.58154 
 612.04895  684.46338 
 384.25644  686.3374 
 421.9035  686.25647 
 745.31555  685.9248 
 113.40495  686.97931 
 286.23611  688.1228 
 602.15924  687.90997 
 257.60593  689.01813 
 467.14105  688.58197 
 229.79535  689.83325 
 190.20981  690.8374 
 316.49002  690.90808 
 676.46362  691.362 
 818.99066  691.10516 
 21.415062  691.76605 
 731.69336  692.98688 
 116.35103  693.64746 
 423.95822  694.354 
 431.4357  693.76331 
 81.664955  695.38635 
 708.4245  695.26434 
 956.64673  695.4939 
 376.8584  696.3493 
 519.84338  696.71448 
 604.99689  697.53485 
 781.11292  696.91815 
 577.10455  698.46271 
 334.13486  700.36914 
 619.34406  699.98773 
 142.51555  701.67523 
 654.61139  701.50769 
 818.81195  701.40314 
 433.49792  702.19373 
 961.67358  701.81519 
 424.26981  703.53857 
 449.00366  704.27618 
 544.47089  704.3772 
 414.29242  705.33063 
 671.68085  704.68744 
 953.45215  704.75574 
 51.39547  705.5683 
 566.6214  705.53418 
 203.02623  707.4035 
 232.70389  707.33972 
 364.10184  709.39374 
 971.42615  708.67255 
 573.31653  709.67407 
 866.62891  710.17114 
 5.8281064  710.30963 
 464.34192  711.27625 
 473.47604  710.58771 
 495.78339  710.68756 
 745.23517  710.63989 
 159.61244  711.72675 
 663.72473  711.73688 
 992.47418  711.86578 
 123.31299  713.46442 
 136.84816  713.44574 
 444.67139  712.8924 
 726.23486  712.70441 
 877.49506  713.24634 
 421.87906  713.47076 
 786.71124  714.01147 
 549.49054  715.08124 
 597.43219  714.90796 
 671.49127  715.02008 
 844.43896  715.04419 
 325.76489  715.74951 
 75.950104  717.27417 
 135.48454  717.19055 
 346.52975  717.14093 
 654.89594  717.633 
 53.261066  719.50452 
 520.49286  719.09778 
 935.86133  719.23425 
 159.82552  719.59161 
 193.8595  720.07257 
 150.49237  721.06604 
 851.27057  720.98615 
 128.56445  722.26599 
 256.22327  721.78253 
 33.62059  722.78125 
 296.91013  723.39832 
 750.22156  723.38116 
 857.75867  724.60284 
 771.14392  725.41455 
 307.77835  725.79266 
 341.01712  725.96307 
 393.93915  726.10419 
 529.73145  726.07349 
 569.43616  725.75104 
 603.28577  726.23419 
 615.38635  725.81787 
 115.61577  727.56177 
 498.98026  727.71863 
 517.4812  726.82733 
 234.56635  728.23639 
 720.3739  729.56085 
 998.70087  729.18573 
 51.950527  731.34174 
 208.62  731.17542 
 828.474  731.29156 
 839.06616  731.52856 
 474.37729  732.30127 
 766.50739  731.67029 
 38.473  733.34418 
 84.761238  733.61243 
 955.21777  734.26691 
 379.01291  735.12042 
 454.32983  734.5708 
 919.28381  735.29578 
 420.10666  736.36115 
 522.68854  735.57263 
 533.60565  737.1889 
 594.25916  737.46478 
 651.07678  736.6344 
 736.66992  737.04279 
 230.9238  738.3985 
 494.72653  737.84979 
 789.30145  737.43372 
 852.35449  737.54199 
 628.72925  739.50317 
 998.1684  739.5387 
 488.53043  740.32043 
 203.13669  740.95453 
 434.15594  740.88385 
 928.12646  740.79626 
 2.7774994  741.50287 
 219.63109  741.51263 
 639.66248  742.27991 
 268.86667  744.21802 
 836.81946  744.14221 
 360.06699  744.49487 
 372.56165  744.92847 
 599.49878  745.23914 
 647.862  744.99445 
 560.6673  745.56891 
 969.7973  746.21423 
 6.9443307  746.6228 
 440.84818  746.86884 
 23.413763  747.55963 
 510.01974  747.78607 
 723.56458  748.10577 
 49.876019  748.53882 
 746.8056  748.49329 
 222.67627  750.28204 
 982.08783  749.86572 
 456.59875  750.58234 
 379.03421  752.14136 
 585.9986  752.82355 
 741.883  752.81787 
 177.56136  754.09937 
 292.11325  753.88074 
 357.3378  754.12726 
 159.37405  755.00635 
 596.03888  755.85004 
 808.64288  758.38263 
 363.6644  760.80493 
 743.31989  759.95636 
 469.91193  761.38208 
 587.17297  761.19537 
 437.50455  762.13617 
 782.87891  762.17719 
 79.428688  763.26709 
 544.42603  765.12701 
 709.32001  764.54889 
 976.45398  766.08466 
 514.38837  766.60376 
 944.08588  767.02405 
 106.93519  768.26233 
 537.05304  768.28503 
 860.21655  769.25293 
 719.68524  770.42584 
 137.92813  771.1778 
 518.78235  770.65027 
 844.81738  770.69983 
 271.64713  772.146 
 655.17188  771.46185 
 949.4931  771.80225 
 957.61444  772.05652 
 425.12451  773.77466 
 778.05151  773.65619 
 976.1441  774.3429 
 989.12616  773.78027 
 20.075485  776.02917 
 255.96016  776.51166 
 407.16129  777.15009 
 871.82416  777.5625 
 174.90979  778.25916 
 564.63068  778.09613 
 840.45447  778.02582 
 1009.5931  777.9173 
 102.62413  778.41357 
 397.40833  778.54675 
 27.838808  780.30249 
 465.87231  779.83075 
 820.68671  780.31201 
 850.36005  780.07538 
 490.09885  780.59143 
 579.06293  781.16425 
 603.50085  780.80383 
 882.94  781.15094 
 333.4549  781.9967 
 172.86108  782.61823 
 653.56396  783.33093 
 164.84052  784.94806 
 842.4281  786.11298 
 103.86839  786.7019 
 113.24634  787.37323 
 221.55583  787.51349 
 692.9566  787.00867 
 16.050215  788.03027 
 180.42615  787.93958 
 648.21234  787.54987 
 339.77161  789.26666 
 457.11136  789.46832 
 565.03925  789.26239 
 953.29663  789.84955 
 520.10126  791.15411 
 904.98602  791.34521 
 656.09204  792.55994 
 923.46356  791.83661 
 572.66663  793.02045 
 378.4039  794.16187 
 1004.9989  793.73334 
 1012.4431  794.41595 
 415.664  795.04895 
 491.57144  795.77802 
 533.49011  796.78955 
 641.38092  797.96014 
 652.90784  798.83722 
 950.89459  799.20142 
 399.06287  801.90875 
 556.43506  802.03735 
 837.04828  801.67853 
 21.863455  803.742 
 332.6861  803.66559 
 953.94537  804.41119 
 280.83698  805.87274 
 848.96588  805.98383 
 136.83379  806.69604 
 645.51294  807.23389 
 679.94348  807.31818 
 476.80997  807.53583 
 565.46912  807.93744 
 592.77478  807.40228 
 441.24197  808.72876 
 29.803825  809.82367 
 75.208237  810.16632 
 612.5163  811.45789 
 17.666365  811.52344 
 462.85834  812.16498 
 672.48547  812.51691 
 868.04767  816.09662 
 368.11749  816.64355 
 123.85516  818.84662 
 133.20045  820.4505 
 248.33394  820.46576 
 930.98804  822.32458 
 664.95599  822.6098 
 76.789063  823.85852 
 224.84702  823.05957 
 619.12134  824.01147 
 11.386852  824.76367 
 274.95657  824.83997 
 313.45633  825.12396 
 180.67725  825.42566 
 565.4101  826.12811 
 573.82117  826.01874 
 871.94293  826.4928 
 903.41071  826.66876 
 3.4722211  826.75031 
 144.27353  827.99664 
 233.44055  827.64417 
 687.26813  827.66797 
 810.04669  827.80664 
 652.88116  829.0011 
 980.74402  829.05206 
 296.66559  831.42719 
 661.32971  830.88885 
 18.701109  831.91608 
 721.85193  831.82819 
 926.81732  831.66064 
 734.54047  833.41455 
 91.03907  834.86597 
 168.33244  835.75879 
 178.30495  835.15991 
 628.74176  835.41626 
 691.71826  835.63269 
 740.4375  838.60895 
 250.8665  839.63531 
 990.43408  840.1535 
 164.06378  840.85248 
 195.40498  840.98126 
 723.5351  841.26941 
 345.27808  842.41486 
 842.3891  841.74548 
 849.99536  842.32501 
 263.76093  842.76587 
 596.3728  843.11212 
 623.73462  843.33301 
 718.62732  844.43365 
 175.80934  844.82043 
 552.90863  844.42401 
 119.29493  847.36896 
 968.66479  847.21887 
 560.07068  848.87183 
 7.1035948  850.29095 
 357.24411  850.36493 
 662.64435  849.89331 
 920.21576  850.5943 
 43.621204  850.99249 
 81.208099  850.80408 
 348.4581  850.74115 
 903.76111  851.89435 
 167.13362  852.98792 
 340.16074  853.28363 
 435.63062  853.03711 
 623.43909  852.71869 
 724.50714  853.93805 
 941.45197  855.55115 
 701.46899  856.80463 
 210.44098  856.53473 
 684.05957  856.72357 
 325.83917  858.42926 
 593.64594  857.86121 
 202.54323  858.89441 
 665.81152  858.86792 
 916.16833  858.89301 
 21.532331  859.88745 
 499.62918  859.67377 
 253.98859  860.82977 
 333.85709  861.38416 
 163.45174  861.61407 
 754.7326  862.07336 
 241.36354  863.17322 
 514.96979  863.40039 
 633.3559  864.75171 
 683.60474  865.05133 
 937.38599  865.01715 
 403.52502  866.36523 
 830.55756  866.34808 
 175.98088  867.76318 
 925.38898  867.8006 
 432.0423  869.65448 
 237.86986  871.58063 
 446.01962  871.21851 
 624.58179  871.99219 
 11.961146  872.74866 
 229.10915  872.55963 
 917.78015  873.66388 
 78.311913  873.67389 
 529.5473  875.32306 
 831.85992  874.90912 
 863.84814  874.6485 
 1008.0174  874.71716 
 577.76508  876.81744 
 70.161018  877.18652 
 203.48357  876.92694 
 630.93268  877.61572 
 913.48517  876.47485 
 652.03021  878.20117 
 806.09576  878.1073 
 235.81366  878.70538 
 754.17584  879.07489 
 172.67685  879.64502 
 198.8866  879.45111 
 140.29582  880.99524 
 428.01648  880.5611 
 827.6344  880.39978 
 226.64752  881.7804 
 578.61389  882.54291 
 669.30481  882.30267 
 567.12341  882.89563 
 22.745241  883.29565 
 700.81982  883.84253 
 729.41162  883.80408 
 203.5835  885.37396 
 87.251923  886.24933 
 397.32809  885.79291 
 621.25574  885.79333 
 677.12433  885.95313 
 918.27356  885.55023 
 121.29054  887.34491 
 235.31384  887.59998 
 594.60681  886.80872 
 58.556801  887.96954 
 991.39789  888.69843 
 585.16345  890.47406 
 108.49435  891.30035 
 388.7395  890.81805 
 579.54181  892.14166 
 200.04214  892.94843 
 298.21841  892.9928 
 620.03326  893.17902 
 985.06177  892.81647 
 233.24532  893.9339 
 674.07837  893.6701 
 36.513424  895.44586 
 122.29959  896.12079 
 716.43683  897.23462 
 131.06523  897.65131 
 509.22647  898.18066 
 975.0918  898.41418 
 73.099342  898.93439 
 215.79839  898.92926 
 206.30594  899.99121 
 467.10403  899.91705 
 177.0166  901.40961 
 671.8559  902.99298 
 190.21568  904.58429 
 328.62766  904.70929 
 120.52155  905.80475 
 209.097  905.50592 
 680.30988  907.73474 
 961.84155  908.5802 
 343.51978  910.94727 
 660.25513  911.96338 
 671.43555  912.36737 
 301.04703  914.41583 
 105.56902  914.75433 
 900.28558  914.4873 
 596.91357  916.48737 
 46.472912  917.43713 
 255.56673  918.48901 
 404.77142  919.41382 
 78.304062  922.17157 
 710.25275  922.14856 
 55.808407  922.65332 
 938.07965  923.0531 
 15.725537  924.4079 
 157.5858  923.5426 
 387.53046  923.62323 
 627.79889  924.18842 
 851.02557  924.3161 
 467.99622  925.24365 
 117.92791  926.16724 
 867.33478  925.67773 
 433.79684  926.96893 
 766.84778  927.31458 
 51.40741  928.97949 
 194.61362  930.67596 
 264.41135  929.63098 
 860.53748  929.62579 
 148.82544  930.80219 
 315.71671  930.67657 
 296.29636  932.54285 
 406.54834  933.94812 
 547.43054  935.55548 
 40.81673  937.37994 
 631.04919  937.4516 
 668.14581  937.51404 
 655.16644  938.47974 
 83.103729  939.79681 
 265.18402  940.25488 
 73.543724  940.62323 
 96.268677  944.60205 
 47.686672  947.45294 
 258.95377  947.15338 
 671.18683  947.63037 
 79.291008  947.70782 
 511.20654  948.31256 
 798.30933  948.203 
 830.33105  948.23676 
 39.245987  948.849 
 450.81915  948.51599 
 521.79742  948.47009 
 420.70578  952.09399 
 689.18939  952.4422 
 788.797  953.15479 
 475.14944  954.64203 
 836.13153  954.57953 
 872.5827  954.75281 
 275.36191  955.75159 
 390.52432  957.61407 
 267.08243  957.4859 
 584.3941  958.95502 
 154.90358  961.7049 
 460.12415  962.28577 
 567.38611  962.91687 
 646.10077  962.84399 
 45.466137  964.01239 
 273.22198  964.16321 
 603.56708  963.54291 
 414.06448  964.88239 
 765.52039  964.62396 
 7.5439959  966.53125 
 73.484154  966.73309 
 171.61343  967.41925 
 853.98779  966.67773 
 100.38409  967.72339 
 336.41266  967.74744 
 454.39438  968.28546 
 372.85599  969.48444 
 838.53137  970.16309 
 360.29764  971.51233 
 500.6001  971.34845 
 603.43311  973.88318 
 14.685555  975.43457 
 239.47884  974.68018 
 644.31311  975.30426 
 652.40674  974.70166 
 854.03247  974.80829 
 874.03424  976.24066 
 93.10582  976.56915 
 338.8063  978.37543 
 664.18225  977.97705 
 149.67093  978.51343 
 135.55731  980.50061 
 365.55692  979.72729 
 542.95746  980.05182 
 312.32861  980.6676 
 455.46121  981.23444 
 589.78699  981.2934 
 283.10205  981.57959 
 195.86208  982.92566 
 681.65741  983.09601 
 356.15775  984.24164 
 473.57867  983.87805 
 597.96783  984.81409 
 141.16508  985.89807 
 55.654377  986.7323 
 830.75513  986.97534 
 64.37043  988.25836 
 113.63276  988.08081 
 562.2016  987.79932 
 199.98477  988.91473 
 870.64886  988.51721 
 291.1116  990.5603 
 458.13132  990.79218 
 834.263  992.48956 
 226.0907  992.7511 
 670.43652  993.83752 
 682.62274  997.40369 
 259.1235  997.76544 
 65.355133  998.79755 
 285.93484  998.50409 
 640.15216  998.69281 
 797.81738  999.8833 
 589.27588  999.69684 
 28.340948  1001.7427 
 263.20432  1001.7621 
 674.56927  1001.8021 
 235.53328  1003.7275 
 278.84836  1003.5796 
 461.41873  1004.1923 
 1008.4386  1004.0502 
 290.96738  1004.6566 
 361.95905  1005.2785 
 569.53217  1007.1832 
 15.060641  1007.7686 
 257.51987  1008.2299 
 392.05664  1007.6466 
 551.77325  1010.0602 
 746.07642  1009.616 
 838.27478  1010.2712 
 402.89368  1010.4151 
 379.93439  1011.9681 
 87.559967  1013.4161 
 697.6698  1012.7318 
 534.96539  1015.1694 
 638.66992  1015.2148 
 314.19107  1015.5629 
 200.7144  1017.2296 
 480.06482  1016.9095 
 608.46826  1017.0383 
 11.743772  1017.9662 
 50.852654  1018.0054 
 564.88  1017.6439 
 184.80569  1018.6546 
 99.297691  1019.5444 
 304.08896  1021.0671 
 518.56287  1020.4781 
 656.85297  1020.8764 
 711.53992  1021.2894 
 799.52686  1021.3051 
 808.48315  1021.1069 
 398.00665  3.5595727 
 530.1087  3.5801651 
 586.45087  4.5017743 
 314.07925  7.5854421 
 451.76361  7.5315719 
 995.52606  12.873461 
 492.15933  17.482576 
 193.78717  17.701433 
 611.53021  21.402699 
 399.07712  21.08485 
 938.4162  26.474426 
 312.64938  33.961273 
 148.75743  37.221443 
 512.12939  36.759193 
 346.86655  42.647972 
 484.84933  42.946743 
 840.5603  49.822727 
 515.92194  56.711006 
 641.89099  63.653145 
 246.09973  64.828239 
 689.26538  64.907616 
 340.37433  66.099739 
 521.34796  66.630257 
 737.13257  66.186249 
 804.8006  70.100861 
 657.04474  71.007011 
 211.87433  71.476837 
 161.26312  73.84021 
 860.91364  76.173721 
 171.08727  79.747498 
 225.32349  80.57859 
 582.40363  81.609016 
 100.27263  81.741165 
 595.78613  81.531982 
 90.731819  87.706703 
 502.97046  91.054146 
 561.45251  92.431511 
 553.9328  100.85968 
 672.81415  110.65497 
 804.03638  109.79876 
 813.84192  113.97319 
 513.02039  115.66228 
 88.199905  126.95438 
 631.29663  129.12433 
 711.75598  133.81543 
 49.828407  144.05939 
 982.24738  146.87625 
 573.02179  148.78644 
 583.77313  151.62651 
 517.85828  152.48457 
 185.98285  163.38718 
 547.92773  163.55869 
 903.19757  174.0824 
 474.9408  176.35928 
 819.85077  176.826 
 334.46695  180.12447 
 153.6348  185.7507 
 342.84967  187.27118 
 464.43433  187.25185 
 737.77271  194.11774 
 190.16055  195.38406 
 6.8808689  200.26111 
 531.67218  199.28777 
 161.09462  204.56923 
 333.70099  205.73724 
 399.77945  208.47713 
 323.04831  210.09058 
 896.34052  210.75406 
 342.18878  213.595 
 409.20837  214.021 
 63.123745  215.1541 
 365.16022  217.19586 
 517.56744  221.43721 
 673.51672  222.50778 
 187.37323  237.29007 
 598.23773  238.78737 
 767.31244  241.40446 
 521.61566  245.50948 
 777.34149  245.73779 
 950.47223  249.51918 
 345.17139  252.42023 
 703.60712  252.22728 
 498.41714  254.20538 
 684.48029  257.62039 
 212.49927  260.63538 
 436.89993  260.6788 
 990.40387  262.00494 
 97.202385  264.73822 
 614.68011  271.77856 
 460.55103  274.47815 
 738.65533  273.32855 
 808.89667  275.42694 
 29.665113  275.84705 
 1004.4543  276.52515 
 748.38007  278.97198 
 72.317284  280.37143 
 192.02924  283.99072 
 611.10486  283.74341 
 473.65729  290.30145 
 592.77252  293.77011 
 476.86017  300.51404 
 665.05786  303.11359 
 271.47061  308.86108 
 868.4787  310.40601 
 117.48646  315.73392 
 592.43457  315.16946 
 25.002119  319.48343 
 944.89032  320.30414 
 300.29382  324.21915 
 807.83356  327.22202 
 530.31641  334.90286 
 923.68701  336.78293 
 557.59613  342.15518 
 693.71918  344.04086 
 485.87778  347.54556 
 377.39426  354.11346 
 780.95062  360.2218 
 289.77191  369.45566 
 911.26715  368.84494 
 309.54373  369.98544 
 573.26892  375.63232 
 781.06818  382.23755 
 515.97748  385.25711 
 564.24988  384.17142 
 21.533064  389.34579 
 987.68933  391.91364 
 607.12805  394.88391 
 309.19547  398.81277 
 495.27182  400.2941 
 991.62476  404.37421 
 434.78168  408.58527 
 880.52222  413.82776 
 573.88928  416.10889 
 462.31482  418.7749 
 189.45171  423.13779 
 409.90372  426.81128 
 441.83511  428.15894 
 263.61359  429.32144 
 749.85339  428.8692 
 407.68024  439.91306 
 193.55367  441.34631 
 335.3042  441.62595 
 875.69257  449.87308 
 679.95886  450.82303 
 450.20642  452.25806 
 217.04745  457.43884 
 27.90678  458.89026 
 328.18335  459.03033 
 113.77982  464.03885 
 684.81  464.13651 
 538.25793  465.7532 
 19.064125  467.03671 
 590.33215  476.99887 
 537.67047  483.67224 
 344.01083  485.83533 
 142.0293  490.85986 
 95.325233  503.64566 
 57.554031  508.28625 
 731.97443  509.43488 
 93.853577  514.80872 
 170.52623  525.20447 
 662.16229  528.20697 
 552.46875  530.17578 
 89.170738  532.68268 
 177.12854  532.46277 
 456.72284  534.46857 
 377.35495  536.05621 
 500.93884  538.35522 
 135.76038  555.89178 
 301.63318  556.82043 
 270.40982  569.25348 
 436.97708  570.30823 
 919.85828  570.68915 
 557.31537  573.14539 
 326.47845  577.12286 
 829.7746  577.95685 
 948.44464  583.39142 
 983.86707  584.43164 
 139.6288  586.24536 
 934.22095  587.5658 
 479.96121  589.09515 
 793.11902  588.9281 
 288.50778  591.39954 
 448.69211  590.51526 
 618.27948  592.24054 
 536.9895  593.78223 
 523.9715  597.64941 
 687.90167  599.93433 
 961.75482  601.54919 
 94.307655  608.73926 
 177.48167  612.33289 
 261.31668  619.1145 
 473.99109  620.44244 
 169.69939  622.13568 
 320.15656  621.6322 
 296.2601  624.17249 
 565.56848  623.5304 
 982.99664  626.51575 
 800.34845  627.62518 
 930.07874  630.45337 
 1016.3156  633.89624 
 822.31787  639.49292 
 338.90656  642.90851 
 446.09653  647.36163 
 938.38953  649.78589 
 842.40607  652.72266 
 81.648071  656.01282 
 188.47552  660.66357 
 723.06567  661.1452 
 1009.1589  661.24829 
 332.24844  662.02521 
 943.86584  662.33447 
 518.93188  663.14807 
 418.09464  666.43262 
 686.42151  670.38861 
 251.48463  669.81488 
 522.51312  673.16827 
 703.9505  672.9248 
 55.158676  674.72308 
 315.52145  673.68317 
 64.493141  678.49689 
 541.8913  683.31799 
 285.84232  685.04486 
 745.70428  686.43732 
 466.28314  687.47852 
 256.80463  689.66235 
 188.77225  690.65179 
 675.4447  691.21259 
 707.82489  694.17078 
 955.70508  698.63153 
 332.89737  700.91187 
 141.19305  701.81512 
 654.68719  702.25372 
 433.69983  703.03986 
 232.567  705.45941 
 50.624367  706.64441 
 6.2343102  708.69427 
 867.05817  709.87012 
 444.45142  711.82538 
 726.03015  712.3913 
 926.75433  713.58948 
 597.99774  715.45636 
 53.555775  719.51831 
 936.76678  719.86615 
 256.83246  722.35236 
 750.2807  723.43445 
 569.3653  724.63483 
 529.81348  726.52673 
 497.49609  728.88104 
 719.99536  730.03607 
 839.56122  730.92603 
 474.13745  732.22729 
 522.39056  737.14532 
 788.70319  737.7359 
 727.46515  739.26764 
 928.95544  741.75177 
 836.91547  743.99127 
 971.43579  745.23236 
 648.44702  745.24707 
 734.07184  745.90686 
 458.43295  749.04492 
 177.44963  754.22272 
 212.56813  753.41333 
 445.61127  753.77203 
 158.47905  755.83984 
 596.32184  755.90143 
 808.65814  757.82697 
 469.97046  761.32935 
 78.224579  762.56958 
 438.40891  762.74738 
 200.47313  778.50342 
 603.5589  780.8266 
 881.89813  783.6076 
 694.21326  786.60577 
 904.71246  790.88123 
 405.66199  792.1123 
 922.77655  792.34552 
 22.468102  802.64331 
 721.61725  802.53748 
 591.83844  806.29779 
 477.53659  807.61469 
 29.568541  811.67828 
 672.54187  813.03802 
 249.17093  819.67365 
 180.556  825.22058 
 3.3672116  826.03058 
 872.81348  825.82111 
 810.24756  828.33514 
 687.06433  829.14478 
 18.299658  831.39417 
 91.838623  832.52368 
 734.97321  832.8844 
 194.5247  840.74762 
 344.48203  841.20544 
 551.25702  843.71442 
 118.60095  847.3866 
 969.04944  847.66656 
 8.2420616  850.02789 
 733.14545  849.91644 
 80.506538  851.00128 
 940.87762  855.25055 
 201.89227  856.97662 
 701.88849  857.05902 
 163.72827  862.0274 
 754.71661  862.12195 
 175.20903  867.93854 
 248.02711  869.32019 
 625.35175  870.07397 
 200.71158  877.79114 
 631.1806  878.1189 
 805.85944  877.54816 
 171.7899  878.51721 
 754.67456  878.64911 
 427.4808  881.26471 
 22.790449  882.86859 
 669.31256  882.95306 
 729.36761  882.65454 
 206.93956  884.65625 
 595.09406  886.24902 
 58.03875  888.05878 
 199.51733  893.284 
 674.31396  893.72955 
 122.25947  895.96631 
 132.17136  898.32397 
 715.21387  897.47113 
 176.79712  901.17206 
 121.03873  907.4776 
 961.91779  908.25909 
 661.2561  910.26495 
 671.09003  913.16754 
 106.1392  913.82227 
 300.54047  913.7691 
 46.909267  918.24646 
 15.578526  924.33282 
 627.31635  924.08118 
 148.08096  930.92987 
 96.944649  946.3692 
 44.664604  962.87054 
 567.11023  962.63348 
 273.27521  965.96899 
 392.65253  967.37695 
 8.5680914  967.57788 
 172.00954  967.9671 
 334.82196  968.23511 
 838.51233  970.17926 
 501.04523  971.38336 
 239.70554  974.6792 
 149.65454  978.50262 
 542.12262  978.94366 
 869.90863  988.38995 
 225.91769  992.50354 
 285.39441  998.51782 
 640.85352  998.08014 
 589.22186  999.86292 
 461.17236  1003.5264 
 361.83365  1004.6113 
 568.61078  1007.769 
 534.67578  1014.1595 
 314.18021  1015.1057 
 49.875862  1017.4648 
 200.26042  1016.6326 
 608.47369  1016.6873 
 427.12457  1020.341 
 657.16956  1020.4732 
 809.14948  1020.4775 
 440.85553  5.5944748 
 497.67575  4.6282477 
 622.26636  4.9311857 
 985.6925  5.1468468 
 404.5043  10.743678 
 439.65353  11.716735 
 659.8855  10.834561 
 481.64392  12.004484 
 536.01355  13.539655 
 967.3291  13.205081 
 433.84357  16.32246 
 882.78436  16.28919 
 589.06659  17.278175 
 756.11237  20.591785 
 540.14349  21.8999 
 983.24573  22.343561 
 709.79907  23.04203 
 626.81244  24.791594 
 298.61133  27.211111 
 926.84747  28.078522 
 380.05588  30.355103 
 551.74146  30.08552 
 590.70428  30.304529 
 842.19202  29.627905 
 523.30908  40.972473 
 752.67432  42.98457 
 253.27974  46.318153 
 320.31418  49.17205 
 854.34717  51.595192 
 261.54001  58.195801 
 825.56873  59.896194 
 552.5661  61.361557 
 645.77039  61.427765 
 900.11163  62.627026 
 837.15509  64.810837 
 233.43192  65.980087 
 623.51294  67.032555 
 510.0993  68.358864 
 565.72534  68.303299 
 585.47229  68.063644 
 750.51324  71.630013 
 775.10724  73.124214 
 192.32545  74.363342 
 640.8385  76.344322 
 815.56311  75.983734 
 987.80975  76.262383 
 604.3313  76.587891 
 898.76898  78.047768 
 941.53284  80.836678 
 514.6051  84.516273 
 274.7514  88.285622 
 864.26556  88.605125 
 828.20129  89.46788 
 894.35284  93.009995 
 537.27856  99.339333 
 741.1806  99.755981 
 877.85425  99.572189 
 690.08734  100.74213 
 1001.6005  101.42753 
 492.84988  101.82554 
 461.21973  103.61503 
 505.94992  105.81578 
 734.34045  111.90339 
 901.32281  113.60953 
 570.55371  115.13234 
 634.80469  115.98422 
 583.552  117.46065 
 675.85687  122.87034 
 472.38779  124.27765 
 617.13611  128.65932 
 894.63928  132.27893 
 870.96442  132.95229 
 667.78821  135.43155 
 551.9469  136.93355 
 39.006683  138.21368 
 441.0419  144.35106 
 801.11584  144.14915 
 725.45428  144.58658 
 142.18294  146.43588 
 500.01831  149.97011 
 767.53418  149.78119 
 75.882439  151.50995 
 109.37528  151.56004 
 709.38647  152.47568 
 171.78282  156.43596 
 826.6792  156.46133 
 795.1629  162.15631 
 515.26886  165.362 
 368.9975  165.88358 
 672.61188  168.41919 
 881.46094  170.2059 
 588.16254  171.31754 
 347.65012  173.46144 
 459.14505  175.15073 
 605.04486  175.09769 
 541.25598  175.3717 
 632.92902  177.53944 
 881.745  180.86815 
 417.32278  182.27429 
 648.26117  182.7606 
 607.90979  186.56232 
 477.54648  187.98189 
 179.85498  189.83739 
 543.20648  190.24573 
 403.62402  190.94637 
 517.22748  191.84464 
 453.5806  194.03033 
 426.36505  195.81558 
 365.7551  197.05803 
 309.46103  197.38461 
 647.13904  201.75883 
 710.55096  202.10442 
 1003.215  203.40652 
 789.5672  205.95769 
 230.7486  209.32848 
 474.5278  209.00116 
 585.49414  209.11195 
 551.94928  212.09645 
 695.73621  211.95079 
 663.3147  213.0417 
 87.412369  216.6326 
 499.00888  218.13118 
 1009.7372  217.82417 
 475.01001  219.09404 
 811.27966  220.05486 
 287.40472  222.3766 
 144.05949  223.35358 
 486.75531  225.72655 
 986.04736  225.84378 
 619.77722  231.07079 
 299.0097  234.52403 
 435.48413  233.57359 
 588.67804  233.8401 
 103.66241  235.01369 
 722.65125  234.98277 
 779.41223  234.92752 
 321.27606  236.63486 
 573.4317  237.64455 
 981.77441  239.45213 
 940.08203  240.76607 
 617.27478  241.97752 
 792.90131  246.94424 
 309.56717  247.74352 
 118.47264  249.0605 
 159.70085  249.53023 
 233.5603  249.90842 
 283.10449  250.83282 
 1014.3657  253.43001 
 249.07573  253.91376 
 46.350616  254.98991 
 328.43237  254.96056 
 820.52563  256.07236 
 73.144279  257.07465 
 449.13712  258.83984 
 201.56316  260.67169 
 1003.3852  262.12634 
 314.51367  264.42261 
 754.4248  265.17142 
 771.18048  265.42664 
 377.1734  266.39948 
 663.60376  266.6564 
 495.14001  267.75388 
 568.05518  269.66599 
 338.88275  270.42273 
 353.20612  270.6022 
 561.4118  270.64832 
 628.63092  272.31677 
 475.59363  275.61392 
 510.46649  275.72635 
 181.18451  278.1506 
 389.11377  281.28131 
 489.8588  281.1669 
 279.0575  283.87952 
 630.68323  288.20575 
 254.55977  300.3515 
 452.44968  299.21783 
 565.38635  301.47388 
 692.71301  305.87415 
 932.19946  306.88129 
 575.1673  308.29614 
 992.67749  309.70029 
 254.98637  311.63486 
 333.05536  315.8223 
 361.48941  316.22549 
 622.35187  316.40512 
 884.72723  315.89404 
 137.54076  317.75052 
 1003.9299  319.20892 
 279.66367  320.5538 
 682.37939  319.90503 
 198.22589  320.50186 
 275.5769  323.56815 
 932.92664  322.96976 
 986.79773  322.74075 
 771.39789  324.58838 
 313.8457  327.9501 
 894.50409  328.21997 
 842.56519  330.40393 
 420.96179  331.10175 
 856.34607  330.41934 
 290.52499  332.48264 
 469.77338  333.04037 
 237.65875  336.77969 
 329.13202  336.67087 
 397.45865  336.82626 
 514.44281  336.83334 
 835.2937  338.37729 
 882.11945  338.52728 
 172.15387  340.22186 
 476.63248  340.19611 
 254.67264  342.54626 
 536.49048  344.48889 
 896.12811  343.98825 
 365.5528  345.24582 
 871.99298  350.96442 
 295.19885  351.57474 
 700.56769  357.02185 
 671.91754  358.12634 
 944.60168  358.16132 
 630.10132  358.52908 
 107.89591  359.6416 
 134.95166  360.07559 
 479.50125  360.23822 
 200.89174  360.94711 
 259.69998  360.95981 
 491.51572  365.6853 
 371.03265  366.42975 
 692.88611  367.8157 
 512.06366  369.44055 
 562.60632  369.16132 
 749.3797  371.18536 
 942.09937  372.19568 
 235.99995  373.89285 
 207.56725  374.76276 
 61.949142  377.35675 
 131.34572  376.42615 
 322.1076  379.30264 
 262.93799  379.95468 
 143.20407  381.93161 
 676.04114  381.9852 
 889.58759  383.98294 
 74.249847  383.55313 
 397.9722  385.66998 
 279.94498  386.84335 
 471.4194  390.04669 
 761.35846  392.2442 
 303.10471  393.0903 
 775.55841  394.49173 
 336.03586  398.10632 
 443.60223  398.59201 
 594.77985  398.91129 
 423.55939  400.35077 
 868.99652  399.59238 
 250.75484  401.07468 
 978.25458  401.44299 
 235.89043  404.25116 
 890.93585  405.02271 
 17.420279  407.66653 
 371.74121  408.46936 
 110.47193  410.30896 
 282.35419  411.1608 
 267.62225  411.66425 
 497.49826  412.39511 
 1012.3298  413.05963 
 302.07584  419.77301 
 65.635422  420.64481 
 169.67996  422.30225 
 375.73669  422.76221 
 544.05615  423.12897 
 514.59259  426.33075 
 138.64035  429.65692 
 393.63818  429.94125 
 849.6723  429.02899 
 326.20145  432.1564 
 952.24945  435.22324 
 395.56088  435.75302 
 153.28476  438.24054 
 25.514526  439.22491 
 243.62843  439.76315 
 258.62079  440.0166 
 122.55133  443.98434 
 214.77519  443.5513 
 286.86761  444.8985 
 751.55621  444.69037 
 668.12555  446.40173 
 923.84717  445.63416 
 394.59665  446.16501 
 273.10187  447.728 
 782.43231  450.08997 
 39.001549  452.06097 
 535.6485  453.05203 
 583.70221  453.66525 
 368.72092  454.25644 
 994.47382  453.74347 
 229.13756  454.80002 
 428.65146  455.30835 
 558.45947  458.42459 
 313.25629  459.26346 
 125.84788  459.66159 
 151.65685  460.31934 
 485.66132  460.63385 
 277.69095  462.28339 
 525.04163  463.86063 
 596.71246  463.97412 
 663.9137  464.06216 
 260.23822  467.45834 
 920.07202  470.87613 
 139.02579  476.0191 
 707.38995  476.15842 
 722.07843  476.72498 
 612.01599  479.36395 
 1013.2853  478.58929 
 96.297386  481.1702 
 110.15862  480.93436 
 353.14325  480.92072 
 486.45114  482.0473 
 631.1488  482.29437 
 56.029751  484.34784 
 295.90695  485.22809 
 123.38837  491.56726 
 222.27263  488.1944 
 387.07095  488.11948 
 451.95065  489.97934 
 926.13989  490.47052 
 837.48962  493.0108 
 291.27032  493.3418 
 946.15173  500.85263 
 146.07516  502.13754 
 315.26733  503.91931 
 470.94827  503.72208 
 75.864754  506.19479 
 166.61894  505.82919 
 266.18622  506.16208 
 816.55597  506.31836 
 127.97827  506.96399 
 829.51642  506.75308 
 280.29315  508.16302 
 387.68973  508.14703 
 717.98456  509.87582 
 609.8894  510.41791 
 409.63968  512.06805 
 873.45313  512.33588 
 1019.1938  513.09528 
 120.63822  518.34613 
 107.44237  519.77075 
 79.174278  520.78168 
 402.88626  520.96808 
 545.07397  521.39001 
 884.67871  525.74823 
 948.31476  526.99261 
 478.96652  528.17896 
 815.67456  527.5838 
 798.54498  530.73895 
 245.77754  531.73914 
 930.18781  532.47552 
 690.24762  532.82599 
 78.35688  536.36462 
 190.69931  537.08099 
 941.75439  537.82355 
 542.98907  538.94263 
 992.19763  538.67822 
 292.19366  540.76361 
 839.43115  540.95428 
 101.08283  543.84485 
 65.913551  544.9563 
 528.91956  545.23529 
 81.433212  546.52759 
 369.92471  547.32837 
 431.16577  547.5968 
 156.01053  552.22766 
 265.8692  553.70526 
 742.97266  555.34705 
 994.35846  555.11798 
 41.271568  556.35291 
 287.27902  556.12274 
 906.9635  558.00104 
 31.618269  558.88495 
 238.3698  562.84894 
 332.08554  565.75171 
 986.44543  565.9043 
 315.59088  566.77112 
 870.26508  568.44415 
 885.46954  568.86987 
 199.9687  571.06342 
 1001.7765  571.35339 
 651.54022  571.56201 
 42.065701  573.62537 
 344.45895  574.46582 
 426.3537  576.03699 
 26.76022  577.65649 
 293.29636  577.9447 
 310.397  577.86945 
 539.21466  580.44861 
 512.27374  580.90662 
 570.72156  582.52521 
 360.7421  582.21283 
 333.96167  584.23267 
 4.7857614  585.3042 
 60.417553  584.66425 
 211.56271  586.86829 
 552.55298  586.88934 
 320.19922  589.96014 
 826.50262  590.49176 
 845.52612  590.12677 
 857.79388  591.95276 
 197.27702  593.20154 
 432.61948  592.53204 
 462.56271  593.4494 
 499.43777  593.17554 
 781.02972  594.49506 
 67.011818  597.21716 
 106.24626  596.38934 
 400.91159  597.38947 
 804.27563  597.58588 
 868.91406  598.40527 
 51.436031  599.10272 
 230.66057  598.53564 
 834.00952  599.71448 
 117.95515  603.35748 
 256.01563  602.81152 
 509.91879  603.02386 
 448.67688  604.48871 
 478.01865  604.39734 
 583.47211  606.7226 
 919.46564  607.51379 
 18.842819  609.41547 
 679.21515  609.79657 
 109.32977  612.22498 
 360.23077  613.75812 
 375.78378  614.57147 
 795.62  614.44324 
 11.387961  615.10522 
 152.28531  617.15039 
 486.10864  618.9729 
 283.87469  621.55939 
 580.40857  623.44055 
 601.58868  622.57483 
 212.67407  625.06927 
 863.90704  625.52979 
 373.01874  627.40186 
 471.39072  627.26733 
 103.25002  627.65875 
 463.74808  628.73114 
 52.82415  631.34631 
 513.31451  630.55334 
 116.29782  634.22015 
 140.44626  634.19629 
 159.65936  633.48236 
 175.17667  635.1048 
 449.48459  635.59473 
 336.06076  637.99976 
 387.68027  638.03973 
 210.21645  638.71796 
 350.74335  638.92279 
 564.27576  639.47064 
 955.62451  639.20294 
 722.82764  642.77618 
 551.80518  643.62531 
 166.98616  644.93707 
 152.10672  646.24036 
 264.39282  645.61487 
 775.84796  646.28888 
 225.85161  646.82031 
 126.9593  649.2948 
 627.15424  650.22662 
 899.19733  650.4845 
 542.13788  654.13629 
 609.29279  653.91882 
 453.48618  656.15503 
 548.50378  655.54205 
 174.94331  656.93646 
 252.53702  659.31268 
 212.30096  660.02728 
 308.83752  660.69617 
 158.84203  661.98938 
 269.8895  662.9491 
 471.71988  663.13556 
 322.91718  664.19568 
 102.8045  664.62518 
 848.44769  665.15448 
 978.78668  667.086 
 118.36436  668.09723 
 444.53888  667.84991 
 865.43848  669.8349 
 235.26675  670.99377 
 200.59464  672.4079 
 459.36078  672.05682 
 777.36218  675.40485 
 837.27832  675.8504 
 133.3895  677.37128 
 375.3035  677.81689 
 412.2966  677.99493 
 645.29504  679.81787 
 245.35974  682.54382 
 304.47379  682.60974 
 449.03897  683.23676 
 232.17068  685.67078 
 318.40707  687.5929 
 605.7749  688.01923 
 113.30794  689.94348 
 733.46039  689.4928 
 1019.1924  689.92133 
 126.9442  691.42633 
 5.134798  691.88312 
 835.74048  691.63214 
 295.06314  693.39819 
 164.86751  695.27936 
 376.07025  694.85492 
 819.57867  695.77478 
 887.24561  695.91577 
 390.46472  696.7951 
 401.62308  697.8208 
 474.9928  697.86908 
 572.74579  699.53033 
 720.75897  698.66895 
 457.97208  700.92206 
 618.33228  700.45911 
 124.42455  701.39563 
 420.23853  705.5177 
 349.12823  706.06427 
 735.6601  705.80634 
 971.6839  705.7392 
 365.37897  707.21375 
 202.51112  707.89441 
 666.1629  707.79742 
 832.46271  708.8783 
 466.62299  711.17542 
 322.44174  713.35291 
 879.276  712.81244 
 137.27095  714.03058 
 659.11139  714.5813 
 195.56726  717.66315 
 505.39987  718.2749 
 849.29358  718.08734 
 124.55726  718.30426 
 149.46419  719.07831 
 57.665596  720.32111 
 480.41064  721.33661 
 342.57068  721.63196 
 295.99588  723.57129 
 521.98633  723.61017 
 731.03925  724.03522 
 862.0083  723.89734 
 555.84564  724.99042 
 311.23779  726.25439 
 603.63385  727.82489 
 321.43637  729.28851 
 828.54718  728.66925 
 115.85569  730.65173 
 954.9762  732.17365 
 507.56235  736.22125 
 918.88269  736.62469 
 205.57817  738.67084 
 633.80292  739.80457 
 490.82971  739.96637 
 594.09003  741.95892 
 223.50964  742.52338 
 437.73035  743.82581 
 476.30225  743.48792 
 49.100903  745.4964 
 267.75623  746.27545 
 10.359564  746.7135 
 367.54568  747.46533 
 358.85953  749.07996 
 379.44174  750.27484 
 965.73157  756.75281 
 585.71393  758.70001 
 124.77031  762.216 
 540.11493  766.11603 
 710.63092  765.62219 
 106.44747  767.44965 
 514.89496  766.53894 
 947.44391  767.67932 
 271.43756  770.12122 
 974.72711  770.57855 
 252.89432  772.83911 
 275.12015  772.61285 
 301.03165  773.21509 
 586.90448  773.80536 
 17.955038  775.20441 
 402.09152  777.60132 
 958.66724  777.49182 
 1011.0599  777.83795 
 172.69545  778.97095 
 872.03595  778.60382 
 562.14331  783.26727 
 840.33057  781.14508 
 30.140535  781.86145 
 416.84467  782.6333 
 490.80508  783.48608 
 648.58215  783.35602 
 150.00508  788.63678 
 179.48476  790.38019 
 220.15897  789.72784 
 520.58569  790.30939 
 390.59647  790.71228 
 341.80331  792.1524 
 953.42529  792.8963 
 576.52454  793.8681 
 564.19653  794.92926 
 1007.3234  794.79315 
 376.03958  795.52533 
 655.42096  796.8963 
 534.35278  797.63483 
 838.00079  801.20569 
 141.58446  801.83057 
 400.0336  802.11493 
 555.47668  802.63885 
 277.27832  807.94208 
 443.27481  810.34613 
 76.252296  811.10846 
 613.71906  811.16479 
 459.58685  812.6424 
 289.8909  814.26306 
 121.94128  817.03809 
 640.75745  818.8255 
 224.81137  820.68896 
 929.44934  821.58691 
 134.61462  823.32739 
 274.91156  823.64417 
 569.04974  825.57428 
 236.01199  828.58936 
 905.14337  828.22656 
 631.31757  831.68378 
 296.60721  834.25385 
 180.0851  837.86823 
 564.32672  837.62872 
 164.66652  839.42078 
 844.04108  840.40942 
 178.41315  844.30096 
 329.83987  845.02228 
 720.61224  844.87939 
 625.17682  847.7959 
 44.713223  850.11279 
 662.9696  850.23413 
 433.31375  854.93866 
 340.66449  856.34045 
 918.89081  855.53796 
 323.35248  858.43475 
 337.64423  859.43976 
 499.88651  859.63733 
 516.84839  863.48627 
 490.80548  865.15448 
 401.58203  866.65448 
 929.97998  867.75983 
 42.614376  867.46356 
 433.13718  867.40442 
 682.79034  869.14648 
 788.11816  869.64417 
 937.94617  868.76447 
 662.70447  871.10669 
 226.53461  872.4444 
 447.07693  873.18018 
 239.97989  875.17017 
 789.492  874.09894 
 829.84979  874.71039 
 863.31799  874.76129 
 915.75702  876.97827 
 72.872589  877.93524 
 383.67401  877.61633 
 578.44989  879.67444 
 397.36639  885.15125 
 620.92981  888.63684 
 658.52533  890.58917 
 986.82227  890.49451 
 300.78732  893.82855 
 581.70868  894.10754 
 107.60708  894.91223 
 71.544388  895.50751 
 684.14301  895.98077 
 671.91937  902.17664 
 332.24072  902.60138 
 206.47223  903.74988 
 343.97198  911.60107 
 811.11005  913.28363 
 321.50592  919.3656 
 942.37897  921.28162 
 253.26546  922.76123 
 709.64008  922.51788 
 851.39441  923.13916 
 471.02057  924.13092 
 765.16052  925.73938 
 431.25522  927.61682 
 317.02643  929.20386 
 296.47318  933.32129 
 600.22095  932.72498 
 197.75412  933.93787 
 738.73383  935.09778 
 546.26105  936.78204 
 42.422306  938.1377 
 658.336  938.76501 
 78.278328  943.03546 
 388.7095  943.83545 
 797.15259  948.42578 
 830.72223  949.50763 
 452.14987  949.95221 
 509.55722  949.90405 
 669.94763  951.42633 
 690.77234  951.41418 
 475.15094  953.32501 
 872.97607  955.73425 
 152.51483  958.53674 
 269.89972  961.79095 
 462.92029  961.6297 
 384.36121  967.43933 
 285.27008  968.10059 
 367.66406  968.5672 
 158.14197  970.216 
 410.87903  969.41754 
 664.66278  970.23718 
 93.027985  973.08533 
 648.06995  972.66425 
 314.72043  975.56519 
 667.07422  975.61932 
 595.57184  980.87988 
 137.34763  982.80371 
 285.37775  983.59033 
 112.91882  985.341 
 197.05513  984.69965 
 454.27783  985.64716 
 53.699295  986.46265 
 125.44419  990.39722 
 832.435  990.09314 
 673.86664  990.62524 
 471.43118  995.78888 
 501.37885  997.69513 
 39.88723  999.05133 
 619.02502  1001.067 
 258.90826  1002.0674 
 800.54645  1003.6849 
 12.840957  1007.6339 
 392.4758  1009.984 
 648.52966  1009.6058 
 60.738865  1010.6465 
 708.94135  1012.1238 
 274.86887  1014.2697 
 478.23376  1018.9349 
 302.69644  1019.2369 
 518.28284  1019.0672 
 795.58838  1018.8857 
 876.48126  17.754803 
 552.53015  29.256109 
 568.10327  62.19931 
 752.27655  71.688812 
 941.80695  80.939415 
 515.58228  84.943092 
 536.92596  98.812737 
 977.57495  146.38765 
 782.85748  148.27856 
 708.69086  154.28578 
 171.36102  158.11911 
 310.75235  197.50929 
 232.1931  211.20782 
 142.7879  222.94534 
 185.95363  234.26335 
 723.18341  234.55647 
 779.71497  235.83807 
 281.85596  248.92737 
 328.39456  255.72444 
 663.14374  265.68445 
 474.80048  274.83936 
 179.59712  278.17392 
 389.09741  281.547 
 489.52606  282.75677 
 271.83395  306.90805 
 275.84702  323.88641 
 420.42932  333.59534 
 329.13406  335.83466 
 474.16785  337.19769 
 363.93796  351.65723 
 696.47198  364.40884 
 787.05835  379.09518 
 888.9458  384.34244 
 475.23306  390.93622 
 251.63087  401.76398 
 544.42511  421.98093 
 138.95659  428.92603 
 952.00952  433.23135 
 122.15881  442.18704 
 39.006226  453.11887 
 229.94426  454.50015 
 368.56198  454.29971 
 584.06055  453.74124 
 995.14124  459.69275 
 125.96641  460.56805 
 919.95325  471.47211 
 707.45184  475.8371 
 487.59155  482.33679 
 58.630997  502.34723 
 810.74762  500.7359 
 315.13272  504.2674 
 389.1192  507.34286 
 718.68127  509.98581 
 609.18512  509.77838 
 404.34219  516.34656 
 244.98201  531.56848 
 688.29803  534.91235 
 333.59738  560.56128 
 197.87468  571.0542 
 42.927895  574.05963 
 425.65579  574.79187 
 445.67618  571.94934 
 361.14667  580.11267 
 212.59456  586.3963 
 553.02075  587.65643 
 499.07492  593.82269 
 802.06067  599.92535 
 257.31851  602.46527 
 510.33829  603.63965 
 478.31583  607.90009 
 15.575297  612.46973 
 283.60767  620.82513 
 372.94138  628.07611 
 159.57283  633.81122 
 773.32648  648.58691 
 845.80023  650.73175 
 609.44733  651.77045 
 848.94891  665.50922 
 116.02975  671.88855 
 778.5509  675.76563 
 319.05649  686.33917 
 605.97083  689.64978 
 476.00809  697.77332 
 124.75966  701.17365 
 419.93881  705.21271 
 832.2489  707.15356 
 324.35205  707.52844 
 580.63123  711.17053 
 879.17603  712.64032 
 197.21518  714.75232 
 58.067966  721.62616 
 77.459549  721.75092 
 482.46884  722.8266 
 296.07593  723.74213 
 524.23547  724.34491 
 585.75848  724.19519 
 997.33533  735.29474 
 633.48535  740.66406 
 224.27446  742.1817 
 593.39136  742.29431 
 746.11584  753.05811 
 527.35724  753.53528 
 977.0238  770.39606 
 401.63657  777.73627 
 171.8898  778.72113 
 843.99084  779.67535 
 562.08649  781.7027 
 490.25955  785.28021 
 222.13727  788.46637 
 390.935  790.99835 
 345.21634  792.91876 
 952.26044  794.96576 
 558.41687  802.25433 
 482.09506  806.19672 
 443.18109  811.11591 
 569.73187  811.70349 
 669.86462  814.92688 
 180.67363  839.7135 
 162.98047  841.39325 
 703.16272  842.33026 
 626.04822  848.38202 
 663.68402  850.66449 
 919.0791  855.37872 
 788.84534  870.48108 
 175.68236  871.43835 
 829.90802  872.95319 
 225.86491  874.19366 
 244.61092  876.53448 
 334.36716  899.9093 
 659.47906  939.19354 
 43.650841  939.26892 
 78.083656  943.10962 
 269.75858  962.11853 
 386.46054  967.98865 
 409.9187  969.28906 
 648.34003  970.6767 
 197.00612  985.26001 
 453.7131  987.28687 
 675.36316  990.11694 
 40.537804  1000.5349 
 801.62622  1005.608 
 393.74197  1010.7708 
 478.37125  1018.309 
 409.21863  3.5342882 
 318.1749  7.7123122 
 456.375  8.2022467 
 436.53595  9.8408432 
 610.65491  13.757275 
 570.76526  15.412838 
 535.69525  19.369299 
 631.3562  21.817928 
 501.34415  23.574659 
 589.20941  24.463726 
 845.71411  24.676979 
 509.31439  30.231491 
 737.74628  30.977564 
 526.30316  40.416389 
 320.35236  49.700249 
 547.69556  58.56311 
 342.24548  61.101963 
 254.67021  63.9902 
 623.91522  65.617889 
 585.98505  70.058655 
 863.75293  68.678268 
 774.82513  74.836433 
 601.94196  77.186737 
 648.54987  78.670097 
 894.37976  87.44812 
 277.04984  86.441002 
 833.87042  89.248764 
 493.48312  98.54081 
 1007.0751  100.77404 
 736.99023  103.62176 
 758.11493  106.23403 
 478.33472  121.27798 
 676.63416  126.4226 
 615.34259  127.25231 
 873.92487  131.17209 
 637.62769  134.24605 
 445.84622  137.86324 
 727.40314  149.88971 
 503.25916  153.23297 
 792.99237  162.88316 
 820.62518  164.41478 
 543.81921  167.56035 
 519.81824  169.35318 
 585.1355  172.2972 
 634.20386  173.48068 
 884.98724  174.14606 
 349.38214  175.94234 
 462.38281  179.86505 
 903.63263  179.59041 
 609.76813  181.62726 
 655.3562  182.2567 
 409.88016  185.86072 
 478.58612  190.35387 
 431.81119  194.8703 
 524.76984  194.09171 
 371.69009  199.13136 
 703.33319  207.95811 
 351.13785  209.6498 
 784.38367  212.2383 
 288.17294  220.37445 
 434.09155  233.91469 
 622.22229  234.28053 
 321.04965  237.0584 
 232.15427  246.75963 
 312.6539  247.61551 
 101.90092  251.82556 
 641.42053  253.53108 
 453.54901  255.49492 
 1010.4418  255.52188 
 253.73607  256.97272 
 564.13123  265.04617 
 776.38812  266.28403 
 373.35849  268.51773 
 626.09155  280.34161 
 650.02271  285.49429 
 455.14737  296.92761 
 403.84125  299.87173 
 254.01208  304.11005 
 570.41022  305.68607 
 691.43909  309.16196 
 987.17877  315.40472 
 626.9577  323.14682 
 767.26135  323.43814 
 900.24396  337.27032 
 838.52106  334.46622 
 517.08746  336.69083 
 349.26822  336.46878 
 257.22186  339.24969 
 278.28839  345.30139 
 192.22243  345.57025 
 532.06903  349.46228 
 297.89023  354.24634 
 607.46271  354.81149 
 403.44354  356.17761 
 672.31238  355.55142 
 386.37494  360.63031 
 100.85011  366.30612 
 942.26154  365.37723 
 205.82986  366.62335 
 514.18475  371.31363 
 560.02307  370.90359 
 232.11055  375.64963 
 60.388165  380.00278 
 280.97821  382.1416 
 979.22656  398.08353 
 426.66251  399.05417 
 598.9259  399.9313 
 871.71466  401.16605 
 448.8566  401.96924 
 402.71768  404.27759 
 473.68253  412.51962 
 302.53064  416.35577 
 994.19244  416.80453 
 172.87642  423.49628 
 69.413185  423.93082 
 373.7518  428.64737 
 323.0802  431.28403 
 27.346096  438.65271 
 152.65747  439.37839 
 925.68329  441.19418 
 274.12878  445.04156 
 212.15793  447.59259 
 318.25021  458.07291 
 344.75662  459.16565 
 16.93255  461.42664 
 522.81989  461.81149 
 683.47833  461.42813 
 369.83389  475.36298 
 104.83203  475.40323 
 1012.8987  477.849 
 55.607193  481.31064 
 350.42596  482.90985 
 389.97287  485.27667 
 219.12129  487.72458 
 122.738  489.14908 
 292.52112  488.96854 
 928.72162  488.755 
 976.85773  492.25024 
 166.87386  507.34659 
 873.94702  510.91022 
 384.53763  525.39551 
 817.63843  526.9657 
 671.27521  527.79016 
 794.45392  531.89539 
 62.060146  539.48505 
 82.955994  540.44934 
 158.87979  544.52197 
 880.7735  545.26636 
 35.189747  557.61035 
 269.12704  558.91003 
 868.98694  565.22406 
 648.86798  571.09808 
 25.166531  571.1145 
 292.77353  575.19965 
 312.81116  577.82269 
 336.75113  580.15656 
 63.095997  581.55341 
 535.60724  582.18823 
 7.8267021  584.97949 
 939.93707  585.37537 
 432.02457  591.81989 
 786.42603  594.73962 
 586.25427  602.56219 
 114.12702  608.04401 
 421.2847  607.32666 
 450.39557  611.85986 
 155.25542  612.68335 
 676.80225  612.97791 
 792.00873  614.7973 
 867.99396  623.255 
 467.75607  624.617 
 421.56689  627.30988 
 516.65808  629.69385 
 213.24083  632.81274 
 352.85699  635.27386 
 390.90475  639.8454 
 282.60535  642.37311 
 723.9408  642.90955 
 972.99658  643.75 
 480.17676  644.31622 
 630.19318  648.03137 
 524.66974  648.65521 
 547.98016  648.81451 
 898.82941  650.62262 
 129.25569  652.23322 
 195.34549  652.32001 
 943.5705  655.39581 
 305.58722  657.86176 
 399.76489  662.11548 
 253.64963  662.75562 
 206.36304  665.8219 
 154.85345  665.85449 
 325.38272  669.99493 
 56.286011  670.34961 
 718.6662  676.07202 
 449.32574  683.64923 
 59.208889  691.39893 
 626.89423  693.6344 
 835.12683  693.41028 
 8.064558  696.10675 
 394.57068  698.52606 
 661.77332  708.10107 
 943.88281  717.0556 
 971.69977  725.69409 
 736.15875  732.15723 
 206.22412  738.17566 
 936.55298  743.36639 
 16.215281  743.84863 
 362.61499  747.87671 
 264.38257  748.28271 
 995.82806  760.67737 
 558.41663  760.68469 
 604.32306  762.14978 
 273.36676  767.91431 
 256.66095  768.13599 
 106.5025  770.20465 
 584.09253  776.38916 
 14.865199  776.60944 
 958.33252  776.57672 
 651.72021  782.11652 
 146.33559  782.68359 
 1008.3174  785.74835 
 624.27563  794.95819 
 537.53229  796.38348 
 640.45435  797.42712 
 934.12933  803.19293 
 232.93452  803.82697 
 275.64221  808.32458 
 76.779869  814.65771 
 616.84418  814.48486 
 634.70813  825.70551 
 909.54712  829.45276 
 343.70685  837.70276 
 217.57535  842.83734 
 723.75317  842.68036 
 179.80771  850.42999 
 46.377789  853.19055 
 436.69788  858.97363 
 340.46442  861.0332 
 603.45807  862.22852 
 643.45966  862.17822 
 684.33618  870.07867 
 935.4671  872.77393 
 637.79956  876.02673 
 381.43524  880.11853 
 449.87448  880.51312 
 406.14328  884.14301 
 194.95326  894.00494 
 304.24454  898.89526 
 209.36879  907.53119 
 806.25677  913.01654 
 250.98613  924.7381 
 322.51151  924.14783 
 767.32678  923.36981 
 149.97449  926.21271 
 449.40298  930.38757 
 600.8634  932.90552 
 298.06412  934.35669 
 740.67859  939.0553 
 487.49353  942.4483 
 385.04745  947.04486 
 512.12915  948.6178 
 693.38721  950.34613 
 292.78268  962.81903 
 365.78482  967.90497 
 468.25922  969.12787 
 325.00674  970.3692 
 602.21484  973.00598 
 141.04898  982.70697 
 74.004433  984.93036 
 873.75226  987.7298 
 476.70572  999.32196 
 261.05618  1005.9854 
 16.549347  1007.7183 
 307.03378  1016.2589 
 522.36536  1016.2839 
 794.27869  1015.8524 
 619.06836  9.0818644 
 710.85748  111.69444 
 705.59222  146.31479 
 259.57516  369.27036 
 398.233  435.62155 
 201.54135  579.96484 
 560.43829  589.95563 
 460.20602  594.58942 
 582.58502  630.43256 
 21.651323  666.16321 
 960.62811  673.98138 
 323.15527  679.48071 
 377.73093  688.32452 
 854.96539  711.10657 
 38.796223  720.25037 
 117.76499  724.23901 
 589.06805  748.43506 
 279.65588  774.41119 
 538.01477  786.24847 
 557.34595  793.69226 
 130.42195  805.2558 
 628.27466  857.40381 
 495.82999  858.98987 
 762.74445  865.14752 
 71.534279  887.6524 
 669.40308  893.18518 
 113.79839  896.45056 
 678.26495  924.06677 
 201.48228  935.76929 
 852.20203  944.86816 
 815.73676  10.992019 
 874.59479  72.92836 
 839.14124  90.806717 
 482.1918  125.23965 
 448.76627  132.70903 
 797.77991  160.46138 
 376.92545  199.64742 
 432.68906  236.256 
 987.42181  236.92726 
 498.87604  256.39719 
 486.80215  259.01093 
 460.06461  295.98608 
 203.00766  316.03494 
 126.78424  322.25467 
 619.75452  340.33429 
 394.97913  359.52005 
 755.79138  439.98056 
 50.91935  448.46997 
 224.24165  488.49011 
 817.33002  494.28177 
 826.34564  519.56714 
 389.41721  522.9931 
 946.03241  531.51807 
 275.89508  556.49255 
 956.6665  560.03656 
 317.26755  576.45422 
 290.80859  583.21399 
 221.15433  594.62677 
 785.7749  604.20526 
 486.76898  643.62048 
 633.97137  646.52313 
 300.71417  665.65967 
 628.91376  708.50861 
 138.92447  744.5451 
 290.25021  747.60101 
 561.86945  755.94562 
 255.06482  761.67432 
 612.76044  759.78668 
 313.836  769.23029 
 111.55828  770.02563 
 30.356176  787.84937 
 647.72919  790.24811 
 669.57086  794.12573 
 489.68173  794.36121 
 103.8402  799.12317 
 304.64777  801.99939 
 10.823913  816.58173 
 640.10632  828.01312 
 330.58105  845.14093 
 920.42468  862.17468 
 646.95453  868.58569 
 468.08148  909.79602 
 86.026558  916.18762 
 600.98334  936.63977 
 672.77362  964.41754 
 217.3105  966.44556 
 474.64594  975.28577 
 480.26569  993.59412 
 335.08185  997.84479 
 10.989829  1014.9485 
 385.42957  16.204916 
 348.16464  177.21191 
 265.33109  452.57397 
 168.18198  575.91589 
 123.68524  619.51263 
 223.44592  909.51825 
 705.27673  938.4184 
 871.96783  969.48901 
 652.05768  960.74774 
 949.99567  17.863928 
 976.92017  489.59915 
 600.58582  926.578 
