 283.98694  1.8279558 
 360.99362  1.7128593 
 161.57709  4.8665094 
 358.14182  5.8064051 
 491.55417  9.6674852 
 570.67816  10.146272 
 154.95842  11.582417 
 913.38342  13.200232 
 685.87976  14.191085 
 478.88016  16.611687 
 239.90585  24.230742 
 326.35159  26.392345 
 72.17717  29.392553 
 201.12639  30.740589 
 282.55124  31.260811 
 521.64313  33.463665 
 607.39539  38.987125 
 600.99188  40.198288 
 999.89819  39.948151 
 62.592426  42.983696 
 593.04047  43.025951 
 978.84613  45.557739 
 78.791122  47.366695 
 420.86838  47.608723 
 854.93005  49.20723 
 131.00189  51.603859 
 190.70131  52.183086 
 697.67987  52.611481 
 403.72305  55.022209 
 760.69556  55.009266 
 476.62946  56.71632 
 469.86871  59.28941 
 549.64435  58.661396 
 109.62169  60.670189 
 723.28131  61.112934 
 392.55817  62.635624 
 294.72675  64.235306 
 306.2894  65.83139 
 470.75879  66.210434 
 107.28221  66.773918 
 464.81613  67.157074 
 102.32539  69.0242 
 760.13367  69.411255 
 158.93892  69.622467 
 186.62782  71.98896 
 195.87726  72.998474 
 235.07555  75.464027 
 178.95697  76.64296 
 499.89343  77.130043 
 502.4679  76.828682 
 457.52975  78.377014 
 514.96979  80.371117 
 462.67789  82.182182 
 838.87726  82.862183 
 851.37268  83.113403 
 879.90295  83.312988 
 62.363258  84.876938 
 502.6524  85.055565 
 510.14764  85.224976 
 627.5614  85.361374 
 239.4771  87.504333 
 326.03745  87.531876 
 62.430824  88.856758 
 331.33578  89.364967 
 287.05548  91.209236 
 280.26309  92.436714 
 835.03992  91.989197 
 1018.4363  93.280037 
 326.57199  94.424828 
 198.11858  95.507698 
 205.21262  95.286545 
 883.50189  95.026299 
 61.56781  96.347923 
 321.24393  96.441261 
 122.78007  96.540092 
 109.90056  97.513649 
 868.46851  98.75782 
 992.69312  100.78737 
 156.44167  102.91364 
 929.61658  105.73592 
 295.78329  107.85832 
 165.58868  108.98855 
 142.58942  110.44704 
 36.508823  112.05684 
 426.03098  113.30772 
 300.48776  114.21122 
 380.19641  114.18136 
 883.70172  116.26981 
 104.75246  116.86751 
 350.68176  116.802 
 535.84595  117.60492 
 725.34253  119.50349 
 926.05402  119.32642 
 491.62198  120.12862 
 759.36725  120.93925 
 207.19205  121.51673 
 298.83539  122.25317 
 1007.2298  122.11592 
 162.23427  123.69352 
 801.7049  124.17406 
 379.88718  124.53683 
 168.82425  125.56683 
 809.27014  125.5358 
 1019.4655  126.14842 
 1006.5421  128.07036 
 32.699116  130.2123 
 144.94919  129.97133 
 369.9657  130.526 
 974.26361  131.26422 
 173.74454  135.68185 
 827.4751  136.04756 
 180.82095  137.07523 
 334.5983  137.15237 
 603.35095  141.61525 
 887.50684  142.25128 
 962.09863  143.03828 
 968.95502  142.70317 
 72.664185  145.24231 
 457.53024  148.77449 
 785.57507  148.74301 
 654.63861  150.86707 
 959.35828  151.06689 
 966.82452  151.88812 
 740.67932  152.90799 
 565.49316  154.28413 
 308.414  155.39717 
 726.04785  154.75681 
 734.4754  155.53087 
 813.66846  155.75252 
 398.40158  157.02103 
 389.65152  158.7646 
 334.23953  161.12454 
 475.25009  166.98793 
 602.078  167.75626 
 66.8106  168.94131 
 413.43869  171.76797 
 19.632296  172.82634 
 57.1492  172.51303 
 529.74792  173.63889 
 512.79871  174.80739 
 918.05743  174.77715 
 1007.3411  184.83679 
 554.164  185.69127 
 221.15672  187.2184 
 595.08014  186.91048 
 104.3115  190.19762 
 77.640251  192.88501 
 964.03442  196.1256 
 74.464134  198.96873 
 448.23569  199.01804 
 964.0694  199.1049 
 971.28082  199.46049 
 980.89209  199.30923 
 68.140244  200.77074 
 332.24551  200.86884 
 377.40228  201.28619 
 830.51355  201.49232 
 525.91144  209.68777 
 476.5329  211.38174 
 528.62372  216.34291 
 343.63882  221.56535 
 387.11993  226.09425 
 804.6236  227.00563 
 71.865013  230.39803 
 63.450832  230.53224 
 112.03908  233.94934 
 67.058983  236.21622 
 508.75119  237.05057 
 325.02863  237.70827 
 673.91742  239.00325 
 476.48453  241.10213 
 110.96414  241.87813 
 349.10583  242.20195 
 575.36157  241.9373 
 56.874096  243.07288 
 640.09119  244.33336 
 115.38584  245.85435 
 545.51477  247.11595 
 691.0119  248.44151 
 61.477253  248.50912 
 666.00311  253.11472 
 318.58328  253.70871 
 61.227535  255.57788 
 684.88928  254.8232 
 654.68304  258.20334 
 599.26361  260.66513 
 745.9696  260.63004 
 968.69641  261.56558 
 272.85223  262.78088 
 769.96576  264.42084 
 604.8266  267.07547 
 649.11163  268.63977 
 829.32928  268.7634 
 26.352392  272.29501 
 318.92404  272.46436 
 675.47949  272.03537 
 866.29272  274.12961 
 599.41974  274.95911 
 224.09393  275.69827 
 669.98602  277.7963 
 583.20007  284.46756 
 391.48441  285.50989 
 534.70258  286.40958 
 384.98306  287.14133 
 528.66864  287.79773 
 379.3959  289.6572 
 216.84639  290.98465 
 317.13791  290.89264 
 219.16513  297.25629 
 266.15112  299.36697 
 425.46008  299.38251 
 921.30231  299.48999 
 391.3775  300.61896 
 319.23611  301.98706 
 833.03406  308.1311 
 531.72949  311.00537 
 442.09439  311.89557 
 379.9733  315.6283 
 372.27274  316.50549 
 352.20255  323.18347 
 791.03467  325.19693 
 864.6579  325.17514 
 456.0322  327.26938 
 609.75543  329.51224 
 845.58234  330.96039 
 786.47949  338.68063 
 914.97839  340.49277 
 307.9494  341.00998 
 963.43298  346.38376 
 132.9507  346.79642 
 141.51164  348.45642 
 432.89066  349.81729 
 439.85684  350.5744 
 778.94421  350.57349 
 598.60754  353.26144 
 294.9855  354.2059 
 1015.6261  356.1369 
 168.46924  357.03619 
 1021.8617  357.38516 
 919.77472  358.57281 
 1016.0062  358.53506 
 435.72916  360.37839 
 226.03752  360.93478 
 583.05499  361.7937 
 290.59995  364.16348 
 817.64001  363.95901 
 44.067448  364.86447 
 682.29456  366.41095 
 394.54599  368.15945 
 52.952374  369.25397 
 965.36011  368.6322 
 979.74341  369.32489 
 285.64847  369.55188 
 676.01556  373.05942 
 952.41974  373.8374 
 368.729  375.15527 
 669.40887  374.88702 
 227.05061  376.31992 
 402.14633  375.88596 
 247.82564  376.50604 
 409.29163  378.25046 
 543.06256  378.17236 
 208.34966  379.90927 
 915.20514  379.52805 
 448.0607  381.41464 
 230.12  384.59854 
 245.93671  384.89841 
 919.4502  384.55008 
 452.74188  385.60895 
 895.52594  385.69763 
 423.82309  387.49579 
 666.17438  387.72516 
 698.61041  389.12418 
 705.8183  388.95615 
 71.619492  390.00076 
 78.669701  390.47433 
 966.2381  389.79803 
 935.73059  393.79883 
 696.50049  397.29819 
 837.85773  397.03607 
 97.500359  398.0545 
 349.93875  397.82199 
 106.19105  398.89722 
 938.76471  400.66251 
 156.03413  401.94846 
 691.27917  402.21182 
 822.22949  402.54315 
 617.62585  403.77148 
 997.06445  404.30392 
 533.099  405.07809 
 290.65036  407.02692 
 917.74072  408.07797 
 297.20166  409.39084 
 442.55545  409.31229 
 1001.795  409.04489 
 155.31741  410.41876 
 954.59167  410.04694 
 588.4931  413.48563 
 960.80609  413.58386 
 843.24042  415.0275 
 34.340424  418.06921 
 40.674469  417.98663 
 429.30209  418.18759 
 604.08765  417.6571 
 965.35925  417.82822 
 209.37456  419.9808 
 592.98645  419.86285 
 749.95758  421.02277 
 837.80865  421.267 
 202.78709  421.74979 
 586.41168  422.18805 
 736.06506  422.31686 
 264.33606  423.2142 
 820.89429  423.00604 
 440.17865  426.74719 
 605.69263  426.90936 
 476.0528  427.5127 
 752.25848  427.534 
 590.91742  428.8519 
 736.79211  429.22488 
 320.34946  430.1788 
 797.03198  429.83032 
 405.96524  431.4357 
 484.11282  431.57846 
 811.13885  434.19058 
 565.36365  434.86737 
 527.01123  435.8671 
 270.56476  437.34113 
 718.82336  441.1337 
 55.713741  442.30005 
 125.326  442.05057 
 808.15448  442.06448 
 967.15991  441.87576 
 993.14313  441.9429 
 398.73993  442.97928 
 653.80786  443.4808 
 151.47734  443.88989 
 1001.4038  443.69098 
 1014.019  444.14853 
 242.60655  447.0004 
 358.81552  447.56274 
 816.34906  448.19974 
 514.5697  449.47931 
 398.67184  451.22641 
 994.41412  450.95908 
 78.541115  452.18246 
 172.12418  451.94724 
 201.04959  452.09744 
 209.50174  452.39621 
 966.61896  452.46399 
 352.64758  453.40482 
 207.21344  458.52679 
 849.3111  458.63339 
 707.27368  461.51498 
 872.90076  461.63525 
 480.07587  465.72998 
 489.94559  465.73508 
 123.0108  468.24854 
 331.73849  467.80209 
 414.28659  468.78809 
 837.33112  470.3093 
 482.24033  471.57916 
 355.0596  474.43298 
 471.89978  474.2374 
 489.16187  474.32593 
 43.641243  475.46649 
 297.60095  474.53122 
 1012.3286  476.56546 
 476.13306  479.30789 
 193.37886  479.97644 
 37.354324  480.74158 
 346.07901  481.34982 
 288.10748  482.3533 
 433.60931  481.90274 
 809.24792  483.77179 
 881.05701  484.98123 
 210.37955  485.43686 
 36.320965  487.35855 
 195.69554  487.17963 
 944.16919  486.67102 
 342.55756  491.0307 
 419.33041  490.53049 
 834.99506  490.83609 
 189.78084  491.89456 
 676.49841  491.96182 
 14.996625  493.65277 
 241.74484  494.17236 
 980.23785  494.24011 
 990.04425  494.07123 
 714.90729  494.89676 
 381.77557  496.13333 
 933.01318  495.8923 
 551.992  496.66644 
 925.78131  497.08691 
 282.39124  499.08371 
 559.47754  499.66882 
 921.30469  500.17065 
 983.83899  500.90414 
 243.1745  501.56772 
 293.51578  503.44266 
 580.43475  503.55774 
 9.453949  504.58023 
 288.1207  504.52029 
 871.43915  505.4744 
 386.9913  505.698 
 658.27423  507.70465 
 281.20435  508.9386 
 462.89005  509.08487 
 1018.4386  509.63788 
 921.21118  511.19977 
 768.22662  512.15576 
 381.35062  513.78253 
 877.28992  515.26538 
 916.63812  515.17224 
 922.24677  515.56042 
 512.44684  518.44824 
 649.22742  518.82452 
 274.59494  519.57849 
 520.45197  521.29736 
 537.82654  521.84277 
 36.211956  523.02399 
 600.49359  523.38336 
 42.555363  524.5545 
 362.23135  524.59698 
 149.34506  525.35016 
 186.20354  527.42841 
 192.14677  528.90503 
 908.16394  528.7132 
 639.88519  529.78754 
 798.26343  529.85156 
 842.88959  530.64716 
 911.77472  533.55902 
 493.29092  535.40704 
 445.76639  535.5993 
 269.05875  536.81622 
 545.73193  537.16156 
 232.92271  538.99805 
 217.1981  539.93683 
 855.81903  541.96954 
 635.77191  543.05591 
 766.3949  545.39282 
 577.01056  548.45099 
 793.29974  547.90045 
 478.03821  548.83405 
 323.48456  549.58466 
 620.86157  550.20526 
 713.92688  549.83112 
 753.64056  550.38934 
 996.47931  550.20398 
 330.15704  550.95209 
 463.51208  551.54254 
 797.40027  552.43817 
 204.63367  552.66956 
 947.23737  553.46033 
 210.86316  553.59808 
 629.07465  554.17993 
 960.05896  554.21796 
 747.48511  555.84961 
 488.56238  557.17773 
 259.87448  557.6524 
 847.87231  558.74933 
 540.48389  560.08167 
 818.15778  559.95697 
 870.28021  561.40442 
 204.60083  564.08502 
 779.87878  566.66852 
 277.88898  568.41589 
 426.97049  567.71448 
 846.20856  568.35681 
 944.01233  567.61505 
 664.66644  568.65875 
 828.28473  568.60162 
 896.28497  569.97028 
 118.19012  571.25226 
 933.03088  570.93414 
 18.111082  571.81775 
 461.09842  572.18732 
 802.61456  572.14581 
 344.82675  573.13568 
 110.95215  573.65485 
 550.01825  574.07007 
 616.4787  573.5802 
 674.79443  575.60687 
 448.33365  576.08051 
 939.67249  577.76788 
 247.10062  579.17566 
 285.90518  578.8678 
 918.16089  582.45648 
 97.683174  582.48187 
 119.2068  582.72089 
 345.7308  583.51123 
 698.05133  583.84967 
 279.14658  585.47522 
 719.07562  586.25842 
 876.35339  586.22058 
 805.94196  587.20581 
 823.96704  587.06805 
 332.75928  588.2702 
 751.56543  591.06512 
 976.70197  590.75116 
 838.76331  591.93365 
 281.56293  594.0274 
 645.21387  593.92889 
 274.36841  594.70959 
 584.21356  597.28229 
 633.19037  596.64905 
 734.10767  596.49585 
 984.11786  597.25549 
 441.23694  597.62878 
 615.16278  598.02863 
 877.86597  598.03613 
 516.88306  598.83307 
 835.75568  598.59717 
 622.75159  600.1698 
 589.93689  601.32373 
 747.00067  600.95648 
 756.47144  600.75562 
 387.13351  601.52509 
 667.7699  601.9826 
 629.97607  602.67285 
 818.03583  602.99731 
 69.72744  603.44934 
 478.3172  604.26855 
 534.03125  604.18744 
 690.60895  603.50751 
 840.57355  603.58051 
 868.35779  605.11108 
 337.05475  606.45074 
 234.0757  606.92725 
 60.644428  609.86462 
 73.103996  610.10571 
 67.482437  611.00891 
 742.18365  611.25616 
 683.05756  611.67657 
 152.75801  616.00641 
 228.34412  616.20673 
 529.36938  618.15936 
 118.26412  623.04248 
 754.51324  623.39801 
 826.16895  623.85968 
 70.98893  625.03766 
 813.16315  625.33099 
 967.92786  625.08209 
 490.63492  626.20374 
 257.87494  627.16888 
 480.16379  627.67572 
 748.92438  628.8465 
 932.24615  628.92084 
 749.98468  630.50726 
 154.53198  632.36401 
 499.04269  632.02643 
 599.69  632.15826 
 430.9964  633.72516 
 423.30865  634.49933 
 605.48505  635.2796 
 691.18091  637.28119 
 387.45636  638.81104 
 750.05157  638.04254 
 630.55341  638.64764 
 125.90487  640.43109 
 743.83661  640.3222 
 1001.8963  641.53027 
 667.98236  643.78967 
 731.6084  643.71527 
 336.28305  644.69153 
 587.15363  644.67621 
 299.42957  645.55969 
 385.97394  645.88531 
 421.39771  645.54926 
 539.01575  647.2052 
 661.10382  646.89612 
 71.082474  647.63434 
 393.6937  647.87219 
 512.69812  647.66724 
 356.07239  649.23779 
 601.2074  649.09631 
 63.985943  650.58234 
 350.14011  651.8349 
 810.43805  652.13751 
 389.58572  653.02051 
 679.21527  653.63702 
 527.87592  654.60785 
 555.17944  655.41101 
 641.82904  654.7345 
 771.09314  657.3327 
 781.75751  657.79852 
 569.47247  658.97357 
 700.29785  659.00903 
 975.44006  658.5235 
 147.92395  661.461 
 453.58795  660.67224 
 616.50165  661.06989 
 650.74469  661.55188 
 672.85468  661.86011 
 709.52075  662.32751 
 445.67383  662.94318 
 32.534313  663.89642 
 42.78878  663.86407 
 481.84003  664.01013 
 425.92645  664.93872 
 570.72693  665.63605 
 539.78357  667.71539 
 481.09747  670.41382 
 532.94049  672.7998 
 870.46741  673.4588 
 876.44617  673.25983 
 710.7265  673.82471 
 781.05499  674.66705 
 955.02722  675.2829 
 701.07843  675.80334 
 774.83276  676.52173 
 73.970642  678.00006 
 627.98279  679.09735 
 566.68268  679.75269 
 639.81372  680.09583 
 708.64734  681.31964 
 631.7392  683.03369 
 675.94788  683.14203 
 805.37463  683.22827 
 865.19647  683.33667 
 515.02399  684.05878 
 602.70081  684.43616 
 77.819145  685.57867 
 363.76544  685.7666 
 703.30475  686.07898 
 902.06689  686.104 
 304.4454  686.95074 
 771.63434  687.40143 
 647.86334  687.80481 
 69.577454  689.23907 
 630.1861  689.02423 
 233.9599  689.85107 
 63.838829  690.90479 
 427.14774  691.36578 
 730.74188  690.92188 
 1014.9781  690.83801 
 143.21758  691.72675 
 780.88104  693.61414 
 834.74097  694.38269 
 871.47205  694.32318 
 100.14467  695.76892 
 583.95172  695.8985 
 613.85498  696.19177 
 803.61938  697.52063 
 352.25986  697.62274 
 406.8681  697.7226 
 525.51599  700.20728 
 57.240639  701.34808 
 573.59375  700.45624 
 909.39288  701.5083 
 348.80859  701.97186 
 537.78534  702.60645 
 558.25189  702.61377 
 709.36566  703.42841 
 154.12935  705.38696 
 356.97678  706.22369 
 532.2063  706.47638 
 672.28253  706.73938 
 118.75046  708.02319 
 352.16345  707.77191 
 385.43304  708.34473 
 797.42633  707.96729 
 616.37897  709.25714 
 633.6322  709.56042 
 343.64224  710.02045 
 559.19458  712.91687 
 594.4679  713.47559 
 278.92172  713.78241 
 609.97681  713.68066 
 666.48865  714.46277 
 753.2688  714.05225 
 890.09888  714.52161 
 438.94046  715.41412 
 536.33344  714.80896 
 174.11217  715.92639 
 369.71729  716.4386 
 701.20428  716.84882 
 315.59827  717.68018 
 771.37421  718.33807 
 831.56732  717.5614 
 838.56738  717.69537 
 492.26889  718.79651 
 613.8266  719.08099 
 735.56598  720.29761 
 891.47937  719.89728 
 528.68506  720.58893 
 766.41461  720.76263 
 290.1933  722.27789 
 817.3866  723.27325 
 540.69916  724.13464 
 645.00629  724.02094 
 834.39417  723.72784 
 841.38153  724.01569 
 1009.985  724.06812 
 129.15691  726.03302 
 578.26672  726.16858 
 709.69977  725.95776 
 122.13474  727.25714 
 213.94087  726.49597 
 779.58221  726.92975 
 822.88977  728.97864 
 866.25635  731.70355 
 213.77652  733.94226 
 288.74817  733.93518 
 587.75104  733.64752 
 699.38049  733.54523 
 709.55457  733.40381 
 178.3969  735.16766 
 779.2326  734.53552 
 887.01733  734.60712 
 982.0661  738.58258 
 588.26703  740.7348 
 604.92645  741.09869 
 229.17943  741.95276 
 149.71133  743.08057 
 427.19803  742.87885 
 550.02924  744.43744 
 727.85138  745.43494 
 234.04242  746.56989 
 837.73865  746.80475 
 429.992  748.125 
 137.0833  749.74597 
 521.31641  749.72827 
 719.57233  750.29895 
 755.521  749.71295 
 797.297  749.88373 
 977.78833  749.53412 
 310.20566  751.27838 
 820.94891  751.638 
 791.60547  753.27441 
 17.476648  754.45789 
 230.63435  753.62848 
 335.96661  754.47601 
 426.09525  754.48773 
 420.39771  756.66888 
 576.30499  758.19495 
 610.72614  759.4176 
 148.06691  760.60175 
 801.79816  761.08435 
 794.45245  761.50684 
 405.1048  762.61804 
 760.69733  762.90723 
 476.2175  764.24817 
 14.027362  765.28979 
 514.00629  765.44977 
 164.94453  767.21228 
 7.1494775  767.91052 
 410.12521  770.21826 
 608.20032  771.95184 
 719.16528  772.24799 
 725.48523  771.9903 
 265.96088  772.56824 
 798.07629  773.25061 
 572.84808  774.41504 
 132.08273  775.17096 
 458.13522  775.28229 
 210.53793  775.53827 
 476.09381  775.58826 
 514.44873  775.69293 
 367.39099  777.56708 
 217.04659  778.05573 
 283.48505  780.513 
 800.95264  781.41284 
 210.51715  781.31445 
 503.46909  781.77649 
 287.80325  782.92084 
 384.00049  784.89447 
 559.05328  785.10608 
 512.47174  785.95789 
 450.47043  788.18903 
 775.25195  788.32611 
 549.27234  789.52979 
 172.30739  792.04053 
 505.27173  792.10779 
 757.00842  792.09656 
 762.80334  792.29352 
 445.35355  793.06812 
 512.08472  792.76349 
 309.67609  793.77039 
 434.37329  795.14923 
 550.46399  795.44275 
 275.90985  796.27026 
 299.04248  796.36102 
 168.95694  796.7915 
 282.34836  796.75049 
 574.2085  797.50208 
 887.96002  797.07111 
 228.66763  798.97064 
 359.4892  800.33459 
 295.38644  802.01196 
 1019.704  801.9754 
 281.42581  802.71918 
 853.60175  802.95941 
 823.19965  803.35547 
 222.24072  805.40955 
 104.96912  809.7298 
 267.0296  811.31519 
 562.46161  810.69385 
 832.49963  813.23938 
 98.899887  814.46838 
 219.83784  814.10858 
 252.43256  814.34552 
 397.72205  814.08539 
 168.72543  814.97083 
 372.95532  814.67432 
 405.04138  814.70819 
 542.34491  815.02539 
 109.34029  819.4964 
 267.12399  818.47443 
 968.46887  818.61871 
 327.98111  821.80322 
 1019.9299  823.57922 
 142.65036  825.52911 
 448.44186  824.79254 
 101.69948  830.22461 
 271.2088  829.69275 
 435.79016  830.30377 
 108.92193  830.70947 
 869.86133  834.28204 
 243.47142  839.41547 
 708.3797  840.32074 
 906.65161  839.6676 
 862.85419  840.48749 
 145.13109  842.4873 
 267.92838  842.81329 
 630.28674  843.11804 
 345.27762  844.14038 
 894.4527  843.95905 
 1010.0619  843.50616 
 928.69513  845.39063 
 217.51996  846.03528 
 507.29489  846.74768 
 947.28467  847.29333 
 962.00623  846.5993 
 821.07941  851.02026 
 292.12021  851.8075 
 878.5592  853.24823 
 940.58002  853.66992 
 954.02399  853.66809 
 1009.5527  854.39917 
 258.24677  854.84705 
 803.16022  855.49316 
 899.71179  855.20038 
 1002.9982  855.31543 
 292.03983  857.06085 
 991.414  857.47736 
 363.75662  858.17963 
 241.29575  858.5752 
 996.48224  858.96234 
 314.3447  860.24164 
 265.95056  860.72375 
 671.33392  862.40472 
 870.92255  862.29883 
 95.470192  863.22656 
 212.76962  863.97858 
 250.98062  864.78339 
 628.25037  865.3493 
 932.20496  866.51898 
 124.76277  866.29688 
 301.02203  866.69885 
 308.20578  867.1485 
 789.80408  867.75641 
 131.93413  869.81824 
 88.8806  870.76654 
 210.90005  871.16412 
 827.81396  871.51251 
 95.829994  872.17084 
 817.80951  872.13403 
 895.79968  873.20886 
 204.84259  873.48279 
 538.78387  874.12347 
 551.50281  874.60449 
 142.99678  876.30109 
 878.34558  877.00677 
 150.3792  877.56689 
 235.49104  878.50085 
 544.63959  878.41425 
 857.86237  877.91455 
 209.24109  879.159 
 868.03955  879.3775 
 959.29205  879.5025 
 297.06885  879.61572 
 346.58444  879.86401 
 489.15289  879.90131 
 90.216583  880.82971 
 734.81812  881.71979 
 911.90503  882.03503 
 97.360939  882.9281 
 146.97224  884.34906 
 160.76404  885.52338 
 294.0257  884.65002 
 416.60229  884.47479 
 538.47205  884.81097 
 826.64136  887.07349 
 959.15875  887.51318 
 965.41876  886.9599 
 402.62402  887.69501 
 410.81128  887.90869 
 95.542892  890.21893 
 428.51257  890.88232 
 798.35028  891.5777 
 1015.2084  891.90045 
 966.37634  892.65253 
 159.33481  894.17566 
 853.04712  893.72955 
 952.92725  893.65778 
 780.05334  895.36346 
 984.10864  896.23572 
 249.14763  896.5351 
 536.69781  896.54865 
 528.97815  898.04987 
 214.55557  900.95013 
 440.0625  902.42212 
 102.74654  903.46033 
 656.96014  903.11127 
 79.963211  904.09167 
 814.33185  904.1394 
 368.58884  905.08362 
 24.365454  908.51849 
 359.811  909.21783 
 735.02252  908.69141 
 366.76755  910.01801 
 33.111332  910.78461 
 162.32198  910.70074 
 627.65881  910.77484 
 222.36113  912.57849 
 423.80847  912.59717 
 681.23987  913.34241 
 467.1973  914.46417 
 364.40536  914.78125 
 418.85645  915.50665 
 322.44968  915.87372 
 800.43848  916.19415 
 815.83551  916.69135 
 231.28772  919.28204 
 424.56223  918.98541 
 453.90369  918.61865 
 956.70953  918.63293 
 833.87061  919.55402 
 302.45035  923.51666 
 614.83746  922.7608 
 636.27429  922.58582 
 1008.1778  923.40656 
 93.219597  924.5755 
 227.86348  924.70129 
 307.85492  924.74329 
 694.4118  928.33392 
 787.85223  928.39764 
 295.1254  929.20264 
 656.89099  931.49756 
 57.732819  931.55597 
 843.54089  932.34485 
 1019.0986  932.37976 
 217.52869  932.38385 
 568.62616  934.56012 
 468.48132  935.64679 
 982.28656  935.93945 
 283.76968  938.21167 
 702.56396  938.3089 
 900.61145  938.47754 
 235.78874  940.17474 
 822.11359  940.16095 
 958.90167  939.78394 
 132.52776  940.60535 
 288.92789  941.77539 
 294.4855  941.57782 
 981.02167  942.29492 
 386.44519  942.56189 
 777.93506  944.28772 
 825.99707  944.4812 
 973.59009  943.46411 
 458.17993  944.59253 
 709.15009  945.90576 
 966.83179  946.22577 
 408.11813  947.20044 
 339.51288  947.99695 
 90.259422  950.05499 
 956.92053  949.75232 
 633.32697  951.0777 
 635.64545  952.20715 
 960.03918  951.85693 
 427.02734  953.74207 
 969.02612  954.13116 
 420.28223  955.52063 
 718.80164  954.60364 
 830.77008  957.03198 
 954.74951  956.46411 
 451.83212  957.84741 
 846.82422  957.72235 
 66.445923  958.53668 
 872.64703  958.77155 
 173.02623  960.33374 
 341.90506  961.19507 
 423.22195  960.56335 
 460.38641  960.71161 
 758.38696  960.81097 
 194.35799  961.99933 
 786.73474  962.19275 
 963.50275  963.38684 
 62.317944  963.83221 
 334.4985  964.17639 
 464.07779  967.33197 
 454.73743  967.61176 
 625.50836  969.86432 
 841.07465  969.47845 
 856.98456  970.34961 
 74.866035  971.10907 
 896.01111  971.47192 
 388.70447  972.87634 
 113.69013  974.06232 
 466.60648  975.15942 
 540.18561  976.42291 
 841.59772  975.81348 
 900.89746  975.5127 
 805.94165  976.65839 
 223.31752  978.71106 
 230.25703  978.73981 
 429.17432  980.0882 
 295.34433  981.40985 
 403.41653  980.74963 
 761.29553  980.73309 
 894.45764  981.13873 
 623.44312  982.33392 
 971.72296  982.24384 
 288.37659  982.966 
 745.00537  983.27118 
 862.02728  982.7879 
 434.63565  983.60162 
 700.80176  984.09302 
 1022.2858  985.13062 
 87.466354  985.39783 
 592.28717  985.81464 
 383.34656  987.49884 
 1018.0981  987.19489 
 453.59485  987.87152 
 870.25049  987.83582 
 440.67606  988.43677 
 704.22455  989.1073 
 510.42123  990.4375 
 408.26511  992.04041 
 617.35767  991.68353 
 698.47583  992.09326 
 897.52399  991.99408 
 153.64838  992.74371 
 295.66278  992.79309 
 161.68216  994.35718 
 302.25952  994.66852 
 435.90607  995.16718 
 598.8855  995.22284 
 662.78827  994.85675 
 773.45331  994.86737 
 509.88184  997.12128 
 5.4603996  998.65509 
 117.94537  998.94476 
 154.09895  999.09058 
 737.55847  999.84991 
 160.51134  1000.943 
 185.69266  1000.81 
 595.79785  1001.1271 
 829.36316  1001.5547 
 168.42046  1003.8995 
 197.1935  1004.1398 
 435.63986  1004.2157 
 158.39542  1004.6726 
 805.13245  1004.9321 
 862.01288  1006.494 
 432.31003  1007.4214 
 635.05133  1007.3091 
 1004.0009  1006.6501 
 421.27338  1008.4153 
 532.97302  1007.8294 
 630.93024  1007.7262 
 717.04596  1007.7292 
 995.16266  1008.4792 
 514.98291  1008.5601 
 776.7688  1008.6671 
 378.73416  1009.6205 
 91.432602  1010.7955 
 167.94589  1011.2342 
 238.79012  1010.9005 
 527.67682  1010.5796 
 578.07281  1011.0902 
 98.228073  1011.8936 
 111.63409  1012.2058 
 704.34625  1011.8865 
 64.33448  1012.5256 
 151.72223  1013.3746 
 535.97913  1014.9848 
 92.828941  1015.8226 
 692.11755  1016.4844 
 698.26123  1016.0844 
 855.12457  1016.0689 
 990.35126  1016.0734 
 44.896496  1017.1285 
 620.06342  1022.2053 
 685.51996  1021.9442 
 691.81152  1022.1157 
 697.60272  1022.1754 
 738.97156  1021.8188 
 798.90558  2.8998301 
 996.13  2.7723579 
 269.99326  7.3215933 
 358.02432  7.8406229 
 287.60699  7.9488587 
 490.80594  8.9574099 
 578.39441  8.8765774 
 569.04309  10.215566 
 155.46407  11.403577 
 358.36749  11.443382 
 163.91991  12.89164 
 238.82356  13.441184 
 913.54889  13.49572 
 972.12402  13.262623 
 685.68964  14.664587 
 471.84412  16.020885 
 479.7081  16.563858 
 979.37384  17.536997 
 278.89859  19.918678 
 347.14001  22.686741 
 853.09607  22.835983 
 240.19827  23.472334 
 936.86652  23.769629 
 361.0282  25.814499 
 819.44537  26.495222 
 326.83517  27.031981 
 232.64795  28.040339 
 445.93179  29.11241 
 74.334145  29.897453 
 201.7702  30.466728 
 282.37799  31.506357 
 513.24811  31.80456 
 84.311348  32.962631 
 290.14954  34.438904 
 521.64764  33.634937 
 671.05151  34.310406 
 360.37805  36.384048 
 784.52386  35.524334 
 335.32626  36.625507 
 213.02293  38.94133 
 608.44373  38.559479 
 585.2868  40.213966 
 600.42334  39.739719 
 1000.0163  40.091381 
 62.719681  43.113796 
 276.50348  45.072094 
 930.9538  46.198349 
 979.22119  45.638836 
 1021.0779  45.724689 
 79.038643  47.656292 
 421.25983  47.938175 
 202.3358  48.986919 
 410.23465  49.25222 
 508.27975  48.766659 
 806.88214  49.40443 
 469.16629  50.134109 
 985.41321  49.406105 
 130.50992  51.292114 
 854.88306  51.031132 
 191.04106  52.057022 
 698.1073  52.358028 
 920.01459  52.306622 
 341.75342  52.636356 
 35.606956  53.588413 
 70.50547  53.759819 
 403.69406  54.25581 
 826.242  54.591335 
 240.78934  55.143295 
 267.71695  55.007694 
 751.80731  54.709679 
 761.30176  55.249008 
 477.55109  57.236324 
 589.86481  56.670475 
 468.76309  59.456348 
 550.20966  59.383144 
 767.67676  58.834526 
 109.24532  59.397663 
 409.31055  60.175877 
 560.49664  59.602009 
 954.43884  60.061127 
 722.21216  60.899227 
 886.51337  61.002644 
 17.484219  62.278389 
 392.47931  62.723881 
 402.26987  63.226494 
 354.90897  63.780857 
 295.94934  64.895622 
 464.18332  66.335121 
 307.03574  66.516052 
 471.32635  66.64576 
 558.8374  66.711449 
 101.85287  68.591354 
 158.44885  69.067345 
 174.61404  69.106422 
 529.83282  68.858681 
 759.79846  69.549362 
 138.6391  72.181503 
 186.15594  71.644989 
 586.14056  71.674789 
 195.23128  72.974388 
 235.03912  75.057213 
 56.502357  76.332428 
 178.54366  76.417862 
 728.22339  75.4841 
 501.18427  76.984085 
 456.30731  77.296768 
 515.77173  79.852974 
 381.0162  81.368919 
 336.18332  82.335037 
 837.62738  82.110962 
 269.39844  83.083092 
 463.54477  82.995323 
 851.97064  82.561028 
 879.96252  82.963051 
 252.41962  85.08847 
 626.5835  85.067566 
 62.874653  86.446777 
 509.83057  86.451553 
 560.39545  86.874489 
 240.39848  87.758743 
 844.3186  89.417061 
 287.80609  90.899284 
 370.12747  91.391541 
 279.763  92.346451 
 834.24774  91.480919 
 938.1792  92.125786 
 1016.9517  92.016357 
 326.96942  93.867424 
 207.87309  96.54068 
 884.18201  95.974556 
 946.67419  96.094925 
 60.907333  96.904594 
 122.41177  96.744843 
 197.883  96.648552 
 363.51944  96.85643 
 110.2467  97.903374 
 866.97888  99.088135 
 992.56628  101.14387 
 132.78299  104.59509 
 509.84201  104.57247 
 830.29309  105.52869 
 929.85138  106.21845 
 294.23032  107.75287 
 166.16789  110.84333 
 202.21233  110.50652 
 143.31506  111.30264 
 259.44046  111.64746 
 36.804173  112.56032 
 359.0466  113.01529 
 427.29907  113.36472 
 772.81598  112.86086 
 301.30054  113.99114 
 379.40927  114.7309 
 417.79968  115.2506 
 94.832619  116.61536 
 780.27667  116.38887 
 884.02045  116.24362 
 350.36649  116.40842 
 536.09216  117.43468 
 937.78351  116.77043 
 552.37457  118.03817 
 596.52234  118.65185 
 725.2312  119.4027 
 925.72192  118.86274 
 795.94733  120.42504 
 759.3288  121.0516 
 162.14992  121.68195 
 297.13419  122.17206 
 41.452587  123.20226 
 101.5211  123.51193 
 147.60213  123.24744 
 289.56262  123.49321 
 138.74631  123.72652 
 380.49734  125.06934 
 170.18123  125.68929 
 809.20715  125.42741 
 905.00983  126.51605 
 1008.0536  125.57419 
 1019.7284  126.22107 
 484.17877  127.56561 
 850.76532  128.44826 
 33.018433  128.48831 
 144.65625  131.04332 
 369.57831  130.78328 
 973.20441  131.54765 
 54.624912  131.88905 
 73.501762  132.25693 
 656.92688  133.42699 
 173.53313  135.43365 
 182.30675  137.35165 
 333.24133  137.34505 
 627.58026  137.22322 
 469.97772  140.74803 
 453.40427  142.0818 
 603.01257  141.81151 
 612.26611  142.10327 
 887.67188  141.862 
 961.94141  143.0506 
 969.99963  142.70175 
 72.339546  144.37923 
 299.04651  145.00012 
 785.31445  147.51334 
 457.13647  148.48904 
 740.44525  150.77809 
 655.4892  150.62086 
 968.13788  151.02353 
 160.51591  152.30701 
 920.39362  152.87202 
 726.25812  152.30501 
 756.37512  154.04364 
 812.95959  154.66658 
 953.07355  155.30647 
 308.52267  156.35562 
 734.07996  156.32314 
 398.49963  157.0728 
 558.578  156.99721 
 389.67035  159.08006 
 454.09174  158.50073 
 1008.3487  158.75443 
 367.05862  159.93402 
 1014.4698  159.90369 
 320.16937  161.13649 
 333.93253  161.40617 
 48.213505  162.4272 
 295.24936  161.49113 
 868.92932  163.52359 
 22.880661  164.52248 
 822.53589  165.72388 
 92.463326  165.95529 
 425.16879  166.86928 
 475.40533  166.82344 
 602.68634  167.60309 
 949.47913  169.61017 
 900.50787  170.89793 
 413.46454  171.6588 
 18.538082  172.55952 
 537.2356  172.80101 
 56.565239  173.67622 
 512.74945  173.44945 
 529.78986  173.57033 
 721.00226  174.28162 
 917.42493  174.26167 
 862.28009  174.8333 
 982.78418  176.83556 
 870.91986  178.16467 
 139.30762  180.60938 
 790.59576  181.85738 
 374.53122  184.21559 
 553.13654  184.22084 
 747.92969  183.65791 
 604.14984  184.46062 
 1006.7678  185.60168 
 594.7193  185.48311 
 220.88228  187.19225 
 228.04959  186.63 
 89.382118  190.04099 
 104.9163  190.49471 
 290.07083  190.68649 
 343.84991  190.91072 
 923.367  190.92232 
 77.924721  191.92496 
 1013.4215  195.74823 
 681.50421  197.44159 
 963.53674  197.19339 
 538.97968  198.20978 
 74.845848  199.37318 
 118.63068  199.2379 
 447.87677  198.97099 
 972.03503  199.11395 
 596.47009  200.44104 
 781.30463  200.13184 
 982.60034  199.46747 
 331.86975  201.06961 
 377.09491  200.83751 
 830.92798  200.43146 
 347.56885  203.48474 
 432.923  203.72635 
 905.05939  203.44948 
 144.71243  204.62781 
 424.586  206.08255 
 292.74194  208.35608 
 613.62897  208.41525 
 469.56955  209.32504 
 525.2403  209.96121 
 973.47925  209.632 
 902.4502  213.30775 
 329.59216  215.05042 
 528.49091  216.84827 
 1021.0406  217.65985 
 21.598791  220.42757 
 343.2746  221.74496 
 473.10672  222.02583 
 789.58905  222.62059 
 14.197783  222.74268 
 270.61417  222.99315 
 860.07355  222.44511 
 938.51196  223.73962 
 442.60599  225.72281 
 454.32126  224.94009 
 387.78183  227.52382 
 804.69257  226.59267 
 379.06311  227.76291 
 768.61121  228.66257 
 87.631798  230.45233 
 62.836548  230.72008 
 317.72806  231.33302 
 72.024139  231.83357 
 112.54203  233.75362 
 573.33301  235.08565 
 68.458794  236.46049 
 498.51263  235.23921 
 96.609985  237.30675 
 325.23792  237.18086 
 508.41693  236.88678 
 788.37769  237.32004 
 499.58502  238.35641 
 673.66864  238.77295 
 476.47635  240.87589 
 110.65572  241.94673 
 348.6937  242.4234 
 485.22998  244.69785 
 639.95361  244.68611 
 314.36746  247.36401 
 545.34558  247.02808 
 957.80286  246.6935 
 692.01831  248.51924 
 61.774399  249.70795 
 272.90677  248.96205 
 377.13004  250.30104 
 318.92358  254.34718 
 509.29434  254.16774 
 568.04797  254.23256 
 973.00983  254.33398 
 357.76569  256.62756 
 54.459621  257.42819 
 344.43707  256.82986 
 488.08948  257.04834 
 684.47076  257.0022 
 654.96576  258.41656 
 332.50412  258.53857 
 101.46394  259.9321 
 745.4259  260.41702 
 81.495628  264.07404 
 272.20511  263.94284 
 769.38263  265.45258 
 341.42609  266.72302 
 650.34033  267.42029 
 391.79114  268.52625 
 592.07233  267.59106 
 828.73846  268.17639 
 801.32288  268.99939 
 350.34061  269.5314 
 26.287333  272.23276 
 35.270618  272.22104 
 318.76022  272.50104 
 674.94934  273.15112 
 282.4892  274.08783 
 338.51987  275.55728 
 600.55347  275.27933 
 866.44446  274.90494 
 222.98212  275.71283 
 671.271  277.27167 
 884.59534  277.81924 
 394.86356  278.5285 
 259.37061  279.58392 
 21.430965  282.06213 
 583.10437  284.25681 
 534.86719  286.07806 
 23.235018  286.3403 
 392.01755  286.64798 
 377.73181  287.76929 
 527.93402  287.99826 
 317.47067  290.27136 
 687.47583  290.38528 
 573.99402  292.76019 
 487.66296  294.34305 
 278.87189  296.49246 
 898.45288  298.37326 
 921.32288  298.3006 
 267.052  298.41003 
 424.89417  298.95782 
 311.44373  301.32376 
 391.49606  300.44525 
 196.75676  305.95856 
 207.39211  307.4715 
 27.03838  310.04471 
 531.59302  310.79742 
 307.04626  311.98132 
 593.69879  311.51337 
 692.35181  312.23248 
 969.48676  312.19409 
 441.14743  312.60895 
 680.88922  313.06857 
 886.55438  313.99759 
 371.83875  316.10422 
 380.34842  315.65805 
 943.97461  317.31247 
 954.57556  316.99808 
 362.02634  318.09479 
 240.50981  322.75458 
 352.74762  323.2095 
 831.24622  323.23947 
 790.40057  325.20602 
 183.5611  326.21686 
 691.01978  326.49597 
 208.37035  327.8537 
 455.50342  327.56531 
 233.96036  329.22116 
 609.46387  329.10693 
 220.52629  331.46982 
 845.70996  330.90692 
 373.44257  332.21112 
 963.2807  332.17026 
 1017.4866  333.80048 
 182.60413  334.44836 
 473.34311  334.41849 
 204.10876  337.4679 
 381.13168  338.50742 
 787.04828  339.54846 
 308.18463  340.8031 
 443.19424  342.12292 
 992.01892  343.30182 
 521.5672  344.87418 
 133.15604  347.36166 
 964.21057  347.17642 
 141.26552  347.99014 
 451.57123  348.27081 
 929.8175  347.88049 
 318.49127  350.1636 
 431.95584  349.46851 
 439.92871  350.46692 
 778.44879  349.9166 
 544.25391  352.1311 
 899.54602  352.22803 
 598.18323  353.12604 
 293.9274  354.76556 
 501.18314  355.46695 
 551.242  356.81805 
 951.13165  357.03903 
 1015.4445  357.12399 
 233.52287  357.43265 
 533.77789  358.19299 
 784.41797  357.65695 
 919.8855  358.43063 
 279.66782  359.06985 
 435.01331  359.22543 
 992.61548  358.81693 
 225.81865  360.41464 
 242.86662  362.35849 
 582.54639  361.70007 
 213.48123  362.32172 
 291.22882  364.46637 
 817.18927  364.38037 
 44.074387  365.05661 
 527.09918  364.64075 
 629.84589  366.31683 
 682.18646  366.42365 
 180.40759  367.75201 
 392.45972  368.42307 
 621.11163  368.2308 
 11.464753  369.40634 
 285.14066  369.52579 
 535.84204  369.21365 
 785.47211  368.46933 
 855.98529  369.29764 
 981.1015  368.49515 
 549.18317  373.09955 
 676.59363  373.5307 
 953.14929  373.98364 
 257.32626  375.04114 
 368.25262  375.26019 
 668.82715  375.13773 
 227.7852  376.3674 
 401.78171  375.68155 
 642.20679  377.27884 
 773.20691  377.40488 
 409.68024  377.92618 
 208.15092  378.47388 
 248.54973  378.57419 
 856.95581  379.33536 
 118.62707  381.83115 
 446.73087  381.95084 
 230.52351  384.1412 
 329.90762  384.22903 
 895.19574  385.14972 
 918.81165  384.57474 
 1020.7966  385.80081 
 414.8515  388.15701 
 424.64282  387.95642 
 665.97015  387.62918 
 697.69934  387.87057 
 223.43974  388.88455 
 346.3273  389.35114 
 70.360909  389.99338 
 523.13977  390.20056 
 705.8772  390.646 
 765.56335  389.70358 
 965.7644  390.4765 
 79.612701  390.55881 
 561.46429  394.31543 
 188.20483  396.0271 
 837.87726  396.93323 
 97.450989  397.95068 
 349.4223  398.07666 
 857.21954  397.67639 
 106.97557  399.32315 
 866.53589  399.64572 
 504.21121  400.12143 
 938.75903  399.32257 
 44.645618  402.03271 
 155.20506  402.01508 
 476.47394  401.99466 
 692.34436  401.46954 
 824.09644  402.77008 
 617.60175  403.52438 
 532.90546  405.08023 
 998.06573  404.73508 
 497.84448  405.59128 
 288.79889  408.45251 
 435.75671  408.10864 
 443.12762  408.0144 
 243.68582  408.73523 
 298.1774  409.49045 
 129.79341  410.2471 
 157.21854  411.53995 
 954.34583  410.55643 
 587.64307  413.46402 
 334.59424  413.46472 
 344.18796  414.42706 
 894.66534  414.92081 
 359.78262  416.16455 
 447.19821  415.353 
 501.00705  415.9906 
 546.28949  416.50345 
 842.59851  415.75558 
 431.01416  417.39819 
 34.096096  418.3418 
 41.124107  418.14163 
 603.49243  417.58603 
 886.37665  418.25082 
 965.71552  418.25507 
 209.57961  419.95871 
 593.56567  419.8764 
 837.86169  421.40219 
 201.77776  421.78513 
 264.38168  423.10437 
 585.86041  423.1727 
 736.66089  423.69785 
 450.25464  424.36456 
 813.66327  425.02829 
 605.58844  425.7399 
 440.28741  426.64029 
 476.60547  427.23764 
 217.88313  428.39905 
 538.23279  427.88464 
 590.29401  428.22031 
 752.42682  428.2243 
 924.45642  428.14615 
 876.6225  429.00043 
 679.57867  430.26279 
 798.23425  430.34122 
 101.53735  431.069 
 275.21332  430.97278 
 307.51868  432.62683 
 483.01645  431.72153 
 919.93524  431.58096 
 320.26364  432.9447 
 809.32764  433.2955 
 289.82364  434.91956 
 391.64462  434.53699 
 528.77728  434.80377 
 130.45074  436.49344 
 567.0094  435.51962 
 270.15115  437.56937 
 534.91223  437.42111 
 294.4697  438.84827 
 449.548  440.14908 
 816.11023  439.7164 
 718.85706  441.09222 
 993.55103  441.01556 
 55.103992  442.16196 
 399.00919  441.6777 
 808.28778  442.17792 
 966.73529  441.72678 
 125.21252  442.75772 
 150.66298  443.03857 
 789.4812  442.47809 
 249.3737  443.77084 
 654.22705  443.52969 
 1001.0575  443.83539 
 1013.0972  444.77014 
 183.17088  447.39047 
 358.32574  447.50955 
 240.77052  449.01733 
 426.97754  449.30624 
 815.66388  448.85489 
 515.55939  450.39066 
 606.15149  449.7836 
 209.27026  451.46344 
 268.79166  450.50836 
 995.43085  450.65039 
 78.422325  452.09808 
 171.74738  452.40494 
 398.28583  452.45599 
 352.32022  453.2966 
 880.46301  453.00574 
 187.75339  454.42017 
 384.31897  454.26248 
 803.4389  455.25018 
 405.4043  456.96262 
 206.15138  458.20349 
 217.91631  458.05841 
 857.15057  457.8663 
 849.19855  459.57953 
 707.37268  461.05865 
 823.0058  460.78317 
 873.04999  461.52783 
 196.73499  462.27078 
 815.03461  463.18253 
 489.17062  465.08725 
 114.57258  465.6828 
 899.53967  466.1651 
 497.92715  466.85342 
 526.11237  466.74414 
 123.66875  467.76721 
 331.31885  468.27689 
 414.31381  467.88834 
 220.51643  469.04044 
 976.89935  470.64819 
 315.37286  471.34567 
 436.48453  470.85104 
 837.76343  471.14783 
 481.94308  471.94867 
 987.31378  471.87405 
 470.38913  474.54059 
 44.153294  475.0874 
 247.86595  474.70255 
 298.13693  475.34409 
 355.04407  474.70929 
 489.50122  474.76926 
 1011.5819  475.30466 
 36.589432  480.32907 
 184.93959  480.13599 
 476.47775  479.4267 
 660.03674  479.65933 
 254.46078  481.59998 
 345.65341  482.30972 
 270.14648  483.12805 
 288.18005  483.07059 
 433.44199  483.10828 
 880.51593  483.52643 
 810.09802  485.07935 
 209.71793  486.23434 
 703.87799  486.97528 
 37.174824  488.13214 
 195.21704  488.22461 
 342.05206  489.15018 
 667.85229  489.16388 
 418.7345  490.62921 
 834.79053  491.27115 
 190.2975  492.02643 
 303.565  492.03229 
 676.16681  492.04288 
 16.155828  493.0148 
 242.00732  493.21912 
 714.26459  494.159 
 814.98096  494.16812 
 980.89288  494.11014 
 389.49426  494.57681 
 991.40594  494.59238 
 381.20016  496.02032 
 551.72656  496.19019 
 933.75385  496.02289 
 776.22363  498.3804 
 282.52115  498.59744 
 923.16626  498.47308 
 560.2876  500.03928 
 983.30487  499.88788 
 243.32204  502.45227 
 579.5575  502.95502 
 9.195117  504.14197 
 287.94223  505.70612 
 387.07635  505.70605 
 809.74847  505.47375 
 871.90314  506.12079 
 658.19897  507.25638 
 281.3699  508.72177 
 1018.2667  509.43799 
 559.53461  510.29263 
 19.367035  510.59186 
 826.01093  510.60071 
 768.24249  511.8725 
 251.92639  513.14258 
 381.35535  512.49341 
 455.11667  512.60907 
 290.95343  513.76196 
 906.09235  514.07733 
 201.90627  515.27264 
 471.44775  515.50177 
 554.87537  514.54736 
 876.94348  514.96051 
 915.05719  515.47382 
 922.89764  516.0639 
 374.31644  517.47681 
 759.16473  517.62909 
 234.17152  518.68536 
 512.88666  519.32111 
 273.85025  519.66309 
 479.38959  519.72467 
 648.49158  520.05322 
 537.4621  521.48145 
 609.39453  521.62177 
 521.1734  521.58545 
 206.91437  523.37079 
 600.20416  523.44098 
 42.700436  524.07019 
 96.861832  523.48419 
 19.890291  524.97601 
 150.44432  525.9325 
 362.34726  526.24274 
 185.43274  527.4325 
 774.62592  528.5639 
 134.93567  528.99097 
 192.30539  529.26923 
 288.52405  528.97583 
 319.10458  529.4472 
 924.0434  529.46436 
 172.41003  529.43738 
 266.14642  530.74194 
 640.03754  529.9129 
 798.96326  530.39471 
 842.13135  530.12537 
 909.58936  530.33533 
 521.61774  533.09851 
 444.41733  534.76923 
 494.07443  534.85315 
 268.24924  535.56317 
 900.32654  536.19281 
 256.79227  536.90399 
 546.06177  537.33441 
 502.10837  538.26923 
 805.71912  538.32477 
 232.43173  539.00623 
 399.03366  540.06323 
 251.09123  541.23108 
 629.02118  540.6203 
 1012.7006  540.8222 
 855.50409  542.02551 
 242.50229  542.8374 
 913.8476  542.83923 
 635.63867  544.66986 
 766.20001  545.47839 
 576.73816  548.51978 
 585.70789  547.73267 
 746.60175  547.95569 
 323.28625  548.89075 
 761.94562  549.2677 
 330.61469  549.87775 
 479.4137  550.24762 
 621.49445  550.23083 
 713.9903  549.52173 
 996.61426  549.92944 
 399.29474  551.17688 
 797.23761  551.22858 
 204.16008  551.95105 
 463.27554  551.62616 
 972.46997  552.16748 
 946.75031  553.14313 
 629.17877  553.97778 
 960.95154  554.32471 
 340.44995  554.86884 
 567.19501  554.88049 
 747.60498  555.2782 
 260.49588  557.16016 
 287.50558  557.466 
 489.89139  556.66064 
 541.08746  559.98413 
 817.95935  559.91809 
 847.61725  559.61652 
 869.37604  560.98419 
 934.10065  562.19934 
 298.20514  563.57446 
 578.85864  562.95709 
 114.77169  563.60211 
 203.54787  563.45416 
 358.59851  564.06824 
 778.03479  564.74084 
 426.03806  567.31848 
 278.12909  568.31201 
 366.79425  568.18726 
 664.96472  568.42712 
 828.54016  568.47357 
 846.42004  567.59204 
 943.64832  567.46631 
 896.6947  569.47046 
 802.62775  571.22314 
 934.14453  570.63147 
 570.97711  572.44037 
 118.23939  572.88843 
 461.09354  572.70184 
 24.817629  573.50793 
 34.997768  574.45282 
 549.97546  574.01465 
 617.5155  574.09631 
 674.84277  574.76178 
 134.3582  576.71063 
 939.79358  576.59827 
 286.92743  577.90234 
 715.36121  578.0307 
 748.69086  577.52057 
 246.76202  578.4798 
 1012.4554  581.15857 
 118.89912  581.27496 
 98.507622  582.52496 
 345.42877  583.44696 
 918.13647  582.51416 
 669.20117  583.45709 
 698.14117  583.85602 
 546.9411  584.83246 
 718.92841  585.41547 
 876.27783  585.67883 
 332.7446  587.44098 
 555.96454  586.73578 
 823.62292  586.97986 
 203.9783  587.60626 
 317.99863  587.97827 
 192.47083  589.16852 
 529.11615  588.67035 
 805.95361  588.80951 
 955.4209  590.39349 
 976.91748  589.8175 
 421.88129  591.2334 
 751.22424  591.51941 
 480.10257  592.38379 
 838.53583  591.9566 
 226.54637  593.28247 
 240.26553  593.35138 
 943.06171  592.7926 
 274.74759  594.34027 
 816.07886  593.93726 
 552.17633  595.89044 
 633.92706  595.66309 
 177.11165  596.57056 
 441.18872  597.11792 
 615.46246  597.19586 
 734.86768  597.31586 
 985.47784  596.86377 
 194.57312  598.52283 
 619.59039  598.17432 
 836.1261  597.6123 
 516.55261  598.6673 
 756.45502  601.01611 
 242.52872  601.79877 
 343.5275  601.82001 
 590.20935  601.57788 
 667.17505  601.94153 
 748.4599  601.77814 
 68.342636  602.86407 
 205.8895  602.79108 
 477.38379  603.35931 
 533.9787  603.00348 
 578.56866  603.01227 
 630.32635  603.07104 
 817.96661  603.06335 
 416.87619  604.57227 
 500.08533  604.16901 
 689.29095  603.61755 
 840.93878  603.56488 
 233.8558  604.94159 
 336.59848  606.48315 
 403.63809  605.65302 
 175.30598  608.11438 
 60.082462  610.50726 
 573.67938  609.30005 
 72.232773  610.93665 
 743.2431  611.08484 
 682.53552  611.7558 
 703.88696  613.07062 
 118.05877  614.47107 
 609.56763  615.18121 
 151.446  616.5061 
 227.82861  616.12079 
 538.18091  616.75848 
 689.73218  618.8313 
 119.13126  621.17114 
 303.56558  621.11554 
 974.30347  621.685 
 323.36789  623.68958 
 813.66345  624.52594 
 825.85944  624.52942 
 69.750183  624.77332 
 967.87476  624.68237 
 490.98206  625.89111 
 544.18457  625.82867 
 529.59283  627.33765 
 256.78842  628.11298 
 480.01898  627.71753 
 749.32159  629.36523 
 932.71545  628.77411 
 499.48041  631.48169 
 598.56488  632.54633 
 155.15501  632.87897 
 423.18259  633.31989 
 431.6474  633.82922 
 534.46844  633.89514 
 352.79959  634.84521 
 665.57953  635.11548 
 605.66449  636.67908 
 338.11227  637.28662 
 177.11284  637.86072 
 387.03372  637.4812 
 628.43274  638.41205 
 692.14978  637.59235 
 713.00842  637.95142 
 750.70947  638.40924 
 742.41748  640.19489 
 149.91711  640.54291 
 400.04129  640.93945 
 731.46851  642.68341 
 1002.5292  642.77167 
 31.426668  643.59698 
 702.66595  644.45398 
 386.75183  644.29138 
 421.77112  644.70599 
 660.74585  644.81415 
 668.90479  644.79895 
 299.58719  646.12354 
 512.68762  646.3877 
 71.732178  648.21906 
 84.736023  647.84918 
 170.24614  648.94379 
 356.50363  648.95404 
 376.06076  649.18567 
 601.60815  649.46838 
 63.605068  650.76807 
 561.93524  651.13818 
 302.17105  651.4472 
 349.57574  652.37964 
 810.89417  652.13721 
 843.65662  651.47937 
 969.71869  652.28223 
 389.05627  653.67096 
 528.05353  654.4668 
 555.34564  655.52704 
 640.79498  654.97827 
 338.14252  656.20795 
 34.62001  657.83148 
 295.83484  657.44598 
 570.3623  658.42566 
 770.47839  657.53717 
 700.60645  658.80499 
 975.19226  659.10742 
 373.728  661.61603 
 453.05759  660.74762 
 615.73944  660.43848 
 650.68695  661.46661 
 673.1344  661.02246 
 147.59317  661.60864 
 322.88446  662.18835 
 32.489437  662.90417 
 172.05772  663.41559 
 446.23016  662.86737 
 708.85449  662.90527 
 42.065445  663.59528 
 386.72821  664.01501 
 426.07245  664.38861 
 569.87933  666.39252 
 358.49576  668.03021 
 538.69037  668.06732 
 774.5451  668.8291 
 188.40952  669.36157 
 174.15076  669.54681 
 869.89923  671.44031 
 474.53107  673.78333 
 534.12439  674.03833 
 711.37616  673.51227 
 772.73724  674.46906 
 954.34967  674.36102 
 781.77063  675.31354 
 928.7973  674.52753 
 336.70853  675.78723 
 701.10858  675.81775 
 809.8985  676.34589 
 858.24554  676.32062 
 73.828613  677.69641 
 156.61113  678.51154 
 54.262962  679.86749 
 566.28857  679.68683 
 627.37616  679.93909 
 639.23627  681.10095 
 706.57074  682.42755 
 315.46692  682.73889 
 675.70404  682.70697 
 805.76141  684.48035 
 864.58624  683.88953 
 363.53229  685.24615 
 513.45288  685.58105 
 602.06775  684.62653 
 901.92493  686.14691 
 306.53824  687.1377 
 226.7549  687.4165 
 629.37292  688.17572 
 771.58185  687.73688 
 69.9907  689.40253 
 236.1882  689.39435 
 648.02283  688.71204 
 861.60852  689.16473 
 63.065811  689.3717 
 826.13696  689.94971 
 142.58841  691.31885 
 178.09332  691.16589 
 427.46506  691.7973 
 730.19843  691.53595 
 1016.0487  691.70319 
 637.61224  692.78473 
 779.63361  693.62091 
 871.53003  694.35626 
 99.678482  695.14264 
 443.10239  694.93219 
 833.94342  694.84448 
 406.40607  696.36047 
 582.7738  695.85168 
 613.12354  697.71936 
 804.23529  697.06018 
 71.078331  699.95361 
 525.65314  700.45215 
 574.70673  700.79767 
 909.78381  701.26318 
 56.726654  701.65179 
 537.71252  702.18787 
 558.08826  702.52399 
 432.60657  704.03662 
 709.39581  704.03284 
 152.55  706.3385 
 357.98898  705.7641 
 372.92096  705.93658 
 531.53192  706.38507 
 805.36725  706.15039 
 343.54926  707.1225 
 671.42645  707.27136 
 109.71371  707.60797 
 118.99786  707.77563 
 615.0694  708.29919 
 695.51923  707.92639 
 797.50238  708.56775 
 853.00531  708.40332 
 385.89804  709.23132 
 543.83844  708.95441 
 632.85205  709.65063 
 558.70618  712.24512 
 68.203125  712.74841 
 277.47684  713.16132 
 480.04953  713.11249 
 172.58374  714.10248 
 536.32489  714.32288 
 594.3476  714.03278 
 610.47125  714.09222 
 666.44678  713.82611 
 753.32538  713.659 
 53.274761  715.44409 
 438.01306  714.6358 
 118.35072  716.15546 
 370.00626  717.03723 
 838.16394  717.16803 
 315.10205  717.89471 
 701.30695  718.09186 
 709.81329  717.49255 
 830.55957  717.71442 
 890.82214  717.59015 
 222.72267  718.51111 
 493.34735  719.39844 
 734.49353  720.06586 
 528.92401  720.80823 
 765.25012  720.99365 
 291.79883  721.78052 
 816.37225  722.03699 
 352.17374  722.48956 
 436.20306  723.8645 
 539.58289  723.84473 
 645.69946  723.80103 
 1009.9024  723.67169 
 652.31708  725.05182 
 841.65826  724.56409 
 129.41374  726.3136 
 578.04218  725.96899 
 779.5379  726.20898 
 1017.8944  726.37408 
 221.59676  726.99261 
 402.34442  726.43976 
 121.97132  728.60663 
 147.34798  727.4856 
 823.19727  728.01642 
 491.8071  731.50641 
 427.11676  732.32172 
 866.11609  732.13263 
 287.06793  733.18066 
 700.11517  733.53625 
 710.52344  733.83026 
 418.30481  734.40875 
 778.98645  735.56409 
 178.12355  735.81458 
 886.32648  735.86176 
 2.7988458  737.53882 
 945.16473  737.36456 
 588.08075  738.69202 
 982.69611  738.89563 
 677.72156  740.20361 
 604.82483  741.28705 
 227.8297  741.8421 
 563.57141  741.73474 
 150.22957  742.88324 
 783.63586  743.2063 
 572.026  743.91241 
 429.30615  745.48871 
 549.56323  744.74548 
 727.09625  745.39819 
 234.84105  746.15485 
 838.00385  746.48102 
 631.84076  748.33685 
 977.26453  748.5188 
 486.90778  749.15442 
 521.44763  748.70032 
 755.27686  749.0498 
 798.17847  749.35205 
 719.901  749.88257 
 310.00687  750.84894 
 820.97339  751.4967 
 138.10725  752.71991 
 847.69843  753.80255 
 231.41405  754.59564 
 278.59973  755.5824 
 424.09763  756.13702 
 456.50809  756.1994 
 436.87402  757.22052 
 197.79346  757.88672 
 577.35388  758.39587 
 610.63873  759.43048 
 148.41032  759.68005 
 893.31366  760.49371 
 317.2388  760.81134 
 640.55927  761.40448 
 793.84692  760.82977 
 802.39001  761.68573 
 850.43848  762.47382 
 361.62204  762.5672 
 405.25748  763.24408 
 760.25323  763.26355 
 860.44275  762.78418 
 513.01526  764.21698 
 14.781216  765.54419 
 475.8385  764.7149 
 164.60712  767.04932 
 335.90677  767.4884 
 6.5808597  768.12891 
 324.00003  768.81396 
 345.24261  768.73566 
 254.12639  770.37775 
 409.26007  769.80786 
 962.61975  769.70251 
 855.19135  771.57159 
 274.76239  771.62421 
 607.86658  772.19189 
 718.23907  771.90088 
 726.56287  772.34692 
 266.43448  773.40997 
 457.35193  774.22021 
 798.2132  773.67694 
 132.86035  775.26813 
 475.52551  775.06946 
 572.35901  774.57056 
 367.49817  776.51831 
 844.96112  776.74615 
 218.29945  778.53979 
 633.91003  778.15173 
 521.43707  778.52557 
 329.43555  779.83124 
 210.11134  780.91217 
 255.44427  781.44189 
 284.30676  780.65448 
 800.75238  780.68842 
 501.55801  781.57355 
 1008.1544  784.20453 
 118.91803  784.9671 
 384.64774  784.86804 
 755.85193  785.95135 
 558.50153  786.08972 
 1021.1821  786.37811 
 775.69635  787.7691 
 448.2713  789.50281 
 624.01782  788.94537 
 137.83879  789.80249 
 361.64984  790.23633 
 173.01784  791.92285 
 446.58527  791.66138 
 504.12537  791.54791 
 759.39642  792.24512 
 165.29115  793.44678 
 214.42528  792.9715 
 550.60175  792.36145 
 512.53223  794.08063 
 309.57458  794.82056 
 436.14398  794.57489 
 604.31165  795.02045 
 769.35547  795.35297 
 864.44293  794.97058 
 275.60696  797.04517 
 889.75354  797.13232 
 298.71725  798.93689 
 574.38232  797.52625 
 749.89355  797.97656 
 205.08673  799.1897 
 360.95471  799.82983 
 764.88348  799.95074 
 266.51514  800.80823 
 296.27518  800.96637 
 853.86194  802.30408 
 872.38556  802.19531 
 1018.1385  802.64398 
 823.16815  803.48682 
 221.64755  806.16327 
 1014.3837  805.80463 
 234.32175  807.2403 
 695.09155  807.28613 
 170.14619  809.95245 
 281.26627  809.51385 
 103.96635  810.13556 
 563.52252  811.60632 
 792.47217  812.36951 
 372.31546  813.29199 
 679.4472  812.5368 
 832.46552  813.41748 
 98.821388  814.46826 
 219.78372  813.60425 
 252.08678  813.93018 
 399.48828  813.97998 
 542.0896  815.52307 
 530.39581  815.61017 
 266.61697  818.28192 
 968.10535  818.45313 
 327.25208  820.32379 
 109.42215  821.58862 
 447.20096  824.06177 
 142.90759  825.01099 
 422.24133  827.3316 
 497.09933  827.27954 
 858.30695  827.22662 
 346.6723  828.24133 
 899.18036  827.98822 
 271.15045  830.37524 
 101.80428  830.51422 
 108.57348  831.20795 
 384.4809  830.51959 
 435.71194  831.11194 
 506.19864  831.32806 
 881.45508  831.8988 
 869.49908  835.1225 
 357.00946  835.89874 
 894.56049  836.96466 
 620.67902  838.13043 
 137.65804  839.36194 
 242.85475  839.35034 
 544.40717  840.26123 
 707.37616  840.27283 
 862.78741  839.47559 
 907.10895  839.59442 
 268.62579  841.4024 
 386.21274  841.22473 
 956.28674  840.2406 
 145.67471  842.86603 
 894.91394  842.41016 
 1009.653  843.03851 
 236.4744  843.63086 
 345.04327  843.61652 
 216.38828  845.18958 
 927.65057  845.29333 
 363.18439  845.99017 
 11.302189  847.21094 
 507.22806  846.75989 
 902.06299  847.5387 
 946.66516  847.50989 
 639.23364  848.47308 
 378.35382  849.37762 
 438.6217  849.85254 
 821.32135  850.38849 
 291.45959  853.72015 
 962.39813  852.92682 
 311.72537  853.58875 
 625.90247  854.20715 
 759.12036  853.61182 
 941.4151  853.63031 
 953.4104  853.49854 
 259.03638  855.24854 
 802.80518  855.27502 
 1010.1057  854.86047 
 385.4129  855.55707 
 13.384064  857.11475 
 363.60483  857.48669 
 241.04602  858.76837 
 826.61597  858.6861 
 995.43744  859.26929 
 201.09201  860.53009 
 264.78558  859.52588 
 315.60712  860.28571 
 427.31061  861.55225 
 871.12677  861.87952 
 95.036087  862.84009 
 671.5318  862.63202 
 8.2705069  864.19757 
 599.76483  864.88232 
 307.9772  866.2088 
 628.15405  865.74738 
 124.72093  866.93829 
 790.21613  867.34332 
 932.70428  866.70551 
 132.32175  869.72247 
 293.23898  869.78973 
 88.114471  871.10626 
 827.44135  870.87811 
 97.078758  871.90027 
 211.79768  871.91705 
 818.80206  871.79858 
 280.24936  873.39368 
 896.49329  872.60577 
 203.74686  873.76373 
 463.35117  874.43964 
 537.61688  874.17633 
 501.21515  874.88049 
 551.9281  874.82135 
 142.27843  876.30817 
 151.28416  877.12964 
 242.76814  877.12042 
 877.91455  876.76715 
 937.83575  877.12665 
 235.64177  878.4162 
 743.21881  877.76624 
 89.719582  879.82825 
 210.22235  879.81244 
 544.43591  879.67145 
 959.08246  879.48767 
 348.22308  881.44128 
 911.33948  881.32349 
 97.866631  883.5238 
 734.30048  882.70721 
 538.83386  884.45691 
 685.48975  884.30267 
 971.75793  884.41437 
 996.29016  883.83667 
 146.59053  884.65332 
 604.3111  885.46082 
 160.76031  886.0163 
 402.94931  888.11548 
 489.99155  888.62891 
 827.27454  888.10559 
 958.4505  888.18347 
 281.14832  889.32068 
 332.83698  891.1795 
 797.97327  891.44604 
 966.0542  891.42505 
 885.05914  891.72437 
 1015.2889  891.77454 
 158.92438  894.04468 
 467.61392  893.82733 
 599.37323  894.1228 
 852.7428  893.5752 
 777.52588  894.22198 
 537.26031  896.25732 
 984.39496  896.50671 
 528.63281  897.55731 
 241.44894  900.46594 
 214.61107  902.54987 
 103.09884  903.41046 
 656.23981  902.84906 
 80.243744  904.24731 
 442.46399  903.33881 
 181.48085  905.18073 
 814.03961  904.61182 
 706.24005  905.66809 
 24.715302  907.82111 
 736.53314  907.88062 
 897.41278  908.04718 
 358.67136  908.51788 
 367.70331  908.74323 
 33.660934  910.4162 
 627.61493  910.89569 
 867.06323  911.33478 
 162.8197  911.91742 
 223.00082  913.55701 
 681.80914  913.30902 
 352.62015  914.18402 
 467.00513  915.05774 
 800.15057  915.85846 
 815.67676  916.30353 
 868.80212  915.64539 
 955.54669  916.11646 
 433.13165  917.52283 
 970.90271  916.53265 
 423.32666  917.117 
 217.16232  918.62781 
 454.36462  918.74884 
 696.68524  920.46216 
 833.25696  920.35901 
 614.68176  923.13849 
 636.30286  922.58221 
 1007.335  923.4588 
 93.807068  924.40845 
 228.0463  924.64001 
 207.29416  926.5921 
 694.72394  928.42096 
 294.04041  929.02673 
 787.88525  928.68555 
 176.82312  929.2746 
 58.152287  931.36926 
 657.6532  931.33893 
 719.36499  932.21509 
 217.28032  932.92426 
 844.11475  932.55664 
 910.28192  932.86212 
 1018.7056  932.77423 
 570.07794  934.33862 
 467.6348  935.60687 
 554.11298  936.48822 
 793.75537  937.05487 
 900.60364  936.83398 
 267.21967  938.28577 
 283.17575  937.56689 
 702.28394  939.21265 
 234.87732  940.26758 
 131.78061  940.55334 
 295.29971  940.27484 
 386.4025  941.4361 
 959.14526  940.91785 
 309.19641  941.93903 
 521.71887  941.37506 
 777.44299  942.00952 
 823.44373  942.30756 
 981.98071  943.07355 
 457.83673  944.05621 
 973.80249  943.71875 
 300.63568  946.27191 
 658.26727  945.78455 
 709.26465  946.10797 
 966.63843  946.48291 
 339.03427  947.45496 
 42.327461  947.84143 
 407.00467  947.56433 
 89.825325  948.19513 
 157.10199  950.11334 
 957.76373  949.41956 
 634.29443  951.17584 
 211.37581  952.82788 
 459.06317  952.90222 
 427.58945  953.43054 
 380.52444  956.69592 
 718.80145  955.8501 
 806.06512  955.59442 
 830.00079  957.09222 
 954.51605  956.69159 
 66.778221  957.66797 
 451.79337  957.92078 
 741.59119  958.07086 
 116.33211  959.10223 
 172.33693  958.72339 
 186.8203  958.74512 
 422.37692  959.72467 
 535.24304  958.45648 
 880.43176  959.50018 
 94.375099  959.47174 
 460.83133  959.91888 
 871.99792  960.43237 
 391.58536  960.77582 
 757.90326  960.53442 
 195.52907  961.42255 
 786.75549  962.34998 
 342.83749  962.67493 
 379.71347  963.45123 
 963.17126  963.29645 
 61.354717  963.80743 
 333.70795  964.61316 
 556.18579  965.17328 
 741.44379  964.59003 
 454.32809  967.28406 
 465.02692  968.34094 
 16.332842  968.96918 
 41.189106  970.26923 
 624.66351  969.80664 
 841.46588  970.33606 
 917.15875  970.15015 
 74.227379  970.99011 
 388.48578  971.86688 
 896.91083  972.32251 
 113.58694  973.31873 
 466.34192  974.70996 
 540.20538  976.45685 
 182.8857  976.80396 
 805.50848  976.94995 
 148.74915  978.47076 
 614.58423  977.60333 
 222.7856  979.05994 
 231.47893  979.05542 
 429.0499  979.3819 
 761.58002  980.5365 
 287.48087  980.99579 
 389.64325  981.51959 
 403.50208  980.58954 
 436.17892  981.93414 
 895.30707  981.69293 
 971.39325  982.1604 
 134.00217  982.5575 
 623.77484  982.61578 
 744.64532  982.97156 
 861.52667  982.68829 
 497.15881  985.0661 
 86.026062  986.15747 
 592.4151  986.51318 
 383.23663  987.58521 
 870.59485  987.00714 
 1017.8887  987.05389 
 453.55344  987.82861 
 511.04868  990.10144 
 344.23474  991.15521 
 436.20099  991.13757 
 617.74774  991.30054 
 671.29486  990.93011 
 152.53003  992.29175 
 225.02827  991.48376 
 295.57718  992.21631 
 406.72757  992.48285 
 698.15881  992.11615 
 897.06653  991.52936 
 445.98251  993.23621 
 162.19072  993.74371 
 660.32495  993.72314 
 313.48184  994.60187 
 599.51794  994.96722 
 774.2478  995.46112 
 500.51108  995.6991 
 451.23199  996.89264 
 706.62097  997.31177 
 4.6715569  998.06116 
 508.70499  997.73077 
 517.04218  998.60809 
 117.4259  999.74292 
 736.78735  999.56256 
 185.76324  1001.02 
 828.33209  1001.3463 
 238.21198  1002.1886 
 248.16338  1003.5049 
 159.53603  1003.7671 
 196.56013  1004.3018 
 652.26532  1003.5309 
 805.40717  1005.6223 
 145.51201  1006.6027 
 434.28958  1005.4121 
 533.65021  1007.1454 
 633.3537  1006.429 
 716.05408  1007.6778 
 775.92944  1007.2383 
 1004.0064  1006.5214 
 515.099  1007.8923 
 994.86566  1008.3029 
 421.1124  1009.1721 
 379.28912  1009.8459 
 578.10565  1010.1267 
 63.948238  1011.1813 
 238.12842  1010.7504 
 99.309593  1011.503 
 111.92616  1011.6867 
 168.39247  1012.1534 
 527.45386  1012.4105 
 151.42897  1013.3822 
 191.35501  1013.3771 
 224.28003  1013.4432 
 312.96671  1013.2982 
 92.142708  1014.1304 
 535.91931  1015.2866 
 44.629581  1016.5061 
 699.09143  1016.046 
 855.59937  1016.2135 
 990.88934  1015.9323 
 17.249697  1017.5574 
 68.498589  1019.028 
 84.352234  1021.0182 
 554.36945  1021.1799 
 685.21417  1020.946 
 738.71729  1021.1504 
 210.33386  3.9068537 
 362.09067  3.81359 
 269.75851  7.8135376 
 489.68735  8.3481026 
 579.05585  9.1508436 
 568.24396  10.129888 
 913.76343  13.441666 
 686.16638  15.656167 
 936.90613  23.479591 
 326.66492  28.089535 
 447.03976  28.731712 
 202.83585  30.104158 
 73.944016  30.904068 
 86.770493  33.053131 
 1020.2695  46.792679 
 202.87466  49.258877 
 805.81494  48.867504 
 698.87256  51.83633 
 69.681107  50.927166 
 825.47577  54.285877 
 108.81606  59.229813 
 765.60425  58.290493 
 954.37695  58.636147 
 616.01135  60.045334 
 886.9021  59.30196 
 158.46201  68.910255 
 195.45253  72.135857 
 234.63266  74.649025 
 501.02545  76.907372 
 252.12437  85.97319 
 240.54703  86.831512 
 371.03922  91.502739 
 937.53204  91.394958 
 1016.2706  91.273079 
 278.89526  92.64492 
 197.55003  97.079109 
 292.57571  108.14254 
 258.95709  111.70818 
 428.49222  113.35351 
 302.21042  113.96598 
 349.70276  116.34985 
 553.61328  116.51241 
 93.995392  117.49427 
 795.4115  121.67699 
 42.072567  122.64989 
 809.37689  125.37022 
 1020.9334  126.14781 
 32.567158  127.83822 
 173.38219  135.82402 
 183.43378  138.13612 
 613.28925  141.2 
 602.45502  142.27985 
 785.54065  146.93953 
 655.25104  151.04665 
 724.89294  151.90698 
 919.23682  152.90274 
 398.39328  156.5486 
 388.12387  159.38243 
 319.40604  160.68062 
 868.81787  162.49792 
 23.969725  164.60008 
 512.12555  172.82349 
 723.92383  175.36871 
 982.46655  176.57236 
 790.79633  180.77078 
 552.61914  183.49364 
 373.90552  184.61082 
 593.7688  184.49854 
 605.10474  184.90947 
 104.99926  190.30991 
 342.05228  190.05093 
 680.42084  196.69974 
 539.03345  197.90067 
 962.13525  197.77228 
 144.34151  204.18903 
 972.47284  209.47389 
 473.7991  220.49446 
 454.41275  224.43225 
 376.35751  223.97075 
 59.058022  230.60794 
 316.6561  231.63043 
 785.44855  234.30534 
 673.47357  238.63516 
 485.44464  245.03297 
 313.05679  246.98312 
 544.14331  247.02361 
 376.12939  249.94888 
 971.81482  253.66743 
 53.550713  257.05725 
 590.28625  268.22101 
 392.05029  268.72253 
 800.76855  268.99124 
 35.608799  272.93488 
 477.4953  275.66818 
 376.02066  287.73965 
 487.96347  293.55719 
 267.55466  297.81805 
 196.77534  305.73849 
 207.7464  307.46777 
 681.1026  313.47409 
 241.77507  322.54279 
 326.24072  324.02902 
 353.07031  324.12766 
 208.88197  328.35709 
 220.24638  331.04385 
 961.69336  331.33377 
 372.85339  331.7356 
 471.42377  334.50696 
 202.28282  337.59784 
 380.45016  338.92706 
 453.96008  347.01266 
 899.33319  351.52432 
 539.6377  354.81113 
 501.42966  355.77917 
 1014.9365  357.60513 
 920.21924  358.76443 
 991.53223  358.92297 
 242.511  363.06165 
 497.11649  367.58069 
 981.62543  368.09448 
 1020.1408  384.87344 
 222.18372  388.23169 
 522.4668  390.448 
 79.896149  391.14117 
 706.20422  392.58014 
 938.14703  398.18774 
 43.191494  401.19763 
 824.88422  402.91702 
 998.74738  405.22195 
 956.92059  410.85556 
 59.358479  413.91623 
 965.94647  418.34238 
 200.91174  422.24152 
 588.34314  427.44186 
 566.69379  435.07996 
 131.69769  436.51855 
 124.39809  443.0759 
 654.75836  443.35147 
 427.17609  448.70215 
 516.1991  451.18454 
 398.20148  453.09274 
 125.37899  467.06058 
 414.03357  467.1575 
 524.56799  467.45676 
 314.46307  470.86603 
 976.63745  471.67828 
 988.38562  472.12772 
 1010.9904  474.52972 
 385.84137  481.68454 
 433.24655  483.65967 
 712.22937  492.47852 
 389.939  494.54544 
 992.56018  494.91824 
 34.304581  497.45306 
 922.80536  498.06882 
 560.93207  499.82095 
 243.94736  503.31357 
 10.697805  503.70883 
 283.56961  507.76636 
 382.53113  507.16592 
 609.81787  522.32587 
 19.817284  524.12189 
 773.05231  528.01691 
 288.59155  529.85309 
 909.85004  529.99707 
 328.46613  532.00031 
 520.74591  532.6217 
 587.06995  535.24323 
 545.85724  537.36322 
 806.06775  538.53778 
 1012.5277  541.63062 
 913.83386  543.01544 
 763.01306  548.04865 
 996.37219  549.91846 
 479.68311  551.45471 
 746.94031  553.51221 
 972.90894  554.09247 
 260.18097  556.97754 
 287.77533  561.25781 
 868.7934  561.58197 
 578.99072  562.60486 
 776.95331  564.41736 
 357.86853  565.87085 
 424.86615  566.91626 
 828.64191  568.49121 
 896.57587  568.72504 
 802.35388  571.01831 
 569.51361  572.41486 
 619.26447  574.34137 
 747.88574  578.01404 
 193.19298  588.87714 
 805.62952  589.14557 
 412.34192  592.3468 
 817.02826  593.57611 
 826.01807  596.08478 
 735.08655  597.95349 
 476.08527  602.7901 
 233.88675  604.02722 
 500.92126  603.95282 
 703.70398  613.95465 
 933.04517  629.07001 
 598.12219  632.34503 
 628.08575  638.01318 
 693.14264  637.73932 
 606.08685  638.95319 
 811.60175  651.3327 
 843.33038  651.42566 
 387.98459  653.71472 
 527.19916  654.72913 
 672.74585  659.66412 
 147.83133  662.00378 
 449.98904  661.60809 
 185.81841  671.08875 
 711.70172  673.38055 
 953.97839  674.10254 
 336.63165  674.94073 
 154.66628  678.31818 
 512.57562  685.18909 
 805.96289  684.68842 
 876.43164  686.06683 
 901.88873  686.0976 
 227.18597  687.09259 
 236.92491  689.66455 
 730.33801  691.37811 
 638.0744  693.78473 
 20.202581  695.11469 
 405.43991  695.52399 
 804.09747  696.30615 
 70.998909  699.86914 
 910.08185  700.70642 
 431.9668  704.42572 
 151.4104  705.51337 
 385.81918  709.39838 
 544.61639  709.39191 
 853.51605  708.57361 
 67.542107  712.28656 
 593.84491  714.11365 
 53.341469  714.8136 
 155.84058  715.69043 
 890.49567  716.53705 
 733.06976  719.4715 
 353.23813  721.95782 
 763.50446  721.53906 
 778.38287  722.31299 
 120.77747  728.27454 
 212.78706  730.46021 
 160.77792  733.71539 
 3.6402493  736.85596 
 588.62897  736.70862 
 885.38617  736.802 
 982.6687  739.30518 
 604.7854  741.39032 
 580.01501  747.13776 
 838.09845  746.82605 
 521.61206  748.45392 
 848.00232  753.81 
 231.40959  754.9187 
 455.57175  757.47534 
 277.35928  758.63068 
 578.21063  758.55591 
 793.93823  758.43622 
 893.11823  761.16168 
 803.02618  762.06012 
 335.9838  766.76288 
 408.04181  768.21088 
 274.97482  771.23029 
 716.0166  772.18719 
 369.67883  771.65082 
 133.19527  777.07788 
 384.1051  785.93011 
 775.78308  787.09009 
 564.72687  800.11243 
 270.45386  800.89075 
 822.60406  803.56146 
 371.37292  811.91211 
 400.76355  814.22076 
 541.63812  817.20465 
 968.15552  817.97314 
 325.74631  821.02496 
 110.21464  821.53162 
 957.61041  841.26044 
 215.69344  844.26099 
 290.33954  854.20624 
 378.32037  862.54071 
 8.8633614  864.43542 
 306.34732  865.17731 
 124.08134  867.48627 
 789.82776  867.22858 
 866.0874  871.89978 
 897.04291  872.38666 
 212.67538  873.19147 
 202.58858  873.79614 
 536.70044  873.66937 
 937.73145  876.91638 
 348.25516  881.49536 
 526.12073  884.01605 
 996.42853  884.09839 
 965.65491  890.23218 
 332.2952  892.0766 
 852.69818  893.57037 
 884.36176  896.65576 
 776.26111  893.72876 
 442.71341  902.33508 
 214.34453  903.96875 
 813.58075  905.43915 
 736.88586  907.75824 
 223.24965  913.57739 
 971.5542  915.78326 
 176.30437  926.11481 
 787.41406  928.05566 
 910.67023  932.05194 
 900.18579  936.29889 
 265.95682  938.4931 
 130.81308  940.41705 
 823.27557  942.49738 
 406.14923  947.69226 
 805.70862  954.20667 
 718.02161  955.87762 
 172.44997  957.90918 
 420.55786  958.08801 
 186.63776  959.3006 
 533.15063  959.00671 
 757.30383  960.08118 
 871.08936  960.43542 
 841.82056  970.9726 
 465.99759  972.22937 
 429.10724  977.45557 
 149.00583  978.48163 
 439.26779  979.42291 
 402.85358  981.13513 
 389.91315  981.67047 
 83.776497  987.27808 
 591.7475  987.25635 
 870.91583  986.82782 
 225.5919  990.68506 
 436.58548  991.10547 
 313.06827  992.07947 
 343.68054  991.63879 
 405.52792  991.99713 
 162.81082  993.151 
 3.7913208  997.49329 
 238.18562  1000.9435 
 160.79837  1004.3878 
 248.30185  1005.3342 
 805.38257  1005.6302 
 632.87018  1006.0641 
 312.54626  1013.6886 
 18.717665  1015.8196 
 536.8446  1015.8485 
 67.450363  1020.2289 
 503.21478  5.0958638 
 799.79053  5.0832434 
 874.2724  4.9886384 
 285.4162  10.587313 
 358.82962  10.318311 
 167.40785  14.134746 
 980.24976  15.835993 
 239.59773  19.221453 
 783.98175  19.418556 
 853.59064  21.469408 
 372.73538  24.840649 
 665.29041  23.702238 
 350.9744  25.374397 
 229.49731  27.757542 
 823.15399  29.019552 
 173.88661  30.275183 
 156.31522  31.058086 
 357.30688  30.731314 
 509.6629  32.868267 
 787.02307  33.361366 
 335.59018  38.018215 
 4.5538774  39.276943 
 211.32883  39.341854 
 611.20306  39.924995 
 583.30359  41.298679 
 816.12152  42.364983 
 64.053101  42.997261 
 263.2872  43.451775 
 277.83774  46.307381 
 508.43753  45.891083 
 982.51251  46.446434 
 343.86041  48.331051 
 407.73376  48.880451 
 264.41376  49.757431 
 421.94763  49.848709 
 189.94487  51.262569 
 48.92709  51.801807 
 923.03412  52.351246 
 466.42935  53.707317 
 855.65955  53.221867 
 30.920624  54.01651 
 751.17505  55.409122 
 241.42282  55.683968 
 586.37225  59.15044 
 287.73053  59.890762 
 178.604  61.348106 
 465.91324  60.951126 
 409.67868  62.156872 
 390.94733  63.380173 
 556.12598  62.96442 
 295.33292  66.11937 
 309.6431  67.106956 
 584.81946  66.668083 
 174.8698  70.972694 
 250.49554  70.545273 
 139.68468  71.993073 
 55.751705  74.276733 
 518.13092  80.599808 
 145.65544  80.751648 
 338.72763  82.394302 
 378.35754  81.663292 
 50.135925  84.032791 
 358.03741  83.78997 
 463.10483  85.499329 
 65.996582  85.499054 
 831.72192  88.482933 
 291.01883  92.034286 
 846.35406  91.762726 
 326.30029  93.474091 
 340.87103  92.617592 
 507.68542  93.752914 
 72.333824  95.681618 
 210.91867  96.120972 
 884.64124  96.277725 
 947.96631  98.539253 
 110.15517  98.971954 
 55.666012  99.494453 
 604.06042  100.55771 
 425.79025  100.63344 
 465.70773  100.48435 
 629.50635  102.38369 
 990.07983  101.74724 
 832.90881  102.08571 
 204.16646  108.13182 
 929.70532  108.29685 
 145.9281  113.22619 
 201.76135  115.19734 
 604.43445  115.32136 
 777.91229  117.31036 
 160.21486  119.49204 
 415.86176  119.91582 
 293.63904  120.99009 
 173.24577  123.79121 
 1007.8223  125.0018 
 103.50011  127.36577 
 381.67026  126.89359 
 483.93402  126.98064 
 347.65869  128.20038 
 655.34088  128.66212 
 56.534798  130.96132 
 368.20447  131.25655 
 609.60559  130.51678 
 71.970642  133.44118 
 626.89301  134.02599 
 332.01715  134.93552 
 533.23694  137.48914 
 959.31824  142.44507 
 975.73621  143.15388 
 298.70697  145.24432 
 454.27295  146.76353 
 1019.1411  146.81155 
 741.66449  148.26221 
 469.26352  151.46408 
 526.08167  152.42186 
 161.37738  153.28593 
 454.03644  154.19745 
 756.15369  153.91441 
 950.33252  154.05978 
 814.32782  154.81526 
 308.28391  155.92393 
 1011.2659  157.565 
 295.94077  158.99057 
 977.52423  158.77313 
 363.98917  160.08698 
 560.61414  159.47151 
 618.26044  161.15985 
 91.808624  165.24344 
 429.11212  166.22595 
 923.02954  166.14063 
 764.93359  166.7746 
 819.24548  167.73766 
 901.01672  168.35481 
 951.74579  168.17299 
 13.864706  168.70139 
 478.72244  168.73906 
 602.83575  169.1174 
 749.89069  169.31804 
 411.88223  171.85077 
 992.63855  171.31096 
 865.56592  174.97466 
 268.95474  176.10194 
 437.70084  175.6021 
 710.63489  177.25163 
 712.91681  184.38493 
 748.18683  184.94078 
 289.19424  187.81296 
 1007.8407  187.97679 
 89.896797  191.45824 
 709.60168  191.52875 
 973.96759  194.2829 
 373.10437  198.13785 
 118.39489  199.90294 
 345.98672  202.72687 
 779.72528  204.29123 
 428.64966  205.5685 
 468.17743  208.89346 
 383.09937  209.57248 
 647.56836  212.09386 
 905.51611  213.24139 
 525.84821  216.36896 
 860.45465  217.67003 
 1019.1394  218.63269 
 271.82669  221.724 
 791.39929  222.91301 
 361.55023  224.23199 
 401.27258  224.45682 
 935.36664  224.45302 
 443.83282  225.14549 
 769.8692  228.65511 
 72.19268  235.66008 
 571.14691  235.6506 
 433.14124  236.99956 
 303.93378  238.51903 
 497.86688  237.69135 
 326.4122  241.97794 
 840.70953  241.11502 
 959.61017  248.84865 
 61.899891  249.9144 
 507.32288  251.75655 
 568.82739  253.0923 
 99.108635  255.66411 
 358.284  256.72073 
 306.5285  258.7049 
 333.3201  260.25931 
 650.58673  264.31067 
 767.35016  264.28598 
 849.33344  264.75772 
 270.18005  266.72696 
 444.62549  267.34433 
 338.0903  269.18173 
 351.95609  269.15155 
 686.02063  271.18417 
 284.01459  273.94257 
 219.87196  276.28036 
 602.25403  276.46152 
 672.70721  275.93909 
 887.1225  277.93655 
 261.39621  280.28763 
 514.06055  280.34006 
 522.25604  281.6665 
 21.040548  284.71677 
 946.32526  287.17593 
 601.60138  289.00211 
 577.98413  290.72772 
 206.57545  294.37497 
 917.14215  294.83881 
 457.64786  295.67474 
 469.30289  296.85712 
 279.05652  297.50064 
 901.86127  299.15408 
 956.29395  300.0123 
 379.8544  301.18945 
 310.41281  301.66818 
 233.47713  304.27802 
 1009.8833  306.1561 
 593.45673  309.93976 
 901.62311  310.96082 
 969.40399  310.84842 
 542.21741  312.31143 
 888.84564  312.49435 
 1014.3444  312.12161 
 954.94934  313.57834 
 383.30911  316.72333 
 719.82111  316.27332 
 335.60492  317.2067 
 367.21417  317.93701 
 524.33514  323.74329 
 829.79749  324.36276 
 690.49286  326.35052 
 788.51404  325.99344 
 846.16241  329.91214 
 1014.4113  331.33661 
 185.09561  332.04144 
 789.76764  340.88739 
 359.82532  349.3548 
 881.13611  346.68414 
 430.89667  350.5383 
 488.39511  355.65237 
 277.73309  359.7666 
 213.78777  361.57214 
 531.19617  364.24036 
 815.36609  365.33875 
 44.833279  366.34882 
 59.91539  365.59036 
 177.4162  366.25775 
 294.57593  366.27631 
 788.70605  365.97763 
 633.83807  368.42413 
 868.25702  367.72079 
 619.01855  369.22101 
 390.93359  369.8988 
 682.00757  369.7756 
 193.306  370.8187 
 13.663925  373.53207 
 227.70946  374.13593 
 854.8938  374.00574 
 258.12552  375.3179 
 667.25824  374.93115 
 208.70486  377.08783 
 642.60565  377.13873 
 773.48596  377.35306 
 245.69722  381.31406 
 445.18466  380.94943 
 121.16103  382.83707 
 916.97357  383.7637 
 623.87506  386.30786 
 426.02454  388.33719 
 766.77997  387.40088 
 412.47821  389.30573 
 67.661293  390.87274 
 187.77698  392.91156 
 964.72357  392.54974 
 348.47079  396.77289 
 693.2771  399.16638 
 856.0863  400.57126 
 868.9505  400.60562 
 844.65509  405.20837 
 288.14389  409.78812 
 330.45935  409.94522 
 159.06595  412.34903 
 500.59863  411.50217 
 144.5327  416.00751 
 827.78705  415.59531 
 420.0387  418.32349 
 548.86694  417.53534 
 604.95764  419.72949 
 839.58337  420.02481 
 565.42676  420.93512 
 263.45288  424.30701 
 453.82333  425.61978 
 738.95062  426.71967 
 878.89697  426.02667 
 98.775955  429.62207 
 477.0834  428.88989 
 798.2099  430.4101 
 920.84607  429.73468 
 307.01331  433.07031 
 812.00629  433.43747 
 530.5744  434.51147 
 681.86499  434.25494 
 321.31015  434.84036 
 290.5701  437.9556 
 54.511818  439.11691 
 121.37304  440.0322 
 401.1546  440.59253 
 507.32462  440.79913 
 790.31952  441.50668 
 271.81232  443.11591 
 993.2157  443.87628 
 1011.762  442.90317 
 252.80537  443.74301 
 238.85403  446.3519 
 207.00162  447.35291 
 321.57028  449.29187 
 187.72498  450.3443 
 813.42792  450.82263 
 354.11261  451.61475 
 384.22244  451.81171 
 79.864388  453.39853 
 599.72021  454.36096 
 219.9736  454.90555 
 235.26016  459.94293 
 873.8924  459.74719 
 195.66876  460.58716 
 901.4306  464.58517 
 112.84389  467.16284 
 24.813778  469.07452 
 884.46289  469.04495 
 205.56902  469.8446 
 43.731186  473.92874 
 248.77721  473.74585 
 467.60205  473.75928 
 933.9364  476.06015 
 880.37518  483.46466 
 285.98148  484.9425 
 208.44774  486.30612 
 343.68698  485.71698 
 666.57123  486.29822 
 191.5985  489.94968 
 812.31836  489.58337 
 372.30164  490.96597 
 253.15088  492.71582 
 307.40765  494.09015 
 149.00468  495.32321 
 353.83569  495.03653 
 935.84491  495.04004 
 378.0018  496.20786 
 549.46661  496.32886 
 981.08923  495.72186 
 415.93268  496.73801 
 886.6449  498.39905 
 221.7099  501.13187 
 906.62854  502.35623 
 710.56244  505.66284 
 874.32648  509.56516 
 252.85559  512.2926 
 557.02051  512.06464 
 764.77997  512.49915 
 828.94196  513.10498 
 926.05023  515.12689 
 911.55255  513.87128 
 235.65533  514.59424 
 892.33014  515.10327 
 453.50772  515.69818 
 476.9137  517.94611 
 649.23694  521.30664 
 95.517357  523.17169 
 208.48123  523.495 
 548.17139  525.00165 
 136.50421  525.80627 
 153.54387  525.69043 
 362.27896  526.11432 
 316.17215  528.35248 
 171.40283  529.45789 
 77.113174  531.98645 
 267.31381  531.5824 
 496.16312  534.53741 
 898.84479  533.271 
 601.14081  535.43591 
 235.00842  538.98248 
 254.80058  539.45575 
 396.34412  545.57178 
 588.41449  548.35199 
 797.30298  547.47455 
 205.6487  549.72998 
 574.19214  550.00317 
 625.453  550.36981 
 650.2038  554.26849 
 427.41913  555.62909 
 961.75775  555.21344 
 364.37125  556.72107 
 319.31961  558.54456 
 806.89838  560.30841 
 115.11103  561.59698 
 407.88907  562.7522 
 847.71082  562.98041 
 551.62579  563.75494 
 685.53595  566.17529 
 631.61383  567.15985 
 276.95892  568.11829 
 261.17773  569.18164 
 935.37445  571.4043 
 90.190056  573.77509 
 132.31322  576.23889 
 248.41002  576.40479 
 464.9545  576.47998 
 119.70219  577.2171 
 671.93854  577.82709 
 811.69861  577.95544 
 289.38672  578.61121 
 403.94373  579.66235 
 545.88727  580.8634 
 716.62762  583.18005 
 1013.9547  582.51141 
 560.21448  584.83942 
 315.71448  589.39813 
 479.94965  591.91028 
 943.3161  591.03461 
 276.47928  592.01038 
 225.79298  593.39948 
 342.62195  595.50189 
 94.913605  595.43079 
 243.50606  597.62524 
 839.95337  598.211 
 175.30049  598.84412 
 617.35706  598.81885 
 514.31982  600.45624 
 314.78851  600.81836 
 533.27362  601.37622 
 411.07983  606.44312 
 576.99268  606.21155 
 684.96796  609.88617 
 354.0571  611.15259 
 619.16644  610.23401 
 59.392731  612.43292 
 72.865463  612.3916 
 612.81726  612.60773 
 488.54874  614.22009 
 508.30392  615.78729 
 117.78631  617.28021 
 314.14554  617.5 
 152.98477  620.26843 
 169.39171  620.2309 
 405.07346  620.50891 
 64.327965  620.20587 
 301.50128  622.35345 
 969.29907  622.81201 
 814.87451  624.86877 
 254.07135  629.44965 
 497.17209  628.73834 
 533.01379  630.02747 
 483.15387  631.14099 
 386.23209  633.04828 
 462.93979  633.88361 
 340.62012  638.95313 
 661.34491  639.62537 
 145.59512  640.78058 
 178.25476  640.57648 
 387.60352  641.11273 
 420.65057  640.61261 
 402.0535  642.10529 
 1002.2521  642.12402 
 524.65552  642.82764 
 673.90228  642.83502 
 703.78229  645.81635 
 84.146431  648.6723 
 686.91791  649.83319 
 374.09415  651.0401 
 557.57892  655.49982 
 294.42511  656.52838 
 973.1875  657.43829 
 538.30884  657.99445 
 174.06239  663.37561 
 36.418736  660.98602 
 374.98538  662.29034 
 703.22388  662.03967 
 324.50403  663.3407 
 387.8237  666.48328 
 660.86652  666.30225 
 550.71899  668.59961 
 360.39108  671.55212 
 215.02103  671.83478 
 770.67883  671.9516 
 535.73108  672.82831 
 454.04025  674.16656 
 472.19968  675.49652 
 932.15643  674.91278 
 167.51344  678.51044 
 194.86693  678.3183 
 564.85522  679.7373 
 783.77667  679.93127 
 640.03918  682.00354 
 704.82294  681.77472 
 58.219902  683.98987 
 547.94867  684.0473 
 577.66864  684.5705 
 305.33087  684.96765 
 140.82388  685.40448 
 614.82452  686.45471 
 250.30531  686.65198 
 864.54602  687.78223 
 75.60997  689.35498 
 1014.8578  690.23621 
 182.18808  691.62097 
 777.62329  692.31226 
 828.47125  692.09692 
 439.96686  694.50079 
 564.04553  695.57574 
 513.37842  698.23505 
 576.89709  700.21423 
 625.16467  699.79437 
 597.60583  702.50122 
 976.45081  702.22406 
 611.4184  703.42157 
 180.92291  705.97687 
 868.18488  706.1792 
 107.8558  707.44586 
 694.45374  709.75073 
 276.00705  711.29242 
 340.4129  710.86591 
 668.05255  710.41541 
 653.0401  711.9809 
 170.56837  713.54266 
 374.4407  712.91077 
 612.50977  712.6698 
 753.91681  712.88654 
 481.18338  716.34076 
 711.8382  716.40436 
 228.78824  716.98352 
 135.83989  717.99982 
 294.34738  719.45575 
 533.1582  717.83435 
 316.27448  719.7027 
 120.27032  720.79401 
 513.453  720.99689 
 816.86243  721.33301 
 601.2536  722.41626 
 646.9729  723.44049 
 1011.605  723.98621 
 504.14334  725.70795 
 843.64447  727.72809 
 146.98985  728.98645 
 490.13669  730.34442 
 224.71687  730.77399 
 284.43085  732.34418 
 699.67688  734.02765 
 414.9516  735.75055 
 714.9317  736.49261 
 942.93134  736.09973 
 177.11772  737.8725 
 781.54535  738.62701 
 679.16833  740.0553 
 663.47412  741.32513 
 826.48926  740.45697 
 568.16278  742.58667 
 369.05942  743.74365 
 427.90515  743.65186 
 487.23703  747.74121 
 722.38983  747.91919 
 859.51697  749.77667 
 634.35834  750.86652 
 141.16588  751.7475 
 312.84076  751.91187 
 437.39249  754.27515 
 54.521851  755.44476 
 382.46268  756.26752 
 422.12921  755.7337 
 147.38165  756.82715 
 924.7193  758.3136 
 833.75165  759.41522 
 365.22165  761.30621 
 851.04291  763.12622 
 5.9647098  765.17798 
 320.79776  765.16174 
 419.85019  770.1842 
 474.98206  770.08783 
 453.17679  774.24548 
 258.06647  776.61194 
 521.81659  777.17902 
 636.39374  776.70856 
 799.26654  776.71436 
 286.51559  779.48828 
 207.30043  779.95782 
 220.89258  780.48059 
 356.52362  779.77832 
 331.25327  781.41602 
 123.69647  784.94043 
 1011.5476  785.0672 
 272.64676  785.94305 
 370.99268  785.55597 
 460.63647  786.47034 
 502.21347  786.48572 
 569.96326  786.32971 
 757.77795  789.36627 
 554.41553  789.43677 
 449.65298  790.76172 
 621.59351  791.36877 
 636.43298  791.17841 
 140.4769  792.46265 
 162.55226  791.72546 
 217.83977  793.1958 
 283.85904  792.48273 
 311.56122  794.37347 
 361.1694  794.7757 
 435.47375  795.46008 
 256.16937  796.0321 
 891.37677  795.66827 
 62.355862  797.45825 
 606.20941  797.49799 
 297.16272  798.23041 
 327.82889  798.76294 
 173.57925  799.7207 
 126.50989  800.95007 
 767.4787  800.53656 
 856.71021  800.77545 
 1017.1893  804.8291 
 132.13077  805.93945 
 697.40485  806.45758 
 873.40302  806.41199 
 551.04254  806.52832 
 234.63785  808.14606 
 221.01117  808.85815 
 162.49678  810.41321 
 285.39716  810.59875 
 565.52625  811.78003 
 680.60876  811.64709 
 77.722084  812.93237 
 98.878456  813.75085 
 145.63092  814.14539 
 251.42598  815.12463 
 674.08978  821.4248 
 877.10333  823.2868 
 803.03955  824.14124 
 882.82239  828.24707 
 346.12814  829.62762 
 423.12045  830.59784 
 102.82491  830.862 
 141.72746  833.06293 
 509.99631  832.85107 
 307.82764  836.01678 
 464.40982  836.06122 
 864.8418  835.76196 
 272.31931  836.82037 
 178.58995  837.79266 
 254.5466  837.7309 
 135.72275  839.37396 
 895.29883  838.42639 
 238.42061  841.26135 
 345.12271  840.98108 
 620.17468  841.09247 
 11.192747  846.41815 
 381.8931  846.6073 
 442.00507  849.21582 
 640.75134  849.63403 
 272.48135  852.06036 
 625.88245  851.76398 
 947.00922  851.52771 
 365.004  854.19891 
 759.10065  855.08319 
 826.05469  855.63428 
 931.34204  855.86292 
 260.46658  857.29706 
 963.7204  857.63062 
 423.49771  860.45386 
 872.03339  859.81799 
 994.32239  860.70441 
 275.77499  862.04181 
 672.80786  864.69043 
 598.60938  865.84015 
 628.51392  866.01373 
 292.43784  867.17688 
 882.75427  866.73969 
 946.04047  868.06396 
 854.33295  874.44135 
 86.655685  875.01202 
 282.38803  875.99329 
 461.29584  877.45154 
 475.7352  877.4635 
 958.33221  877.56659 
 141.73997  879.64856 
 289.50656  878.5918 
 739.37  880.83093 
 587.6684  884.7066 
 603.86694  885.18048 
 733.26605  885.13293 
 539.47595  886.63977 
 402.27112  889.92346 
 491.30853  891.02545 
 282.91055  891.96063 
 466.91962  893.4765 
 540.46265  895.14575 
 418.03729  896.89783 
 525.73041  897.90009 
 80.142212  903.57404 
 245.00511  903.82275 
 654.21533  904.4986 
 705.55054  904.44653 
 899.83936  903.75378 
 356.37018  905.86481 
 23.254719  907.29083 
 368.01682  911.14612 
 867.91986  912.42902 
 683.35876  913.50739 
 168.01627  913.77362 
 421.88617  915.36957 
 957.36536  915.508 
 306.1994  915.55945 
 435.93372  916.84009 
 698.8938  918.27271 
 46.312267  919.76178 
 30.983316  921.30432 
 1007.6429  923.94897 
 94.149658  925.12341 
 341.76822  925.01361 
 213.89645  928.23505 
 705.84851  928.00928 
 292.12463  929.13312 
 750.37274  930.15936 
 58.892826  932.00525 
 861.83923  931.79962 
 556.80609  932.92157 
 571.49005  934.47205 
 832.0069  933.76141 
 846.65289  934.49292 
 232.9632  937.9859 
 341.39127  940.18329 
 531.08832  940.44275 
 524.56366  940.8017 
 776.27704  942.33813 
 704.66602  943.12903 
 722.8233  943.49957 
 41.546524  944.91998 
 956.98047  946.1366 
 466.83652  947.20325 
 56.104336  949.37598 
 87.492752  950.28992 
 554.72449  950.61646 
 658.50745  950.9306 
 392.00916  953.97247 
 462.65619  955.5636 
 118.671  958.28894 
 449.67773  959.75165 
 641.03894  958.66583 
 199.12404  959.7467 
 740.1684  961.24933 
 379.4888  961.7782 
 345.50781  962.74329 
 557.82544  962.8396 
 633.62909  962.51367 
 331.51959  963.422 
 57.381405  965.04669 
 110.5176  970.65344 
 42.021526  972.23096 
 619.69928  972.41998 
 18.34103  973.05389 
 880.09741  973.40308 
 919.81732  973.37097 
 186.61685  973.15906 
 750.74933  974.14777 
 541.9599  975.04144 
 948.42554  976.30103 
 896.26489  977.07892 
 220.34863  979.14447 
 234.17693  979.30347 
 135.18211  980.30334 
 288.14209  981.41156 
 119.02866  983.51715 
 292.57291  989.56952 
 498.55325  990.49133 
 196.40771  990.68188 
 708.82721  994.72046 
 661.40643  995.6405 
 448.28595  996.74634 
 15.407876  997.8855 
 736.40137  998.52924 
 1018.574  998.93848 
 129.28474  1000.2114 
 191.00995  1003.2211 
 145.52908  1004.3871 
 578.1983  1005.0956 
 713.43561  1009.6049 
 745.8399  1008.6644 
 112.12506  1009.875 
 992.5567  1009.5477 
 950.38947  1010.8837 
 530.10101  1013.1054 
 226.10078  1014.6373 
 45.140072  1017.6522 
 82.89119  1019.2328 
 102.1852  1019.0684 
 457.53238  1019.027 
 685.49982  1019.0321 
 503.90121  5.8006797 
 800.29614  5.8223195 
 875.40088  5.7902603 
 228.71773  27.874746 
 923.79688  51.067257 
 30.203381  53.667183 
 241.54044  55.800529 
 751.17999  55.669544 
 103.38948  63.808205 
 310.19589  66.932091 
 523.08002  83.947258 
 340.78046  88.998833 
 507.34888  96.282364 
 54.404831  99.031212 
 425.2392  96.322433 
 948.65369  99.948837 
 203.68747  110.55245 
 162.04872  114.00449 
 38.889343  118.21147 
 610.30859  131.05766 
 1015.8436  152.00511 
 561.39429  158.48239 
 479.24039  168.49088 
 50.163548  170.59256 
 270.46472  178.28653 
 1009.9683  189.60976 
 779.6651  205.14339 
 524.56122  215.98105 
 73.025185  242.66939 
 328.99887  241.88846 
 335.00351  264.77597 
 849.24225  265.73679 
 600.41083  283.08099 
 207.46333  294.48325 
 1011.0438  308.68082 
 366.96399  318.20932 
 185.48079  332.33109 
 294.84494  366.73114 
 44.811508  367.92844 
 395.16959  373.06937 
 227.28993  375.00735 
 670.05518  376.0094 
 123.7327  384.04709 
 67.496307  390.9072 
 186.1671  392.12247 
 348.41626  396.78586 
 693.0531  398.27078 
 500.08307  411.25516 
 940.8905  411.84839 
 423.61218  418.54996 
 453.33585  425.84686 
 812.86517  433.8042 
 308.60007  438.57278 
 52.493763  439.34109 
 1002.3287  441.58817 
 271.26749  443.68143 
 206.4646  445.91846 
 519.45789  451.46564 
 599.3606  454.03607 
 218.07266  459.51465 
 111.7277  467.53656 
 884.96423  468.98575 
 252.10866  474.96561 
 811.2406  491.64078 
 936.2099  495.07318 
 920.53046  498.41513 
 830.15948  512.77539 
 892.38574  514.43018 
 363.41815  526.17767 
 268.01492  530.40643 
 236.44437  539.48779 
 396.1889  543.38367 
 205.87611  549.81451 
 408.0752  561.71924 
 670.86713  577.03271 
 545.47559  581.53363 
 487.59879  588.60986 
 94.678314  594.89392 
 342.07312  596.17682 
 840.16864  597.12976 
 535.70227  601.59674 
 472.63608  602.06616 
 827.00659  610.31793 
 686.78741  611.44055 
 152.78223  619.48138 
 512.57642  624.22864 
 613.2453  628.09692 
 144.48868  638.77417 
 661.91455  638.06757 
 419.97662  638.48358 
 736.37012  641.27448 
 675.71698  642.93933 
 354.41608  650.04779 
 687.18829  651.01086 
 156.20509  652.63293 
 294.76437  655.13953 
 557.4859  655.48596 
 972.29193  657.87463 
 699.15771  668.18585 
 454.06973  674.59448 
 933.11438  676.08105 
 633.14362  683.20587 
 578.40271  684.26593 
 803.6842  688.75824 
 76.1278  689.77112 
 440.61801  693.94043 
 679.49872  695.08075 
 625.57092  699.71283 
 596.60809  701.36047 
 868.27985  706.6076 
 342.34421  710.20679 
 373.24991  712.24542 
 573.99261  716.86121 
 531.69867  712.14008 
 130.65421  709.57947 
 297.30789  716.69135 
 817.07629  721.3501 
 118.56818  721.94672 
 433.80963  735.70984 
 719.82373  731.13885 
 783.25165  739.77081 
 158.18643  742.44586 
 427.7114  743.44055 
 142.7177  753.31268 
 634.4458  752.65253 
 834.63318  760.05725 
 3.9746742  764.81409 
 638.62036  773.57104 
 272.8772  785.95587 
 553.95923  789.65503 
 141.0202  792.46796 
 892.19366  794.42212 
 435.29172  795.44189 
 63.927895  797.56335 
 606.65979  798.15021 
 857.84998  800.89246 
 551.46985  806.75659 
 511.17218  832.27338 
 864.55951  834.04858 
 254.56425  840.69409 
 382.14148  847.41333 
 947.39844  851.29498 
 86.08744  874.61749 
 157.93265  879.54376 
 402.94879  889.50311 
 902.44922  898.77246 
 244.89841  903.91156 
 354.4158  908.30182 
 436.78531  916.5705 
 1008.4622  924.11401 
 556.85626  931.35693 
 776.26825  942.7511 
 656.89978  951.21796 
 393.67709  955.09515 
 467.2291  953.65833 
 963.7851  958.69659 
 449.68375  959.99469 
 741.24121  960.76508 
 328.89224  957.14746 
 379.63211  963.48883 
 186.24483  972.67151 
 880.19885  973.45428 
 18.380857  973.75452 
 921.98254  979.07288 
 895.63843  977.94684 
 197.23984  989.83551 
 515.47308  991.93115 
 710.08038  994.22266 
 15.863719  996.41791 
 663.05096  996.15625 
 129.76794  997.55914 
 773.16266  1001.1875 
 190.86049  1003.3987 
 113.87967  1008.4156 
 728.88153  1011.9772 
 83.860107  1018.2163 
 686.30353  1018.3397 
 535.54132  1019.9781 
 367.88669  16.976151 
 691.57129  19.419973 
 245.12151  21.638268 
 375.17212  21.954935 
 353.39722  24.751665 
 669.91992  25.329985 
 785.21161  28.518885 
 824.44135  30.437147 
 527.4408  32.576153 
 93.455215  36.682312 
 209.48659  38.360271 
 505.99915  37.820026 
 69.180504  41.464001 
 319.0549  40.694172 
 340.47229  43.545841 
 188.65114  45.324375 
 261.09296  44.619282 
 608.46826  48.047546 
 462.80258  57.675247 
 390.15564  61.37418 
 586.49799  62.119301 
 290.78107  64.779129 
 251.27025  66.168808 
 174.92075  66.38073 
 230.39  72.606285 
 117.15873  76.770813 
 378.59195  82.485794 
 262.2153  84.610695 
 357.28058  84.9888 
 272.173  90.032806 
 294.0191  90.04113 
 320.34467  93.114731 
 829.19476  95.006241 
 215.1606  97.272621 
 193.74812  99.560097 
 926.18207  103.43683 
 602.47949  108.23957 
 436.12723  114.65803 
 414.08798  118.6902 
 101.2244  130.41037 
 73.192581  135.03331 
 530.01294  145.96004 
 476.33435  147.41043 
 452.64963  150.08514 
 975.25177  152.19591 
 293.80991  154.32343 
 816.33099  162.61584 
 95.336151  163.52449 
 729.1402  170.68243 
 863.54956  171.37465 
 996.10394  172.19836 
 600.11444  173.10231 
 409.98056  173.52315 
 886.6272  181.02412 
 292.49017  182.27815 
 710.2547  186.39494 
 371.42816  189.70827 
 119.52038  199.3069 
 143.6321  198.65038 
 327.80246  199.19194 
 351.84186  203.96178 
 473.35242  209.26276 
 644.03204  213.27846 
 272.74805  214.29309 
 499.3692  215.68723 
 857.8244  215.82735 
 909.59009  217.14439 
 368.90057  222.8889 
 934.39478  224.43102 
 773.21326  227.17365 
 54.596169  231.26187 
 839.6413  236.68552 
 570.85449  240.00648 
 306.25873  241.77341 
 500.77917  245.94383 
 964.13916  249.18834 
 908.92163  255.11552 
 438.30762  264.31146 
 288.13196  270.28384 
 865.14349  277.76996 
 520.95752  283.91418 
 576.48376  288.05325 
 464.27408  295.88519 
 236.61093  302.93182 
 311.84006  304.58902 
 337.5683  311.11807 
 521.08575  319.41318 
 226.2287  323.1748 
 689.92053  323.2533 
 829.0022  324.05502 
 772.07001  343.07785 
 359.11908  345.97617 
 433.59036  349.76315 
 452.18985  353.82535 
 923.74384  353.76093 
 487.10367  357.49661 
 275.17825  362.25461 
 176.45677  364.09573 
 534.59656  363.67929 
 789.67609  365.74677 
 852.66272  371.23947 
 639.48682  374.35336 
 317.23386  374.83716 
 212.58966  377.4827 
 618.992  378.98184 
 770.1626  380.66553 
 447.67984  381.63733 
 981.36249  386.99435 
 204.92538  395.23688 
 960.29901  411.95612 
 164.48912  412.548 
 140.99689  414.0538 
 881.71069  423.0368 
 919.87299  429.49667 
 434.08304  437.95154 
 795.59351  437.94241 
 661.54211  438.5238 
 385.72662  447.34464 
 188.9726  451.29974 
 500.53159  452.8681 
 810.84906  453.50293 
 365.84894  469.45123 
 993.17657  467.08881 
 464.08585  476.00552 
 27.182898  477.80276 
 209.13632  481.63931 
 32.082115  487.90955 
 665.86145  487.81973 
 1000.5353  492.4744 
 152.11813  493.19205 
 375.21805  495.06787 
 886.78925  500.01575 
 356.09235  501.20193 
 250.44933  505.69754 
 710.80145  510.64322 
 765.6095  512.86566 
 156.49648  521.19977 
 287.43033  525.03583 
 207.01257  525.74158 
 135.42456  528.22107 
 313.04541  528.63391 
 178.0479  531.16089 
 344.40137  542.56616 
 375.29544  544.00519 
 777.48602  544.35669 
 625.57373  545.11237 
 572.14819  551.95343 
 322.29404  554.73718 
 446.58484  558.04297 
 362.30008  560.02393 
 427.06964  562.04407 
 276.91986  565.06262 
 938.3241  570.784 
 1015.9545  577.80273 
 86.893326  583.36261 
 821.09875  585.53601 
 686.3606  590.10083 
 315.80295  594.81793 
 245.08185  596.21094 
 224.59277  597.57251 
 178.60649  598.88293 
 742.92578  600.14923 
 579.55902  604.5329 
 616.31793  604.65356 
 706.65442  605.14594 
 487.47772  612.90662 
 59.497936  614.84949 
 596.30933  615.86627 
 169.50877  621.31781 
 534.68329  624.87628 
 251.36281  630.18982 
 487.31403  632.75116 
 466.71841  633.73901 
 386.52512  636.90076 
 339.89041  642.77216 
 495.25787  648.71539 
 89.05542  649.68481 
 398.16348  651.44611 
 377.41248  658.94891 
 177.7289  651.09729 
 358.43124  668.63141 
 767.32294  672.13708 
 216.38797  673.30078 
 146.93405  675.4325 
 475.73505  675.36835 
 169.42162  678.63647 
 548.26312  683.44971 
 861.56543  684.12738 
 58.027782  685.66296 
 494.75458  690.0849 
 755.86926  692.97156 
 710.9021  696.33368 
 127.13888  702.64136 
 971.75214  704.31964 
 105.62766  705.21155 
 61.174664  706.46814 
 650.26874  706.81458 
 614.80682  708.77466 
 273.98367  713.61157 
 757.94196  714.57581 
 509.06375  725.53265 
 701.9425  726.33362 
 842.6427  728.25079 
 383.5687  732.44165 
 410.2735  732.87012 
 942.99536  732.91058 
 678.79688  731.69934 
 805.17328  740.96393 
 58.757015  756.9859 
 927.66675  758.70441 
 317.8735  759.69403 
 342.0864  760.10571 
 850.10754  760.19586 
 367.97192  764.04071 
 449.87869  768.37122 
 258.79785  771.20325 
 145.17268  773.37543 
 764.9621  783.3031 
 505.20822  783.2774 
 312.72421  785.49463 
 222.16006  787.25928 
 457.24908  788.7807 
 160.67087  789.56311 
 332.67242  786.2627 
 1018.5558  802.28717 
 284.19379  816.71503 
 255.77061  816.97162 
 96.010086  819.87671 
 804.71375  824.25488 
 420.68518  834.44574 
 897.33411  836.07587 
 134.15036  838.82721 
 445.87946  847.79761 
 364.83362  851.86072 
 644.98969  853.72571 
 628.01355  855.43872 
 889.63074  859.39941 
 826.86304  859.88629 
 967.68005  860.56903 
 673.69855  869.73608 
 203.05807  870.4325 
 528.12653  872.90784 
 466.01089  884.18109 
 104.4282  880.83032 
 961.21362  881.24658 
 734.97272  883.36102 
 216.67952  885.00714 
 587.57355  887.26599 
 710.69019  888.65637 
 423.15186  896.13025 
 522.89154  895.40857 
 671.5191  898.4079 
 23.002645  915.03265 
 53.65802  914.49969 
 169.4151  915.48401 
 976.52655  916.11151 
 335.59131  919.98645 
 211.40588  922.05872 
 705.58142  922.82294 
 973.90399  923.33746 
 425.92078  936.99158 
 758.1391  941.4635 
 529.26074  943.55255 
 337.8056  944.99646 
 624.54846  944.85052 
 64.792656  950.30121 
 41.060314  951.11993 
 89.181595  955.2608 
 554.66608  956.09155 
 126.36498  961.42401 
 399.23816  963.32483 
 594.81885  971.72925 
 618.56152  972.80731 
 541.42432  976.32434 
 951.51062  978.85645 
 217.96532  980.97784 
 291.02881  983.28326 
 169.43111  988.02521 
 498.14612  990.40131 
 435.23593  996.67462 
 738.33093  993.56287 
 583.61719  995.93024 
 453.47885  996.89551 
 1016.1865  1002.4374 
 152.17305  1001.341 
 990.93768  1005.7863 
 752.82129  1006.6128 
 48.482838  1016.4569 
 231.7453  1016.4149 
 460.24573  1016.2905 
 855.95782  11.341924 
 138.3537  20.015091 
 486.91125  57.241375 
 775.73138  57.283939 
 417.65848  57.668251 
 150.62125  70.760536 
 155.41054  121.23076 
 50.016918  123.2001 
 435.1669  170.25204 
 910.70819  505.59778 
 226.77562  505.48499 
 288.90408  536.55225 
 597.63898  544.22186 
 637.5271  574.67084 
 513.38812  599.94135 
 556.80615  633.26294 
 632.18652  704.83331 
 482.44983  729.47119 
 796.79419  769.83972 
 867.01941  778.53918 
 676.43365  812.69861 
 881.69403  817.28174 
 168.03934  884.85876 
 280.95459  886.1308 
 959.21381  951.80585 
 179.65326  962.58228 
 554.35437  1003.899 
 349.40894  20.882872 
 788.19989  27.860155 
 96.038345  35.23793 
 181.92274  38.312027 
 54.900814  86.891876 
 984.23431  148.43716 
 956.03418  156.17618 
 739.30176  179.32713 
 297.52081  184.76036 
 272.84143  209.16246 
 378.92822  291.77994 
 902.63715  304.01349 
 310.44495  305.97186 
 951.01483  313.99442 
 1013.3816  319.60376 
 692.32196  320.56696 
 925.64575  324.07745 
 887.13757  342.95499 
 365.72208  343.34528 
 794.79694  355.06726 
 339.57977  429.09741 
 799.71106  442.99252 
 836.2746  444.60068 
 151.05093  489.05841 
 87.874062  532.75708 
 687.38043  557.23199 
 413.68933  574.81793 
 270.53659  576.23639 
 255.65752  628.44916 
 333.29306  661.08545 
 743.7655  666.30133 
 729.06219  666.9021 
 909.96777  685.17444 
 681.99915  686.41119 
 300.96109  710.79211 
 783.03729  713.86664 
 280.85516  718.35498 
 418.7731  740.39343 
 812.17511  745.65094 
 288.96286  754.70667 
 639.92969  762.91217 
 898.69849  764.31696 
 510.1106  815.89166 
 996.85889  819.63104 
 441.64972  820.3631 
 473.71078  826.62189 
 805.99701  827.13409 
 357.33789  843.43646 
 418.75848  846.06604 
 534.18317  873.90796 
 309.29926  890.31195 
 978.51031  911.45288 
 298.08661  927.75189 
 560.82306  954.75983 
 306.88507  957.41425 
 241.84686  981.17114 
 466.90549  993.13751 
 207.42679  296.25629 
 206.271  638.9187 
 307.74646  723.02448 
 251.90414  731.6123 
 896.43359  780.8714 
 854.23029  817.18927 
 653.05798  847.9295 
 490.13391  867.6958 
 136.17218  961.18884 
 909.34259  253.00415 
 800.84747  818.99921 
