 258.75363  2.0945072 
 576.33197  1.7350296 
 580.27637  4.4380589 
 599.9209  4.223702 
 1.8916554  4.6399279 
 607.81604  5.4442463 
 353.63367  5.6786857 
 954.74164  6.0033555 
 751.08252  7.4045582 
 618.38336  8.9887371 
 841.86975  8.5972929 
 653.24652  9.6666059 
 198.16628  11.501489 
 1000.2911  13.606264 
 921.26074  20.802195 
 656.68958  21.889111 
 471.57043  25.163414 
 892.93427  26.324825 
 973.54156  26.817907 
 1018.7211  26.492603 
 744.51837  30.843151 
 788.44373  32.311131 
 418.49615  34.312477 
 470.90649  34.949875 
 4.3766537  37.374371 
 1021.7943  38.002045 
 328.7959  40.263638 
 420.68433  40.272018 
 727.18219  39.588314 
 872.28674  40.432793 
 618.13037  44.29253 
 610.26935  46.00243 
 9.1106606  46.771542 
 229.19019  50.694889 
 608.16052  51.504581 
 754.07507  51.546566 
 11.273746  52.632965 
 739.01105  53.716732 
 253.88194  56.513504 
 839.92023  58.402603 
 360.56839  58.520794 
 795.74414  58.920712 
 457.90244  59.63224 
 739.58679  60.40102 
 82.317444  60.529072 
 367.66525  62.747288 
 403.25909  62.494713 
 906.59711  66.212486 
 459.45245  66.563408 
 798.0415  68.050362 
 731.71051  68.623009 
 268.35294  71.538788 
 320.56024  71.890198 
 909.12561  71.449188 
 137.02283  74.987999 
 732.59607  75.765091 
 1003.8706  77.472961 
 321.21002  78.405876 
 777.77313  77.918076 
 944.42102  78.945717 
 882.64868  83.262634 
 780.25824  84.672516 
 401.51712  87.413689 
 458.91345  86.645073 
 94.754066  88.060112 
 858.6535  93.099411 
 461.07956  95.191498 
 756.17633  95.337471 
 68.399422  96.429123 
 45.268177  97.700836 
 897.83618  98.334763 
 70.067322  100.12196 
 519.28314  102.54648 
 890.14508  102.87363 
 809.07324  105.71732 
 918.08008  106.82967 
 943.34235  109.8224 
 520.80548  111.06837 
 7.9963193  111.86852 
 32.00359  111.77865 
 799.8996  113.53812 
 947.78461  114.83144 
 186.92926  116.60372 
 896.3714  121.91116 
 14.827377  122.97932 
 246.94569  124.73547 
 190.51306  126.19183 
 896.13361  125.72202 
 80.819267  128.54134 
 256.23065  131.29796 
 699.24463  130.91348 
 96.702797  133.42589 
 85.286369  133.97781 
 401.88739  134.65747 
 866.93463  135.20172 
 2.3992114  135.91295 
 251.16026  136.41257 
 989.11658  136.19087 
 521.67401  139.36687 
 6.220015  139.82399 
 236.52679  139.66559 
 210.10368  141.77 
 475.19266  143.16895 
 467.15704  145.48286 
 982.5542  145.33647 
 215.33293  147.37784 
 1021.5054  147.3456 
 285.52469  149.96367 
 973.80334  150.98215 
 160.19958  152.64336 
 191.5755  153.17627 
 434.25998  152.92604 
 808.86255  153.83891 
 172.28365  155.35011 
 839.95251  157.75206 
 175.74794  160.37567 
 187.97714  160.4679 
 812.14844  159.90938 
 219.27695  161.78711 
 600.29114  162.21167 
 303.04581  165.41469 
 182.06606  166.54958 
 595.28595  166.50156 
 1013.0286  166.83153 
 842.57391  169.23798 
 292.7851  170.52214 
 1020.2645  169.76801 
 799.3313  173.85274 
 433.86285  175.48712 
 886.42261  175.13283 
 1019.9495  176.70988 
 357.09341  179.1497 
 795.35974  180.37624 
 786.99091  181.72305 
 254.46123  183.15266 
 514.05298  184.75023 
 180.22523  191.13564 
 472.67911  193.7137 
 818.91528  193.73007 
 828.99982  195.30852 
 240.86218  196.34503 
 537.69397  195.65266 
 990.72736  196.54932 
 916.85669  197.37515 
 924.10992  197.47781 
 931.53699  196.67812 
 822.58289  198.25766 
 476.6864  199.36598 
 523.79169  201.09509 
 511.29794  201.94217 
 759.18365  201.88655 
 987.37311  202.84354 
 414.78125  205.07545 
 646.01385  205.44455 
 516.98767  206.69394 
 991.0343  207.22647 
 362.28351  209.41403 
 408.46783  209.60725 
 439.72974  210.34155 
 446.32974  210.46426 
 609.11578  211.60286 
 175.09669  212.57042 
 367.49704  214.3584 
 167.56111  215.18358 
 1012.0956  219.03586 
 258.24951  220.58778 
 368.39966  220.52185 
 529.88959  221.06938 
 785.10193  220.60246 
 522.06793  221.76982 
 415.45142  222.8622 
 228.60136  224.13374 
 440.61517  226.55757 
 762.56061  228.13921 
 810.17554  228.77797 
 68.079636  230.31438 
 198.63934  230.13878 
 954.51971  233.39494 
 74.584991  234.58231 
 54.323647  238.50153 
 11.893938  240.33618 
 350.25763  240.34293 
 462.28107  239.91841 
 724.40497  239.93938 
 67.024704  241.42426 
 21.243704  243.86873 
 141.79823  244.30066 
 339.51727  244.30017 
 188.96693  245.08043 
 670.20532  245.02348 
 56.241459  245.46585 
 687.5813  245.70341 
 12.83865  247.29456 
 351.50348  246.56233 
 116.54343  248.34279 
 167.17174  247.55258 
 366.39838  247.75017 
 874.9812  249.49461 
 803.33881  251.37373 
 3.8925953  252.41801 
 492.16864  252.1669 
 652.76819  251.76753 
 152.39886  253.99226 
 550.01935  253.97415 
 417.96542  255.02899 
 822.42346  255.31281 
 634.71558  256.43643 
 567.68652  257.30896 
 886.17963  257.27545 
 135.5791  258.37546 
 708.8772  257.69629 
 411.46805  259.08121 
 812.43488  258.56094 
 372.74548  262.04919 
 625.0069  262.24319 
 481.11963  262.82755 
 584.50586  265.03525 
 691.57208  269.94205 
 516.6438  271.15924 
 898.87506  270.7261 
 970.5827  271.19376 
 28.535934  272.26797 
 135.08568  276.40967 
 974.04987  276.94098 
 169.79094  278.08353 
 516.4834  278.28241 
 783.75769  279.39139 
 27.443254  280.44989 
 739.78906  282.20547 
 994.16193  281.58633 
 57.566521  283.45206 
 298.74835  284.26791 
 313.15628  285.38193 
 309.90881  286.25592 
 788.21399  287.11749 
 340.36337  289.07477 
 108.94249  290.04602 
 114.46997  291.71054 
 25.162458  293.11267 
 364.48734  293.75397 
 1004.2833  294.11856 
 387.25244  295.43814 
 405.22122  294.82562 
 426.81924  295.34885 
 445.24692  294.53961 
 417.78857  297.22498 
 19.04631  299.42917 
 26.461758  300.33102 
 719.71735  299.96133 
 455.62082  300.96625 
 616.05682  300.48141 
 424.07608  302.31342 
 426.83917  307.15466 
 504.94513  307.18652 
 190.2114  308.29709 
 183.16283  311.06882 
 22.635019  312.98181 
 13.887004  314.6597 
 231.45287  314.71854 
 360.49115  314.60068 
 947.79401  314.77576 
 298.47546  316.14728 
 882.48224  315.67731 
 629.81775  317.03165 
 661.41956  318.9769 
 895.46924  318.79214 
 334.63034  320.21609 
 904.47772  320.68756 
 142.82402  321.95544 
 344.84369  321.66608 
 880.46075  322.06549 
 137.28703  324.2175 
 545.35834  323.93649 
 633.07111  324.09991 
 898.15186  324.1066 
 958.73444  324.01111 
 664.95831  324.4841 
 353.08539  325.6781 
 337.67548  326.80597 
 908.5896  326.69019 
 180.77725  327.98053 
 142.84654  328.96869 
 651.09583  329.62857 
 473.659  330.97559 
 170.56657  333.36032 
 178.03949  334.17783 
 573.12781  333.87854 
 816.54797  339.81976 
 118.78043  343.55438 
 109.82113  344.00443 
 494.31741  345.42648 
 127.1138  347.05878 
 765.82324  348.37375 
 455.51276  348.74289 
 465.77576  348.81128 
 501.89969  349.31723 
 48.694271  350.31381 
 827.80621  349.74313 
 393.67981  351.05783 
 78.980965  352.76163 
 985.7796  352.59543 
 60.686115  354.14789 
 53.23576  354.98102 
 475.44373  354.80875 
 898.28204  355.0166 
 44.949646  356.43823 
 588.52148  355.55566 
 394.64096  357.76181 
 891.51715  360.53027 
 295.39749  361.09277 
 663.82166  361.04819 
 946.51715  360.61316 
 854.79633  362.05511 
 805.36292  362.70004 
 224.16975  365.51624 
 583.78735  365.78842 
 893.90387  367.52972 
 26.383772  368.86203 
 1010.9013  368.65704 
 900.15808  370.39386 
 164.50494  373.29224 
 360.58279  372.8176 
 584.20911  373.05508 
 94.021629  374.67606 
 120.63245  374.85468 
 1022.1722  376.51801 
 75.511742  379.27261 
 379.09451  379.03961 
 429.72379  379.38089 
 763.90228  378.98355 
 17.807234  380.27228 
 258.39725  379.93826 
 54.452175  380.86697 
 208.76003  381.42297 
 657.99731  381.00424 
 136.78551  383.13754 
 345.07831  383.21875 
 369.57025  383.43884 
 519.67499  385.19131 
 619.01599  385.35739 
 128.64919  387.37793 
 464.01685  387.42709 
 511.9007  387.94583 
 533.07556  388.09488 
 8.6991043  389.46271 
 736.12891  389.28561 
 73.099915  390.43973 
 121.96024  390.10373 
 145.80051  390.53555 
 392.7084  389.6113 
 580.4895  389.9227 
 14.993003  390.80057 
 163.17679  392.31128 
 620.67365  392.13785 
 447.47546  393.07153 
 36.366364  393.90851 
 84.665054  394.2652 
 308.98764  395.44699 
 147.4373  396.59729 
 141.49521  398.03836 
 99.099083  398.96863 
 985.16309  398.75378 
 42.376926  399.82004 
 647.99835  399.51743 
 233.19853  400.98447 
 811.09717  400.7706 
 82.114014  403.22427 
 872.31464  402.85205 
 988.96155  404.37366 
 553.50269  405.42682 
 199.77516  407.56577 
 543.78937  408.94907 
 594.96948  410.17389 
 147.2159  410.79758 
 307.00385  410.84534 
 153.0918  412.2923 
 566.38776  414.99438 
 592.18066  416.13733 
 817.73596  416.19791 
 689.61255  417.12256 
 750.83563  417.70776 
 549.23346  418.68964 
 75.112068  421.23761 
 159.33736  421.18356 
 482.10287  420.87378 
 776.26208  423.46939 
 98.888062  425.01419 
 782.47418  425.08966 
 94.573456  426.52823 
 186.23717  425.98676 
 259.2482  426.89603 
 366.84415  428.46393 
 777.04742  429.91019 
 80.870575  432.47879 
 254.96301  432.07748 
 205.80237  432.55301 
 279.49304  435.36334 
 967.60779  437.32956 
 68.745636  437.82242 
 88.26049  438.26105 
 74.630119  438.9696 
 331.57483  441.68228 
 325.01801  442.72299 
 814.73181  443.23917 
 848.06439  443.22037 
 970.82562  443.10867 
 90.135025  445.13297 
 139.66948  448.33325 
 319.36551  448.45078 
 98.805908  448.66336 
 325.35321  450.64615 
 252.91046  451.48807 
 13.506115  452.50974 
 560.74335  452.74338 
 27.399368  454.05771 
 710.01355  454.28271 
 412.22433  454.52368 
 754.2843  456.07535 
 15.515439  457.81537 
 35.319469  459.06125 
 713.26929  459.53201 
 448.99548  460.85159 
 559.73077  461.62885 
 35.976295  464.55945 
 515.54321  464.60641 
 689.21899  465.08301 
 526.14325  469.4978 
 170.45226  470.56381 
 194.69301  470.3725 
 511.82925  470.35742 
 124.37405  472.22198 
 521.23761  473.457 
 348.57059  473.74936 
 872.84131  474.35199 
 49.290573  475.1647 
 336.85492  475.97943 
 411.6355  477.23264 
 388.98657  478.15039 
 934.09625  478.11487 
 529.63605  478.58017 
 282.98187  479.99246 
 351.76624  480.92227 
 520.90161  480.98209 
 769.13544  482.48203 
 827.39008  482.09302 
 847.85193  482.15085 
 439.82364  483.24255 
 91.454147  485.8486 
 320.41748  486.55856 
 612.74457  485.78598 
 161.45158  488.08603 
 193.46664  488.29596 
 419.63821  487.88303 
 117.66058  494.18503 
 447.04895  496.29083 
 553.35052  496.3136 
 296.00729  496.81918 
 601.29883  498.37598 
 630.13293  498.56396 
 221.56226  500.45105 
 25.125595  502.04465 
 7.9314032  503.11624 
 329.05569  504.45676 
 731.82538  504.50934 
 465.02466  505.64581 
 68.198631  507.96548 
 216.1713  507.90353 
 13.522631  508.88034 
 443.33994  508.82404 
 170.74959  511.23856 
 333.91187  511.04391 
 759.72522  511.22476 
 232.53806  512.63599 
 247.77148  514.3692 
 69.763496  514.86493 
 75.011436  515.14215 
 395.3797  515.10278 
 277.49152  516.1037 
 746.21399  516.3363 
 172.50935  518.32208 
 236.51408  517.64435 
 487.76007  517.95996 
 243.48053  518.87653 
 755.46466  518.86072 
 623.20538  520.01526 
 16.913582  523.13269 
 373.98422  525.06799 
 487.74994  526.38007 
 881.53595  525.65576 
 659.15125  530.67072 
 988.78088  532.49823 
 201.10503  539.35797 
 340.49182  538.85168 
 334.10226  540.51788 
 583.99658  539.59924 
 103.02758  541.1701 
 672.32001  542.3031 
 493.29871  542.87323 
 376.51978  544.12866 
 788.87915  544.01886 
 46.064842  544.6203 
 698.64362  544.70343 
 521.43988  547.90094 
 105.86585  548.71588 
 206.69386  548.74438 
 413.88934  549.21503 
 110.87657  553.13898 
 603.47974  554.32556 
 612.52502  553.53943 
 227.92766  554.58746 
 481.47018  555.72681 
 521.35657  555.70166 
 3.40539  556.91827 
 18.255915  557.01837 
 458.29938  558.57092 
 607.94171  559.82324 
 989.40131  559.52423 
 598.96393  560.87457 
 769.29962  560.8725 
 366.25842  562.25214 
 177.56552  562.91528 
 781.0127  562.55096 
 49.104748  566.23975 
 109.08436  566.4151 
 414.71677  567.25739 
 244.28482  567.98438 
 292.34225  567.59607 
 399.86533  567.88031 
 613.58276  569.59723 
 789.62457  571.28577 
 81.28949  572.27673 
 233.4848  571.85864 
 448.34677  572.01459 
 16.091908  573.62311 
 605.48425  574.23053 
 805.54407  573.97626 
 333.52768  576.79425 
 524.97095  576.62604 
 631.4248  577.50439 
 365.0556  578.85675 
 46.006168  580.3194 
 102.12888  581.28723 
 935.47058  581.4646 
 6.9682608  582.00476 
 767.78711  583.50372 
 41.794346  585.02631 
 49.665298  586.32678 
 375.75797  586.8429 
 774.52051  587.25012 
 481.93961  588.70892 
 349.66589  589.85278 
 321.38773  592.48438 
 802.40021  593.29248 
 347.24075  593.45612 
 356.72339  594.65948 
 25.24021  597.46399 
 91.537704  599.62048 
 237.31291  599.56482 
 317.65173  600.64075 
 303.30527  602.42487 
 513.17084  602.27026 
 904.6684  602.50159 
 23.987669  603.85913 
 256.08173  603.90747 
 323.21985  604.60913 
 373.66766  605.07794 
 762.17865  604.90277 
 273.31894  605.4646 
 311.35535  607.34015 
 909.22461  607.28735 
 246.81996  607.80286 
 13.617389  609.03876 
 21.688  611.13867 
 53.943085  611.42279 
 100.14554  610.79169 
 229.77171  611.32794 
 5.282917  611.9079 
 68.901024  612.36334 
 438.17892  612.30371 
 945.64856  613.93488 
 676.43884  616.13416 
 45.932652  617.34021 
 663.14716  617.5954 
 80.544601  618.9856 
 436.47083  619.01123 
 54.39999  620.11835 
 140.12093  619.56989 
 375.33743  619.64941 
 680.27435  621.80725 
 26.523981  623.18024 
 369.32111  623.01337 
 330.12878  624.02594 
 354.88538  623.96277 
 177.48822  625.28473 
 49.280907  626.05725 
 688.30225  625.65417 
 288.36868  630.51733 
 42.940979  630.94928 
 394.73367  631.14661 
 406.40378  636.81604 
 337.51819  637.61047 
 411.08289  638.74756 
 494.03134  639.57446 
 447.68835  641.79169 
 506.69681  642.14825 
 520.41913  641.63165 
 245.56421  645.33032 
 409.65155  645.1861 
 345.53833  645.71942 
 395.33252  646.02423 
 534.0575  646.45673 
 658.74768  645.98566 
 219.38966  647.46173 
 240.49893  648.48444 
 928.5155  648.19385 
 448.53625  649.27295 
 809.80682  649.18774 
 315.09869  650.72278 
 547.67731  651.16589 
 252.91048  652.87024 
 675.48761  655.30841 
 957.24982  654.90173 
 448.81775  656.97028 
 455.57977  658.10028 
 362.54874  659.39429 
 284.26099  659.9198 
 267.90555  662.09778 
 311.28262  662.11603 
 332.73694  661.7074 
 136.6194  663.21204 
 568.66504  663.10846 
 958.14301  662.55933 
 162.54051  664.40662 
 389.05807  664.22327 
 229.94765  664.9234 
 304.74429  665.10022 
 151.6384  668.01221 
 462.2775  668.41528 
 140.4742  670.00128 
 415.18658  669.88098 
 160.25395  671.24701 
 246.70909  671.70105 
 814.28107  673.10956 
 355.25729  673.70148 
 999.23285  675.03491 
 337.65356  676.33337 
 1008.9351  675.73962 
 43.538345  677.50946 
 166.13107  677.02081 
 931.47302  677.16864 
 492.57379  677.97528 
 37.15472  679.17627 
 310.00531  680.81799 
 343.97238  680.84106 
 375.95303  681.19635 
 333.86255  681.69727 
 607.85455  681.4873 
 954.90936  683.08942 
 630.95959  685.37488 
 373.84122  686.26575 
 403.97699  686.01776 
 367.75702  686.80402 
 479.90216  686.90033 
 1012.7678  687.46808 
 28.176723  687.62939 
 490.24118  689.99268 
 294.98654  692.42719 
 462.30396  692.49066 
 379.42801  693.08496 
 861.61877  692.6947 
 282.18848  694.53192 
 654.53027  695.19708 
 349.53952  697.03326 
 400.41296  696.74658 
 648.28528  698.28418 
 579.29486  700.10187 
 29.793493  700.82471 
 417.91  701.47168 
 969.68512  702.11768 
 374.83878  702.99927 
 34.667645  704.54712 
 422.92255  706.76263 
 660.54462  707.75037 
 894.49957  708.31281 
 1003.8353  708.80957 
 29.158575  709.76251 
 458.30396  709.8512 
 736.77942  710.98175 
 655.07568  712.08276 
 115.81348  713.01514 
 339.97623  712.8418 
 468.64154  714.30048 
 750.37561  713.86945 
 764.02271  713.98431 
 489.76352  714.52496 
 407.87939  717.56024 
 527.04803  718.0423 
 417.80811  720.86798 
 341.09039  722.06354 
 1012.5663  721.80457 
 437.15012  726.4743 
 388.95074  727.82263 
 356.23166  729.49744 
 992.64093  729.38281 
 830.69531  730.2547 
 365.43127  732.39075 
 494.79202  735.66846 
 24.961536  742.45123 
 969.41595  741.58087 
 419.85617  742.7373 
 8.2125864  744.04785 
 201.2775  745.36725 
 47.336113  748.06079 
 404.39673  748.99768 
 532.81702  751.46204 
 16.759058  751.98785 
 142.74365  752.49762 
 419.83322  752.36926 
 737.24414  751.6098 
 75.952744  752.7312 
 490.42508  752.98956 
 395.35318  754.59247 
 540.22205  755.39886 
 668.34125  754.99042 
 581.26709  755.59351 
 409.42227  757.1748 
 401.90289  757.75446 
 158.54016  760.21539 
 62.656075  761.1842 
 69.249947  762.36212 
 949.48743  761.84424 
 365.93137  763.05042 
 479.12592  765.42169 
 945.12012  765.25897 
 381.17401  766.1344 
 446.55881  765.85089 
 549.32281  765.81726 
 349.40259  767.02899 
 490.21838  766.8327 
 501.36948  767.3775 
 778.02771  766.71075 
 838.37488  766.77332 
 1018.0499  768.62549 
 660.69684  769.62439 
 668.95978  770.02209 
 702.87817  769.57086 
 1004.2296  769.89966 
 150.40404  772.53351 
 360.39304  774.0625 
 15.168258  775.30823 
 493.86816  775.13306 
 682.80823  775.09302 
 26.689157  776.58777 
 353.00848  776.7923 
 452.31726  777.02716 
 78.97522  778.3335 
 102.56159  778.09406 
 464.8931  777.71924 
 122.50902  779.39618 
 657.62299  779.3515 
 16.841431  780.74603 
 471.7583  781.34631 
 122.4259  781.47424 
 400.22009  782.02155 
 456.57843  782.0993 
 713.18048  782.03577 
 949.34918  781.46643 
 789.71869  782.61359 
 6.6763763  784.55859 
 20.345995  785.37598 
 175.72194  785.14685 
 219.01149  785.01379 
 621.78021  784.90155 
 533.85529  785.65662 
 12.614332  787.44952 
 27.822126  790.22882 
 574.78699  790.32611 
 690.31744  790.38623 
 21.66647  790.84753 
 50.378723  791.37054 
 340.77853  791.84607 
 556.2995  791.789 
 698.08545  793.36847 
 149.00043  794.94238 
 68.15226  796.03937 
 374.21841  796.67041 
 553.1236  797.32129 
 348.15936  797.93365 
 319.87161  798.95892 
 70.248833  800.26532 
 720.72614  801.20862 
 322.58817  805.00995 
 643.97571  806.62207 
 445.44067  808.51398 
 536.40991  808.97943 
 386.41641  810.86798 
 174.01244  811.86938 
 252.17944  811.99371 
 624.05664  811.56445 
 985.75726  812.2016 
 994.21649  811.99133 
 523.34241  817.48193 
 429.25204  818.06226 
 996.87329  818.23895 
 417.78406  819.19891 
 448.871  818.55829 
 553.28906  819.32489 
 91.265594  822.28101 
 432.77863  823.69562 
 353.51453  825.42914 
 384.33704  825.80945 
 833.39709  827.19977 
 164.79713  829.08795 
 388.43167  829.66504 
 415.03561  829.91101 
 548.32056  832.10431 
 743.49524  832.51978 
 945.05731  831.92651 
 589.37274  832.62769 
 942.44629  832.94952 
 512.79608  833.95776 
 529.91321  834.08032 
 342.79395  834.77045 
 792.63586  835.32263 
 490.20282  837.03857 
 664.31415  837.28961 
 54.854256  838.44165 
 158.24869  840.06073 
 944.33459  839.97162 
 35.887657  841.38837 
 314.2135  841.25891 
 383.17453  840.73523 
 1.9556532  842.12372 
 376.17429  842.41553 
 673.75098  841.6604 
 464.07367  843.58771 
 777.44739  845.85565 
 316.01044  846.61151 
 564.54016  846.83685 
 39.040016  847.98132 
 153.31975  848.90088 
 496.00366  848.63342 
 522.84186  849.1059 
 530.30884  849.4425 
 555.0744  848.51672 
 583.03143  848.57111 
 755.961  848.97137 
 1022.0856  848.77014 
 433.31177  849.57605 
 947.82874  850.4903 
 222.47734  851.13959 
 407.02853  850.48315 
 622.75818  850.76257 
 419.17291  852.74878 
 644.98798  852.84338 
 71.814301  853.74646 
 114.55563  854.0874 
 752.79498  854.42798 
 106.24858  854.68201 
 519.95044  855.43591 
 81.592812  856.85712 
 323.69049  857.03693 
 111.00301  859.10901 
 615.68829  859.54767 
 885.18701  858.76935 
 73.259506  860.11566 
 148.41289  861.09747 
 197.28186  860.79614 
 730.19196  860.84241 
 83.608589  862.69916 
 77.345924  864.36749 
 367.49164  864.93738 
 68.238426  866.2998 
 355.76556  866.05957 
 89.746964  866.93359 
 569.59558  868.91815 
 970.59119  868.6933 
 346.06802  873.52197 
 358.48981  872.80902 
 749.64972  873.05347 
 399.36481  874.11035 
 788.30341  874.97937 
 98.114517  877.07513 
 744.18573  878.21112 
 339.62027  878.99951 
 7.01998  880.42255 
 432.48917  880.96045 
 527.99884  881.94354 
 773.99487  882.18402 
 152.90005  883.47321 
 548.63593  883.05548 
 803.75488  882.66681 
 409.78  885.72382 
 374.28488  887.31274 
 537.95325  888.34418 
 50.698704  890.54767 
 404.82156  890.58936 
 18.30654  892.45245 
 40.863499  891.737 
 412.16083  892.36572 
 613.58844  893.24579 
 112.36687  893.99121 
 28.448689  894.64264 
 130.45694  895.37268 
 570.54871  896.09772 
 629.09821  896.35278 
 644.67206  895.73126 
 740.90356  896.43353 
 407.13965  897.29669 
 41.958187  898.41504 
 225.05647  898.14276 
 254.32574  897.85486 
 610.00452  898.21588 
 29.102785  901.17932 
 155.91417  900.57434 
 384.35245  901.63477 
 425.664  902.46234 
 630.87976  901.63544 
 969.2179  902.45081 
 739.59619  903.39264 
 954.37268  902.89215 
 941.71857  904.02838 
 87.80378  905.44891 
 652.83716  905.33948 
 270.53873  906.26251 
 453.29129  905.95258 
 787.78064  906.40094 
 326.01395  907.24799 
 464.37473  907.47589 
 35.505291  909.30841 
 737.33411  909.1463 
 91.239449  910.45605 
 138.44609  909.79089 
 67.012886  912.62567 
 178.29869  912.65942 
 665.30035  912.53632 
 234.91817  914.07819 
 78.522301  914.85577 
 445.26791  915.36078 
 26.278948  916.44714 
 196.86685  916.83752 
 320.09753  919.39325 
 715.13593  918.80927 
 566.3717  921.02301 
 1003.7486  920.4729 
 280.6929  921.69342 
 705.11853  922.06653 
 974.40906  921.97766 
 408.20273  923.38336 
 212.57417  924.30219 
 895.20306  923.48468 
 888.1427  924.90906 
 129.37503  925.95496 
 164.49376  927.35242 
 62.821354  929.40491 
 582.35669  931.10748 
 118.20607  932.49915 
 228.68355  933.40741 
 658.92194  932.69739 
 222.87961  933.82611 
 760.73163  934.43011 
 264.11734  935.1192 
 812.45557  935.11115 
 336.83209  936.49646 
 980.34216  936.36395 
 986.59277  936.50732 
 810.00989  936.51874 
 876.50568  936.94739 
 963.17755  937.33698 
 972.72711  936.67395 
 217.22769  939.10925 
 248.8101  939.08136 
 603.40063  938.47827 
 5.1711268  939.74866 
 80.14357  940.09332 
 432.60501  939.72528 
 578.12549  939.79669 
 589.20087  940.09424 
 757.72791  940.48102 
 463.48663  941.31781 
 413.03464  943.4989 
 428.13791  943.01593 
 724.03595  943.31311 
 12.918113  943.8866 
 716.04382  947.86554 
 670.38361  949.16895 
 527.56622  950.08826 
 80.283638  950.49408 
 98.009346  950.84918 
 157.80536  950.71875 
 607.05975  950.84784 
 725.00525  951.79291 
 197.33522  953.33594 
 451.42218  953.30994 
 213.75081  955.16339 
 665.6864  954.92273 
 876.44922  956.19891 
 220.60718  957.15948 
 305.03018  957.41418 
 793.69391  957.28375 
 194.67114  958.16083 
 673.97113  958.211 
 130.74329  959.23773 
 729.06006  963.6778 
 251.6825  966.3963 
 354.31091  966.05011 
 184.45532  967.11261 
 984.80396  968.57623 
 830.73468  970.18164 
 211.93987  970.77356 
 287.20709  972.36725 
 698.10822  973.12622 
 69.297478  976.28369 
 270.27966  975.49615 
 298.43954  976.19745 
 55.82608  978.57446 
 578.62207  978.78516 
 741.90997  978.94342 
 142.07144  980.90735 
 176.26508  980.91693 
 189.2592  982.25739 
 543.17017  982.51923 
 170.5265  983.56952 
 275.98676  984.33191 
 623.45856  983.51904 
 44.624519  984.56836 
 54.067677  986.26184 
 492.17755  986.90649 
 312.94449  988.23969 
 574.97839  987.98596 
 669.11481  990.14972 
 700.88849  990.48199 
 102.01284  995.76978 
 180.8833  996.20966 
 735.64386  996.30927 
 771.84412  996.49158 
 303.69284  996.91656 
 320.76477  998.13281 
 74.025375  999.20782 
 669.49573  998.94727 
 285.51355  999.64899 
 514.49506  1000.7836 
 803.93024  1002.489 
 729.86957  1003.7858 
 170.92763  1005.1164 
 196.82259  1007.1644 
 839.67609  1007.7914 
 137.28831  1010.0388 
 695.4469  1009.9001 
 50.576763  1011.773 
 148.73471  1013.2575 
 662.76587  1013.1193 
 7.7365785  1014.9309 
 169.10312  1014.7031 
 907.60712  1015.6761 
 282.78662  1017.2616 
 690.32098  1016.7407 
 23.23959  1017.9497 
 696.49878  1017.8945 
 60.177509  1018.7548 
 36.261822  1019.9816 
 322.90497  1019.9195 
 808.47968  1022.0713 
 587.69641  1.9863173 
 258.31238  2.7239447 
 452.47046  2.9364932 
 575.76886  2.6923733 
 674.9986  3.399039 
 1004.4141  2.8816683 
 989.97839  3.7773759 
 352.81567  5.0348301 
 954.61523  5.3145275 
 2.7893753  6.5795097 
 606.78668  6.6047373 
 135.12465  6.8901939 
 750.75159  7.1608801 
 651.66602  8.2564182 
 842.27271  9.0377636 
 198.07918  11.583217 
 1001.7496  13.27807 
 779.33307  14.049339 
 956.57526  13.957033 
 224.64777  15.12072 
 843.69025  17.478664 
 613.22784  20.095081 
 746.71722  19.62925 
 920.17853  20.513311 
 310.64838  22.924009 
 656.5683  22.599703 
 1006.4841  23.586946 
 471.06403  24.844059 
 579.57343  25.929508 
 893.23053  25.784262 
 973.44812  26.20133 
 283.30826  27.506065 
 905.06006  28.434471 
 1017.616  28.507885 
 192.9527  28.789139 
 609.68488  30.685808 
 148.19536  31.351433 
 743.57281  31.817293 
 788.89502  31.570213 
 418.18958  34.095039 
 975.35193  33.907684 
 140.23146  35.458691 
 4.123055  36.600929 
 437.12631  38.180843 
 1021.1324  37.555882 
 653.26642  38.518166 
 329.13708  39.879967 
 725.99292  39.746983 
 734.36548  39.520264 
 872.20343  39.461407 
 420.68509  40.743164 
 341.66959  42.67947 
 589.97968  43.141174 
 879.08203  43.704418 
 936.02277  44.488823 
 618.53046  44.730366 
 9.2157917  46.108898 
 610.1803  45.564301 
 875.75818  45.956741 
 794.50586  46.817059 
 916.27454  47.854153 
 113.96958  49.564114 
 229.46138  50.320084 
 326.49557  52.115898 
 677.51752  51.96122 
 752.45502  52.954254 
 880.65894  51.85989 
 165.60689  53.23214 
 741.0296  53.018108 
 788.65765  52.939228 
 253.31732  56.457123 
 816.34918  56.228516 
 313.08371  56.951862 
 430.55759  56.442314 
 360.82767  57.754154 
 457.63556  58.508362 
 795.79657  58.464684 
 840.33203  58.952 
 83.00489  60.547729 
 353.62125  60.811558 
 710.841  62.036987 
 739.74561  61.882408 
 368.20572  63.080387 
 899.57251  63.866985 
 656.95361  64.911499 
 822.88831  66.033264 
 459.64124  67.45974 
 731.91711  68.386368 
 797.7301  67.450546 
 993.75818  67.674927 
 114.08026  69.496613 
 136.75772  68.859253 
 910.14093  71.112755 
 320.24936  71.614662 
 835.93671  72.571083 
 44.390396  77.0298 
 732.83032  77.29805 
 914.47241  77.199852 
 1002.9694  77.295341 
 321.60934  78.369675 
 776.61688  78.067482 
 269.41336  78.581558 
 944.94482  80.11058 
 881.61682  82.377068 
 1005.0427  85.570778 
 401.65042  87.207695 
 459.08746  86.611259 
 770.22931  87.385544 
 95.481316  88.235283 
 780.10474  87.318695 
 852.63312  87.476967 
 859.43231  93.135132 
 461.02832  96.148888 
 45.240795  97.481857 
 897.48218  97.17131 
 927.99756  97.050278 
 68.853256  98.385971 
 992.79248  98.888458 
 481.97345  101.09888 
 429.20184  102.02052 
 518.75513  102.94283 
 890.24878  102.71893 
 1000.851  103.28316 
 830.25098  104.22277 
 809.4986  105.46468 
 917.53284  107.43086 
 205.53439  108.32675 
 943.6521  108.93875 
 520.9408  110.72184 
 928.41882  110.94514 
 7.4632378  113.34288 
 31.737795  113.54517 
 106.79511  112.65988 
 800.06982  114.44093 
 885.32855  114.85506 
 154.23996  115.64146 
 187.66129  116.31348 
 948.66571  115.72027 
 246.12341  124.46062 
 896.22369  123.76129 
 805.96735  125.42052 
 190.78085  125.62337 
 401.13916  126.02985 
 80.268585  127.79227 
 426.44666  127.74039 
 876.35138  127.81453 
 340.81577  128.93179 
 840.13226  129.23567 
 256.48975  129.56905 
 434.07706  131.07133 
 699.17059  130.65974 
 890.55408  132.1105 
 851.81226  134.18842 
 85.351379  134.72182 
 402.57214  135.21458 
 250.24197  135.93497 
 988.64471  135.74918 
 236.62874  138.47981 
 6.4734402  140.50801 
 209.82776  141.47467 
 783.47876  140.94223 
 813.81433  140.87793 
 1001.1967  140.98994 
 474.92154  142.42984 
 3.3122647  142.9446 
 555.92584  143.18512 
 866.61841  143.3952 
 547.93292  144.82172 
 982.14441  145.19707 
 1010.2329  145.7119 
 466.76535  147.4301 
 1021.0944  147.33299 
 215.05594  148.10336 
 579.52441  148.59393 
 285.53271  150.46931 
 975.2337  150.70566 
 159.61046  152.25101 
 434.78674  152.00369 
 808.85846  153.31691 
 145.50255  153.71852 
 173.51164  154.2204 
 1001.0126  157.3848 
 7.8481264  159.11795 
 581.57239  159.10097 
 839.76782  159.31111 
 188.16531  160.19395 
 219.49498  160.22328 
 309.18182  159.50706 
 812.69366  160.52594 
 175.75095  160.89142 
 271.65237  163.43684 
 616.81464  162.68355 
 166.49135  165.08626 
 301.7478  166.06229 
 348.742  166.38127 
 552.36115  166.2066 
 153.39667  166.92957 
 562.88525  166.92238 
 1013.3875  167.79695 
 294.01425  169.43102 
 991.47363  169.18419 
 842.19238  170.32019 
 491.78055  171.40805 
 798.86505  172.29991 
 782.92804  173.7495 
 433.29135  175.26025 
 885.90875  175.56555 
 1019.6208  176.6615 
 563.75592  179.38354 
 262.91467  179.81926 
 356.93692  180.31592 
 786.48218  180.254 
 795.62506  181.28973 
 303.65759  182.5676 
 256.70319  183.54779 
 441.89313  184.16553 
 515.3385  184.14281 
 532.25049  183.47108 
 879.67169  186.38687 
 923.29016  188.45279 
 682.8833  189.46805 
 765.8999  189.41672 
 180.41682  190.24969 
 436.96011  190.85356 
 570.15839  191.50833 
 748.86658  191.70941 
 472.34866  192.73988 
 897.0083  193.1335 
 538.25555  194.60014 
 989.67603  195.48897 
 932.18463  195.71721 
 411.76077  196.907 
 719.50763  196.71426 
 625.66736  198.40195 
 823.27795  198.08946 
 867.13373  198.0006 
 915.36768  197.87164 
 924.0705  198.61185 
 476.80203  199.53642 
 912.05511  199.71454 
 939.76416  199.92293 
 543.60114  200.61287 
 361.04465  202.04773 
 432.30469  202.25267 
 510.88544  201.96309 
 523.99774  201.88582 
 758.35785  202.30301 
 173.43564  203.81763 
 1005.4255  204.03401 
 644.5686  205.05945 
 703.80298  205.321 
 402.57672  206.11554 
 517.50537  207.08209 
 898.82996  207.17587 
 990.3064  208.20755 
 407.32892  209.38684 
 439.45346  209.63072 
 447.17542  209.99332 
 471.57217  210.27722 
 542.07806  211.34001 
 271.92499  212.18501 
 610.27808  212.18358 
 175.33818  212.86647 
 367.41156  213.56599 
 861.00049  214.35834 
 167.21133  215.06451 
 757.59149  214.95291 
 249.20264  219.03369 
 784.58954  219.2326 
 1012.7568  218.58696 
 443.07404  220.29753 
 258.05319  221.31737 
 367.99774  220.82704 
 528.56927  222.16827 
 156.51547  222.82542 
 414.52686  222.49307 
 616.28699  222.57867 
 228.39192  224.0248 
 384.65128  225.09988 
 434.0589  226.25015 
 498.88885  227.64545 
 762.10028  227.99614 
 810.12122  228.09061 
 161.43626  229.00763 
 299.57565  229.10307 
 535.19818  228.83331 
 68.194092  230.35493 
 198.95247  229.44995 
 288.52206  231.6221 
 378.61768  232.71416 
 954.56042  232.89705 
 73.62532  233.70862 
 816.09601  235.15495 
 690.46521  236.86183 
 215.60957  238.26569 
 840.20996  238.05594 
 54.12458  238.74982 
 460.41977  238.90074 
 674.90515  238.69998 
 11.145138  239.6006 
 350.98642  239.62299 
 724.10535  239.50069 
 247.7366  241.06062 
 311.84906  241.36859 
 710.26648  242.12224 
 65.266197  242.59708 
 260.93845  243.57236 
 339.7962  243.37212 
 187.83244  243.88606 
 468.10239  245.11215 
 557.9989  244.4959 
 669.78491  245.48772 
 853.44482  244.95251 
 4.4888258  245.5748 
 55.687931  245.55812 
 139.32469  246.38928 
 688.28583  245.70799 
 166.52371  246.87076 
 304.00061  246.57834 
 13.43908  248.42453 
 234.81934  248.03581 
 737.62262  247.42747 
 116.7761  249.13954 
 874.87402  249.32016 
 803.16766  251.09384 
 230.10555  251.65831 
 317.25705  251.57813 
 492.40506  252.08955 
 652.61481  251.70062 
 549.76617  253.43137 
 152.81001  254.40405 
 438.43875  254.37611 
 418.89621  254.99542 
 625.4892  254.84221 
 727.4386  255.05161 
 821.53625  254.81848 
 392.42908  256.44376 
 556.78558  257.15726 
 566.68024  256.47467 
 635.48291  256.56073 
 708.57153  257.38272 
 886.90948  256.94165 
 136.4061  258.27139 
 104.39743  258.80911 
 410.65729  259.54639 
 774.93781  258.34787 
 812.30652  259.51645 
 877.91241  258.6734 
 165.15724  260.24783 
 669.88086  259.94336 
 893.21033  261.18338 
 372.51334  261.63684 
 211.07709  262.62912 
 434.12631  262.71625 
 480.64841  262.62204 
 883.25769  264.36688 
 235.00902  264.93924 
 584.64923  265.17047 
 187.52567  265.62155 
 468.11105  265.49631 
 514.43488  269.96582 
 691.12598  269.6864 
 403.54007  271.32587 
 656.40729  271.25125 
 665.93964  271.25824 
 898.69788  271.22571 
 968.44495  271.14862 
 27.794739  272.71716 
 372.8736  272.5528 
 754.42517  273.75287 
 319.58838  274.79495 
 57.547947  275.46039 
 73.386841  275.6189 
 135.12267  276.0932 
 169.22108  278.12418 
 437.96487  278.02625 
 579.43256  278.09607 
 974.11853  277.88138 
 516.8222  279.36194 
 783.49609  279.41479 
 377.14529  279.96213 
 490.21643  280.37411 
 27.581371  280.74957 
 666.26941  280.46423 
 994.46802  281.32474 
 740.01001  281.9549 
 680.93097  283.04593 
 57.449146  284.09262 
 298.59424  283.75159 
 383.11966  284.078 
 311.93967  285.34326 
 110.65731  285.8205 
 488.21277  285.54758 
 788.24756  287.15234 
 324.12668  287.84732 
 925.02881  288.09213 
 340.60712  288.71591 
 996.45477  289.6373 
 391.84637  290.91425 
 834.26007  291.121 
 25.019869  292.35776 
 114.94868  292.33795 
 316.98166  292.89957 
 715.4967  292.83823 
 365.1376  294.18451 
 404.83383  294.17239 
 388.08096  294.36957 
 427.59198  295.20248 
 444.60513  294.72614 
 1004.2226  294.63568 
 97.025673  296.1131 
 498.45728  295.86487 
 417.88364  297.37167 
 18.504818  299.20041 
 693.60614  298.98209 
 839.42828  299.34329 
 27.122305  301.09921 
 551.40576  300.39972 
 616.3363  301.1109 
 718.51154  301.27496 
 454.99567  301.64377 
 422.86404  302.53049 
 155.24907  304.08127 
 779.80835  306.26941 
 231.37421  307.3721 
 416.3909  308.17712 
 502.27432  308.02448 
 624.53259  308.17694 
 945.92676  307.95712 
 184.64531  309.70859 
 401.01807  311.06406 
 658.72034  312.1405 
 22.195568  313.19556 
 441.0267  312.6423 
 13.87105  314.17508 
 200.48973  314.31769 
 360.68582  314.91064 
 525.59644  314.72345 
 883.02539  314.34622 
 948.26556  315.45328 
 192.10182  316.03058 
 297.26413  315.3017 
 788.26556  315.68039 
 232.53101  316.60678 
 464.58298  316.65524 
 629.86859  316.5625 
 912.98438  317.25354 
 552.16675  318.00824 
 896.20013  317.93677 
 374.39215  319.79993 
 681.34912  319.0687 
 335.06915  320.48166 
 903.64008  319.43414 
 374.16275  321.49268 
 880.01093  322.936 
 959.21942  323.27771 
 137.49353  323.69138 
 545.02783  323.44238 
 615.3761  323.4314 
 633.16223  324.39139 
 119.30725  324.7243 
 664.18597  325.38651 
 672.95374  325.4136 
 354.6575  326.28647 
 180.31686  326.72385 
 908.9043  327.45023 
 751.00562  328.28348 
 142.57762  330.40759 
 651.19  329.8815 
 473.01788  330.62082 
 127.82269  331.76602 
 372.069  331.99521 
 572.91229  333.45697 
 612.27332  332.8717 
 169.57954  334.62259 
 821.12799  333.94711 
 178.82713  334.85339 
 756.37518  335.47208 
 10.974206  339.21634 
 816.52869  339.34833 
 411.28064  339.64063 
 531.5575  339.43076 
 805.97998  340.07715 
 59.82901  342.12967 
 117.98528  342.96106 
 110.19306  343.82388 
 494.36072  345.18045 
 457.05792  347.5939 
 765.78992  348.04037 
 464.61053  348.82156 
 501.80304  348.96048 
 828.16479  348.83398 
 48.066803  349.26733 
 394.4628  350.58267 
 79.45977  351.24945 
 738.88452  352.22043 
 986.43787  352.32965 
 927.50061  353.27917 
 945.11096  352.28549 
 587.39941  353.57864 
 475.00034  354.88596 
 52.81678  356.14944 
 121.33022  355.07971 
 319.90186  356.51447 
 898.62708  356.1254 
 44.912128  357.62408 
 844.89459  357.45517 
 395.9079  357.8598 
 355.73932  358.60147 
 664.00012  360.38861 
 891.25977  360.37076 
 946.35925  360.76227 
 162.67258  361.51871 
 282.97806  361.5433 
 295.00262  361.55789 
 805.48975  362.8707 
 224.42877  363.56781 
 743.18976  363.37375 
 583.95197  365.19702 
 152.99686  366.37286 
 290.29205  365.75772 
 1011.1864  366.85599 
 892.23492  367.72324 
 25.173441  369.37271 
 394.71078  368.5329 
 88.092728  369.68375 
 901.2182  370.32547 
 361.53082  372.52612 
 763.54767  371.71872 
 584.66217  373.15701 
 93.846039  374.11072 
 121.18073  374.07428 
 164.00978  373.73441 
 324.02524  376.17361 
 504.20142  375.63956 
 75.131958  379.15625 
 209.0488  379.40591 
 220.94432  379.72101 
 428.62949  379.6651 
 656.85205  380.42303 
 752.6662  379.42252 
 17.455385  381.18976 
 54.645966  380.93658 
 168.58932  380.98212 
 258.70978  381.81253 
 576.80145  381.48331 
 137.91353  383.44925 
 344.88492  382.75677 
 369.6008  383.07318 
 618.90131  384.38 
 800.09998  384.45636 
 520.96167  385.18793 
 58.365551  387.11478 
 441.86725  387.52631 
 463.86331  386.60718 
 288.19928  388.2258 
 510.66876  387.97168 
 8.8275042  389.4968 
 121.64895  389.31686 
 266.02405  388.83896 
 392.01205  389.03397 
 736.33978  389.19809 
 145.18465  390.37332 
 502.27194  390.94586 
 580.38336  390.85318 
 610.88104  390.58707 
 620.71198  392.18661 
 629.84003  392.31339 
 163.22006  393.19968 
 448.62665  392.55627 
 36.089451  393.87927 
 316.582  394.57834 
 468.20313  394.14996 
 3.2679  395.38959 
 84.487625  395.13147 
 456.80212  395.75266 
 508.98654  396.0481 
 931.7453  397.02194 
 984.61542  397.03644 
 112.10291  398.05896 
 391.20871  397.91092 
 735.68524  398.56461 
 100.7356  399.07275 
 647.61633  399.15585 
 134.9659  400.13617 
 811.99762  400.29929 
 232.83112  400.63516 
 298.55032  401.10754 
 82.656349  401.44171 
 626.79468  402.39252 
 546.35596  402.38284 
 872.58215  402.93356 
 138.94548  404.9187 
 682.96448  405.01895 
 724.67346  405.96912 
 989.17731  405.61716 
 200.14262  407.12515 
 279.78961  406.55768 
 554.92365  406.67722 
 928.78082  406.58386 
 933.28265  407.12067 
 323.94516  407.60229 
 501.69452  408.33783 
 565.23547  408.22284 
 593.5802  409.32837 
 745.78314  410.50452 
 149.91821  412.27441 
 523.5545  413.88873 
 567.75397  415.00647 
 909.71387  415.17978 
 312.02524  415.67896 
 817.76605  416.19598 
 750.90454  417.52121 
 192.96584  417.58618 
 305.27655  417.77866 
 647.3205  417.8862 
 689.91858  417.99954 
 877.41711  418.18307 
 549.36957  418.74469 
 481.65677  420.47473 
 74.927139  421.16907 
 469.83939  421.08383 
 562.28821  421.42972 
 158.55321  421.61612 
 418.33765  422.19067 
 820.93512  422.96286 
 962.16284  422.66141 
 252.49161  423.79422 
 734.46539  424.09656 
 97.10144  424.75732 
 782.18939  424.6507 
 187.73515  426.2605 
 59.954845  427.13742 
 554.85876  427.16733 
 506.40793  430.42548 
 776.33899  429.88739 
 9.5763502  430.83435 
 81.887131  432.10687 
 493.71811  431.6423 
 539.74133  432.11307 
 797.67822  433.20239 
 948.17468  432.4899 
 318.52975  434.41431 
 180.38635  435.69943 
 279.95825  434.85663 
 305.69455  436.52914 
 193.39351  437.19421 
 241.35442  437.12079 
 967.80371  436.63153 
 842.56586  438.09848 
 332.81161  440.82391 
 815.77216  441.56757 
 326.98972  442.70584 
 104.21584  443.77835 
 584.89618  444.22586 
 971.73053  443.82855 
 91.026291  444.59808 
 368.6207  445.2811 
 15.339951  445.80472 
 195.52734  446.22455 
 140.49501  447.21436 
 318.633  448.16959 
 512.91272  448.65344 
 99.158333  449.80435 
 264.19678  450.12241 
 307.96432  449.69385 
 636.97479  451.50616 
 252.52039  452.04776 
 27.220852  452.79398 
 412.50946  453.37399 
 423.97083  452.62885 
 561.29315  453.03558 
 334.01123  454.04572 
 709.5014  453.66031 
 754.34772  455.7905 
 16.923935  458.06454 
 373.9856  457.43527 
 388.28857  457.60684 
 713.76801  459.48511 
 206.82806  459.53799 
 449.19766  459.51669 
 892.01715  460.1669 
 473.38165  461.862 
 514.63629  463.27451 
 264.98755  464.4772 
 13.17645  464.94595 
 689.25555  464.85776 
 588.23907  465.83807 
 654.00232  466.96939 
 140.23486  468.18417 
 180.71144  468.85553 
 195.5983  469.97461 
 595.93054  469.6405 
 171.18509  471.27051 
 512.00427  470.7226 
 20.169968  471.55267 
 124.80616  471.81104 
 579.99548  471.80817 
 349.31595  473.25885 
 520.85449  473.29565 
 872.57599  474.16037 
 75.929771  476.48923 
 337.97974  475.92123 
 934.06909  477.07639 
 389.62582  477.95532 
 530.02917  477.66458 
 774.60052  477.92755 
 284.03867  479.12213 
 637.4234  479.09848 
 754.95673  479.80502 
 520.828  481.41443 
 828.75201  481.36792 
 351.78857  481.50732 
 439.71338  483.00616 
 645.57098  483.26001 
 848.20508  482.7583 
 875.37585  483.02457 
 611.86206  484.07141 
 254.52031  485.55649 
 321.00702  486.43698 
 90.346695  487.51288 
 162.64282  486.88199 
 475.23627  486.92041 
 531.1214  486.97205 
 419.14893  488.07022 
 815.28058  487.88721 
 193.81737  488.9216 
 636.32361  488.74442 
 128.90852  489.77252 
 832.8905  489.81372 
 654.95129  490.91965 
 1004.0937  492.21332 
 118.2697  493.87091 
 885.3631  495.78061 
 295.69794  497.1911 
 446.41998  497.6597 
 552.79767  497.3725 
 601.315  498.16479 
 14.702704  498.8728 
 653.03979  499.31195 
 720.78339  498.54044 
 220.84286  501.36127 
 996.96442  501.14325 
 25.310535  501.7594 
 7.6249127  502.63934 
 60.515324  503.00156 
 252.69986  503.34409 
 636.79694  502.71951 
 150.45416  504.61191 
 731.94946  504.2851 
 131.05536  504.69431 
 329.34543  504.95905 
 572.14844  504.75299 
 286.00418  506.07303 
 466.11255  506.52832 
 68.792641  506.58423 
 216.34132  506.81699 
 813.73883  506.89291 
 1019.6722  507.99689 
 13.207142  509.88425 
 141.33293  509.59415 
 444.19626  509.85791 
 257.3374  510.81189 
 333.78168  510.69882 
 571.73883  510.97794 
 581.59674  510.82269 
 171.20181  512.70624 
 297.98138  513.29169 
 407.14368  513.04822 
 540.94757  512.91504 
 127.36429  513.92072 
 396.06598  513.92291 
 71.173737  515.58099 
 277.71439  515.09875 
 465.56073  514.75201 
 595.25348  514.75031 
 234.86021  516.26056 
 246.31018  516.7392 
 746.70483  517.3559 
 487.32742  518.53137 
 621.32037  521.2998 
 898.71326  521.82275 
 17.456085  522.69513 
 710.15082  523.28168 
 373.88675  524.87073 
 881.94879  526.01648 
 487.81479  527.26178 
 237.38756  528.39001 
 659.07343  530.08954 
 476.80823  531.6571 
 989.30133  532.7782 
 328.99429  535.42047 
 403.12311  535.71869 
 166.69205  538.84698 
 102.85928  541.40289 
 201.95993  540.46747 
 584.20355  540.83398 
 672.2417  541.80853 
 493.44702  542.43433 
 30.538458  543.89697 
 47.046829  544.1618 
 377.18188  544.31128 
 698.95715  544.26105 
 788.53094  544.02875 
 822.95465  543.86218 
 24.360237  545.16602 
 244.9767  546.8205 
 522.04419  547.07013 
 208.7619  549.37286 
 414.06354  548.82208 
 228.79047  553.39929 
 612.08667  552.53577 
 293.74573  553.77325 
 602.6427  553.96674 
 136.22441  555.19702 
 30.873907  555.85614 
 481.44849  555.99994 
 521.30585  556.56079 
 19.09733  556.51508 
 505.88721  556.49524 
 458.68338  558.97021 
 511.5369  559.47437 
 989.31848  558.45758 
 599.2749  559.99261 
 608.28772  560.48199 
 10.502618  560.67932 
 178.03847  561.17194 
 151.16002  561.84918 
 286.50464  561.58331 
 367.6113  561.8067 
 770.78265  561.39386 
 780.81586  562.8609 
 48.450256  565.4115 
 442.42224  566.25122 
 415.76703  566.8089 
 847.29871  566.99066 
 243.72401  567.69403 
 292.27252  568.43152 
 613.37744  569.26031 
 666.1568  568.44843 
 977.75031  569.05151 
 391.17966  570.79254 
 82.354271  571.00708 
 233.76169  571.0918 
 280.64264  571.50842 
 448.3717  572.06622 
 789.71216  571.51453 
 262.14203  573.25751 
 436.96405  572.69879 
 16.197708  573.47693 
 606.83264  573.76947 
 805.63806  573.73206 
 331.28802  576.02332 
 404.34482  575.9187 
 525.19781  575.55518 
 671.00543  575.84393 
 631.71075  577.38824 
 387.00137  577.96039 
 86.086655  579.54108 
 365.29855  578.87561 
 6.5136509  580.99481 
 935.52747  581.30872 
 80.600624  582.04657 
 428.21725  582.10455 
 438.77786  582.04633 
 472.19443  581.97614 
 584.18469  582.40417 
 42.316044  583.99414 
 102.36871  583.91034 
 397.59689  584.58405 
 768.53192  584.48431 
 1005.1949  584.39594 
 50.26075  586.88141 
 773.66028  586.72803 
 481.68011  588.49414 
 791.86951  590.23169 
 349.02548  591.35052 
 664.8634  591.39264 
 456.23648  592.16986 
 321.15778  592.51819 
 135.95912  593.45789 
 356.00925  593.8045 
 802.78052  594.2713 
 905.10693  593.38251 
 468.9635  595.51532 
 882.58484  596.05554 
 26.028833  597.11597 
 485.40576  596.95844 
 994.24933  596.74902 
 236.91168  598.0199 
 91.704399  600.1059 
 317.64661  600.14124 
 1006.6566  600.49854 
 513.04358  601.99146 
 903.77942  602.34546 
 257.04221  602.43481 
 303.26788  602.73816 
 119.48264  604.39185 
 228.41054  603.54132 
 323.69815  604.41711 
 761.99854  604.30725 
 26.167919  604.82489 
 274.49399  605.13623 
 373.66916  605.10815 
 423.21616  606.27374 
 738.54395  605.93195 
 911.78766  605.78137 
 311.73669  607.17462 
 17.51759  607.68707 
 430.95224  609.23047 
 21.072868  609.97357 
 379.78275  609.76953 
 53.82346  611.55762 
 99.547958  610.74097 
 5.0952506  612.01019 
 69.153137  611.75073 
 228.68492  612.2168 
 319.26727  612.61749 
 303.97394  613.45551 
 945.48285  613.87555 
 246.39992  615.38684 
 60.926113  616.32916 
 675.88269  615.68585 
 46.223671  616.91968 
 663.12201  617.40778 
 742.95544  616.51935 
 18.836311  618.12195 
 80.442535  618.25067 
 190.08598  619.57703 
 55.169296  620.31378 
 376.01599  620.2088 
 436.23257  619.42834 
 729.21777  619.96674 
 680.06482  622.43475 
 913.73657  622.50482 
 26.515482  623.11292 
 132.10127  623.28314 
 368.51202  622.52588 
 957.84607  623.7533 
 17.525265  623.66113 
 330.1853  623.82483 
 354.90927  623.59589 
 177.45798  625.23889 
 606.60828  625.5675 
 688.56921  625.45667 
 882.78296  624.63745 
 48.670116  627.29248 
 321.7384  627.58575 
 148.9511  629.24677 
 287.88467  630.03729 
 43.196915  630.45612 
 495.26227  631.2113 
 956.77997  632.05151 
 507.58926  634.9903 
 214.74985  636.3634 
 471.55093  635.8363 
 2.8453331  637.49127 
 409.94116  637.6463 
 337.56845  638.89819 
 494.45728  639.48218 
 295.38666  642.06158 
 430.28384  642.31573 
 448.90793  641.62103 
 505.15921  642.56647 
 574.44519  643.32648 
 627.49963  644.79633 
 345.25836  644.67664 
 395.013  646.51721 
 408.37357  645.73657 
 532.89417  646.07861 
 218.685  647.45148 
 449.29871  646.86957 
 659.14001  646.82776 
 673.85291  647.45166 
 929.56219  647.47522 
 243.26054  647.74402 
 958.29034  648.21637 
 809.78271  648.6084 
 295.09402  650.08087 
 315.22467  650.41608 
 548.02777  650.97119 
 435.25034  651.78229 
 251.90311  652.77325 
 568.68195  653.77612 
 673.35767  656.03613 
 448.52414  657.31342 
 196.13731  657.90375 
 456.90189  658.35852 
 362.12811  658.83215 
 847.25903  659.59113 
 284.42578  661.10797 
 267.5531  661.78882 
 331.88651  661.69635 
 878.80902  661.65698 
 958.34894  662.41699 
 43.775585  663.15753 
 136.95015  662.70105 
 162.02217  663.16962 
 389.53891  663.39301 
 568.52368  662.6637 
 306.87579  664.24664 
 899.11011  663.97473 
 229.54269  666.10083 
 152.03249  668.04346 
 414.69189  667.86127 
 141.01186  670.5509 
 159.01208  671.5434 
 92.94854  671.68494 
 246.62384  671.69501 
 813.24243  672.72638 
 353.93753  673.57141 
 999.09979  674.16309 
 1009.2876  674.2298 
 932.15344  676.00922 
 984.17822  675.40826 
 166.14745  677.03943 
 337.65598  676.91547 
 860.77344  677.39685 
 44.224072  678.25989 
 492.96222  678.1842 
 344.45905  679.43518 
 310.02853  680.90332 
 375.15039  680.97015 
 608.34192  681.44751 
 846.48181  681.26959 
 1004.4577  683.30255 
 403.33746  685.13226 
 631.01465  685.35858 
 38.105896  686.4726 
 368.31595  685.47125 
 10.632183  687.289 
 480.2518  687.15894 
 582.71332  687.53314 
 28.816841  687.6983 
 1013.5489  687.85645 
 925.49072  688.59534 
 82.225273  689.51001 
 490.51871  689.77917 
 462.1008  691.85016 
 294.85754  692.53168 
 378.22855  692.51746 
 861.98987  692.71014 
 281.87997  694.24011 
 366.7052  695.11243 
 349.20117  696.3421 
 653.47717  696.06305 
 400.56369  696.6756 
 258.58978  698.75281 
 579.75256  699.30505 
 109.45775  699.91193 
 419.53604  700.34503 
 28.335602  700.98596 
 66.890923  700.52612 
 969.86859  702.26147 
 373.96539  703.42328 
 820.78546  704.04816 
 35.649837  704.83685 
 422.50305  707.77887 
 895.57312  708.35181 
 1003.0605  707.573 
 312.57034  708.62537 
 28.887936  709.96436 
 458.13339  709.5058 
 737.23181  710.31128 
 82.525978  711.78546 
 654.62299  712.41711 
 695.82025  711.26398 
 340.20255  713.25085 
 764.18243  713.05933 
 116.35398  714.13159 
 468.22318  713.31921 
 749.76923  714.59271 
 271.61581  715.4801 
 489.76361  714.56128 
 709.56305  714.71393 
 408.91843  717.52661 
 527.35571  717.91858 
 732.03253  718.27203 
 191.98856  718.51874 
 454.1676  718.85236 
 285.18173  721.08807 
 303.54791  721.13824 
 341.29816  720.42584 
 722.36536  723.14862 
 1011.8902  722.62195 
 1021.4832  723.4585 
 389.46283  727.0097 
 437.1564  727.50085 
 164.55946  728.04608 
 224.12733  728.76971 
 356.76517  729.39014 
 500.90817  729.1322 
 930.23798  728.99127 
 992.71399  729.51013 
 25.349674  730.0224 
 174.41977  729.64471 
 464.19403  729.98645 
 831.02142  729.45508 
 943.43817  731.44867 
 364.52112  731.63464 
 495.53268  734.82935 
 930.08423  738.54047 
 210.58792  739.10681 
 434.60611  739.77216 
 25.334745  741.68085 
 969.89075  741.58826 
 420.13428  742.86591 
 884.68896  743.34308 
 7.8743482  743.96198 
 16.39403  744.26367 
 200.74681  745.28839 
 443.90652  747.2605 
 48.238201  747.74878 
 540.26447  747.90027 
 335.97659  749.11499 
 404.20456  748.95435 
 221.48018  750.19727 
 533.54688  751.51123 
 780.2995  750.74902 
 16.467918  752.14771 
 142.39291  752.32843 
 418.98419  751.95197 
 736.60303  751.46039 
 75.259697  753.3009 
 653.74542  752.49902 
 990.17834  753.07532 
 489.73627  753.79913 
 372.22693  755.0459 
 400.3866  756.45331 
 581.43884  755.90228 
 668.44543  756.18182 
 409.93231  757.72223 
 596.67157  758.78253 
 158.35992  760.20642 
 512.91498  759.79816 
 69.776802  762.8327 
 364.8609  763.2121 
 544.30658  762.75433 
 946.97107  763.80316 
 380.71243  766.47394 
 445.78503  766.27814 
 479.56784  766.33905 
 778.22711  766.62958 
 837.50873  767.28943 
 349.61078  767.60126 
 490.36719  767.76654 
 500.47574  767.50275 
 567.84546  767.75665 
 669.42993  767.87982 
 1017.2853  768.87946 
 660.52441  769.85992 
 1004.4613  769.45209 
 92.011925  770.74786 
 368.23572  771.50458 
 703.07385  771.25928 
 14.845325  774.20337 
 504.71869  774.37103 
 269.73044  775.39429 
 493.50409  775.24268 
 665.67651  775.3244 
 26.938501  775.44507 
 452.04364  775.82404 
 970.65887  776.23682 
 353.02713  777.61462 
 79.455063  778.46277 
 102.05577  777.52655 
 464.71994  778.21625 
 588.6347  778.99988 
 656.6358  779.05762 
 122.88039  780.32672 
 907.91791  780.18958 
 1010.651  780.1062 
 89.659805  781.29822 
 949.6095  780.57513 
 399.38803  781.76971 
 713.20758  782.05029 
 456.56506  782.78467 
 535.2547  783.08136 
 5.8906527  784.01392 
 175.73085  784.41931 
 643.04279  783.37158 
 218.8512  785.341 
 841.16888  785.27533 
 621.02704  786.46625 
 12.550348  788.13727 
 278.63828  788.17322 
 648.2691  789.75739 
 690.31506  790.46497 
 745.36847  790.27881 
 574.51727  791.06281 
 341.3252  791.98779 
 601.68585  792.72394 
 697.0047  792.9917 
 613.61444  793.7262 
 736.29987  794.08862 
 149.47118  795.63922 
 374.14157  795.44092 
 347.79718  797.24835 
 554.20844  796.70465 
 319.86899  798.03375 
 70.437592  798.46149 
 569.36749  800.40424 
 136.13365  800.8526 
 719.37366  800.55341 
 322.50262  806.21198 
 643.39661  807.388 
 445.07254  807.92041 
 979.50641  807.79419 
 537.32758  808.52856 
 965.15424  809.12573 
 602.23242  810.00055 
 720.21063  810.37683 
 251.95424  811.06006 
 386.60895  810.69305 
 174.4705  811.9939 
 623.43964  811.46375 
 994.12646  811.80823 
 658.04211  814.1911 
 17.750477  815.40466 
 79.660545  814.99432 
 430.37082  815.76196 
 435.36139  815.7395 
 910.44763  817.33209 
 521.92969  817.75812 
 417.53882  819.03113 
 553.26782  819.11719 
 997.22095  819.4126 
 1008.7311  818.73016 
 91.597847  819.70905 
 988.62445  820.27673 
 662.53094  821.15442 
 432.43341  824.63245 
 354.06015  824.9873 
 383.7663  824.71179 
 776.17029  824.68683 
 834.61639  826.49512 
 173.18254  828.41437 
 700.2608  828.388 
 98.130859  828.74969 
 164.75325  829.33893 
 414.56613  828.90186 
 696.4325  829.54083 
 189.95604  832.45142 
 548.82306  832.07739 
 589.57953  831.70068 
 743.9278  832.00134 
 943.87146  831.9212 
 512.70599  833.97479 
 529.79321  833.7196 
 342.38153  834.53369 
 306.33359  836.60364 
 491.27524  837.2807 
 664.44214  837.31531 
 320.55893  838.06189 
 54.234879  838.94769 
 157.40581  840.13757 
 383.90674  839.96497 
 944.96613  840.534 
 35.687256  840.44806 
 675.25067  841.21411 
 715.87366  841.81116 
 2.6917012  842.9588 
 314.84024  843.49609 
 374.96262  842.67517 
 969.58917  843.12079 
 464.30771  843.9964 
 895.50208  843.56744 
 777.50885  845.93976 
 935.60236  845.62079 
 563.75879  846.62396 
 582.85938  848.32983 
 907.74384  848.03949 
 38.645836  848.85773 
 153.11835  849.22021 
 495.22244  848.62415 
 524.33582  849.08228 
 530.30927  849.33496 
 556.3728  848.80652 
 1021.2581  848.71002 
 24.920536  849.73444 
 368.29688  849.59784 
 432.0145  850.34473 
 221.3999  851.00775 
 309.30124  851.42139 
 406.52631  850.67053 
 441.15372  851.18488 
 622.36401  851.38745 
 948.25488  850.68182 
 646.33325  852.10034 
 790.77783  851.51947 
 71.838753  853.10645 
 419.65799  853.22894 
 169.56114  853.7865 
 315.41925  854.0188 
 752.60107  853.57404 
 84.534187  855.349 
 106.0386  854.4939 
 824.32666  854.66669 
 519.96777  855.62335 
 324.62686  857.29218 
 411.51822  857.24982 
 229.054  857.57025 
 615.68732  859.0238 
 72.880241  860.25775 
 147.27667  861.24426 
 893.60297  860.41577 
 995.39362  860.97058 
 198.50932  861.83563 
 84.072647  863.46405 
 104.30656  864.19348 
 257.26794  864.32886 
 669.30493  864.00208 
 828.18762  864.27399 
 356.30203  865.18054 
 368.49026  865.46704 
 67.520905  866.45508 
 996.35669  866.9577 
 569.67297  867.9259 
 969.67902  868.40729 
 433.69354  871.47064 
 708.64825  871.25171 
 358.36414  873.62311 
 400.38223  872.94684 
 345.29404  873.67377 
 475.70676  874.25336 
 789.16669  874.78613 
 97.713203  876.52106 
 837.74628  876.76959 
 997.40698  876.71979 
 339.91022  878.4256 
 745.53125  877.62256 
 816.92395  877.72144 
 962.32544  878.15576 
 431.90384  880.41455 
 6.4793773  880.99707 
 397.0975  881.36365 
 307.47211  881.53448 
 153.02713  883.52734 
 549.09875  882.8418 
 774.18933  882.57855 
 803.28937  883.74048 
 409.16241  884.81622 
 146.75885  885.46985 
 626.65704  886.08649 
 374.41949  887.37823 
 603.88336  888.2525 
 50.81802  890.29626 
 974.48419  890.1308 
 17.422337  890.99805 
 41.950119  891.27771 
 412.27451  891.93848 
 112.42654  893.33893 
 28.955133  894.0202 
 613.44623  894.30774 
 130.65909  894.83185 
 628.12671  894.97247 
 7.0305762  895.98248 
 225.16138  895.61316 
 571.15509  896.39252 
 740.35828  896.35614 
 457.69986  896.90515 
 646.88159  896.79175 
 254.83974  898.14349 
 406.57913  897.73285 
 946.54639  898.0293 
 42.468086  899.44141 
 963.23773  899.17334 
 156.10364  899.87982 
 762.95239  900.24951 
 27.965786  901.66571 
 384.71671  901.70386 
 630.43542  902.31586 
 425.55576  902.84528 
 601.89246  903.50861 
 970.03912  903.38214 
 70.850388  903.797 
 447.19498  904.40479 
 912.53906  904.23065 
 954.48895  903.72455 
 87.730888  904.68524 
 270.55661  905.87415 
 452.51709  905.61914 
 466.21378  906.00494 
 652.89093  906.258 
 326.04077  907.25677 
 788.87372  907.0249 
 618.02991  908.81036 
 816.3385  908.73798 
 138.82217  910.06494 
 737.03448  909.72479 
 67.035225  911.57739 
 180.60791  911.45001 
 665.44934  912.32648 
 381.31262  913.49957 
 234.94724  913.69586 
 801.83575  914.51453 
 445.34821  915.47229 
 196.69673  916.68384 
 715.15729  918.46368 
 319.93988  919.45288 
 359.06085  918.57227 
 373.97391  918.99377 
 929.01978  919.26849 
 1004.9466  919.86279 
 75.816574  920.95972 
 566.32361  920.9964 
 281.64313  921.54156 
 407.80859  923.35077 
 974.50275  922.83069 
 212.72588  923.966 
 888.27759  923.18048 
 190.95018  924.5603 
 366.85812  926.31952 
 129.23827  926.68451 
 164.42462  927.51013 
 260.34885  926.71716 
 964.52203  926.78687 
 62.410225  929.16803 
 377.0759  928.53229 
 590.94885  929.0683 
 275.38647  929.49963 
 834.38892  930.4986 
 118.66027  932.51758 
 582.91144  932.13812 
 227.987  933.35773 
 921.66315  932.46191 
 264.47556  934.55841 
 760.76306  935.4267 
 811.18146  935.41736 
 337.71353  936.0058 
 876.59796  936.37244 
 962.11096  936.11652 
 971.84723  937.53009 
 986.2373  936.39856 
 5.888123  938.47113 
 692.03241  937.93085 
 217.63387  938.65668 
 79.744095  939.92706 
 248.1293  940.14862 
 579.19855  939.42999 
 589.18939  939.81622 
 463.36697  941.2428 
 429.67548  941.79059 
 177.47353  943.21271 
 348.03506  942.98792 
 411.32925  943.3996 
 724.99835  943.38165 
 315.60568  948.39728 
 565.07715  947.77075 
 693.96869  948.18939 
 716.62396  948.38324 
 80.257927  949.77734 
 97.99308  950.36206 
 156.98363  949.96088 
 527.92474  950.55444 
 670.90063  949.7149 
 607.33612  951.62225 
 724.79761  951.50098 
 787.14496  951.6377 
 344.21463  953.22052 
 451.7814  953.71771 
 666.16168  953.87225 
 195.46425  955.74469 
 877.01038  955.72052 
 219.73694  956.85333 
 305.80972  956.95764 
 793.55945  957.48474 
 390.49762  958.45685 
 571.61444  958.6366 
 674.02136  959.69318 
 130.23897  959.68799 
 312.26779  961.72778 
 613.19891  961.86047 
 786.55194  962.44977 
 728.24933  963.19202 
 827.63647  963.49603 
 798.27576  963.54919 
 932.12622  963.53979 
 957.31329  964.69196 
 184.09891  966.43292 
 251.5869  966.08881 
 355.03162  967.70892 
 984.82001  968.54669 
 830.21686  970.00604 
 211.79721  971.28119 
 287.608  972.43964 
 319.25739  971.92194 
 698.72919  972.12457 
 270.15839  976.09857 
 55.466747  977.72369 
 780.31696  977.58679 
 822.22565  978.16132 
 579.5907  978.68848 
 741.9682  978.81586 
 142.03415  979.72858 
 899.64911  979.67023 
 175.59187  981.45197 
 880.7066  980.74707 
 64.715408  982.36981 
 189.30057  982.00214 
 543.67664  982.08698 
 207.45941  982.35712 
 623.73212  983.54004 
 45.738926  983.59009 
 276.03064  983.87415 
 54.484463  986.4267 
 492.45746  986.37366 
 329.24603  987.32416 
 314.17767  988.10138 
 236.45316  988.60187 
 575.77124  989.10791 
 669.33484  990.18597 
 703.93524  990.49396 
 518.75854  993.17236 
 101.7032  995.69012 
 264.41544  995.74847 
 637.94684  995.52759 
 735.54999  996.42139 
 311.63055  996.63715 
 771.62109  996.67859 
 670.22388  997.32336 
 73.746323  998.70984 
 320.86566  998.57263 
 429.65833  999.44122 
 286.28363  999.85168 
 513.74927  1000.6357 
 709.45087  1001.4954 
 804.12274  1002.41 
 728.55927  1004.0165 
 170.90717  1004.7131 
 195.10075  1007.0476 
 466.30118  1006.8173 
 839.57922  1007.4606 
 137.23262  1010.4919 
 694.89288  1010.2417 
 49.846752  1011.6492 
 253.44434  1013.1003 
 661.74109  1013.6205 
 7.8449798  1014.8514 
 129.26572  1015.4503 
 170.04498  1014.794 
 198.98282  1014.5886 
 283.35812  1016.3592 
 689.38226  1015.997 
 907.04547  1015.5682 
 779.18829  1016.8941 
 23.525229  1017.728 
 59.718456  1018.2361 
 322.65433  1018.4701 
 654.70923  1017.8339 
 117.48885  1018.6826 
 624.79602  1021.1307 
 809.27008  1021.1437 
 585.65356  2.24474 
 674.77838  3.8268118 
 990.7738  3.9226584 
 956.75037  14.299185 
 918.63629  19.561785 
 656.81769  22.61915 
 284.70258  26.462034 
 193.14174  28.410833 
 788.87811  31.340662 
 3.8212626  35.834343 
 437.3252  36.572147 
 878.30896  44.129704 
 916.18066  47.476158 
 114.21557  49.281754 
 677.72699  51.267303 
 741.40002  51.447006 
 166.03342  52.587547 
 430.82321  56.088043 
 253.0154  56.492252 
 313.8136  56.668015 
 840.91846  59.707809 
 343.79633  61.588837 
 901.54999  59.293514 
 657.2215  64.695419 
 798.48242  67.285858 
 822.82953  66.64048 
 459.11475  67.982033 
 1001.4323  76.643463 
 776.2995  77.909859 
 912.45111  80.255943 
 732.47882  78.536369 
 945.81403  81.058525 
 896.99335  95.199486 
 68.47921  98.003281 
 429.87582  97.668121 
 809.72058  104.8787 
 107.57821  112.44557 
 884.83997  114.48802 
 800.50842  114.62861 
 153.38487  115.56135 
 948.59222  117.52399 
 805.01752  125.30718 
 434.77731  132.2771 
 403.79581  136.52469 
 783.32263  140.36412 
 579.68726  148.37468 
 176.26576  148.6441 
 808.27759  152.8625 
 146.04362  153.63354 
 581.68829  159.71777 
 551.73291  164.72382 
 153.39671  166.17171 
 562.82684  167.65179 
 991.47095  169.97958 
 797.88239  170.74532 
 885.18451  175.80157 
 1020.0405  176.93102 
 563.94269  179.09036 
 796.39459  182.79086 
 471.92035  192.08572 
 989.48077  194.25183 
 913.45819  198.42169 
 923.86603  199.88057 
 1005.2925  205.80939 
 540.33069  211.01279 
 428.88992  212.56209 
 611.29608  212.35132 
 757.73285  214.12183 
 156.96167  221.52975 
 257.8945  221.93648 
 615.17792  222.62018 
 228.14456  224.34688 
 809.86493  227.25525 
 690.26123  235.97002 
 215.185  236.42818 
 674.76971  237.24341 
 460.37643  237.15233 
 351.82706  239.13014 
 840.2536  238.66129 
 312.28937  241.97916 
 188.30794  242.77939 
 737.91125  245.53325 
 115.77552  249.78297 
 410.1842  260.2746 
 165.05818  261.15982 
 232.81244  263.72781 
 26.969908  272.10043 
 897.62512  272.284 
 754.0351  273.89728 
 606.63586  276.52847 
 782.67297  277.9082 
 740.94806  277.43323 
 681.09979  283.04382 
 312.06073  285.23837 
 788.68756  286.79465 
 925.22076  288.80408 
 365.25851  293.92474 
 418.88962  298.03159 
 693.2442  297.70682 
 18.023663  298.71335 
 839.82111  300.46558 
 615.56146  301.81158 
 231.89236  307.38672 
 185.97304  308.91373 
 500.71567  309.68692 
 400.50464  310.84509 
 658.3078  310.42584 
 191.03876  317.74722 
 232.52045  317.41122 
 681.13794  319.23721 
 959.43188  321.95227 
 119.96529  322.68289 
 615.66901  322.87741 
 142.34999  332.10495 
 611.75903  332.45605 
 169.25594  334.36932 
 47.648731  348.14862 
 80.134949  350.26282 
 412.25436  349.84213 
 898.71649  356.05185 
 51.855755  357.22238 
 393.26392  358.95108 
 744.89673  363.86169 
 1010.7415  366.92297 
 181.28821  379.10574 
 168.82678  381.07864 
 19.093454  383.93686 
 478.9259  385.83307 
 509.87415  387.73889 
 390.65314  388.74539 
 454.72748  391.67938 
 984.82983  396.28122 
 735.65515  398.91113 
 812.30658  399.49454 
 280.21262  406.1109 
 724.64215  406.33624 
 989.0686  406.61456 
 502.3569  407.85278 
 524.1745  413.74649 
 646.32837  416.28043 
 690.67499  418.45627 
 879.09564  418.80527 
 96.262428  423.88757 
 736.49841  421.88147 
 9.1605206  429.96487 
 493.35349  431.58359 
 797.89948  433.10172 
 193.96333  436.85315 
 242.0358  437.8425 
 816.25873  441.03986 
 91.393791  443.21365 
 139.84525  446.09885 
 318.12552  447.66766 
 384.54227  449.30109 
 636.82202  451.97311 
 412.34338  452.69189 
 624.45032  450.78574 
 753.99109  455.08038 
 954.0462  458.41687 
 265.28503  465.10132 
 13.069714  465.1976 
 200.47162  470.68225 
 872.09113  473.91312 
 75.060219  476.38583 
 284.65512  477.78436 
 829.63342  479.73401 
 611.31042  483.50235 
 876.65216  483.55521 
 163.56133  485.66043 
 476.15909  484.03546 
 90.338867  487.63309 
 192.71718  488.90213 
 653.45758  489.70755 
 832.90161  490.53577 
 552.19196  498.25296 
 445.5354  498.65018 
 10.303617  498.79327 
 217.13045  505.06342 
 285.36276  505.58139 
 749.56134  505.26947 
 332.05524  508.24442 
 117.66541  509.85153 
 539.88953  511.67694 
 84.658371  513.75061 
 171.55399  514.14709 
 408.29401  514.47284 
 881.89349  526.2666 
 476.8251  530.61664 
 990.00525  533.26807 
 403.46072  536.39209 
 584.66821  540.35187 
 243.47551  546.23407 
 521.65839  557.07495 
 599.37366  557.81158 
 10.623191  560.75647 
 368.00919  561.71893 
 47.850502  564.52185 
 847.77289  565.51532 
 15.47946  573.21576 
 805.8924  573.63684 
 331.07034  575.04956 
 364.80173  578.32684 
 670.29327  577.36432 
 43.345608  582.03882 
 103.28136  583.43713 
 51.360458  586.95929 
 791.78271  590.36456 
 456.3009  590.21716 
 904.93762  592.16101 
 469.05966  595.6344 
 27.294825  596.44543 
 274.78143  605.19269 
 738.1839  606.1272 
 29.684713  607.19659 
 17.966719  608.06665 
 320.55908  614.48468 
 354.37549  622.51306 
 607.00891  625.91302 
 684.06744  626.29791 
 325.74283  624.73444 
 44.72213  629.73456 
 409.92737  637.12738 
 471.56677  637.31805 
 625.0083  648.29486 
 406.22174  647.22656 
 930.13098  647.41846 
 217.27098  647.54962 
 957.79816  648.19104 
 672.51642  657.01532 
 295.87781  659.99884 
 331.61859  661.36652 
 162.23206  661.85565 
 284.60172  661.76324 
 958.49469  662.52655 
 308.74738  663.83374 
 900.25  663.75208 
 414.94186  667.28821 
 847.8421  677.35663 
 310.03046  680.90112 
 81.145592  687.91602 
 365.93558  695.73114 
 820.61621  703.55176 
 410.08435  716.97223 
 286.01004  721.42712 
 437.40588  728.44965 
 463.38361  730.35455 
 944.12006  731.0683 
 16.054203  743.41028 
 938.65741  742.79816 
 534.29156  750.88196 
 73.918701  752.78979 
 489.41913  754.26825 
 989.08508  754.15234 
 410.31198  758.17285 
 511.03653  758.75775 
 545.92841  763.58673 
 567.9046  766.17181 
 703.14703  771.72992 
 27.042948  775.00037 
 399.70343  781.86584 
 535.24646  781.97754 
 644.01831  781.70398 
 712.80591  781.84796 
 1020.1616  781.96582 
 648.99518  790.09888 
 374.2265  794.01923 
 319.20789  796.52478 
 70.873535  797.89185 
 537.47839  808.31628 
 658.20569  814.08777 
 521.69537  817.35199 
 776.79205  824.07849 
 836.19897  821.71124 
 521.4527  829.89655 
 548.86682  832.11151 
 665.01105  836.85864 
 491.32645  838.15179 
 53.66853  838.81329 
 521.99689  839.19861 
 674.76379  841.17957 
 969.33612  842.61475 
 465.07285  844.21527 
 935.10559  844.55872 
 777.21124  846.33929 
 907.53949  848.56329 
 431.57248  850.05975 
 72.155075  852.13226 
 752.91113  851.78925 
 420.06393  852.89429 
 325.43079  857.04938 
 893.95593  859.27502 
 147.39041  860.52917 
 198.69904  861.96741 
 357.92969  863.89673 
 569.29431  867.28442 
 358.26321  874.37872 
 475.89896  874.07086 
 817.33313  876.12622 
 746.33344  876.68207 
 996.34406  877.12036 
 17.180771  890.50104 
 41.403217  890.69446 
 225.31808  894.30444 
 613.02405  895.07062 
 571.66296  896.08789 
 740.17383  896.38623 
 646.80072  897.11102 
 254.79192  897.81519 
 156.50299  898.9397 
 384.80231  901.91547 
 425.68762  903.29095 
 602.08081  903.64294 
 954.72992  904.52063 
 325.81171  906.8277 
 789.62482  907.10126 
 736.75842  909.87915 
 381.18103  913.20239 
 801.50824  913.94586 
 196.93941  915.9964 
 454.78223  917.62341 
 1005.4106  919.46539 
 888.9516  921.34735 
 662.96783  921.66077 
 224.47511  934.51025 
 810.40234  934.80835 
 877.28076  935.45264 
 6.4684448  938.20319 
 690.78534  938.21216 
 430.59119  940.95361 
 178.69096  942.40796 
 409.96231  942.83246 
 694.14777  948.85645 
 527.73016  950.96503 
 787.14264  951.00977 
 452.35767  953.87836 
 195.56274  955.26868 
 878.41522  955.58307 
 130.32832  959.60168 
 389.90918  958.6098 
 674.1911  960.79254 
 611.89075  962.63165 
 932.75726  963.18365 
 956.83185  964.79419 
 251.67558  965.94647 
 700.05042  971.12158 
 288.52518  972.45782 
 899.64032  979.5921 
 174.94275  982.14142 
 64.116226  983.06555 
 623.51941  983.21234 
 492.49716  985.92804 
 704.08044  990.9126 
 260.22043  996.72943 
 636.85193  995.52295 
 286.62296  1000.3102 
 195.10013  1006.0627 
 170.23587  1014.2781 
 660.5191  1014.6786 
 906.94397  1015.3353 
 128.5647  1015.7008 
 780.04297  1016.3953 
 23.8869  1017.2307 
 809.84705  1020.2493 
 603.53918  9.0090723 
 650.36353  9.7797766 
 1001.7889  12.460954 
 780.52856  14.831166 
 824.81061  16.241423 
 900.87183  15.409652 
 367.24176  17.991776 
 311.26324  21.019705 
 844.32617  20.787827 
 773.29272  23.266611 
 1008.3438  24.432842 
 470.13287  26.300446 
 906.21429  28.394798 
 1013.4824  28.954184 
 145.32382  30.767439 
 924.50415  31.687429 
 830.3916  33.03603 
 742.35126  34.781395 
 652.46838  37.842537 
 870.22772  38.643345 
 329.93332  40.035286 
 476.33435  39.51717 
 593.43536  39.8773 
 367.0423  42.483433 
 933.65497  45.990906 
 793.17438  47.474892 
 146.36353  52.269653 
 748.10077  51.282677 
 870.70648  53.703533 
 816.48297  54.979034 
 455.7114  56.138378 
 405.12994  59.698086 
 87.869339  61.488598 
 369.89011  62.310856 
 710.7865  62.697521 
 742.79602  64.575867 
 994.69928  66.299675 
 937.83838  68.416016 
 117.09768  69.638138 
 834.68555  71.248672 
 134.28746  71.684563 
 897.94135  74.500084 
 1012.3586  78.05896 
 851.46362  84.368332 
 957.29028  84.632454 
 767.48621  87.974869 
 401.07593  88.835251 
 760.88745  89.21064 
 781.64728  90.19278 
 94.00914  91.045181 
 937.50342  90.967575 
 863.93665  91.701248 
 996.71106  92.34053 
 923.49872  98.56031 
 481.69183  103.46552 
 1004.5737  103.44615 
 831.24786  106.20313 
 916.9845  105.68382 
 944.46136  106.75186 
 928.04535  113.06551 
 326.23239  113.4166 
 33.286358  114.55338 
 9.5244102  117.24142 
 191.01859  119.59135 
 819.23279  118.47024 
 847.35815  122.70125 
 244.38138  124.62805 
 399.59888  124.84219 
 82.819641  125.69644 
 426.59555  125.15265 
 340.79828  127.899 
 887.32239  130.73033 
 457.85928  136.50159 
 851.30884  135.92924 
 249.36697  137.1575 
 288.702  139.15327 
 284.53256  139.87161 
 5.3352304  144.09387 
 1008.3743  146.18481 
 550.22845  146.55457 
 976.66064  148.4133 
 273.03058  149.96646 
 466.67444  149.88167 
 841.77765  150.3358 
 516.97357  150.99178 
 593.64703  154.67567 
 989.1778  156.37506 
 9.5197906  157.72835 
 311.54758  158.52673 
 1000.3749  157.97598 
 219.13075  159.94382 
 615.66278  160.10904 
 839.26495  159.589 
 811.75446  164.01781 
 177.31165  165.46417 
 351.12421  166.12907 
 1014.0338  167.30225 
 385.04666  168.23192 
 516.74963  167.62151 
 108.3036  168.55534 
 297.84988  168.7892 
 494.47336  170.08479 
 725.59906  172.1848 
 842.01074  172.65973 
 786.11035  177.16316 
 260.3927  180.50797 
 303.61084  180.70651 
 593.91327  183.46535 
 516.53491  184.3741 
 532.88977  183.63484 
 879.24451  187.17685 
 922.35168  187.62608 
 441.02634  189.02576 
 71.765053  189.95059 
 684.14081  190.43527 
 764.97119  189.55316 
 751.38452  191.27817 
 721.79413  195.24077 
 822.75507  197.6209 
 872.22827  198.55103 
 433.19812  199.93233 
 625.8512  200.30923 
 360.99554  201.19054 
 510.30261  201.59296 
 525.99854  201.45877 
 758.81879  202.17332 
 172.45692  202.55107 
 641.26813  204.03568 
 837.27588  203.80566 
 894.35834  204.76422 
 450.1134  206.28571 
 404.59402  207.01636 
 829.35693  210.45876 
 269.40781  214.66708 
 247.49896  214.85072 
 786.5271  217.0576 
 162.6553  217.66383 
 357.54614  218.32718 
 640.03442  218.93242 
 446.23169  221.37045 
 525.67224  220.49193 
 414.39139  221.84445 
 203.66843  225.62209 
 680.25317  226.511 
 843.3327  225.89552 
 938.84088  227.35469 
 240.34212  228.44678 
 296.80707  227.77701 
 535.23004  229.03539 
 68.752121  229.80376 
 275.01743  230.51233 
 171.44676  232.63246 
 379.85822  234.3273 
 661.36865  235.5392 
 726.29608  235.73349 
 447.65536  237.286 
 11.538537  237.99197 
 404.18799  238.36966 
 54.014126  239.11841 
 556.81354  242.87262 
 852.6203  243.00856 
 104.5005  244.21945 
 246.51047  244.13484 
 3.8300998  245.38464 
 66.313919  244.64388 
 164.94975  245.98795 
 258.74887  245.802 
 219.44394  248.834 
 685.53595  247.871 
 874.17773  247.99492 
 141.34953  249.16331 
 236.52548  249.33188 
 469.6741  249.23476 
 91.632423  250.13718 
 801.87439  250.53996 
 491.32025  252.02867 
 623.14844  254.21375 
 727.53394  253.51302 
 439.79565  255.34911 
 773.41992  255.41304 
 139.34628  255.44632 
 396.32935  256.27591 
 87.53054  258.10046 
 892.04626  258.19479 
 556.58038  259.89371 
 668.59259  261.35709 
 102.82262  262.04526 
 810.8606  261.60727 
 187.46169  263.42062 
 373.18918  263.25031 
 422.36227  265.70398 
 475.55402  265.68985 
 212.40907  266.92261 
 882.54553  267.44281 
 968.41528  269.33755 
 513.47925  270.30566 
 404.8808  271.60431 
 58.866467  273.49313 
 84.425964  274.11536 
 319.00113  274.25574 
 228.91019  274.68185 
 712.53442  275.19394 
 166.97006  277.76779 
 487.64532  282.04456 
 616.64954  282.60574 
 667.14661  281.73752 
 380.2666  283.37979 
 111.08759  283.30453 
 93.54483  288.89371 
 718.59436  288.9054 
 342.82446  289.59335 
 241.56946  290.76822 
 734.00134  290.60025 
 829.10364  290.86282 
 23.837004  292.06039 
 391.55847  292.24402 
 320.70419  292.77173 
 850.99915  293.345 
 992.59949  293.70242 
 441.61581  293.93906 
 106.83545  296.19974 
 497.44424  295.64914 
 354.5481  298.4693 
 1005.4032  297.81961 
 778.66077  303.96243 
 527.50159  310.2211 
 988.31714  312.27527 
 73.297012  313.29077 
 295.17377  312.95218 
 626.72888  313.20258 
 725.69159  312.83932 
 360.61804  313.90823 
 487.59705  314.58859 
 900.36139  318.71539 
 908.59351  316.26996 
 440.19293  316.88446 
 204.53793  319.18427 
 647.72351  318.9801 
 790.23724  319.73468 
 137.86482  320.74341 
 370.73648  320.86661 
 338.01035  321.46219 
 877.98993  322.39487 
 632.87317  327.60071 
 355.00522  328.1221 
 240.35376  328.91409 
 5.0583634  330.28986 
 784.25366  330.00616 
 864.56384  330.62009 
 753.11346  331.95587 
 553.01093  333.26956 
 968.06958  332.86313 
 130.10921  335.56192 
 817.53778  336.14273 
 411.37619  336.81723 
 810.69574  338.85944 
 115.03432  343.38812 
 496.7316  346.36075 
 725.1864  346.58853 
 461.14838  347.56274 
 943.63971  348.70056 
 383.3887  349.48444 
 986.45123  349.68781 
 817.65588  351.5607 
 930.77954  352.21017 
 585.09436  353.07669 
 740.24731  353.33026 
 317.49515  355.22946 
 120.41297  355.72519 
 353.57574  357.16071 
 845.91199  356.95413 
 284.06653  359.89059 
 342.33237  360.05984 
 455.60031  360.83636 
 225.90732  361.73938 
 695.48944  364.43066 
 326.88495  365.36118 
 157.52116  366.55753 
 804.77063  366.12442 
 700.85547  368.44427 
 886.84705  368.8175 
 20.995132  369.55484 
 90.425293  370.36987 
 764.05536  370.11865 
 900.64111  370.42642 
 139.69849  371.46692 
 119.63065  374.03751 
 506.39124  374.59467 
 209.34586  377.10147 
 464.8559  377.19394 
 897.68103  376.8045 
 224.95821  377.91556 
 754.52417  378.1705 
 7.1415048  378.40378 
 1013.9006  378.58545 
 429.31049  380.03833 
 574.93951  379.86185 
 260.29147  380.79398 
 154.36804  383.82764 
 357.32504  384.1911 
 618.59552  383.74521 
 99.846352  385.44217 
 810.46771  384.53 
 139.54729  386.71201 
 523.00208  387.45459 
 287.52274  389.54532 
 678.09741  389.88513 
 580.18909  392.27011 
 401.58234  393.41592 
 165.16704  394.75195 
 152.34552  396.98959 
 551.04846  396.70438 
 1016.7034  396.83066 
 83.174911  397.51761 
 316.17545  397.6041 
 105.44135  401.28354 
 231.33449  402.02789 
 703.79504  402.03598 
 681.67908  402.54996 
 931.18988  402.80054 
 629.23767  404.31046 
 136.04189  404.78625 
 92.344482  406.21515 
 836.34778  405.61734 
 594.31989  407.27737 
 852.94116  407.08331 
 747.68372  407.82953 
 945.95715  407.62778 
 200.56551  410.0798 
 151.32622  411.42096 
 83.879959  413.03494 
 310.8674  414.99039 
 423.30859  418.10376 
 960.27551  421.38873 
 174.14  421.86261 
 189.62849  422.38266 
 248.94484  422.17529 
 159.54219  423.7244 
 292.62006  427.53275 
 776.49481  427.3634 
 57.885246  429.67358 
 86.282127  430.4277 
 944.20013  429.96219 
 555.17596  430.7908 
 316.43549  432.93259 
 119.40764  434.56934 
 410.45233  435.12671 
 178.83368  437.78436 
 306.1405  438.67575 
 393.24988  437.29361 
 712.37909  437.86523 
 632.54297  439.26767 
 841.34277  440.12863 
 160.47717  440.49188 
 955.52283  440.53934 
 330.07437  442.72296 
 970.22729  446.99573 
 423.90097  451.42657 
 25.687471  452.39941 
 305.89694  451.9614 
 354.86447  451.82111 
 370.18085  451.85455 
 333.98618  453.24509 
 256.94437  454.17444 
 559.60455  454.24387 
 1018.7628  458.06049 
 43.645363  459.91656 
 226.94881  460.2254 
 514.31213  459.92581 
 469.90393  461.42307 
 894.52893  461.91312 
 910.87396  461.06741 
 208.76785  462.38275 
 675.052  462.89774 
 138.09225  467.69812 
 898.08704  467.16669 
 176.17799  470.24271 
 583.53827  469.83957 
 127.80676  470.94769 
 341.82928  473.51089 
 188.39774  476.07904 
 773.28058  476.21591 
 885.02057  476.43301 
 219.37767  476.65851 
 756.54474  480.16107 
 847.05359  483.34897 
 639.49591  483.65524 
 919.01477  485.52429 
 557.43823  486.65448 
 255.45541  489.00128 
 542.75067  488.62009 
 417.25214  492.4285 
 1005.3874  493.11874 
 121.52644  494.03574 
 888.50665  494.13358 
 859.72827  495.22623 
 320.70288  497.45102 
 32.390278  500.34723 
 250.52383  500.79306 
 997.83301  501.21902 
 724.62592  501.80469 
 70.170731  503.47284 
 572.67548  506.61188 
 134.41858  507.49899 
 1019.0391  508.35562 
 467.31458  509.02069 
 297.43326  509.70084 
 362.57428  509.78525 
 261.4776  512.31262 
 395.87372  511.58505 
 12.959583  512.60675 
 234.58432  515.06311 
 321.3071  516.25848 
 68.928642  516.68365 
 219.10988  517.07288 
 248.06233  517.57635 
 595.72992  517.69855 
 745.36755  518.35828 
 903.46967  518.54382 
 711.27869  522.37689 
 239.93648  528.41101 
 389.36133  528.15332 
 326.13199  533.88165 
 598.43005  533.99976 
 164.16965  540.14508 
 201.20724  540.5849 
 821.67285  540.41748 
 101.09362  541.81647 
 26.312391  544.54755 
 521.0144  544.87085 
 395.04483  547.27368 
 411.73911  548.0553 
 227.67796  549.57275 
 135.90433  551.27094 
 210.0244  551.49481 
 38.456047  552.77356 
 493.38763  553.85693 
 291.93579  555.90961 
 508.90488  557.25842 
 99.441498  559.2608 
 218.07629  561.54895 
 774.41565  560.64886 
 153.2205  563.46399 
 418.06104  567.15863 
 663.82489  566.95898 
 83.714211  568.65442 
 280.52185  569.00793 
 238.44617  569.43005 
 441.08322  570.37018 
 458.47708  570.37292 
 303.64563  571.29572 
 612.02576  570.70636 
 263.42194  571.94141 
 390.0379  575.13031 
 577.39319  577.02985 
 650.65515  577.86493 
 319.26514  579.82751 
 398.67346  579.8847 
 289.43854  580.99042 
 87.841515  582.26001 
 173.53513  581.39691 
 1005.3728  583.9231 
 441.78345  585.48102 
 770.35724  585.48627 
 478.97803  586.6178 
 297.41278  588.0368 
 365.22305  590.33252 
 498.40802  591.39081 
 664.86688  591.37817 
 133.68517  592.77728 
 350.59308  592.74475 
 871.50995  593.16107 
 485.67337  598.94702 
 1006.3793  598.63104 
 232.27393  600.26672 
 120.11241  603.48291 
 359.3114  605.53467 
 136.92116  606.10736 
 307.49597  605.92676 
 374.3967  607.12744 
 501.31714  607.05188 
 913.96613  606.44226 
 345.02985  607.66858 
 427.47571  609.23315 
 52.330742  610.01801 
 676.13873  614.14465 
 248.48431  616.20471 
 729.12799  619.57324 
 16.521982  621.40509 
 68.868195  621.41498 
 191.05183  622.37805 
 914.28375  623.83783 
 130.22626  625.45233 
 881.64807  625.09808 
 339.23639  626.56244 
 955.39612  629.59979 
 353.94611  635.45715 
 496.75021  635.22748 
 904.18811  634.70624 
 325.30087  637.90845 
 338.85422  640.21753 
 448.2149  644.06348 
 748.3042  643.81775 
 433.35681  645.64795 
 295.94687  646.2558 
 482.42856  645.59515 
 532.07581  646.8028 
 460.14719  647.81854 
 661.47534  647.67035 
 247.13489  649.65619 
 437.09485  649.18457 
 230.41032  652.51202 
 570.6322  651.22223 
 148.56961  655.89313 
 343.83621  657.64087 
 135.98801  659.89771 
 499.94272  659.87946 
 848.62421  660.94818 
 255.22264  663.2356 
 343.6879  663.19824 
 40.438004  666.40735 
 230.26283  667.58032 
 152.09087  670.96655 
 326.25204  670.64667 
 364.32086  671.08002 
 813.89386  670.48828 
 1000.8972  670.98682 
 94.880104  673.21094 
 143.93353  673.19104 
 349.13107  673.48602 
 932.95483  676.79279 
 987.89044  677.65283 
 339.33585  678.16266 
 861.17432  679.22626 
 41.910748  682.92487 
 356.00388  685.78949 
 1002.7643  686.10931 
 922.31555  687.61304 
 486.20493  688.25165 
 377.64954  694.27814 
 581.07239  694.21088 
 502.50131  696.59021 
 425.1409  698.74524 
 651.8736  698.77521 
 429.47354  700.03613 
 567.38782  699.53613 
 112.96037  701.07721 
 256.34961  701.2486 
 68.529915  702.05078 
 26.292822  704.71844 
 94.512466  705.66638 
 739.27582  706.58362 
 399.08148  707.99274 
 26.803478  708.69983 
 461.02109  711.14624 
 310.97324  712.13525 
 762.9566  711.58545 
 85.299438  712.48041 
 426.06802  712.94537 
 169.79077  713.53156 
 268.56793  713.80084 
 340.39182  714.14032 
 709.6781  714.77264 
 116.54072  715.81097 
 354.12363  716.39075 
 749.83026  717.04364 
 190.77942  718.06818 
 34.979599  720.67468 
 725.00238  725.72589 
 1011.6873  722.94617 
 424.24124  727.06561 
 174.81952  729.31134 
 360.53406  729.52856 
 221.86362  729.61908 
 376.75629  732.49054 
 496.3324  731.88055 
 861.42072  731.34741 
 931.14185  732.51501 
 25.93395  732.86816 
 329.75537  735.8866 
 212.66989  738.13446 
 434.21426  741.15961 
 889.10852  742.13147 
 52.971912  746.07172 
 200.37424  745.62488 
 417.6875  746.13214 
 840.77979  748.72284 
 336.384  750.34406 
 735.20642  750.39911 
 778.78387  750.14069 
 220.27245  752.45001 
 655.36066  752.39136 
 578.49774  753.12708 
 370.55988  754.43317 
 399.82401  754.22852 
 668.19403  756.18689 
 949.31201  763.70355 
 391.60757  765.58087 
 496.37225  765.99841 
 779.22577  766.94824 
 833.54535  766.77148 
 349.3045  767.76654 
 484.63269  767.56226 
 448.2905  769.25128 
 1014.4028  769.12146 
 129.39755  770.38733 
 671.01288  770.81396 
 13.717365  772.62549 
 97.983955  773.94843 
 258.29306  774.0816 
 370.01636  774.69189 
 970.42963  775.11102 
 269.33072  775.80469 
 653.53455  777.42676 
 692.47821  778.97363 
 111.91064  783.10156 
 173.48767  783.25897 
 909.33191  783.57257 
 959.26782  783.58765 
 3.4060001  784.90723 
 217.09587  787.14075 
 841.91711  787.22583 
 15.359053  789.3736 
 117.72412  789.1203 
 280.03296  789.42072 
 617.29913  789.14758 
 741.30615  790.22168 
 692.19226  791.53577 
 707.75427  791.18408 
 343.99005  793.43524 
 542.20551  794.68848 
 557.86682  795.45685 
 716.24622  800.36322 
 751.28998  800.26324 
 810.2616  800.00897 
 131.2317  803.0871 
 979.68384  805.43274 
 775.66998  806.21735 
 205.81686  808.9306 
 549.40515  808.8927 
 827.10944  808.797 
 388.55206  811.43512 
 994.39685  810.8717 
 600.46246  813.19342 
 720.18909  812.56592 
 814.80658  812.62976 
 174.41743  813.6485 
 432.28033  813.29083 
 908.46832  814.35822 
 534.39258  819.8703 
 90.264671  821.17395 
 999.09357  825.22388 
 414.52332  825.8606 
 429.3916  828.58057 
 175.75406  829.50378 
 942.68732  829.90985 
 699.7453  831.09558 
 985.00061  831.50818 
 191.15953  831.61975 
 385.93585  837.43646 
 67.147926  839.22644 
 30.289112  840.112 
 168.17932  840.30945 
 316.80154  841.32788 
 950.23743  840.99225 
 154.20488  843.63922 
 371.67181  845.67133 
 508.99011  844.71417 
 893.8562  846.92108 
 853.68237  846.78845 
 24.249941  847.35925 
 560.23962  847.83807 
 661.35931  850.36542 
 39.388939  851.39648 
 219.09076  850.83862 
 527.17688  851.87378 
 646.41736  851.74689 
 310.69281  854.19708 
 620.20593  854.66138 
 830.83795  864.53265 
 843.28937  860.39209 
 160.26225  861.8938 
 34.833431  863.0202 
 997.51025  862.9801 
 107.07272  865.55737 
 255.35982  864.74414 
 671.43842  864.91687 
 968.12939  870.12061 
 1010.5253  870.30243 
 710.22852  871.00024 
 401.26453  873.32581 
 432.64328  874.39276 
 621.73218  873.75403 
 95.174263  874.44507 
 343.04233  875.68811 
 838.81616  876.78119 
 109.25434  878.20294 
 1009.1829  880.95587 
 638.44708  882.48364 
 182.18298  882.62225 
 149.92538  883.46924 
 605.94226  885.89539 
 98.010902  889.5553 
 386.10834  889.16858 
 112.98775  892.16101 
 629.01996  891.47125 
 299.6499  895.4364 
 944.78998  895.09222 
 962.58038  894.28229 
 141.26144  897.71698 
 371.58438  900.37842 
 671.88123  899.96948 
 760.74225  900.31635 
 403.74426  901.01898 
 107.64139  905.07544 
 632.45209  904.78143 
 85.695526  905.71631 
 449.52551  906.25824 
 70.80986  906.92053 
 654.36768  908.37646 
 179.8392  911.05725 
 858.35309  914.44965 
 373.56396  919.23395 
 852.17389  920.49042 
 281.48553  923.88226 
 387.5423  923.5069 
 973.06525  925.58411 
 123.65164  928.24561 
 835.78394  927.91882 
 265.52225  930.4248 
 924.04663  931.3338 
 962.37854  931.32831 
 760.04254  935.75958 
 580.24762  936.29431 
 340.43582  938.20032 
 824.56598  938.4801 
 973.17194  940.5744 
 723.01721  944.479 
 79.874084  946.28888 
 565.8819  947.75549 
 669.81439  950.37439 
 606.71362  952.68219 
 952.40222  953.75433 
 341.7659  956.18073 
 309.48935  957.46204 
 206.92039  959.83185 
 270.19193  960.9483 
 729.2478  961.77789 
 325.44632  964.8183 
 484.64459  968.15161 
 826.23572  968.12244 
 357.4028  969.02325 
 985.09851  970.59888 
 970.89185  971.27942 
 322.77859  972.24768 
 211.96234  974.57526 
 50.111855  978.56787 
 779.30322  978.80261 
 880.53357  979.74506 
 545.41931  982.922 
 287.09268  985.61145 
 403.62863  985.22229 
 239.39774  987.05304 
 317.51831  987.2149 
 60.798191  988.21802 
 671.94464  992.59955 
 274.86896  994.59161 
 102.02026  996.04993 
 692.35492  995.73193 
 430.58054  997.21692 
 515.26105  997.65088 
 945.60803  998.55249 
 729.82263  1002.0173 
 678.24908  1005.7346 
 115.6238  1007.3499 
 673.77777  1007.504 
 839.10364  1008.6926 
 817.52979  1009.9528 
 600.1051  1011.2787 
 691.67212  1012.2706 
 48.888371  1012.9905 
 257.737  1013.5952 
 621.67877  1019.2435 
 116.76777  1019.9767 
 910.784  13.636396 
 469.0452  27.063124 
 1010.7759  27.436502 
 923.82037  32.113003 
 747.01508  50.175629 
 872.87769  54.191425 
 455.84079  55.928917 
 404.56021  58.297703 
 850.91235  83.198593 
 995.33801  92.842247 
 1004.7678  103.06593 
 481.1817  106.59331 
 831.25037  106.56992 
 398.67984  123.99947 
 550.54767  146.59825 
 593.74426  155.28552 
 177.60124  166.93724 
 516.1543  168.17834 
 495.32153  169.01483 
 842.09448  173.1989 
 441.32651  190.25081 
 71.704628  190.89679 
 525.75439  201.50795 
 894.70551  199.668 
 830.42627  210.83017 
 270.24365  214.02466 
 162.07826  217.01274 
 443.73901  221.07368 
 240.10381  228.4801 
 170.77908  231.63924 
 352.0069  241.15793 
 139.98183  251.66466 
 439.81854  256.50137 
 556.00909  260.44165 
 103.21119  262.80588 
 474.47751  265.15729 
 665.28845  264.80917 
 374.03598  265.83011 
 21.422924  295.6597 
 496.78299  296.47791 
 110.87993  298.32315 
 625.84235  312.96283 
 362.51868  312.90842 
 547.11896  322.12607 
 632.09985  328.29526 
 5.8275666  331.9675 
 969.32837  333.97586 
 984.60803  350.57669 
 584.80188  358.19437 
 285.13199  360.05838 
 13.425349  370.3558 
 884.80988  369.13635 
 429.46936  380.61826 
 154.23495  383.95175 
 97.59655  385.47723 
 34.364567  398.1181 
 1017.7737  397.53506 
 313.20209  398.28888 
 946.04248  408.23996 
 84.775833  412.92273 
 424.87347  417.52399 
 248.66589  423.42944 
 776.5755  425.89954 
 293.33414  427.44775 
 555.18011  430.99081 
 411.79834  434.77689 
 964.21521  451.82382 
 416.29468  453.66354 
 257.98456  453.73889 
 1018.174  457.65109 
 583.55695  469.19363 
 884.89838  477.24915 
 840.12299  482.40509 
 125.3706  494.72037 
 68.38604  502.51505 
 134.75533  507.91281 
 1016.2076  511.34665 
 321.22916  516.4856 
 241.31679  528.11682 
 370.93127  530.24756 
 201.33255  540.55737 
 101.62335  541.54108 
 24.719955  545.94177 
 233.15236  544.92871 
 31.942692  561.68835 
 440.76123  570.56964 
 577.98846  577.14771 
 86.833542  583.19336 
 1004.8594  584.14087 
 442.29861  586.3017 
 797.08319  592.82458 
 374.15457  606.89789 
 345.85309  608.28381 
 675.64722  616.71362 
 64.277466  625.31891 
 192.48535  623.82208 
 339.81454  626.45642 
 356.70035  638.55225 
 321.07016  643.24139 
 7.7379346  643.78546 
 246.96712  649.59082 
 230.25525  652.35858 
 344.86288  659.65662 
 873.68646  662.29108 
 40.61264  666.53143 
 341.3237  679.15442 
 486.66177  686.32703 
 373.73318  689.82904 
 426.69666  698.50159 
 114.8441  700.60889 
 257.13071  701.58276 
 739.40747  705.99268 
 29.545441  707.50287 
 460.3049  713.35522 
 426.45148  714.01044 
 422.8898  727.08911 
 889.79932  739.74493 
 840.12524  748.27008 
 391.33224  766.42322 
 448.5567  769.58008 
 125.69347  769.84784 
 671.00153  772.00543 
 15.740828  790.10376 
 615.57587  789.75122 
 130.50003  801.93982 
 386.64847  815.76538 
 600.94965  814.14203 
 90.839447  822.7475 
 430.30637  829.50024 
 985.56317  831.51465 
 668.88031  837.13446 
 427.71341  849.83655 
 661.65454  850.93219 
 526.80145  852.39703 
 621.84839  873.05951 
 401.86581  873.95209 
 150.33803  884.03778 
 98.101654  889.95953 
 370.15677  901.21429 
 384.89224  905.47388 
 654.05408  908.69263 
 124.23479  927.86963 
 341.14706  938.9884 
 484.78241  968.35815 
 358.87689  969.76257 
 985.84515  971.29016 
 50.995785  977.20306 
 692.02423  996.03571 
 514.4024  997.54602 
 258.67075  997.69879 
 730.89587  999.84979 
 259.16052  1013.0859 
 679.8916  7.9478106 
 189.37395  18.55547 
 825.62823  43.960541 
 653.58734  39.994133 
 730.55115  43.687263 
 796.55566  49.275246 
 363.47192  46.603474 
 352.83157  55.666283 
 902.50647  58.859833 
 662.34668  62.411552 
 994.64142  61.812073 
 939.79596  66.620033 
 835.28131  68.571594 
 126.0752  69.753464 
 912.58997  76.50296 
 951.68341  86.29451 
 810.57928  98.608658 
 919.55774  100.06296 
 823.77692  116.50768 
 847.66522  119.3604 
 9.9584703  122.5806 
 243.53725  125.78401 
 461.31134  133.03731 
 808.82568  135.02306 
 279.3656  143.90846 
 809.89404  143.65636 
 175.72679  147.64148 
 518.33539  149.5293 
 468.57181  154.36751 
 838.68079  155.0256 
 219.37791  164.82068 
 389.61783  167.6945 
 350.38614  167.81914 
 108.86267  172.97369 
 573.71326  181.31915 
 363.45514  184.25542 
 597.14014  187.52647 
 919.67712  186.89444 
 691.4386  188.10628 
 755.99323  188.22539 
 821.92206  192.63181 
 875.88586  194.75098 
 173.64909  199.54208 
 634.19141  200.61214 
 362.11597  208.55971 
 182.37822  220.61862 
 418.88269  220.07399 
 906.17151  219.77463 
 643.96747  222.42621 
 841.98694  223.37727 
 944.69586  226.21295 
 63.996712  228.84311 
 678.39777  228.6033 
 273.07248  230.46324 
 297.93634  230.53896 
 376.15372  232.40538 
 724.67261  235.19429 
 10.68693  242.06827 
 553.70215  242.64301 
 851.05609  243.23552 
 875.11914  246.50793 
 217.839  249.60295 
 244.85803  249.07524 
 90.502319  253.93996 
 619.7196  254.67322 
 8.0381556  259.87741 
 120.92825  260.36356 
 728.93005  260.36456 
 156.92644  261.39691 
 410.0304  266.87607 
 58.319859  271.34778 
 748.81927  273.53906 
 888.69873  273.58456 
 315.14725  275.28018 
 491.68256  277.27158 
 111.90784  280.16849 
 623.13696  281.01587 
 716.3501  282.46539 
 556.3476  285.24863 
 855.28259  288.62439 
 829.35254  289.97327 
 322.31656  292.14108 
 241.79962  293.03952 
 986.31921  293.81824 
 776.67743  303.46997 
 841.09937  306.61731 
 402.70383  309.70407 
 293.44995  310.57489 
 904.42456  312.59833 
 596.86267  313.85663 
 211.49234  314.33771 
 21.072191  318.84857 
 503.81076  318.90753 
 787.85498  325.66992 
 410.19681  333.80469 
 814.10632  335.65839 
 135.84688  337.64661 
 938.01477  346.98245 
 50.815407  347.97614 
 388.33078  351.53067 
 825.02057  357.86115 
 348.51407  358.86435 
 225.21977  360.98608 
 701.35083  361.40088 
 448.37064  366.40189 
 163.20743  365.10254 
 41.277287  366.03265 
 407.78607  369.11777 
 764.19342  374.71729 
 508.3812  375.47656 
 899.18573  376.86026 
 119.98811  378.07199 
 226.3618  381.3999 
 463.80701  382.19031 
 619.54291  386.03412 
 396.75992  390.93582 
 285.84863  395.93802 
 680.14447  396.62878 
 417.27136  397.78247 
 551.20703  400.47055 
 767.30261  402.27518 
 623.07013  405.79251 
 843.71942  407.21674 
 594.55566  410.6257 
 738.09344  414.41556 
 535.80359  416.78674 
 169.28375  417.46887 
 194.27615  417.23245 
 942.43671  432.95682 
 394.21008  437.86102 
 631.12024  439.42236 
 172.62422  440.35904 
 202.05716  440.93835 
 844.19574  441.98361 
 311.82996  439.89157 
 398.98553  444.3432 
 711.9668  445.46393 
 962.27838  448.07224 
 325.74277  456.88373 
 511.77606  457.24548 
 677.52216  458.50626 
 903.75989  462.62299 
 207.47028  466.26028 
 132.55603  470.13684 
 242.71188  469.61005 
 427.04141  470.60806 
 345.19745  474.30774 
 8.4978676  476.61572 
 767.39709  477.74173 
 546.4032  485.07819 
 640.92834  486.49158 
 353.69836  488.28738 
 23.128433  495.90854 
 253.88251  496.3252 
 1004.7668  497.42047 
 726.45563  499.33981 
 397.32669  507.18069 
 363.48996  512.45605 
 252.06676  518.97168 
 411.97882  516.78906 
 390.35632  527.4165 
 327.33707  537.14215 
 818.83563  537.46521 
 160.48448  539.74341 
 360.16965  545.95789 
 139.45284  548.89734 
 390.94662  552.09314 
 155.7975  558.3772 
 214.58928  559.12323 
 320.37637  559.93646 
 101.59313  563.49554 
 655.56091  571.99927 
 45.436069  573.76453 
 394.85373  575.35052 
 63.660938  582.17371 
 292.70901  585.78333 
 477.81552  585.34869 
 666.76288  588.56012 
 867.45703  593.75171 
 235.95036  602.20166 
 888.78845  603.9386 
 429.20825  610.0224 
 52.795002  613.68915 
 731.65997  617.97534 
 255.87872  618.87726 
 17.956747  626.39105 
 425.53827  630.6875 
 614.31647  630.37128 
 502.28033  632.46539 
 441.89276  645.88019 
 568.11072  649.40417 
 137.28935  656.62219 
 161.53786  656.8031 
 849.28949  663.0954 
 147.09766  675.52771 
 94.697281  679.55511 
 927.4317  682.11432 
 506.19391  693.94214 
 563.12952  700.37305 
 66.309227  703.81586 
 479.47971  706.5025 
 91.052841  708.46741 
 357.41071  712.03003 
 308.25629  713.37909 
 705.08752  713.0838 
 166.86436  715.62646 
 727.71936  728.02972 
 293.89648  723.9884 
 864.69641  728.85663 
 471.01096  729.81158 
 933.5  730.04065 
 378.71234  734.28357 
 183.33922  736.23444 
 413.42126  744.88904 
 778.84149  748.33282 
 90.209366  750.95477 
 932.48682  753.13208 
 580.38232  754.05835 
 659.70062  755.37079 
 217.75209  756.45001 
 490.54752  762.27722 
 354.35403  765.09393 
 832.79108  766.25671 
 1015.7146  766.72437 
 96.775185  772.78827 
 18.113522  774.22919 
 651.58887  775.11194 
 553.6286  776.74377 
 358.58823  786.54602 
 743.15369  788.04431 
 905.42828  788.99042 
 186.23979  797.01257 
 871.3576  800.45526 
 405.70767  804.979 
 433.89096  810.59723 
 908.45978  813.89209 
 993.90332  828.00861 
 206.90985  830.66296 
 703.2851  832.17358 
 530.93457  833.12451 
 70.957001  837.20844 
 174.1541  836.62854 
 26.6717  844.05206 
 373.49356  848.19849 
 783.03265  847.70886 
 149.23824  848.88489 
 895.39331  851.35254 
 221.17827  851.49463 
 73.859901  853.74774 
 978.0155  854.49042 
 40.825264  857.29279 
 633.44183  862.64667 
 1005.9213  870.80487 
 380.57565  870.68866 
 710.8847  869.3847 
 112.19363  871.61902 
 366.75119  871.94299 
 967.47784  876.51416 
 33.235023  890.26666 
 120.245  893.42499 
 174.28114  893.59564 
 17.964979  893.62244 
 299.79694  896.96094 
 740.40912  902.64136 
 453.04724  903.9433 
 77.230804  908.74469 
 109.61509  909.8526 
 182.57896  913.62408 
 380.17899  913.74506 
 429.11673  918.69421 
 970.36511  925.91364 
 925.5946  927.92877 
 276.0491  929.59912 
 978.03125  946.38287 
 809.01868  950.63159 
 700.94128  952.14716 
 312.05688  955.67053 
 825.86157  969.97095 
 776.18146  984.90802 
 402.08838  987.13104 
 320.36047  988.52405 
 60.574394  993.89899 
 433.50162  996.01746 
 104.71971  1000.718 
 820.71118  1008.3445 
 674.45398  1008.9463 
 639.2865  1011.9414 
 48.445599  1016.5414 
 119.20424  1016.2962 
 596.21716  8.8136692 
 784.36578  24.300858 
 916.34485  35.258842 
 774.09985  75.705696 
 984.87842  132.22006 
 998.76703  151.4312 
 870.58899  172.84743 
 902.26569  196.56168 
 919.94263  209.90302 
 403.6326  244.63438 
 99.10997  244.8369 
 912.08624  336.7001 
 63.327888  425.91522 
 48.446873  488.21146 
 412.61417  547.95764 
 153.72572  569.37561 
 275.48981  571.95526 
 129.60095  595.66766 
 490.9693  606.87146 
 995.42853  671.03278 
 46.732517  724.89233 
 218.08684  732.25116 
 266.66733  772.81152 
 394.75482  838.49854 
 66.230843  883.55304 
 636.56293  886.98114 
 404.15063  900.43683 
 949.11438  914.72888 
 364.3822  938.65411 
 466.65833  948.01843 
 287.90817  952.5097 
 333.80136  965.02136 
 259.00571  1017.1912 
 908.36407  9.974719 
 939.0141  61.187634 
 329.20029  123.74587 
 392.03  167.8613 
 696.47656  186.81819 
 902.40112  190.81964 
 726.99969  201.00227 
 910.24109  217.2476 
 618.31183  255.09294 
 114.5353  259.67654 
 656.96027  311.99484 
 297.19897  315.39951 
 24.456984  318.74268 
 606.41486  322.65253 
 514.58588  326.55618 
 888.99524  360.62051 
 43.077423  369.93909 
 233.48404  386.23587 
 291.92859  398.8927 
 285.42255  430.21338 
 404.21027  447.77744 
 66.501312  455.26282 
 30.553196  457.02597 
 323.60474  465.02292 
 129.16786  482.8656 
 237.77586  506.57587 
 150.59082  539.65314 
 173.35559  555.5249 
 281.96997  562.18951 
 421.22491  581.23767 
 184.26419  586.89972 
 395.57245  600.5069 
 206.0549  617.47534 
 26.480963  638.28754 
 510.57355  693.31268 
 300.26532  720.26788 
 734.32031  720.80573 
 384.80521  732.33966 
 469.58929  736.42529 
 837.7356  762.5282 
 422.06406  769.49316 
 13.288326  778.88599 
 987.32684  779.95691 
 822.61096  811.51184 
 979.64801  811.25787 
 419.1481  817.81763 
 431.86081  817.85101 
 994.76947  836.33148 
 812.4024  838.84656 
 832.19818  861.79858 
 316.25638  874.11188 
 356.84152  867.44141 
 120.26083  869.66284 
 375.43832  869.93274 
 320.75153  879.73047 
 963.8559  882.81891 
 24.715374  894.38947 
 297.93494  898.93585 
 386.00531  966.414 
 401.27579  992.4256 
 42.206036  1013.2922 
 591.77448  155.41745 
 198.36006  344.82019 
 252.33548  504.60876 
 257.69186  527.40588 
 285.20016  594.96985 
 151.39378  617.3028 
 147.25027  661.53033 
 782.28577  810.70099 
 373.64291  967.16345 
 303.548  890.9079 
 38.902664  1006.2726 
