 758.32489  33.69109 
 712.91614  38.705154 
 776.74054  40.73259 
 705.55212  43.593094 
 729.99957  46.815453 
 530.08728  60.827835 
 247.07983  62.386715 
 237.81079  64.108498 
 219.19525  67.022217 
 228.6618  66.014366 
 544.73987  66.941078 
 972.90601  67.753845 
 556.6441  69.78212 
 573.5141  69.770798 
 202.3983  78.856178 
 77.176659  84.770134 
 812.03668  86.183708 
 825.03204  90.216949 
 815.63281  92.385132 
 924.7395  96.83773 
 817.81824  103.20629 
 35.685787  103.61414 
 832.034  117.13345 
 973.49664  116.61632 
 406.56717  117.48479 
 969.86664  121.97073 
 976.71655  124.4454 
 416.50186  126.5505 
 619.25732  134.50739 
 183.73576  136.81856 
 606.35089  139.41472 
 206.1189  143.45793 
 986.5741  144.50194 
 211.9735  152.11443 
 200.88855  161.16412 
 211.08603  161.29649 
 993.29755  168.99699 
 77.421844  171.05823 
 600.5213  173.26996 
 646.29224  174.15439 
 83.197891  178.04681 
 624.3584  177.32777 
 36.224796  177.80742 
 56.794956  178.71439 
 32.033962  182.08109 
 43.194328  184.13306 
 33.163879  198.81342 
 804.87146  200.39743 
 814.95984  204.89388 
 39.099445  206.19519 
 43.724148  213.40771 
 743.08496  215.03635 
 40.550522  219.02223 
 53.240101  224.81471 
 815.10577  223.91515 
 42.451447  225.89882 
 824.43353  230.8877 
 54.372639  236.16374 
 625.50195  236.44278 
 880.69934  239.8688 
 647.06134  242.3334 
 60.137882  261.24838 
 783.09503  263.8363 
 770.91357  267.22144 
 49.28088  276.00165 
 57.444988  280.70911 
 29.483343  282.11255 
 908.00793  282.21683 
 48.311127  292.46848 
 896.94714  292.19644 
 798.75043  292.71747 
 41.690147  302.68658 
 382.74005  306.09589 
 394.30853  305.33722 
 38.927715  310.02194 
 409.46704  311.55948 
 45.690998  315.11777 
 801.59875  313.49423 
 900.5589  314.19315 
 916.89642  315.33087 
 922.69922  318.89334 
 848.12787  321.81903 
 883.2583  331.88913 
 54.847736  357.59128 
 910.71594  359.84695 
 901.91943  359.71411 
 45.277767  360.35254 
 41.471569  369.26053 
 911.24768  373.48663 
 45.064785  373.83783 
 466.14139  378.09821 
 472.86792  378.31979 
 31.795687  382.60892 
 35.185482  387.0495 
 161.04282  387.12448 
 301.9816  392.71405 
 293.9086  397.19385 
 245.51855  398.8447 
 473.11203  397.1828 
 237.2464  401.56085 
 235.66805  408.33377 
 238.92685  413.13422 
 319.86719  438.46738 
 719.08948  456.78906 
 316.54636  458.42249 
 104.54407  459.41556 
 323.55139  464.00211 
 720.71948  465.41934 
 135.18451  469.89941 
 355.26007  470.39618 
 739.26001  472.68942 
 183.44983  507.31281 
 110.79421  511.35083 
 116.48843  515.14447 
 111.80766  517.7887 
 55.212921  523.79517 
 40.389137  524.55225 
 125.38623  524.67755 
 128.33513  532.47797 
 880.33575  534.12469 
 852.6828  542.45502 
 126.33521  544.64471 
 840.21429  549.22369 
 111.12949  551.06464 
 824.70203  554.03998 
 763.82709  554.89764 
 966.74847  562.26337 
 318.91837  595.32153 
 991.76355  601.43054 
 322.25967  606.91174 
 539.59186  610.34833 
 329.26166  612.89081 
 336.0647  614.54236 
 327.44241  621.16089 
 544.58014  624.65204 
 550.07495  635.56226 
 554.63873  636.23163 
 337.70547  644.32574 
 557.60522  646.23315 
 350.90213  649.78522 
 341.65683  652.23169 
 358.14117  660.48187 
 845.41864  666.78259 
 110.92572  673.34271 
 143.98015  672.53918 
 403.41461  674.31342 
 847.53113  675.47754 
 132.94334  677.30927 
 129.38864  679.04468 
 138.28864  678.89941 
 150.46698  680.41003 
 102.05506  684.73645 
 132.81812  684.39893 
 393.58777  683.85278 
 100.0113  685.97961 
 402.81494  686.47583 
 639.13672  687.9248 
 645.25391  689.77631 
 633.67389  693.2691 
 398.15356  695.396 
 641.45923  695.81097 
 659.93359  695.23254 
 137.42258  695.40045 
 646.6142  695.88208 
 147.00143  698.75513 
 637.34174  698.00079 
 585.35852  698.08899 
 674.28406  702.23486 
 612.92603  705.10883 
 469.86789  707.87744 
 682.69226  707.37543 
 599.19452  709.20514 
 771.62372  716.79077 
 691.34943  718.16278 
 709.79126  723.74786 
 700.19257  725.55048 
 777.38239  727.10828 
 810.66443  728.79742 
 766.38403  731.37134 
 976.71405  741.77673 
 975.05829  743.15442 
 980.68683  749.02112 
 912.94202  766.03418 
 920.22876  774.58301 
 870.67834  789.13483 
 43.47448  790.36285 
 41.310638  791.89258 
 61.149815  793.4646 
 50.341892  797.05487 
 32.985519  797.33521 
 145.78561  804.37164 
 153.46577  816.54736 
 699.29163  817.77368 
 183.84447  820.64319 
 170.01085  824.50507 
 979.37537  829.34326 
 544.57794  845.2074 
 636.41687  845.11548 
 809.85889  848.19629 
 186.51797  857.45575 
 194.0096  858.85352 
 187.52098  863.31067 
 319.31442  879.38849 
 659.85596  884.13434 
 384.65747  893.04718 
 64.660774  897.80988 
 323.16467  900.17072 
 61.875702  900.69952 
 308.63849  904.51685 
 310.74915  913.5058 
 328.05951  912.55933 
 458.24496  921.88928 
 323.52161  923.94922 
 117.30254  943.30615 
 759.935  943.78223 
 121.45886  951.70435 
 136.30553  954.06818 
 140.23599  962.08258 
 530.38818  963.2746 
 807.49994  967.59021 
 213.78694  977.11365 
 693.69031  43.854443 
 254.95918  45.169605 
 179.45625  45.895412 
 773.2243  51.881931 
 171.41678  56.78196 
 765.66364  58.256924 
 50.598991  61.076492 
 522.07507  65.104301 
 283.75079  66.032417 
 256.60373  69.171318 
 247.1378  70.421532 
 294.12122  73.833496 
 276.14075  74.895622 
 191.59116  77.828339 
 565.953  77.83165 
 577.91364  78.71608 
 292.3927  84.599869 
 582.56079  85.361832 
 959.28479  87.300545 
 917.90314  91.471313 
 953.97717  93.361504 
 227.75621  101.44659 
 601.60706  106.17776 
 385.55579  108.56078 
 830.03668  108.87312 
 821.44781  110.47052 
 424.67874  120.52714 
 610.83215  121.34126 
 215.24261  137.68948 
 194.78288  144.34198 
 592.81195  146.70869 
 200.61356  151.63693 
 198.52005  170.48471 
 47.214745  176.06462 
 603.22009  187.61563 
 119.05627  192.72664 
 53.4235  195.18051 
 560.21307  205.85712 
 815.08563  232.43762 
 170.19209  235.60262 
 775.06506  252.52243 
 180.23595  260.7709 
 170.40652  264.40134 
 811.75714  263.69492 
 154.98521  280.23999 
 367.05374  288.83685 
 55.84642  301.85309 
 823.49976  311.75125 
 850.6543  313.63431 
 780.72601  315.04428 
 74.567238  318.89899 
 830.94525  320.38016 
 763.64276  321.68945 
 872.77698  325.38782 
 81.198647  331.39954 
 875.41254  335.09018 
 47.856621  337.15555 
 748.76202  337.43283 
 884.43317  341.05521 
 732.23297  358.94891 
 206.0459  361.80127 
 976.35992  384.87241 
 258.91653  387.99799 
 241.32512  392.01926 
 125.85926  393.34058 
 328.0603  397.55307 
 475.80338  405.32413 
 967.03156  415.30789 
 254.76663  428.59586 
 250.81685  437.03735 
 919.20325  436.52121 
 270.39557  459.43671 
 290.36365  458.63712 
 842.53137  465.33484 
 834.20892  470.67612 
 361.95819  474.95816 
 138.23503  481.71524 
 297.33871  481.81641 
 132.03673  494.18509 
 200.89761  494.42331 
 458.25366  503.50647 
 113.75066  507.58517 
 169.17389  509.38028 
 451.61298  510.96335 
 53.202702  516.15851 
 914.25165  521.00568 
 509.26477  537.11627 
 684.80524  542.05304 
 527.49609  545.88611 
 737.46381  553.0509 
 745.47815  560.27173 
 388.52655  594.47296 
 219.44472  602.43683 
 566.01038  622.30231 
 335.38913  632.76471 
 366.49615  657.66455 
 550.3584  657.83124 
 274.89304  661.90857 
 558.27081  661.61066 
 109.23908  664.05933 
 100.18761  671.41754 
 380.05911  670.91254 
 393.93747  674.4021 
 151.01958  689.17407 
 568.38123  691.75885 
 434.91248  696.64899 
 728.45184  702.67645 
 661.71704  704.00806 
 415.54065  708.59448 
 803.23096  724.14935 
 455.45288  726.78259 
 736.63971  736.1366 
 807.86755  738.29022 
 753.62286  742.57867 
 939.49792  751.64178 
 474.9335  774.19025 
 635.86511  774.93243 
 851.89624  785.34467 
 861.85034  786.17926 
 871.45782  798.61383 
 140.97684  812.29639 
 178.78168  813.95587 
 632.63043  827.05707 
 729.62714  830.1347 
 520.86871  844.07458 
 527.86224  848.97717 
 190.81717  850.07373 
 654.5202  849.99445 
 812.71161  856.01855 
 321.87961  873.0788 
 292.58417  879.05579 
 294.34778  887.05518 
 59.704124  891.26416 
 376.41409  905.13373 
 647.75836  939.46912 
 534.33594  955.00873 
 150.12056  959.14154 
 540.72876  960.7464 
 795.06647  965.12354 
 638.91766  974.08478 
 730.0686  47.610401 
 77.333733  85.406631 
 811.19702  85.926712 
 825.44482  90.067604 
 53.465641  224.35172 
 54.503334  235.93132 
 908.68677  282.46564 
 900.38202  313.91595 
 923.39185  319.10513 
 54.134102  358.08008 
 44.852737  374.08484 
 161.61617  387.80035 
 318.06497  434.84744 
 126.45703  544.46606 
 763.69409  555.22021 
 133.38181  685.43109 
 645.96985  689.24713 
 632.83722  693.30725 
 398.01358  695.78119 
 599.4032  708.70044 
 170.25177  823.85626 
 318.48499  879.5271 
 323.01126  899.95642 
 765.52087  57.819309 
 530.30359  60.422333 
 246.46857  61.842644 
 238.64177  63.66573 
 283.702  65.330498 
 175.06206  67.395233 
 220.57327  67.327133 
 544.71143  66.696838 
 557.07855  69.470657 
 255.62274  69.547844 
 534.62  69.994934 
 575.24481  69.979515 
 65.185173  71.171364 
 295.75446  73.057945 
 288.17419  74.773582 
 274.87228  75.626274 
 190.64546  78.601311 
 215.90717  79.692009 
 562.71185  79.983231 
 202.12738  80.995697 
 236.19821  81.180359 
 308.42065  83.192871 
 292.92554  84.217834 
 322.73398  84.445885 
 581.77393  86.238342 
 175.6463  88.185318 
 917.62585  90.522606 
 956.12103  90.662796 
 346.10541  92.275742 
 815.76233  93.165489 
 924.84607  97.426331 
 590.51312  97.639374 
 61.011044  100.09814 
 228.20934  101.048 
 817.88892  103.03525 
 917.54376  103.17445 
 601.65051  105.19153 
 385.53302  108.60014 
 166.80269  110.24132 
 820.74237  111.59208 
 406.48886  116.81808 
 831.68292  117.90107 
 424.97751  120.14005 
 611.68585  120.74407 
 415.90292  126.6379 
 619.59589  132.95769 
 583.42261  135.21687 
 182.70319  135.77246 
 215.97295  136.79968 
 205.37364  143.27435 
 613.7312  146.15057 
 592.16132  147.4861 
 212.66008  151.89772 
 961.90491  155.83359 
 200.4006  161.38669 
 211.88139  161.27327 
 78.08654  170.15877 
 695.40442  170.01628 
 197.41281  171.31776 
 661.84082  172.06041 
 601.53717  173.70935 
 645.31781  173.76427 
 623.80786  178.12752 
 57.837379  179.0833 
 84.238937  179.19356 
 603.06744  187.97722 
 118.55093  193.42957 
 804.03564  200.39209 
 814.87024  204.35439 
 560.16644  205.51846 
 852.40192  213.39343 
 743.66223  214.34396 
 814.75812  222.88425 
 848.05444  227.56448 
 812.44098  232.04764 
 168.90126  234.03062 
 625.80182  236.54303 
 647.21423  242.46143 
 763.15259  249.24548 
 61.141075  261.44238 
 181.10596  260.98788 
 169.46512  263.8924 
 409.31989  264.12021 
 772.03864  264.34097 
 812.02167  263.69159 
 784.16083  266.06738 
 787.73273  270.6991 
 154.06793  279.93268 
 57.998814  281.02734 
 358.491  281.17877 
 366.63113  289.65729 
 896.66998  292.50897 
 394.31326  304.96555 
 383.0116  306.84418 
 409.38986  312.14786 
 823.13385  311.93756 
 802.3335  313.08118 
 851.47571  313.2074 
 781.46423  315.62875 
 74.3424  318.83951 
 764.93488  322.31 
 847.85767  322.08475 
 812.62799  323.97208 
 859.01202  325.22952 
 871.54449  324.7063 
 413.37811  326.57278 
 937.9267  327.7861 
 884.64746  331.45721 
 874.45508  335.32108 
 749.21692  337.90463 
 903.23901  348.96771 
 213.5822  354.05768 
 949.9574  355.94482 
 732.45691  359.07156 
 901.18835  359.59894 
 205.93031  361.65405 
 912.07318  361.74384 
 911.65613  373.68848 
 469.46234  378.26868 
 260.46521  387.68726 
 240.8791  391.59854 
 124.41362  392.53064 
 303.85117  393.12149 
 472.04135  396.01205 
 328.33478  397.27588 
 293.56866  397.88324 
 246.4567  398.81812 
 236.78403  400.41769 
 149.9782  401.70956 
 475.92093  405.95764 
 336.9277  410.87512 
 966.43982  415.14203 
 932.59198  426.4917 
 255.4429  427.68457 
 919.62183  427.5383 
 920.14813  436.81683 
 323.95822  451.88708 
 719.40704  456.61072 
 104.25566  458.38275 
 316.22064  457.71622 
 291.28519  458.54565 
 270.45071  459.62125 
 323.56107  464.40674 
 719.88007  466.11792 
 841.2439  465.57544 
 353.84772  469.15576 
 135.24284  469.90894 
 362.59299  474.66132 
 138.52454  480.37729 
 299.41342  481.69528 
 825.90515  486.34384 
 768.95544  491.86096 
 200.99066  494.41153 
 458.70273  502.64227 
 112.21795  507.59601 
 182.99695  508.09518 
 169.36342  510.33273 
 451.18961  510.87848 
 471.68768  511.81525 
 79.605553  513.36835 
 114.28051  517.3396 
 125.40985  523.66699 
 890.07886  525.50317 
 104.56406  526.84595 
 909.47253  528.1994 
 533.20764  529.36609 
 871.48364  529.0108 
 916.19971  529.33832 
 128.2233  533.05682 
 880.3045  534.27393 
 508.81821  536.79108 
 456.82852  539.33673 
 838.84375  538.71558 
 518.14398  540.37732 
 852.24054  542.26367 
 684.28552  542.61505 
 863.33832  544.10291 
 527.31219  545.91528 
 722.41431  548.85242 
 777.32538  548.61554 
 839.87744  549.20026 
 802.86816  549.76801 
 110.81465  551.71515 
 738.08893  553.07397 
 825.05353  553.39197 
 128.93845  553.54834 
 747.72455  558.44867 
 531.18475  578.61182 
 313.59784  581.93256 
 94.15921  590.21088 
 388.05338  594.01471 
 318.63739  595.25311 
 220.37828  602.29004 
 321.85114  606.72449 
 513.79907  609.56769 
 540.0639  610.69592 
 331.08133  613.28784 
 327.41971  622.87488 
 342.6134  622.75311 
 566.20996  622.5376 
 545.14001  624.98682 
 335.37894  632.72186 
 551.13715  635.70288 
 555.6969  646.78168 
 219.07491  648.9101 
 351.48618  649.76093 
 341.14737  652.9776 
 268.53412  656.52344 
 378.35004  657.32861 
 207.03296  658.84668 
 237.6127  658.58759 
 356.72708  660.67633 
 557.93744  660.83093 
 109.25391  662.99805 
 256.99872  664.0788 
 845.1546  666.74664 
 378.62167  670.34381 
 144.05812  671.44977 
 100.05697  672.00299 
 403.74637  672.70813 
 392.79895  674.49719 
 111.81235  674.8327 
 847.38885  675.67377 
 81.767601  677.04083 
 136.24825  678.41309 
 150.65604  679.71594 
 392.34482  683.94598 
 102.96481  684.59747 
 403.93927  686.45459 
 137.80643  694.39557 
 659.22314  694.8891 
 434.2933  696.09924 
 641.95679  696.43109 
 585.52527  697.6131 
 148.07133  699.01013 
 674.15057  701.9502 
 727.82349  702.71136 
 661.91132  704.14435 
 613.49109  705.29169 
 415.20941  708.90417 
 470.33389  708.44019 
 738.04236  709.14899 
 771.92041  716.83905 
 690.75702  717.8299 
 710.5838  723.89825 
 803.34375  724.70209 
 458.4126  725.86029 
 699.41095  725.81042 
 777.29468  727.65845 
 809.96686  728.62042 
 717.37714  734.79883 
 736.52112  735.35992 
 807.70801  738.14539 
 754.01563  742.17358 
 940.3653  751.34247 
 913.60736  764.75098 
 474.32849  774.28229 
 635.85822  774.79956 
 919.93658  775.2428 
 851.27094  785.51691 
 868.92664  789.37946 
 62.085728  793.63947 
 871.90643  798.51843 
 129.71947  802.90906 
 884.02386  803.5296 
 101.79371  804.87402 
 857.2594  805.12897 
 141.9272  810.85638 
 178.33684  813.31665 
 153.78738  816.60333 
 700.46307  817.60516 
 183.88882  820.46466 
 631.53931  827.9137 
 729.6994  830.05243 
 956.34271  837.47626 
 520.84991  844.11151 
 637.28436  845.73047 
 809.65991  847.66003 
 528.49713  849.63293 
 655.71198  849.67133 
 812.52148  856.0498 
 194.49693  859.30182 
 322.82471  872.41278 
 200.62302  873.41211 
 292.19894  878.81451 
 59.515068  889.24274 
 383.79156  893.26068 
 374.4368  893.55408 
 62.388031  900.7052 
 309.02753  904.36078 
 331.01846  903.65088 
 376.63974  905.25824 
 328.42154  912.87482 
 310.27393  914.0575 
 457.98196  921.67804 
 321.76346  923.98694 
 649.23682  939.15186 
 117.37151  942.90039 
 760.35077  943.33331 
 121.97865  951.94342 
 136.30974  953.1839 
 534.85284  954.48975 
 151.32838  958.35236 
 140.72701  963.00177 
 530.48663  962.95331 
 808.19958  84.552422 
 629.91296  692.48486 
 599.36279  704.05157 
 916.16492  87.375435 
 579.23053  89.651604 
 814.18188  91.86734 
 592.19897  96.585709 
 227.43668  99.549103 
 818.28613  102.42612 
 919.89484  102.68241 
 388.0177  107.27849 
 166.7746  112.34097 
 243.26534  114.67578 
 404.67307  114.40281 
 828.17126  118.18131 
 610.25934  119.15126 
 413.21262  127.50005 
 619.39221  131.76161 
 584.49469  134.00641 
 179.76187  135.15504 
 217.91974  136.97931 
 200.1436  144.05902 
 590.38403  148.59602 
 611.21539  150.11826 
 692.75989  168.55154 
 600.24561  172.2724 
 641.23627  172.44157 
 194.44124  173.01555 
 734.21796  179.92149 
 621.55029  182.07106 
 599.77832  187.77849 
 116.24489  193.72792 
 813.88745  202.23935 
 851.32953  210.78011 
 163.25456  212.58604 
 814.4201  218.94418 
 870.61664  219.65332 
 845.4989  228.08769 
 165.19095  232.3887 
 808.32587  232.98647 
 625.9281  235.35283 
 647.526  242.48331 
 765.94476  247.61398 
 888.48029  253.54253 
 182.47954  261.01157 
 166.66579  263.73422 
 407.86896  264.70041 
 769.4129  264.48041 
 786.09485  266.98953 
 362.10507  288.28629 
 819.92053  309.84732 
 409.03867  311.15585 
 779.8313  314.70917 
 830.86652  320.5777 
 847.55823  322.66708 
 764.9657  324.54276 
 412.21936  327.35101 
 751.35999  338.14355 
 205.33102  354.69742 
 897.41956  358.99243 
 732.67511  359.01633 
 909.34283  373.19104 
 467.30045  378.46088 
 263.77313  385.388 
 123.65705  390.07837 
 305.7283  391.99121 
 237.11964  393.6084 
 329.40823  393.7316 
 470.9837  393.59991 
 147.36285  401.21802 
 333.82977  410.48193 
 255.38609  422.01816 
 333.17871  426.61896 
 932.63269  426.74307 
 315.16208  433.67111 
 318.59924  451.62704 
 104.30322  454.77469 
 291.22583  457.30466 
 268.06622  459.55222 
 323.71622  466.32532 
 350.07245  466.52084 
 839.9375  465.8855 
 133.36909  467.60519 
 298.11804  478.79147 
 140.02907  480.36743 
 847.82391  481.79816 
 823.48486  484.13217 
 766.11444  490.52274 
 456.83228  497.76102 
 110.12612  504.46448 
 169.14278  510.67773 
 113.56058  516.62219 
 125.65963  521.60773 
 101.97508  528.01855 
 914.8927  530.07635 
 128.29378  532.52527 
 878.71918  534.26874 
 514.26147  537.58966 
 849.87115  539.64459 
 681.07776  542.36737 
 864.77789  542.64868 
 717.96967  546.86212 
 774.67847  546.89697 
 802.73535  547.32721 
 838.76129  548.91602 
 110.13318  549.43933 
 736.29559  551.31281 
 749.26532  556.95007 
 312.40454  581.73041 
 91.907646  588.41333 
 317.57388  591.8526 
 386.16367  591.23096 
 219.25746  598.79761 
 202.80884  602.05786 
 319.29068  606.12762 
 539.03033  608.22388 
 332.27292  611.45068 
 93.739738  617.41699 
 345.25754  622.80756 
 543.97205  623.43213 
 228.50418  628.6098 
 332.6066  633.84381 
 555.29169  633.43231 
 555.27423  646.19904 
 353.62872  648.73932 
 208.1315  655.27637 
 270.25476  654.34839 
 338.28802  653.52808 
 360.58237  650.95361 
 380.28918  653.65424 
 105.85558  660.37323 
 556.24139  659.98724 
 843.60193  664.64209 
 255.10286  665.15466 
 144.32103  668.19635 
 98.323204  669.18091 
 375.10107  669.37769 
 280.12952  672.28058 
 109.81068  676.15894 
 134.13748  678.4519 
 101.76372  683.36896 
 406.33383  685.56744 
 136.06534  692.1958 
 429.84235  688.39587 
 657.07367  692.57349 
 641.1048  696.91357 
 150.47021  697.32507 
 583.12885  697.82343 
 673.34326  699.28644 
 660.98096  704.60132 
 412.91913  708.85303 
 737.05994  709.41119 
 674.13647  714.15601 
 770.18573  713.54437 
 689.90436  716.11163 
 711.43982  722.22217 
 457.25232  724.70892 
 803.81311  724.73663 
 697.41064  726.51727 
 777.10767  728.78351 
 734.12183  732.39941 
 817.77039  737.29694 
 755.21722  739.21112 
 913.03949  760.74078 
 472.7561  771.50439 
 891.07697  772.50568 
 633.71918  773.72839 
 918.83197  775.23694 
 848.76727  786.6123 
 865.86749  788.25562 
 883.68719  801.46198 
 101.07239  804.94055 
 130.26007  814.29529 
 153.62337  815.68506 
 701.24017  816.2312 
 628.76196  827.23492 
 637.36365  846.61255 
 656.00537  848.32935 
 526.67285  854.35083 
 194.88284  858.09778 
 325.88953  871.07489 
 201.369  875.81958 
 338.40262  889.26355 
 379.64954  891.35138 
 467.53  895.79199 
 308.96906  901.85492 
 332.96371  901.61047 
 308.54269  914.79663 
 321.4346  921.71027 
 706.38141  459.82568 
 627.04205  693.46033 
 609.29163  116.79771 
 228.57159  118.36649 
 239.48938  117.53561 
 823.11676  118.70613 
 409.92841  130.07079 
 619.43225  132.81165 
 176.75682  137.92166 
 220.1351  137.72452 
 198.63011  142.89108 
 611.13135  152.54271 
 437.56284  163.54417 
 691.95044  167.89642 
 190.80341  174.26787 
 246.92635  175.97565 
 458.41599  178.96886 
 734.62848  177.20462 
 801.07104  183.73457 
 622.23108  185.42877 
 595.93353  189.53633 
 115.26988  194.21449 
 813.70636  200.7171 
 427.67157  207.17749 
 164.3371  210.3018 
 851.36017  209.77162 
 599.12567  214.1976 
 871.34576  218.34917 
 164.63412  233.16415 
 805.94275  233.93719 
 332.89139  236.02983 
 362.61383  263.84247 
 767.83734  266.06708 
 163.06419  267.16513 
 360.08359  288.47693 
 816.90039  309.18723 
 779.42474  314.32535 
 745.29706  319.8833 
 849.45209  323.87674 
 765.0401  328.36191 
 412.05243  329.40158 
 230.13321  351.39038 
 733.09088  359.57819 
 465.18112  378.11575 
 264.74988  383.20099 
 124.09341  387.63058 
 716.53149  390.3186 
 235.98708  392.20782 
 307.01535  391.55267 
 473.24533  394.63919 
 147.26332  400.25461 
 289.54208  407.6528 
 479.60074  408.74927 
 333.92694  418.70123 
 256.83127  419.73303 
 693.87225  438.60236 
 318.20453  449.88062 
 290.21878  457.0864 
 267.35471  459.74271 
 841.37628  464.92603 
 130.32698  465.51303 
 348.91626  465.65125 
 324.44202  468.75549 
 296.48175  477.85675 
 368.64282  479.77814 
 139.00255  482.52661 
 821.74341  482.25406 
 847.37689  484.45999 
 187.52931  489.11847 
 739.44562  489.64639 
 764.37842  491.50574 
 457.15378  496.02094 
 168.13998  511.49734 
 351.28641  525.84668 
 879.40631  534.44281 
 513.45996  536.28687 
 867.56213  543.53204 
 679.59436  542.14081 
 836.19995  549.31561 
 734.85187  551.77277 
 752.58417  556.43097 
 631.91632  557.08197 
 315.51233  587.0835 
 385.21002  589.13751 
 218.26701  596.43524 
 539.98529  606.32916 
 317.40988  607.54376 
 334.13306  609.65906 
 230.81371  621.8996 
 347.39429  622.97754 
 542.49768  625.54144 
 557.27911  632.50848 
 328.28735  634.97845 
 376.26956  650.82446 
 269.45193  651.98816 
 212.69002  653.35413 
 337.04074  654.29163 
 556.26392  661.32428 
 145.59018  667.03955 
 255.11874  667.98132 
 224.61464  670.0788 
 372.75192  671.35803 
 279.27652  674.63397 
 133.07129  677.95093 
 409.22247  685.68475 
 658.21265  692.9046 
 132.68575  694.44067 
 152.62544  697.5556 
 641.26465  699.03662 
 595.11572  702.84302 
 588.77032  703.56244 
 411.64557  710.15344 
 737.1167  710.83014 
 768.40704  710.55682 
 441.25177  711.55823 
 693.68073  712.4118 
 672.59735  715.19299 
 457.53394  724.3905 
 699.60577  727.22668 
 735.9541  730.00525 
 779.12677  730.56683 
 472.7681  737.28204 
 754.94232  736.70593 
 815.91815  739.08417 
 884.47565  748.80603 
 473.0184  768.37549 
 891.30017  772.20953 
 632.69983  774.50323 
 770.70966  775.5224 
 595.1839  781.96399 
 846.43445  789.03192 
 132.00966  815.99347 
 153.60005  815.50092 
 626.97699  830.92322 
 514.51996  837.31567 
 168.27765  841.51697 
 639.21545  852.49335 
 195.62546  857.20953 
 525.48535  857.2995 
 643.96655  861.06018 
 510.453  866.65973 
 326.87027  869.66406 
 202.31233  880.47229 
 230.69954  888.7146 
 379.89771  891.09662 
 466.43515  893.27509 
 312.29999  898.21454 
 846.84888  535.34369 
 180.29391  177.65067 
 461.71033  178.22012 
 587.6618  188.69095 
 623.73456  188.30696 
 808.01074  189.47719 
 849.99628  205.862 
 829.07202  230.405 
 387.73578  234.94794 
 335.33203  249.3517 
 783.31464  244.2079 
 330.64383  257.59641 
 361.89105  259.23883 
 759.95251  269.11551 
 357.60037  290.207 
 814.40179  302.2388 
 844.13757  325.52356 
 409.10703  331.68536 
 763.63269  332.38541 
 199.72052  351.22507 
 239.69371  360.88196 
 735.02014  360.88754 
 260.78412  373.15463 
 230.13991  376.70694 
 311.29099  387.39685 
 483.12753  387.18051 
 280.44568  407.59232 
 263.52728  412.61771 
 331.26239  420.30118 
 689.48315  432.73331 
 295.78931  452.77643 
 260.29428  461.7644 
 348.27057  458.6058 
 704.73779  463.27609 
 822.91925  479.44925 
 371.14502  485.31717 
 186.53696  490.44562 
 460.01208  491.50977 
 744.42578  496.13123 
 346.16745  518.79596 
 551.72595  518.6983 
 806.20679  543.20276 
 651.49438  548.64764 
 313.65872  584.31055 
 379.73679  583.00714 
 212.65944  591.95679 
 542.85217  597.15253 
 226.22725  622.30011 
 522.98004  629.10376 
 262.36447  644.81079 
 370.9343  644.93256 
 214.82625  650.12817 
 336.72137  659.4975 
 553.01239  661.43292 
 378.0686  677.79663 
 219.37111  682.17865 
 273.3215  679.40979 
 415.98035  683.96783 
 587.25989  697.98956 
 640.72119  704.37372 
 760.74139  705.302 
 431.12555  716.50775 
 457.70996  723.55518 
 782.5556  728.66504 
 748.91376  731.92645 
 811.0871  742.3418 
 473.95712  749.65216 
 470.20313  762.70203 
 765.92682  766.39008 
 586.70673  775.98218 
 634.91101  775.59808 
 561.54456  773.90253 
 363.84836  792.12299 
 834.38141  791.49481 
 475.96558  799.45508 
 503.45908  829.68427 
 808.8186  841.10168 
 437.34064  778.50256 
 819.86755  806.28235 
 356.7113  295.6431 
 406.02835  335.97607 
 764.41266  335.4884 
 739.20416  364.08505 
 323.18658  379.43149 
 721.50043  385.38574 
 272.65262  410.52298 
 330.80072  422.82266 
 461.61035  425.22617 
 684.3526  425.65234 
 298.61853  450.70169 
 347.53781  456.78168 
 703.80676  467.49933 
 638.89502  494.16486 
 462.2655  488.4729 
 382.27524  490.98996 
 554.11194  515.72192 
 680.37024  516.99341 
 644.02734  554.6842 
 376.55322  577.3548 
 315.97  589.50018 
 255.66563  638.26233 
 373.29019  640.82544 
 335.06873  660.0954 
 419.53989  681.32916 
 262.46268  685.03601 
 588.89838  691.91022 
 639.99451  707.19165 
 424.26871  720.92114 
 747.18811  722.55518 
 575.72369  734.50922 
 466.021  756.41095 
 761.05011  767.33801 
 640.42542  775.72736 
 672.672  412.24118 
 465.48682  424.18164 
 625.13837  489.24927 
 453.96744  492.63467 
 367.51266  565.78961 
 384.24899  633.06757 
 499.40872  628.72742 
 422.83212  665.9635 
