 258.65561  33.689335 
 880.99677  34.942482 
 431.91245  40.145039 
 212.21501  41.872437 
 254.02142  44.13467 
 747.44855  42.848778 
 784.18414  46.885483 
 206.79065  47.514893 
 432.46243  50.053417 
 431.073  50.469425 
 418.12173  52.265411 
 214.10118  55.838417 
 427.2182  57.72472 
 246.49394  68.705902 
 37.540512  69.840492 
 208.96896  71.88134 
 229.74117  75.922035 
 200.87488  76.727928 
 195.74152  84.369316 
 234.43846  84.377403 
 220.31273  89.829956 
 210.15887  94.858429 
 203.86563  100.52031 
 206.89954  108.25597 
 171.08063  109.35846 
 167.2301  113.08091 
 618.17151  117.36456 
 197.82619  128.22705 
 622.2832  130.16577 
 753.69513  130.16321 
 128.57362  138.29231 
 763.11511  142.86891 
 184.05878  147.30408 
 192.7574  149.65987 
 771.86914  151.25777 
 176.18491  152.94243 
 947.41254  155.0417 
 177.16504  158.80035 
 786.6734  159.45352 
 104.08438  159.10173 
 159.41068  158.67909 
 161.84329  165.65053 
 103.63685  165.84421 
 957.35553  169.062 
 955.18231  176.3909 
 39.823875  190.00787 
 923.13123  203.00552 
 914.09546  203.03062 
 96.085541  205.06683 
 94.271667  206.23686 
 106.02497  207.839 
 933.5614  217.91533 
 964.5321  220.89336 
 270.90912  228.21617 
 977.40759  235.91267 
 780.34082  236.43176 
 794.06946  238.40747 
 758.71014  262.67035 
 185.90756  262.50534 
 503.18158  268.59912 
 513.82288  274.10184 
 776.96008  278.11295 
 329.68588  278.85925 
 338.18344  280.67325 
 324.72934  283.88461 
 98.211044  286.28204 
 207.15218  286.90747 
 523.78552  286.8634 
 797.58282  286.52029 
 324.9614  289.60016 
 985.23486  293.05585 
 110.99632  293.64084 
 984.96033  299.62961 
 390.07675  303.49246 
 380.86356  303.41595 
 994.26056  303.08167 
 980.90564  310.4527 
 165.36462  310.66428 
 168.40154  316.82822 
 163.12958  316.89963 
 987.54712  329.50385 
 171.1718  329.58908 
 748.35266  329.97916 
 169.99283  337.68097 
 230.0874  343.44839 
 764.01526  345.5155 
 145.65283  345.16263 
 162.04642  347.19211 
 382.67224  351.99988 
 369.59366  367.80673 
 860.89795  370.34064 
 539.85852  372.89032 
 373.11282  376.08813 
 545.23267  376.49261 
 921.81555  388.51355 
 535.92474  392.81738 
 397.33191  397.30524 
 928.28674  397.19101 
 919.05396  413.83151 
 923.41418  424.59845 
 858.70471  429.45859 
 870.75214  432.13821 
 84.360405  451.228 
 70.589188  456.36575 
 967.74469  460.56802 
 100.75335  465.22098 
 870.22406  465.30298 
 92.053703  468.35236 
 113.28443  466.90396 
 105.02303  469.39261 
 97.749191  471.49832 
 115.07146  476.89014 
 96.414772  483.38162 
 862.42163  484.63919 
 303.47015  487.48016 
 102.90154  491.18201 
 300.67715  499.12079 
 303.74503  507.93298 
 970.10052  510.94418 
 308.28067  512.13141 
 298.09735  514.21478 
 955.57745  514.01288 
 898.44403  515.09033 
 947.56177  534.83759 
 295.12299  539.18243 
 961.50586  543.88165 
 294.71109  548.07813 
 964.49915  549.97974 
 303.98526  550.63251 
 304.90005  563.37592 
 719.30853  567.68964 
 926.1109  574.88995 
 716.37024  576.05231 
 933.83215  579.61755 
 48.838711  581.8916 
 728.80347  591.17816 
 927.25232  591.43896 
 328.92462  593.48431 
 49.557487  596.35602 
 336.84149  598.09033 
 323.64859  601.28857 
 330.47116  608.51941 
 59.942265  611.55658 
 322.12451  613.79565 
 73.977692  615.00232 
 484.30273  625.67249 
 489.00449  633.46106 
 503.75314  634.40442 
 483.21127  637.73383 
 487.38321  640.92358 
 57.568913  648.16821 
 477.35165  650.74799 
 484.73004  651.15533 
 63.549606  653.33215 
 55.710716  653.81409 
 377.84854  660.40216 
 708.54126  675.02118 
 762.487  704.52502 
 777.97925  708.1225 
 792.10687  708.54871 
 482.73102  709.67279 
 820.30402  715.14014 
 489.97415  725.67133 
 167.15933  729.45917 
 503.16779  729.43018 
 527.09125  729.6897 
 487.8446  731.77618 
 538.87317  732.37213 
 161.73134  733.62793 
 532.40601  735.77826 
 536.93982  738.15649 
 548.83154  744.46509 
 139.95256  750.17194 
 154.48227  753.52167 
 557.91815  757.78192 
 137.42044  758.97821 
 969.73633  762.50928 
 152.90353  766.7536 
 142.81717  774.26257 
 211.56189  778.15424 
 564.4649  780.02441 
 881.03821  782.8244 
 568.61859  790.86377 
 577.77856  794.17657 
 984.53912  802.90851 
 723.69635  812.67059 
 373.93469  816.74194 
 634.75104  819.12457 
 721.02509  821.21588 
 65.758781  824.16522 
 882.97589  829.02649 
 623.01526  828.78613 
 634.64099  830.71216 
 986.37964  829.6134 
 260.7919  840.00775 
 662.59607  848.93445 
 98.048073  862.66504 
 521.79077  870.4411 
 34.43261  880.73004 
 148.73132  888.37878 
 302.63974  911.92279 
 29.01548  918.02612 
 74.575844  919.72729 
 160.31517  926.09387 
 70.898666  928.20917 
 196.84357  931.17383 
 205.62794  931.69678 
 683.90363  931.07831 
 732.70514  932.32697 
 207.22926  940.72632 
 217.81706  943.64685 
 799.65765  943.2724 
 799.52295  951.32117 
 602.31067  951.88861 
 871.56421  951.84454 
 606.12421  957.7113 
 833.06256  974.34656 
 819.43732  992.65961 
 423.02396  43.909893 
 832.79498  51.258789 
 745.49335  51.973412 
 411.35519  59.399483 
 184.02051  64.054993 
 604.70331  99.206779 
 222.28847  101.82669 
 354.52054  101.64906 
 192.94357  119.6488 
 340.70908  126.56317 
 350.60278  128.57304 
 632.51648  129.15413 
 190.01424  129.57146 
 744.56885  129.85905 
 229.26509  140.01009 
 941.79126  142.63989 
 775.5592  163.02545 
 945.19141  164.36951 
 786.62231  169.66757 
 72.378403  170.99806 
 787.27594  177.52164 
 965.22595  182.10445 
 792.84839  205.1808 
 935.76056  210.55571 
 95.132874  213.22505 
 236.93262  215.99164 
 793.44159  222.86345 
 321.51044  228.73373 
 765.11212  235.87007 
 968.81995  243.70015 
 498.39819  245.98177 
 958.94025  245.62012 
 75.403893  266.6763 
 707.55811  270.84152 
 337.8725  272.51596 
 753.47223  276.6637 
 355.41229  278.02228 
 112.66535  285.91461 
 203.79485  298.56427 
 192.21608  306.50885 
 168.36073  309.1181 
 331.22424  310.87094 
 981.2251  318.84647 
 216.57877  338.10245 
 251.67307  340.93979 
 329.3335  345.47989 
 347.11926  354.91135 
 159.45058  356.62753 
 341.52692  378.41153 
 534.28967  401.31943 
 400.49689  404.92975 
 869.86761  418.72409 
 914.74219  421.50851 
 862.53156  425.19656 
 56.910557  440.19601 
 87.402679  442.04062 
 213.03873  443.45624 
 75.679565  443.94409 
 896.29114  446.75638 
 825.64526  472.95929 
 843.45459  476.00415 
 470.20908  477.51865 
 804.78741  479.07941 
 460.62375  480.77631 
 111.05537  484.78323 
 779.96222  489.3287 
 882.31598  494.09012 
 884.51953  505.24945 
 905.073  509.46426 
 232.04953  523.04657 
 309.25598  522.97266 
 906.23163  523.88824 
 300.15588  527.71735 
 918.48108  531.40466 
 497.49231  532.11664 
 915.6629  540.62573 
 924.052  541.56189 
 508.68408  548.92065 
 920.41693  550.14667 
 312.97931  565.70612 
 933.04645  566.81439 
 495.08417  579.41547 
 318.57718  583.18134 
 967.80914  583.91772 
 975.71643  602.01251 
 72.75425  606.81128 
 487.32608  610.89105 
 647.04169  624.43207 
 352.80048  633.05316 
 330.70645  634.19788 
 977.88843  633.77386 
 811.81964  637.23798 
 821.7652  636.79059 
 907.26453  643.07947 
 64.81868  643.85669 
 893.33105  648.17255 
 902.70032  650.12561 
 954.78076  655.96869 
 473.03683  657.36127 
 687.10254  660.41516 
 477.60248  664.70624 
 358.76743  669.41571 
 690.31305  670.37646 
 471.41052  695.53064 
 138.66254  719.95111 
 349.21393  720.26373 
 495.68152  720.84918 
 545.92523  752.9046 
 562.79352  766.24213 
 965.19525  772.30573 
 976.86267  779.90588 
 198.36914  784.77612 
 604.44281  785.12152 
 488.04489  801.49237 
 354.14969  803.83813 
 357.56827  811.39709 
 594.86591  818.10376 
 606.14148  832.22687 
 62.929028  835.90601 
 658.401  841.14941 
 459.12119  844.66687 
 453.61163  862.49377 
 94.588173  871.28894 
 466.70987  875.83893 
 48.311462  889.55463 
 161.2403  891.9859 
 541.62726  896.08502 
 158.49304  900.07025 
 310.2103  906.71912 
 313.00613  914.96149 
 670.05939  918.40308 
 145.7986  919.53241 
 172.92178  920.44733 
 906.16711  922.13434 
 678.16211  924.13159 
 762.90228  933.25732 
 680.20728  939.85864 
 422.45062  941.34686 
 734.33411  943.36719 
 416.37238  949.77948 
 220.4093  954.01355 
 823.13519  955.30511 
 600.78241  960.15002 
 821.26056  963.31177 
 210.4843  969.70569 
 391.17764  975.36517 
 254.42174  43.92168 
 176.69576  158.87282 
 103.46648  166.55255 
 271.01944  229.02754 
 162.25139  347.10587 
 97.634811  472.73569 
 947.63782  534.53503 
 965.13232  550.57281 
 60.476303  611.06775 
 321.85553  614.0686 
 526.3595  729.22339 
 160.86176  733.24139 
 154.52229  753.29651 
 428.16678  58.280331 
 247.42847  58.935261 
 219.76587  59.793068 
 410.45941  59.874088 
 184.14862  64.497696 
 578.58978  65.359375 
 247.0972  69.471924 
 199.80797  75.505981 
 228.83093  76.71534 
 195.84853  84.416084 
 234.74922  84.886902 
 210.32524  94.366844 
 228.61  94.378761 
 354.09106  99.131287 
 604.66266  99.31163 
 223.22479  99.63295 
 206.12404  110.00201 
 739.98987  113.31096 
 804.9234  115.1468 
 618.42865  116.715 
 193.25261  119.23447 
 736.13367  123.8616 
 229.85518  125.55422 
 339.89859  125.79202 
 188.34912  128.95332 
 195.51846  128.76382 
 351.29123  128.89763 
 633.07373  128.8853 
 621.78015  129.86952 
 754.0838  129.64632 
 744.16803  130.56834 
 318.67377  131.78279 
 169.04588  142.35095 
 763.26196  142.62062 
 941.36444  143.41748 
 867.0177  143.83954 
 185.53238  146.48512 
 772.21094  151.12547 
 947.89532  155.20979 
 159.25043  158.06616 
 787.87103  160.38348 
 773.38354  163.03839 
 160.41492  166.35582 
 945.73346  165.49066 
 72.559158  171.10062 
 954.2121  176.37555 
 786.09296  178.24805 
 965.34283  182.95383 
 787.39764  192.12251 
 903.10742  196.39635 
 922.56708  202.78233 
 793.46283  204.25484 
 95.738533  204.565 
 68.852303  208.36913 
 106.8005  208.3226 
 936.23419  210.34175 
 236.38966  214.60579 
 963.75287  220.8082 
 762.46442  221.68727 
 794.34357  222.59541 
 332.58447  225.74989 
 321.80399  228.56984 
 964.03998  233.01248 
 252.8909  235.04961 
 494.36755  235.24963 
 764.16229  236.36476 
 794.87982  237.49574 
 958.96997  245.47235 
 546.93835  245.82057 
 783.5954  245.88512 
 497.62943  246.69327 
 185.97507  261.42188 
 759.39142  263.44589 
 76.241051  267.51666 
 503.12051  269.66724 
 707.64374  270.42209 
 337.4617  271.72906 
 514.17194  273.88675 
 109.9142  276.17819 
 753.39691  276.92166 
 329.80862  277.72327 
 356.9393  278.42392 
 776.51782  278.51529 
 77.406845  280.70883 
 338.90375  281.09976 
 363.98163  281.82486 
 98.722359  285.79474 
 112.96604  285.77277 
 796.80426  285.80838 
 207.33492  286.81808 
 523.14435  287.21976 
 812.19086  292.28589 
 111.61936  294.25504 
 137.24315  296.88467 
 204.53026  297.92773 
 380.04413  303.8143 
 391.4278  304.34161 
 841.96973  307.01398 
 168.5276  308.05875 
 332.19577  310.48758 
 165.90768  317.74188 
 410.84738  320.23193 
 151.79776  320.9053 
 171.84312  328.6488 
 748.74158  330.30789 
 169.85039  338.10797 
 216.03105  338.58701 
 251.75806  341.02136 
 229.39008  344.02866 
 144.89992  345.61334 
 329.2988  345.95007 
 764.1203  345.91736 
 382.97491  347.87973 
 347.72464  354.99933 
 160.14784  356.31018 
 380.52744  366.07379 
 369.8736  366.96246 
 861.60657  369.83728 
 111.23463  370.48959 
 541.22137  374.10416 
 372.77554  376.70624 
 343.32089  379.08237 
 921.10181  388.0853 
 535.3678  391.29575 
 396.86688  395.79547 
 928.23798  397.04092 
 534.54016  402.42691 
 401.32526  404.90851 
 919.42859  412.48792 
 911.34406  418.78125 
 956.0896  423.69266 
 860.96295  426.5705 
 945.94037  433.44363 
 87.997658  440.95502 
 871.99829  440.56491 
 75.106232  444.31625 
 213.99847  443.99704 
 896.44348  446.89539 
 84.67746  452.66251 
 71.464279  456.63007 
 114.06337  466.19049 
 104.22829  469.02713 
 305.51605  473.38535 
 826.39917  474.21198 
 115.79575  476.12512 
 843.80902  476.52771 
 470.92575  476.86612 
 460.35342  480.41162 
 805.09686  479.78949 
 97.540344  482.79837 
 189.698  483.81818 
 863.06189  484.45676 
 303.09146  487.47644 
 780.19049  489.54718 
 103.70943  492.19348 
 881.75488  494.14639 
 300.3493  498.70145 
 866.7879  499.35086 
 201.05301  501.17072 
 884.10547  505.25333 
 450.91083  507.88208 
 304.98801  509.15051 
 906.31689  509.66196 
 955.39642  513.58228 
 229.44115  514.97314 
 897.88538  515.19183 
 216.06453  516.04926 
 297.15619  516.09479 
 231.89227  520.30896 
 364.10812  520.85919 
 310.71732  523.03021 
 905.91577  523.63263 
 299.12427  527.86627 
 917.51563  529.61664 
 497.23074  531.78766 
 522.18671  537.88318 
 503.48495  539.39325 
 915.03247  540.79004 
 293.81241  548.53796 
 508.73615  548.75623 
 304.43951  550.97827 
 303.68933  562.29388 
 313.42349  564.93073 
 933.08795  565.98608 
 719.5069  567.8327 
 323.73087  571.02264 
 925.5177  574.45557 
 715.42865  576.1416 
 495.46283  579.31696 
 317.41995  581.99615 
 934.1427  581.80475 
 927.33643  591.67377 
 327.72855  592.8092 
 337.97076  596.9223 
 465.17175  597.2851 
 322.53421  600.70093 
 72.499878  606.2428 
 331.38425  609.21143 
 487.45935  611.74536 
 74.105644  615.013 
 743.18115  620.66339 
 504.46741  625.25958 
 646.09021  624.59949 
 484.35236  626.28595 
 352.90213  632.21454 
 329.8667  634.4469 
 503.8284  634.83264 
 820.76813  636.56012 
 484.99249  638.95502 
 907.25024  642.11395 
 796.13556  646.37042 
 892.98859  647.87634 
 919.06201  647.95013 
 676.06793  648.90057 
 903.12628  650.47925 
 482.44537  650.59888 
 63.973381  653.98383 
 954.56152  655.47235 
 687.32654  660.35388 
 378.00803  660.83813 
 477.96744  663.38379 
 62.293747  669.13312 
 359.13486  670.19775 
 691.26086  670.66241 
 708.02429  675.02252 
 722.99054  676.6994 
 745.65942  689.91516 
 781.88672  698.41095 
 763.41956  704.16681 
 815.15277  706.245 
 777.91504  708.06793 
 791.82019  708.08051 
 483.59723  709.21063 
 954.57526  713.1308 
 801.29736  714.89246 
 820.72583  715.34204 
 138.32738  719.57977 
 349.03342  720.15143 
 491.07211  724.67145 
 848.617  724.76648 
 168.64095  729.5766 
 503.18222  729.68628 
 854.72272  729.52368 
 532.34247  736.7735 
 548.67273  743.94318 
 140.20854  750.10602 
 546.17828  753.47595 
 557.72882  757.44934 
 136.625  759.10364 
 159.36053  760.81006 
 152.7545  767.14636 
 965.40393  772.36023 
 141.6422  773.48639 
 202.42685  773.44354 
 210.44673  777.95679 
 564.2113  779.38837 
 198.61229  785.12518 
 603.9635  784.71796 
 567.18744  790.44739 
 578.65295  794.48096 
 609.01782  795.42444 
 488.41074  801.40173 
 354.20953  803.81744 
 358.01465  812.37909 
 723.31116  812.40649 
 594.93561  817.84894 
 635.01233  819.24017 
 720.98083  821.35846 
 65.328323  823.82892 
 883.15637  829.63818 
 633.93555  831.05078 
 606.66455  832.34839 
 63.118919  836.51483 
 260.59186  839.57056 
 657.66473  841.69904 
 457.7515  844.71252 
 662.25525  848.18347 
 98.951149  861.38129 
 454.29443  863.49652 
 522.56665  870.89117 
 94.906425  872.01208 
 468.25525  876.10107 
 154.15318  878.45868 
 149.14516  888.77356 
 162.19965  891.96851 
 541.9281  896.0094 
 917.5199  896.96362 
 158.89592  901.40918 
 310.28384  906.39966 
 302.91428  911.8407 
 669.52704  918.39099 
 75.243187  919.56128 
 173.91296  920.40491 
 159.8013  926.25439 
 72.618233  929.55365 
 682.53009  930.16498 
 196.47318  931.53534 
 733.85278  931.55634 
 763.51044  933.43927 
 664.60016  938.19989 
 680.2088  939.92389 
 206.91415  940.66742 
 787.89264  943.14575 
 800.09497  942.73505 
 218.46198  943.5365 
 733.7373  943.64032 
 150.61067  945.73877 
 417.74915  950.40991 
 689.05402  950.51605 
 602.31976  951.3175 
 872.3631  950.90839 
 799.34192  952.55341 
 220.53714  954.75726 
 823.28705  954.67377 
 601.20673  960.27026 
 821.03375  963.82294 
 124.71728  965.52771 
 176.44373  158.81488 
 523.6059  727.46667 
 351.04239  96.6558 
 225.41676  98.972206 
 605.99451  99.830574 
 205.81311  111.29562 
 803.59851  112.69398 
 617.26428  114.4238 
 336.68173  124.49786 
 753.99963  126.87572 
 190.31097  128.69597 
 351.76563  130.2077 
 618.48401  129.83632 
 861.96613  140.19835 
 885.88696  139.93459 
 767.12677  144.13699 
 184.26051  145.54482 
 157.96268  155.63039 
 769.64307  162.48497 
 787.98492  162.07695 
 159.15758  168.30788 
 780.62708  179.85088 
 788.72906  192.44412 
 902.81232  195.29593 
 93.259384  201.26132 
 921.80853  203.09886 
 107.24508  209.04037 
 935.38464  209.24428 
 236.22327  212.42882 
 763.37665  221.2343 
 793.75464  221.05276 
 325.30759  224.74527 
 251.59734  233.63727 
 761.2796  236.5504 
 795.29883  236.57019 
 493.05844  243.39079 
 138.53146  245.06068 
 545.46124  245.9131 
 778.47668  248.5976 
 186.98511  258.59586 
 757.85284  262.00739 
 333.02051  272.14786 
 112.35858  273.7937 
 749.89453  275.18253 
 359.97073  278.314 
 738.54022  279.10822 
 771.72321  281.47745 
 98.171051  283.6449 
 205.83372  284.46954 
 794.21228  283.14334 
 522.93115  286.72144 
 736.54022  296.96173 
 135.6572  297.2995 
 206.24109  298.70538 
 517.36603  302.21783 
 166.87347  304.61255 
 393.23846  304.88464 
 335.29935  306.12955 
 839.46063  305.22488 
 164.48875  316.84366 
 148.51831  320.2641 
 171.87868  327.24191 
 407.88281  334.67874 
 870.33881  335.62842 
 169.21887  338.26456 
 215.36452  339.82684 
 145.0071  343.67456 
 326.54416  344.84015 
 380.60446  345.46384 
 763.3313  346.82025 
 400.2561  348.16342 
 347.82849  354.31265 
 373.86044  362.73184 
 109.21463  368.13663 
 539.54462  374.31351 
 342.36276  376.71054 
 371.0397  378.76776 
 535.01654  389.34021 
 96.052368  392.98178 
 394.82275  391.9725 
 927.76349  395.11594 
 534.86517  407.84183 
 863.64203  410.24396 
 920.9978  409.52441 
 907.32581  418.63446 
 858.18207  426.50198 
 198.44734  435.63052 
 871.53198  437.302 
 214.28577  441.24323 
 115.37923  464.76822 
 100.75806  467.34137 
 207.61638  471.53357 
 304.50916  473.10754 
 471.00565  472.41049 
 823.25653  479.32568 
 841.94019  475.439 
 95.686829  479.98807 
 804.91107  480.80206 
 180.54437  483.76221 
 302.74109  484.59445 
 780.02185  490.2168 
 105.6628  492.41907 
 879.7207  491.30264 
 297.86035  497.19827 
 864.69293  499.68622 
 883.75165  505.93344 
 306.15491  508.56409 
 231.01671  514.51099 
 894.98584  514.94037 
 213.20616  516.85992 
 363.07056  517.74011 
 901.89465  521.24506 
 311.34421  524.36444 
 296.22205  527.93726 
 231.17412  534.9812 
 501.17581  535.40985 
 290.3653  548.09039 
 306.02533  550.64319 
 314.88251  562.80225 
 326.11166  569.31049 
 922.01141  572.4978 
 314.1123  580.02118 
 925.1424  590.94934 
 333.53064  609.98328 
 486.91077  609.16779 
 742.49988  620.5448 
 483.68768  624.57458 
 642.9292  623.17957 
 354.13272  627.74091 
 326.55484  633.34015 
 817.73285  636.03723 
 488.46664  638.8587 
 795.45221  643.9516 
 672.30365  645.44714 
 919.47711  648.33759 
 481.85318  650.07172 
 816.5152  653.19165 
 685.99408  658.05029 
 476.21552  662.48822 
 357.98007  668.98181 
 694.677  669.59125 
 721.00885  673.62921 
 743.99683  687.31989 
 790.37531  705.07593 
 480.81189  708.50269 
 776.67365  707.88947 
 802.30243  714.67761 
 818.26038  714.92474 
 347.94519  717.58856 
 491.2637  722.19464 
 171.79173  730.00348 
 851.98865  729.82098 
 530.63812  737.23175 
 547.42987  741.20929 
 140.29993  747.85736 
 172.2104  751.85669 
 544.22028  754.12378 
 557.91034  754.43109 
 134.34134  759.27869 
 161.55408  760.198 
 551.44299  768.0318 
 141.26338  772.16125 
 207.77611  774.80505 
 564.0824  777.83795 
 564.28619  791.21814 
 579.85168  793.90546 
 608.27539  795.60779 
 351.76047  799.66071 
 485.70856  799.5647 
 722.28314  810.13788 
 593.54645  814.24072 
 353.80392  815.58386 
 634.3291  815.90631 
 281.84872  822.29578 
 608.15021  830.80725 
 632.37946  832.00928 
 258.11551  838.04688 
 658.0589  842.23248 
 454.69348  843.56348 
 99.063538  857.34998 
 663.54559  860.3194 
 452.45407  864.70331 
 523.39838  870.09387 
 95.387772  872.14703 
 469.10458  875.52332 
 147.17674  887.89319 
 163.42078  889.02722 
 307.74057  906.03644 
 173.10373  917.22052 
 665.88043  918.33173 
 303.61194  923.15118 
 157.70573  926.1853 
 708.53741  926.75732 
 680.26477  928.33966 
 734.43854  927.92236 
 762.57556  932.93469 
 856.20911  120.85915 
 520.29028  727.20715 
 729.82556  122.42349 
 332.45309  125.45319 
 755.55432  125.08662 
 188.85301  128.19972 
 614.16437  130.65585 
 861.18134  137.71016 
 888.20093  139.54002 
 767.73157  142.84364 
 184.39702  145.10808 
 789.48645  160.48679 
 767.2207  161.98138 
 159.71959  171.86304 
 623.37183  173.88176 
 777.64874  181.22395 
 791.73511  194.56686 
 632.05084  198.63107 
 591.16632  206.22682 
 540.75421  210.46442 
 237.44293  211.05664 
 762.5108  218.15211 
 793.18201  218.24678 
 507.00845  222.23721 
 349.797  230.73915 
 252.23846  232.76199 
 655.99707  232.63237 
 794.82391  237.78026 
 490.93445  242.84006 
 140.08717  243.56302 
 777.2467  250.80537 
 189.5401  258.29257 
 332.01529  273.23251 
 744.95258  275.09708 
 362.02789  276.03265 
 205.20494  279.97498 
 523.38416  284.28299 
 771.15424  284.58124 
 735.94348  297.87952 
 204.6353  300.45956 
 338.31  304.39578 
 394.87326  305.05475 
 517.18488  304.1572 
 839.49567  304.97983 
 371.85574  311.27902 
 165.59671  315.8125 
 241.6626  330.40543 
 871.91779  333.38574 
 405.58755  336.43436 
 214.39763  339.76639 
 145.28297  343.267 
 402.1037  343.1431 
 324.49258  345.31497 
 348.14236  353.95166 
 374.18256  360.63376 
 537.47931  372.94913 
 341.85153  375.14337 
 370.74826  382.0694 
 395.17392  390.34369 
 537.0058  390.82724 
 402.50589  411.6853 
 903.70361  418.55908 
 856.38873  426.96924 
 213.88245  438.76959 
 365.89435  445.06415 
 116.65466  464.29404 
 213.60864  465.55869 
 472.0517  471.12497 
 842.50671  474.09412 
 303.6937  479.46158 
 181.21942  484.85739 
 877.78033  488.91879 
 777.79468  490.50629 
 295.41287  497.89923 
 184.2834  504.73688 
 308.76205  506.73056 
 886.08356  508.89252 
 749.33142  510.49069 
 231.22978  512.52234 
 211.36282  516.56934 
 362.12326  515.6496 
 898.29608  520.54895 
 313.84949  526.12689 
 292.14059  527.61346 
 500.13251  533.64728 
 229.39883  536.77917 
 709.35846  538.97583 
 699.62164  540.90405 
 287.92667  548.03357 
 704.52405  562.78809 
 320.72125  563.57593 
 312.13611  581.47394 
 488.27933  607.11792 
 465.87296  610.23376 
 594.59583  610.4068 
 720.90503  610.4726 
 336.55981  611.64862 
 741.59045  620.74506 
 641.47876  621.98578 
 483.58365  624.03516 
 324.32892  633.42365 
 818.95392  635.82635 
 490.47647  639.00244 
 795.76312  642.6897 
 350.63837  650.15417 
 814.99689  655.56982 
 474.91855  663.67267 
 357.68039  668.51758 
 698.44781  671.21924 
 722.63129  673.04059 
 365.11005  687.49957 
 744.65601  687.65546 
 775.18579  707.41571 
 809.4082  714.0802 
 863.53992  713.33643 
 818.68909  715.50385 
 348.87057  717.51318 
 486.28946  717.28693 
 173.30859  728.98071 
 850.4754  732.50787 
 529.54401  739.84448 
 548.84338  742.26208 
 143.43645  746.65967 
 558.57703  749.10364 
 551.53564  767.92041 
 208.17363  774.67804 
 566.81396  777.45947 
 448.94293  787.40363 
 351.36407  794.99194 
 562.70996  794.30334 
 607.54803  796.67102 
 484.40021  800.04034 
 633.73553  812.68726 
 594.60364  814.76727 
 333.29831  818.02368 
 281.84372  818.97736 
 352.28723  819.29999 
 609.27692  829.64532 
 192.14857  832.13251 
 632.75708  833.1145 
 893.20892  832.53058 
 279.47729  840.48285 
 663.12012  860.98376 
 450.63995  874.07434 
 144.39229  887.9903 
 308.02313  905.29132 
 715.5174  906.97479 
 787.86548  699.89874 
 308.37939  170.74672 
 713.57654  173.4682 
 490.88797  187.3495 
 845.84998  196.49275 
 633.79529  198.21016 
 480.19092  202.34691 
 794.9519  204.24574 
 320.41315  217.4516 
 507.44559  218.76384 
 251.41138  223.88728 
 796.52356  237.32767 
 344.68195  251.29649 
 487.7836  243.57227 
 244.27464  260.39136 
 199.06667  268.90027 
 364.65073  267.19763 
 737.1759  270.55408 
 770.5282  287.05365 
 842.3042  300.48526 
 345.53323  302.26233 
 399.90619  303.79025 
 512.83289  303.61545 
 365.30893  307.43823 
 239.25755  330.51941 
 400.62497  341.27945 
 317.5029  343.88553 
 353.51044  352.21851 
 396.35275  383.35968 
 547.7995  390.18747 
 401.35376  417.70493 
 535.70795  415.48648 
 847.99158  426.07233 
 211.86168  432.11368 
 364.33463  435.94818 
 208.98047  465.5509 
 476.01694  470.08694 
 302.16122  474.79218 
 185.07828  483.15826 
 819.73126  482.83768 
 776.646  492.8089 
 228.6165  504.98837 
 360.5647  508.05157 
 172.636  513.35468 
 751.62506  512.70074 
 203.70404  517.45947 
 705.38171  533.18988 
 222.21111  538.21338 
 542.58856  539.31812 
 284.31464  553.44745 
 321.6835  557.27606 
 701.49707  566.83649 
 313.29724  588.14624 
 494.82532  601.46143 
 343.13947  613.12219 
 463.24872  621.07391 
 614.00372  616.90656 
 722.70447  615.4577 
 797.2182  639.70001 
 340.01376  648.89868 
 472.09576  661.80939 
 359.42838  668.38007 
 238.14832  680.35114 
 750.82977  687.2597 
 360.28549  697.38281 
 312.7453  703.68994 
 348.78726  709.13672 
 483.30414  709.53552 
 811.60913  716.68549 
 175.96878  723.86578 
 338.12296  750.15942 
 526.43988  744.39258 
 172.68942  756.12408 
 422.21014  763.70074 
 448.23431  781.54895 
 345.45569  783.79004 
 486.3663  802.99438 
 630.30231  804.77356 
 289.84033  812.99377 
 336.80341  818.06256 
 607.06183  821.63477 
 188.07402  827.15906 
 636.50079  833.06897 
 282.77713  843.22003 
 481.31265  249.64534 
 728.73737  270.57083 
 242.90669  262.07495 
 357.24878  305.83652 
 409.13007  304.21225 
 511.00714  303.35043 
 429.38684  307.68399 
 404.01636  339.73709 
 358.72125  352.54288 
 397.05328  381.577 
 552.91309  390.2482 
 534.43469  423.27023 
 406.89624  426.01416 
 481.80685  467.03833 
 303.21991  482.67914 
 782.89087  489.03992 
 359.7605  502.07822 
 761.96057  511.30948 
 704.86261  525.5946 
 325.21835  555.51917 
 280.81592  558.5954 
 631.18457  560.97241 
 697.4436  571.69391 
 425.59201  585.823 
 653.50238  600.39246 
 349.12479  611.70728 
 607.05164  614.84998 
 334.73862  651.1059 
 742.87872  667.29407 
 758.55414  671.15118 
 781.40936  679.58368 
 765.61041  692.28882 
 787.54999  699.12994 
 352.32617  700.46216 
 487.06638  705.07086 
 490.35178  718.42841 
 757.20801  721.28522 
 452.79919  733.29828 
 525.1286  749.82867 
 442.05661  776.33533 
 348.11316  779.6601 
 384.87912  376.58875 
 511.48578  411.56812 
 469.71884  466.94693 
 359.90213  487.66675 
 632.36584  485.13 
 623.14258  552.72009 
 356.61087  600.2124 
 440.68817  605.48114 
 343.85684  557.85504 
 468.75381  474.7077 
