 992.76752; 29.933657;
 390.60251; 31.173883;
 900.83954; 31.024448;
 766.72491; 32.684193;
 715.53015; 35.8563;
 208.4772; 36.975483;
 711.86456; 40.567165;
 205.29636; 41.733326;
 769.76361; 44.641815;
 845.21783; 48.827984;
 963.07086; 49.152046;
 685.55457; 50.449139;
 772.96185; 52.016129;
 681.39459; 56.304539;
 958.84113; 60.451698;
 731.84521; 62.354252;
 688.9577; 61.706699;
 777.5777; 63.700382;
 652.36035; 63.185024;
 353.07886; 65.207504;
 967.67493; 65.63121;
 235.00754; 65.884972;
 683.40491; 68.739616;
 863.78082; 68.315956;
 883.10699; 68.091904;
 425.02411; 69.983986;
 685.30554; 69.613297;
 873.42963; 73.362068;
 964.03949; 73.47818;
 234.40907; 73.264702;
 421.46951; 76.258026;
 658.12335; 75.865135;
 444.66946; 76.213112;
 894.93457; 80.037582;
 974.93988; 81.736259;
 442.58408; 84.472687;
 971.18311; 86.831116;
 816.00214; 87.579613;
 871.47723; 86.323792;
 699.21338; 90.039879;
 900.53607; 90.122826;
 457.56171; 92.294891;
 383.71973; 92.104187;
 78.420685; 93.819809;
 466.4538; 93.520226;
 897.08179; 93.986282;
 33.923588; 94.639893;
 904.81036; 97.21003;
 382.53046; 99.59671;
 466.39392; 99.92141;
 719.43219; 100.72978;
 710.25574; 102.98684;
 910.15088; 104.06658;
 391.26419; 104.31881;
 228.97545; 109.27655;
 397.37979; 110.0608;
 243.99339; 110.8978;
 476.10104; 113.90336;
 484.13434; 118.16206;
 203.71552; 118.20288;
 399.94992; 118.82624;
 195.2854; 121.47319;
 496.21121; 121.31239;
 223.84225; 121.90662;
 481.3302; 122.97547;
 188.08789; 125.09608;
 404.75992; 125.25253;
 786.82855; 125.67613;
 858.11035; 126.1606;
 401.14673; 131.91895;
 494.49905; 130.88214;
 194.45322; 132.13953;
 407.49805; 132.52087;
 854.26221; 133.62039;
 212.86238; 136.05597;
 932.77692; 135.26552;
 580.60944; 136.31445;
 710.87408; 142.31859;
 406.63284; 143.61005;
 735.32507; 146.73273;
 414.48871; 148.08887;
 314.34528; 150.85052;
 323.612; 150.97469;
 424.04883; 151.07567;
 436.15762; 154.1346;
 37.259602; 155.59859;
 430.31012; 157.79489;
 752.50562; 156.13071;
 44.431171; 158.25383;
 435.491; 159.23538;
 443.87207; 160.95207;
 654.0249; 160.69527;
 307.80261; 163.95047;
 37.96505; 164.15805;
 747.58856; 164.93896;
 533.25043; 166.37422;
 442.73782; 167.10011;
 400.84387; 166.2438;
 966.38318; 165.71014;
 844.47339; 169.65871;
 863.7511; 169.9402;
 857.74493; 174.33513;
 117.32617; 176.12605;
 446.03903; 176.80214;
 994.19073; 176.80571;
 878.79419; 177.70332;
 265.20441; 181.70718;
 513.91064; 182.32759;
 625.32971; 184.14265;
 621.36755; 189.52223;
 131.28937; 188.72858;
 502.27664; 190.37372;
 635.59033; 193.03717;
 146.30324; 194.50906;
 333.76108; 194.05353;
 501.14914; 195.07172;
 526.58252; 197.43272;
 524.92236; 203.06691;
 646.16467; 202.12949;
 707.08569; 202.38396;
 165.66243; 203.25198;
 159.43059; 204.12454;
 949.50433; 204.55794;
 985.43597; 207.12715;
 970.26666; 207.6778;
 550.94257; 218.61078;
 519.36493; 222.12643;
 558.14301; 225.04866;
 671.08472; 227.11142;
 860.05176; 233.20531;
 93.137756; 234.64301;
 195.63712; 242.5408;
 672.78351; 242.95647;
 858.39331; 243.35147;
 73.065636; 243.38799;
 817.05316; 247.22429;
 185.01219; 252.44844;
 583.664; 253.00475;
 640.05688; 254.11847;
 642.53363; 253.8573;
 653.45398; 255.62161;
 763.11823; 255.32668;
 179.79547; 255.95633;
 797.12439; 257.15906;
 236.46805; 255.8775;
 757.36127; 256.67459;
 883.1618; 259.08014;
 176.62573; 259.93127;
 372.04285; 261.11536;
 174.75122; 266.76788;
 758.90552; 269.5625;
 186.53525; 274.18628;
 753.40509; 273.6842;
 440.99429; 276.34933;
 183.80197; 280.00278;
 421.42874; 283.03979;
 308.12851; 283.20901;
 758.2851; 283.76416;
 50.962524; 285.76639;
 316.95203; 284.97098;
 853.90594; 285.73672;
 616.53424; 286.69009;
 815.46979; 286.26404;
 809.49902; 288.68283;
 415.66083; 289.87338;
 849.16907; 290.27612;
 618.41821; 289.9274;
 149.88724; 292.04745;
 44.139896; 294.14499;
 183.42354; 294.52939;
 289.11874; 295.65128;
 616.23816; 298.03674;
 645.68665; 297.47458;
 624.93939; 297.38937;
 844.05927; 298.22739;
 40.59594; 298.93439;
 46.891537; 298.01498;
 181.50204; 299.99594;
 208.62581; 301.08209;
 768.61951; 300.07751;
 881.7019; 301.62238;
 777.14569; 303.86694;
 790.30719; 304.45233;
 41.05397; 306.22974;
 641.39551; 306.35266;
 621.97876; 307.53354;
 768.93909; 308.03513;
 752.09766; 308.34506;
 746.42841; 310.75018;
 296.20862; 311.99173;
 365.17307; 312.59653;
 688.24884; 312.34924;
 43.182156; 315.03918;
 616.67615; 312.66675;
 694.34521; 316.77029;
 286.86093; 318.70621;
 659.30713; 320.23077;
 755.36096; 318.90274;
 616.57745; 321.2475;
 697.50385; 322.66681;
 621.40967; 325.9791;
 911.10571; 327.28497;
 645.78674; 327.94971;
 293.88477; 328.64594;
 496.10266; 329.10303;
 849.1748; 329.10419;
 94.374977; 329.75452;
 668.94958; 331.16281;
 694.51031; 331.40466;
 234.83934; 330.15009;
 703.21808; 329.65448;
 617.52283; 332.62167;
 907.56268; 333.56268;
 492.32031; 335.91364;
 700.91974; 337.08633;
 666.90027; 341.05603;
 497.64661; 344.37039;
 616.94135; 343.49908;
 623.17822; 343.87207;
 79.012451; 343.42706;
 806.07062; 348.08191;
 82.431061; 350.31708;
 406.07343; 351.10965;
 71.132072; 350.82397;
 169.19054; 351.15817;
 175.14061; 352.87668;
 622.5321; 353.02325;
 794.37152; 352.79236;
 812.33398; 354.22217;
 79.053024; 355.01999;
 165.53183; 354.9921;
 408.24994; 355.07968;
 606.55804; 355.39868;
 847.8891; 358.84918;
 601.13385; 359.21515;
 163.87631; 359.68973;
 618.52942; 359.86737;
 624.78003; 363.38257;
 166.39569; 365.60617;
 636.09601; 366.66736;
 709.29065; 366.29871;
 607.33575; 368.7796;
 350.99197; 370.11542;
 163.43465; 373.62781;
 171.47415; 371.04352;
 192.97237; 372.12976;
 249.66557; 371.66315;
 600.15088; 371.63071;
 579.57513; 372.84766;
 430.76471; 374.97464;
 250.69455; 374.92035;
 438.17136; 379.93201;
 704.13531; 379.52896;
 439.51938; 381.92484;
 685.33063; 382.76007;
 968.06848; 383.21255;
 435.2308; 385.53967;
 709.85291; 387.74597;
 860.76947; 389.03931;
 567.3158; 388.46152;
 743.92798; 388.33197;
 720.7052; 389.32007;
 758.00305; 388.11179;
 869.51953; 388.86658;
 447.35126; 391.43112;
 638.04767; 389.57715;
 254.08907; 392.59753;
 447.61502; 393.76138;
 728.94226; 394.21719;
 862.93353; 394.0386;
 966.00629; 394.45181;
 680.92419; 395.33548;
 756.30725; 396.25772;
 949.03571; 396.1832;
 444.64236; 399.82175;
 579.75342; 400.65616;
 720.76483; 400.12885;
 849.2262; 400.686;
 452.08627; 401.52277;
 568.41821; 402.75635;
 710.05219; 401.75488;
 729.36859; 403.1532;
 852.97223; 403.12741;
 957.41132; 405.13788;
 684.27271; 405.67438;
 558.55078; 408.71103;
 693.03516; 410.20645;
 471.13254; 409.74435;
 477.89651; 411.45621;
 677.47192; 410.77652;
 732.70294; 412.01352;
 670.93237; 412.78931;
 685.69666; 413.06735;
 360.33813; 413.79437;
 436.29391; 415.24393;
 467.98462; 418.0672;
 552.14697; 415.30469;
 538.78748; 416.67267;
 452.37729; 417.79642;
 461.27087; 417.23297;
 354.82455; 419.77441;
 537.08368; 421.01807;
 638.96021; 421.12634;
 736.82001; 421.95605;
 319.59036; 423.54794;
 37.313713; 424.50403;
 110.11386; 426.90869;
 363.22455; 427.37253;
 499.75092; 425.99277;
 335.15515; 429.13513;
 314.67059; 432.2601;
 505.19925; 432.74277;
 627.28265; 431.45999;
 329.86176; 433.29578;
 260.85284; 437.41324;
 300.71283; 438.36765;
 258.0343; 441.85358;
 90.256027; 441.9574;
 121.50694; 442.23706;
 349.74393; 443.99835;
 911.85889; 443.82486;
 981.5498; 444.8259;
 51.240467; 445.63342;
 273.95517; 447.07742;
 480.6842; 454.15494;
 352.18365; 455.4119;
 565.43085; 455.77222;
 255.18536; 457.21909;
 258.83221; 459.98566;
 246.6846; 464.51965;
 488.44458; 465.57867;
 569.05231; 468.11298;
 761.38751; 474.59018;
 292.46191; 480.42496;
 758.85846; 482.44562;
 538.70996; 485.07758;
 516.82288; 488.29102;
 536.06189; 491.04733;
 513.77948; 492.71811;
 515.23517; 498.70721;
 499.37524; 502.16556;
 512.26306; 503.0986;
 823.45172; 503.98831;
 533.55615; 511.85651;
 826.96954; 514.89514;
 680.5; 514.57703;
 827.59448; 517.75568;
 157.11046; 520.35431;
 369.8483; 520.5816;
 974.06226; 520.79175;
 152.11214; 523.82855;
 824.3504; 523.45526;
 105.69897; 524.01831;
 155.71364; 526.27484;
 623.51141; 525.93573;
 833.4469; 526.42108;
 968.63892; 527.28223;
 199.78133; 529.08911;
 685.34363; 531.4115;
 584.73956; 533.34351;
 451.01114; 535.43341;
 687.35126; 539.67896;
 378.13159; 541.42267;
 593.4566; 541.44202;
 446.88031; 542.03882;
 452.30844; 542.40033;
 137.24692; 544.58008;
 157.65874; 547.48639;
 380.0463; 552.03387;
 587.13049; 551.00769;
 386.83121; 552.89703;
 458.73627; 552.83112;
 465.42731; 553.43024;
 825.90228; 554.99335;
 906.19873; 555.1806;
 600.14862; 557.08197;
 807.94604; 556.90442;
 385.64514; 558.31323;
 453.73483; 558.0127;
 162.56593; 561.93756;
 515.88898; 559.21832;
 391.73074; 561.43152;
 906.85626; 558.74719;
 202.80821; 563.04205;
 823.95081; 562.75983;
 456.12854; 565.43768;
 813.80017; 565.78632;
 913.01074; 566.29578;
 210.0721; 567.01666;
 609.16113; 566.99536;
 889.0249; 568.26184;
 802.16302; 568.69562;
 180.39624; 569.4007;
 213.81903; 572.33099;
 795.53601; 572.97375;
 894.47455; 573.42041;
 496.7728; 575.06763;
 209.0016; 578.63782;
 398.68423; 580.46881;
 180.29622; 581.47852;
 187.19499; 583.05676;
 680.17365; 583.79504;
 815.93762; 585.25629;
 92.249031; 587.72742;
 101.24924; 588.65479;
 675.6084; 590.17877;
 354.76837; 589.71027;
 909.70532; 593.28058;
 102.59047; 595.28326;
 349.56677; 596.57813;
 550.19025; 594.58704;
 44.605755; 596.65979;
 96.409996; 596.99219;
 511.33783; 596.73157;
 545.94165; 600.59491;
 194.57729; 601.61749;
 833.26495; 602.32367;
 412.06506; 604.16602;
 546.79352; 606.69049;
 790.15759; 608.4458;
 976.3335; 610.04102;
 225.31157; 613.24915;
 539.03455; 614.23346;
 72.198257; 614.95465;
 950.80994; 613.71564;
 961.6817; 615.5257;
 204.34743; 615.82977;
 902.67236; 619.7793;
 60.612431; 621.26215;
 532.92181; 622.81281;
 98.477234; 624.49548;
 901.67334; 624.80573;
 539.51215; 626.27057;
 898.64709; 628.99817;
 303.99069; 630.51721;
 409.0242; 633.80505;
 542.26855; 633.88989;
 349.59781; 635.31482;
 108.46553; 640.03845;
 252.55908; 637.98193;
 896.10095; 638.06775;
 109.08348; 641.08093;
 354.10391; 640.86194;
 310.18832; 640.38458;
 538.74268; 641.79193;
 351.1445; 646.13245;
 634.3811; 652.67834;
 543.22815; 659.61688;
 163.4313; 659.36865;
 859.34491; 659.91803;
 103.58596; 662.35083;
 820.93732; 662.85889;
 936.68994; 662.01062;
 160.33643; 667.00153;
 845.26257; 667.46875;
 319.59821; 668.04675;
 535.57007; 669.46143;
 868.3894; 677.01276;
 116.77756; 678.35852;
 947.96936; 676.85773;
 796.62921; 680.78845;
 131.43155; 681.05774;
 805.33838; 682.9328;
 972.11438; 686.0108;
 615.58124; 685.04932;
 446.30954; 687.72931;
 290.09048; 688.65259;
 428.10736; 691.41296;
 544.56317; 691.38861;
 610.89172; 691.94397;
 424.26749; 695.28033;
 294.07425; 695.12347;
 252.17029; 697.01373;
 611.23871; 699.88629;
 820.0376; 696.63721;
 979.06036; 697.94525;
 68.894676; 698.69397;
 214.6031; 699.01904;
 237.59888; 698.87756;
 202.74529; 699.74164;
 976.03021; 702.46783;
 211.40919; 702.80737;
 605.77533; 703.3689;
 819.60187; 705.18152;
 153.8842; 704.56274;
 219.49492; 705.16907;
 197.55872; 706.26447;
 984.39532; 705.81378;
 936.5954; 706.87744;
 227.15593; 707.0802;
 601.03058; 708.54211;
 150.63551; 710.57837;
 246.21635; 711.19836;
 822.80725; 710.64209;
 224.86517; 713.33508;
 380.64117; 712.41858;
 194.58322; 714.24353;
 211.02275; 714.51758;
 216.70601; 714.59296;
 204.83469; 717.75104;
 455.74045; 715.13647;
 80.682053; 715.62061;
 993.66718; 716.64117;
 377.15601; 719.62567;
 686.09912; 718.38489;
 189.49869; 720.98828;
 230.83963; 720.79376;
 86.769661; 724.0332;
 217.04623; 722.9679;
 89.87001; 726.10107;
 97.740463; 728.05493;
 356.06937; 727.41248;
 91.632668; 728.77911;
 115.93625; 729.36627;
 213.36755; 728.79749;
 943.59991; 729.927;
 327.74286; 730.37946;
 595.22223; 730.98126;
 362.21704; 731.88611;
 102.15032; 732.99384;
 287.77032; 733.56689;
 733.21545; 734.29315;
 209.8658; 735.8609;
 177.31372; 736.40735;
 333.06824; 737.65393;
 597.88751; 739.53302;
 282.99582; 740.08344;
 360.59015; 741.43555;
 386.10889; 741.99377;
 178.91777; 741.75317;
 246.21828; 742.95795;
 700.55048; 742.7381;
 826.72449; 742.99237;
 100.32576; 744.68774;
 611.96344; 746.99786;
 287.33493; 750.06757;
 341.48428; 749.11627;
 345.55643; 750.86591;
 203.58554; 751.74481;
 613.59381; 753.11011;
 824.85657; 751.73987;
 765.98395; 754.42755;
 145.24243; 754.58557;
 199.90959; 755.06537;
 163.88795; 755.83038;
 408.20358; 758.11951;
 621.0191; 758.01367;
 946.85242; 758.46924;
 369.30002; 759.13586;
 203.04085; 760.58618;
 414.47635; 761.9068;
 617.72034; 762.52838;
 211.7607; 763.96283;
 365.78699; 766.34772;
 623.16772; 766.27051;
 195.03607; 768.25574;
 208.62135; 769.05554;
 849.38275; 771.73712;
 415.00458; 776.02606;
 406.03058; 778.14178;
 622.27783; 777.60834;
 734.64532; 781.06531;
 903.61353; 780.8587;
 237.35838; 782.51007;
 620.4201; 784.14337;
 741.3186; 782.87878;
 909.2373; 781.74152;
 826.93958; 785.64569;
 920.01563; 787.30707;
 626.61957; 787.55225;
 904.25714; 788.89838;
 560.71722; 790.28424;
 253.93628; 791.32324;
 102.71191; 792.21814;
 263.62103; 792.3161;
 426.36285; 792.34784;
 640.17761; 793.68109;
 332.83087; 793.38776;
 38.289055; 795.52911;
 331.17661; 794.69733;
 912.64294; 794.61694;
 45.633739; 795.9425;
 269.93301; 795.91394;
 431.96695; 795.83313;
 252.50836; 796.9646;
 234.76512; 800.49774;
 630.76257; 799.8186;
 910.6759; 800.74298;
 229.16841; 802.10516;
 267.28336; 802.005;
 430.62823; 801.90015;
 904.16632; 801.62244;
 897.73743; 804.05975;
 423.30392; 806.28107;
 54.063301; 806.61548;
 893.28033; 807.0296;
 649.27551; 807.39203;
 109.47106; 810.54352;
 634.64417; 810.14307;
 902.47754; 811.12036;
 896.16986; 814.24274;
 587.21918; 813.79517;
 645.2196; 815.51965;
 252.72183; 814.64453;
 210.9393; 819.93622;
 691.23108; 820.32318;
 875.6571; 820.40198;
 180.84738; 821.32111;
 370.11423; 823.39807;
 365.07651; 828.35486;
 871.88135; 828.65106;
 112.05127; 829.49915;
 366.08807; 836.0636;
 378.84869; 836.37872;
 104.09445; 838.26819;
 817.41449; 838.90356;
 858.20819; 840.27924;
 99.866982; 844.78119;
 494.31259; 844.2937;
 111.70026; 846.9693;
 815.91376; 848.43231;
 193.30545; 852.10931;
 201.28261; 855.76544;
 267.05844; 857.04718;
 276.2757; 858.98096;
 199.43285; 861.15027;
 646.25708; 861.21753;
 816.41815; 861.29388;
 920.12646; 868.0213;
 187.36896; 868.97168;
 651.88574; 868.48627;
 470.74268; 873.68976;
 818.94147; 874.38544;
 320.14273; 875.54852;
 677.07599; 877.29376;
 928.5509; 878.39984;
 315.59937; 881.30267;
 811.99969; 880.26062;
 939.086; 881.22308;
 673.59058; 884.47168;
 817.90118; 884.13934;
 323.94742; 883.50494;
 331.53149; 886.62048;
 346.07306; 886.92786;
 867.87982; 888.24219;
 920.61426; 888.56799;
 937.84644; 888.20251;
 943.27979; 888.59192;
 320.89441; 890.06415;
 811.96136; 891.84961;
 37.097301; 891.8291;
 306.86612; 893.05829;
 949.17798; 892.5567;
 768.07349; 893.54059;
 705.30188; 894.62061;
 916.62573; 894.59821;
 297.73981; 895.88519;
 816.19391; 896.45782;
 961.30609; 896.77106;
 36.669033; 898.99927;
 251.38155; 899.48053;
 702.8233; 899.4671;
 811.43604; 898.69458;
 143.09911; 901.20007;
 401.82639; 901.32086;
 814.57513; 906.36249;
 888.46552; 906.64526;
 184.80151; 910.17816;
 193.44838; 913.82251;
 715.1106; 914.66736;
 187.04288; 915.71143;
 222.33838; 918.16675;
 414.78757; 920.07678;
 712.59326; 920.99786;
 190.88103; 921.27936;
 703.77472; 920.04974;
 60.690033; 921.30841;
 168.15056; 922.85876;
 184.33116; 922.45135;
 260.22882; 923.47723;
 671.0918; 923.35278;
 409.60742; 924.27637;
 488.25323; 923.70093;
 479.93661; 926.07928;
 503.83395; 926.96307;
 360.80551; 927.62445;
 471.87985; 929.90814;
 166.81996; 928.70892;
 256.58881; 929.13007;
 45.58799; 930.40247;
 218.46922; 930.95801;
 472.16422; 930.52637;
 499.47635; 930.95038;
 201.28883; 932.25867;
 369.32053; 932.78967;
 227.09082; 932.68951;
 409.7348; 936.98926;
 417.36807; 934.8866;
 207.19133; 935.91876;
 199.47356; 937.14264;
 223.86226; 939.26538;
 366.55588; 938.26727;
 372.31128; 937.7356;
 466.37994; 938.27997;
 186.26939; 938.57623;
 919.83307; 940.55176;
 181.77184; 940.76984;
 224.17509; 941.09833;
 150.12595; 943.90936;
 195.1358; 944.04968;
 370.27991; 944.33374;
 237.81758; 945.05334;
 224.3869; 947.49713;
 188.76559; 947.98395;
 443.74976; 950.42383;
 222.56444; 951.62006;
 896.53644; 952.66559;
 778.82483; 953.1264;
 380.91879; 953.07092;
 769.94299; 954.07996;
 228.55566; 956.10413;
 527.31268; 955.97119;
 710.18073; 955.11621;
 699.6507; 956.7804;
 905.76642; 956.98645;
 473.11963; 958.05017;
 719.72559; 957.80743;
 767.63513; 958.40234;
 757.19708; 955.53894;
 716.08026; 961.05951;
 777.03235; 960.95587;
 700.29486; 962.49823;
 749.48914; 962.22821;
 752.27277; 961.6496;
 422.20456; 963.71021;
 580.56732; 964.65295;
 589.60895; 965.89709;
 146.97427; 965.87109;
 212.80185; 967.14856;
 535.79779; 969.84296;
 909.17798; 970.05157;
 427.71442; 971.64594;
 144.13275; 972.62598;
 454.01471; 972.836;
 215.29495; 974.16913;
 481.17538; 973.57233;
 906.29993; 974.12885;
 567.61694; 976.04108;
 576.74011; 976.26788;
 470.33496; 977.14264;
 478.12558; 978.1189;
 721.95532; 979.31525;
 917.23541; 979.2879;
 685.87103; 979.98865;
 102.18317; 981.4176;
 152.08554; 980.21057;
 909.61255; 981.74091;
 433.47949; 984.78381;
 680.27728; 985.36829;
 892.43549; 984.80145;
 444.2402; 986.16791;
 908.03839; 986.46625;
 455.23001; 987.4248;
 466.79568; 990.11481;
 877.44922; 990.22498;
 451.60043; 992.09009;
 210.52617; 993.32172;
 650.87933; 993.85388;
 790.71973; 993.92944;
 888.65704; 994.51093;
 889.14142; 43.863079;
 916.9881; 44.33131;
 208.88083; 48.259102;
 653.61646; 50.991951;
 741.88037; 50.705097;
 922.36353; 51.886341;
 189.8683; 54.865421;
 871.06995; 59.130665;
 234.66998; 60.077816;
 828.04187; 63.153397;
 901.57068; 63.452496;
 443.92612; 66.204086;
 834.70123; 69.707901;
 353.88782; 72.30426;
 648.66376; 71.680382;
 786.88263; 75.018227;
 193.27429; 79.194054;
 724.68665; 79.192574;
 232.24263; 81.057419;
 661.88788; 82.975571;
 885.02094; 85.299553;
 823.92426; 90.362473;
 89.66201; 93.073738;
 114.98341; 94.933914;
 709.72467; 94.574883;
 913.09387; 96.243759;
 814.33472; 97.526749;
 102.47891; 104.70309;
 206.32156; 104.75114;
 403.1102; 104.91005;
 742.32928; 105.44722;
 726.83154; 107.95404;
 216.55989; 118.76669;
 704.03406; 128.79797;
 740.0025; 137.6369;
 940.03723; 141.354;
 882.06097; 144.18187;
 942.97351; 144.16437;
 707.89136; 151.14821;
 824.35022; 155.77934;
 761.50262; 158.04047;
 79.191658; 160.0549;
 836.05286; 163.0506;
 814.2406; 166.29967;
 649.88849; 168.97012;
 73.329369; 170.64575;
 711.02252; 193.81311;
 439.83664; 195.46547;
 716.38513; 196.55075;
 980.1424; 195.90468;
 354.87433; 198.04774;
 974.83124; 198.8474;
 503.61374; 202.72458;
 237.46663; 204.91068;
 966.06482; 206.22501;
 272.21396; 209.97327;
 498.91763; 212.35155;
 649.49146; 212.04141;
 744.26538; 212.49858;
 978.23248; 213.05975;
 182.52306; 216.3781;
 657.07123; 216.15567;
 869.25922; 218.07143;
 463.22226; 227.97218;
 867.28424; 227.84215;
 514.96179; 229.90721;
 756.47913; 235.6694;
 572.64319; 237.17818;
 241.33353; 237.83574;
 187.70049; 243.24361;
 669.91431; 243.20224;
 363.49567; 243.45494;
 799.51898; 249.25488;
 237.11777; 249.49574;
 608.59564; 254.51906;
 691.99548; 254.62959;
 784.14496; 255.53598;
 877.33362; 256.32425;
 889.1817; 256.35666;
 640.68677; 265.14893;
 301.57855; 277.71866;
 222.25645; 283.67096;
 42.568859; 285.80038;
 864.71869; 294.2587;
 216.55463; 297.452;
 920.99347; 298.75446;
 366.02612; 300.98233;
 834.271; 300.75079;
 54.33139; 303.85785;
 930.11176; 306.16888;
 370.46667; 307.33206;
 411.04739; 308.43021;
 353.22681; 308.96747;
 398.21899; 310.9599;
 938.68036; 319.84781;
 488.94632; 323.70834;
 281.09747; 327.76898;
 869.91956; 331.2294;
 656.07977; 335.44244;
 790.18573; 340.76593;
 176.13513; 343.7309;
 62.662685; 345.38553;
 494.00659; 351.78738;
 73.546799; 361.84918;
 899.62354; 364.32599;
 898.18848; 372.95062;
 607.08716; 377.36581;
 886.75452; 381.45758;
 584.13263; 382.73416;
 724.1236; 382.92728;
 437.59204; 387.83087;
 777.31494; 391.30243;
 739.02472; 395.62616;
 942.16614; 396.77716;
 455.49976; 406.06699;
 945.06824; 408.15021;
 646.4245; 412.75925;
 708.80426; 412.98804;
 740.15643; 416.1665;
 787.56549; 418.26535;
 367.56326; 418.92526;
 966.54248; 419.12259;
 69.942116; 431.23608;
 123.59074; 431.56421;
 970.98297; 431.97009;
 747.31335; 433.1131;
 83.005142; 437.21078;
 44.401699; 450.42178;
 105.24348; 450.3027;
 513.96442; 454.57596;
 975.44; 456.48697;
 477.24832; 460.6138;
 496.33038; 463.43359;
 759.09912; 466.19034;
 834.4679; 468.48953;
 534.2403; 468.98923;
 604.14661; 476.63739;
 600.65527; 500.2236;
 963.68689; 500.57629;
 849.28552; 505.69995;
 455.42691; 506.88425;
 478.68039; 507.20313;
 612.23285; 507.74408;
 468.5925; 516.90613;
 595.76282; 516.95184;
 704.63361; 524.43439;
 97.171951; 526.68024;
 871.73639; 528.46887;
 883.37598; 532.59186;
 455.41922; 535.55432;
 96.791481; 541.08453;
 828.69177; 541.36346;
 610.18524; 542.8877;
 624.69965; 543.68311;
 681.77374; 546.28937;
 619.32251; 547.32074;
 811.34991; 549.60889;
 604.32715; 550.10938;
 149.57823; 551.37646;
 509.45264; 554.12067;
 394.74915; 565.96448;
 507.55902; 572.39288;
 492.66809; 573.77155;
 97.251961; 578.32288;
 909.43176; 579.06964;
 952.11536; 579.06915;
 320.21887; 584.29462;
 897.15118; 585.65839;
 192.24985; 586.62653;
 501.74658; 594.78369;
 313.38367; 595.95184;
 79.205391; 598.21338;
 75.459557; 606.62787;
 82.955612; 610.90491;
 547.3327; 615.27844;
 631.30841; 618.24274;
 970.61841; 617.74707;
 219.48126; 618.96198;
 572.78925; 620.79565;
 842.45703; 622.06982;
 945.15588; 622.20874;
 70.272606; 622.61243;
 938.34875; 628.89294;
 55.725548; 639.28894;
 546.7182; 638.50201;
 403.40231; 642.13684;
 112.88486; 655.98309;
 110.28755; 669.40271;
 931.77655; 668.74872;
 825.64716; 670.33191;
 550.1955; 670.84863;
 357.19641; 674.26428;
 773.38708; 679.79456;
 957.83496; 681.78784;
 871.09711; 687.58276;
 443.1745; 697.36096;
 811.29199; 698.90558;
 300.84103; 711.17206;
 928.81757; 710.81732;
 531.60022; 712.14319;
 87.890205; 714.92676;
 310.80005; 716.26746;
 942.8913; 715.78192;
 126.75834; 723.14008;
 236.67882; 725.45227;
 934.8335; 727.87799;
 94.70105; 737.63879;
 291.59; 743.5827;
 329.51746; 744.62848;
 482.26895; 749.9212;
 702.26868; 749.54651;
 958.09113; 757.87714;
 762.73071; 762.97748;
 196.05487; 771.11298;
 618.06543; 770.9408;
 582.08649; 774.79639;
 811.70575; 778.08429;
 399.83176; 784.81915;
 745.30164; 788.88898;
 479.93283; 794.13519;
 232.26357; 795.81421;
 329.53833; 803.00165;
 816.13147; 812.14215;
 418.89548; 814.88702;
 108.92325; 818.20416;
 884.63318; 819.32916;
 423.23035; 822.18909;
 816.69275; 824.54346;
 375.94321; 827.22009;
 86.937599; 834.039;
 655.57867; 833.71466;
 353.25659; 848.8584;
 99.149956; 856.40784;
 111.80113; 855.6557;
 806.13287; 857.59503;
 671.1095; 862.93481;
 456.80771; 879.68683;
 652.33063; 879.80573;
 689.28094; 884.88129;
 45.262409; 895.33624;
 810.19635; 895.18463;
 866.49908; 908.48419;
 413.11417; 909.02032;
 369.06485; 923.27722;
 865.51849; 929.52478;
 362.73386; 937.0777;
 885.07739; 940.4809;
 963.63239; 941.37012;
 653.44177; 948.18878;
 607.14636; 948.78979;
 427.8103; 957.65173;
 890.39343; 958.14783;
 705.00879; 962.47644;
 738.25214; 968.65125;
 510.33026; 973.8761;
 955.9433; 975.52344;
 536.22699; 977.49115;
 683.44293; 978.34357;
 205.1328; 43.124992;
 680.83624; 56.436226;
 235.1167; 73.694;
 420.49567; 76.164993;
 699.95795; 88.620628;
 910.11713; 107.40395;
 397.43527; 111.25259;
 245.3244; 111.3709;
 224.51497; 121.74706;
 481.07495; 123.77212;
 580.69672; 133.96979;
 406.4407; 143.70273;
 422.67386; 150.57999;
 445.28171; 159.85898;
 526.26538; 196.44116;
 158.82906; 205.46382;
 176.03366; 259.6832;
 752.98053; 273.35477;
 186.12122; 273.81906;
 182.97003; 279.54117;
 183.61572; 294.02264;
 180.71349; 300.08533;
 365.28091; 312.99509;
 615.26605; 320.46786;
 805.75903; 347.59625;
 169.03139; 350.67136;
 176.3004; 353.08728;
 79.294075; 355.258;
 607.00293; 354.93066;
 164.2885; 356.62027;
 351.8425; 369.69104;
 430.29068; 374.9585;
 969.13348; 383.10632;
 720.96881; 390.02322;
 254.9453; 392.53192;
 452.00943; 417.75546;
 536.23206; 421.75195;
 257.81781; 442.14011;
 350.18875; 443.85547;
 538.73138; 483.96884;
 513.4967; 492.61597;
 515.57758; 498.80463;
 499.9101; 501.71698;
 199.81287; 528.70935;
 687.57141; 539.745;
 379.03036; 552.60016;
 457.68069; 552.41705;
 388.19394; 552.63049;
 453.06326; 557.52386;
 385.2818; 559.18848;
 802.12555; 568.14014;
 545.13562; 600.01685;
 547.88477; 606.99286;
 540.3656; 627.29156;
 348.91898; 635.18402;
 253.97978; 637.4209;
 354.54907; 640.77637;
 350.39069; 646.54712;
 979.79681; 696.83209;
 975.41559; 702.19189;
 211.3049; 702.90784;
 153.6041; 704.88989;
 936.74487; 707.43927;
 246.04082; 710.85016;
 228.18651; 716.78149;
 213.49406; 728.72894;
 700.66296; 742.18842;
 144.90596; 754.17706;
 621.28247; 757.30872;
 405.62253; 757.3811;
 415.54932; 761.49438;
 211.88483; 762.71954;
 623.83807; 765.69568;
 622.75555; 777.68176;
 742.15857; 780.92767;
 253.4222; 790.38885;
 265.05859; 792.21826;
 423.7887; 791.13892;
 102.12868; 792.89148;
 46.453262; 795.54083;
 432.77856; 795.82361;
 904.09637; 801.1311;
 911.46167; 801.93066;
 891.61163; 806.71967;
 369.98615; 823.87469;
 364.6015; 827.94238;
 200.62653; 854.83545;
 199.15266; 861.49323;
 314.8107; 881.22107;
 820.37848; 881.19189;
 345.66632; 885.88507;
 252.23221; 898.74188;
 702.56982; 900.04816;
 186.60411; 915.78271;
 415.20786; 920.07098;
 261.02679; 923.20813;
 504.61911; 925.91663;
 360.72708; 927.45013;
 201.87039; 930.9668;
 199.17201; 937.14117;
 189.14011; 938.06702;
 238.41626; 945.06055;
 187.1313; 947.49835;
 779.33447; 952.23053;
 227.42439; 954.38232;
 697.51984; 952.56598;
 720.06171; 957.18945;
 143.62015; 973.11316;
 481.43958; 973.1911;
 906.02515; 974.19617;
 478.98965; 979.20441;
 871.28412; 58.974686;
 689.4184; 60.409374;
 961.2735; 60.13961;
 638.29431; 61.97488;
 892.87506; 62.094498;
 902.18237; 61.68782;
 731.28394; 63.252068;
 235.38422; 64.36274;
 787.56482; 63.811901;
 833.51117; 67.434067;
 882.97668; 67.544235;
 682.71063; 69.001968;
 863.479; 68.510742;
 916.1076; 69.31633;
 364.091; 69.760948;
 213.39961; 70.733192;
 353.25079; 73.454369;
 648.66937; 73.007782;
 874.50012; 74.238235;
 963.96356; 74.355927;
 445.28415; 75.410828;
 788.59192; 76.498863;
 724.84686; 77.808586;
 183.68886; 79.696854;
 191.88811; 79.765045;
 662.93915; 79.846222;
 894.95776; 80.080299;
 233.20221; 81.864876;
 458.63101; 81.566048;
 442.17633; 85.154266;
 870.86115; 84.694191;
 72.32225; 87.339172;
 816.46246; 87.264069;
 886.57501; 87.421379;
 185.63496; 91.13578;
 384.58371; 91.541672;
 78.190468; 93.246956;
 89.604195; 92.989693;
 457.52573; 93.214455;
 114.58325; 94.469383;
 711.60266; 93.687378;
 911.85492; 96.214409;
 584.28375; 98.715286;
 381.09583; 100.30271;
 465.6748; 100.06567;
 718.97882; 100.00932;
 733.78491; 99.627121;
 350.52246; 103.28134;
 743.68744; 103.2993;
 391.34082; 103.73795;
 404.10718; 104.11593;
 477.46204; 104.05999;
 709.54413; 103.50191;
 206.79565; 104.76771;
 481.35834; 105.5442;
 727.65601; 108.81939;
 228.90714; 110.23817;
 474.76221; 113.5596;
 853.71991; 114.45558;
 361.85852; 115.79305;
 399.03281; 116.31435;
 204.02315; 117.68569;
 215.57083; 117.85301;
 572.35864; 117.77379;
 490.06918; 120.65459;
 933.59845; 121.19772;
 959.10468; 121.67129;
 195.65889; 122.82471;
 787.41101; 125.77007;
 858.84509; 125.77469;
 178.57373; 128.96695;
 704.22498; 130.03691;
 195.14758; 131.87997;
 402.61511; 132.6745;
 853.27289; 134.22763;
 931.09436; 134.16606;
 212.90236; 137.05754;
 740.80194; 137.2005;
 711.26398; 141.7746;
 882.00317; 143.44894;
 943.14471; 142.80263;
 734.84119; 147.08333;
 831.45624; 146.90045;
 417.60617; 149.94281;
 314.69608; 151.11487;
 481.01251; 150.97113;
 708.10754; 152.05214;
 752.79193; 155.15552;
 824.0932; 155.23828;
 761.20978; 156.85324;
 430.42383; 158.48001;
 535.67169; 157.86688;
 654.64331; 159.40279;
 80.210785; 159.92021;
 835.88147; 161.20647;
 307.45645; 164.04944;
 812.72314; 164.32767;
 747.58417; 165.53915;
 399.17764; 165.98264;
 442.62973; 167.8858;
 863.21509; 168.54105;
 844.32336; 169.91798;
 73.348907; 170.78247;
 649.02972; 170.69612;
 456.35876; 174.43134;
 857.30133; 175.6609;
 188.7803; 176.5318;
 445.23203; 176.88834;
 878.29108; 177.79774;
 924.52478; 177.50153;
 266.06207; 181.00761;
 627.10126; 183.47267;
 943.82135; 184.90981;
 129.37679; 186.77574;
 635.23035; 192.82823;
 333.65433; 193.67665;
 439.70142; 194.28644;
 715.00525; 195.95993;
 354.30563; 197.18422;
 503.22415; 199.81218;
 646.24506; 202.10901;
 148.61497; 202.6291;
 166.34453; 203.32257;
 707.65405; 202.84103;
 523.9928; 203.83443;
 950.07983; 203.75929;
 238.17932; 205.90511;
 273.12479; 211.96201;
 498.33499; 211.67798;
 744.93097; 212.61613;
 653.16449; 214.19067;
 940.33734; 213.57634;
 182.43079; 217.68561;
 466.89169; 217.98471;
 550.41931; 217.74696;
 869.0564; 219.29088;
 519.56995; 221.11453;
 87.829788; 222.40454;
 738.24738; 224.30257;
 539.02252; 224.87827;
 639.84491; 225.32896;
 367.00705; 226.20879;
 868.08667; 226.03191;
 558.86212; 226.51625;
 463.14005; 228.0325;
 514.82336; 230.77899;
 859.78912; 233.26373;
 756.94855; 235.08493;
 711.14581; 236.13725;
 572.67993; 237.19208;
 241.02855; 238.81662;
 73.13427; 242.24364;
 965.14996; 241.99791;
 187.42554; 242.64661;
 669.53369; 242.73637;
 363.74457; 243.77078;
 857.07349; 243.51357;
 652.75372; 244.80144;
 580.12048; 245.69333;
 816.64063; 247.93968;
 591.55115; 248.51201;
 237.48795; 252.08771;
 185.81728; 253.67851;
 619.45288; 253.49023;
 641.46057; 253.5683;
 692.62048; 253.88263;
 356.16229; 255.21892;
 608.24792; 255.06242;
 754.22253; 254.96794;
 889.23102; 255.92337;
 653.50391; 256.51123;
 878.06451; 257.28784;
 797.15558; 257.87769;
 371.20584; 260.04922;
 230.04414; 263.87238;
 639.43414; 265.45844;
 174.61914; 267.13858;
 758.44659; 267.23813;
 902.44458; 270.11679;
 440.65936; 277.25125;
 172.1348; 277.88922;
 307.00488; 281.8833;
 327.63745; 282.54297;
 222.45009; 282.95215;
 758.6958; 284.46024;
 316.52478; 284.89548;
 815.64966; 284.77802;
 825.13379; 285.70139;
 618.72601; 289.75406;
 834.8349; 290.10291;
 847.82855; 289.7941;
 149.29265; 291.11429;
 415.43414; 290.82263;
 864.15472; 295.43167;
 216.91765; 296.65686;
 919.11249; 296.62094;
 615.59113; 297.73148;
 646.38861; 297.87814;
 843.7478; 298.81754;
 769.70001; 299.48172;
 209.18626; 300.64688;
 834.41736; 301.11499;
 149.76303; 301.64545;
 882.24634; 301.88641;
 777.15106; 303.75479;
 789.90265; 303.51547;
 369.36414; 304.88412;
 930.43707; 306.43234;
 621.38318; 307.04199;
 640.91113; 307.13733;
 751.6214; 307.38522;
 353.80307; 307.85452;
 296.81384; 310.01266;
 768.12274; 309.55023;
 409.42511; 311.22348;
 399.6767; 311.40576;
 616.12366; 314.8031;
 287.38348; 318.68137;
 659.17023; 320.45999;
 697.7359; 320.69559;
 938.51147; 319.83984;
 488.63763; 323.91263;
 621.52045; 325.61996;
 645.08936; 327.21075;
 810.10675; 326.77115;
 70.254272; 327.79318;
 280.70465; 328.40463;
 703.40387; 328.08456;
 849.565; 328.3389;
 93.750374; 329.87027;
 235.4118; 329.59109;
 669.03906; 330.98553;
 869.90137; 331.58456;
 694.57806; 332.57809;
 617.46338; 333.77994;
 906.82623; 333.52319;
 656.53876; 334.44974;
 492.34375; 335.97409;
 744.78326; 335.89462;
 701.00629; 338.85248;
 77.46154; 341.52426;
 176.80161; 342.23932;
 617.22583; 342.44159;
 666.90924; 342.28625;
 790.81006; 341.77203;
 498.99588; 344.27887;
 648.17529; 344.03488;
 414.20987; 347.51218;
 90.522758; 348.61063;
 70.129906; 350.06833;
 793.90045; 349.7886;
 494.27368; 352.11884;
 405.88461; 352.59763;
 623.76282; 352.49194;
 650.58154; 354.62952;
 812.33331; 354.67105;
 601.01892; 359.74014;
 847.77222; 359.75583;
 624.7934; 363.93845;
 898.85565; 363.5032;
 710.12482; 365.29507;
 167.73627; 365.95111;
 636.71735; 366.45395;
 773.97125; 367.10187;
 608.492; 369.99011;
 598.71698; 371.10205;
 948.49719; 373.29541;
 899.02887; 374.05258;
 163.58832; 375.20517;
 250.97224; 375.6666;
 607.87781; 378.00922;
 702.89563; 377.59753;
 438.62399; 379.28375;
 887.13702; 379.53876;
 584.05249; 382.38315;
 685.21954; 383.15839;
 725.28302; 382.82141;
 759.22784; 387.50073;
 870.99158; 388.49216;
 437.24246; 388.86697;
 566.91425; 388.7005;
 637.25885; 389.32932;
 710.09503; 388.98669;
 447.77612; 390.79547;
 775.84283; 391.42462;
 861.84375; 392.63126;
 729.50958; 393.56381;
 679.05646; 394.99811;
 738.73706; 396.33368;
 754.55878; 397.11432;
 941.59003; 396.65179;
 443.70963; 399.47455;
 709.65161; 401.23309;
 850.22144; 400.70328;
 568.27411; 402.07388;
 580.40149; 402.25638;
 728.53003; 404.07217;
 456.02396; 405.42114;
 684.09247; 404.9744;
 958.4552; 405.73172;
 558.33752; 408.29086;
 373.7807; 409.42792;
 471.04401; 409.2381;
 731.54034; 410.09833;
 224.57828; 411.42325;
 693.66614; 410.56598;
 669.3808; 411.8259;
 706.90753; 412.37778;
 647.14819; 413.03708;
 435.34967; 415.28491;
 552.14087; 415.40381;
 955.27228; 416.89182;
 463.3793; 417.75778;
 919.22491; 418.25882;
 353.48889; 419.26981;
 368.34811; 418.45706;
 787.99396; 418.70905;
 638.48785; 421.06528;
 321.45847; 423.6012;
 499.07047; 425.07422;
 110.04948; 427.47159;
 336.84521; 428.40207;
 364.0387; 428.27393;
 70.969887; 430.74066;
 168.52072; 431.18063;
 624.92218; 431.41531;
 123.78017; 431.71161;
 315.41766; 432.51053;
 747.85223; 432.66528;
 505.3143; 433.87039;
 686.88654; 433.73737;
 300.66245; 438.01154;
 60.732132; 438.87549;
 89.125397; 441.29959;
 121.7459; 442.20074;
 912.11682; 443.53336;
 103.08737; 449.40176;
 291.05441; 450.89716;
 514.7561; 454.37125;
 566.22406; 455.33539;
 351.83356; 456.62601;
 257.00299; 458.39969;
 476.08157; 461.96683;
 494.74826; 464.08469;
 490.05951; 465.39453;
 248.38495; 465.80966;
 347.24524; 467.86371;
 569.36774; 467.76584;
 399.93448; 468.76227;
 535.1499; 469.27771;
 836.13928; 469.2048;
 760.31403; 471.35083;
 825.95807; 475.32059;
 604.68884; 476.05005;
 864.40833; 476.72681;
 488.75327; 478.94211;
 292.82547; 480.34647;
 757.22894; 482.56396;
 250.64209; 489.30505;
 535.2005; 491.5856;
 811.76587; 497.30548;
 600.70172; 499.52533;
 964.612; 500.91913;
 825.08362; 503.1282;
 849.57349; 504.55374;
 455.93991; 505.96225;
 476.89526; 506.37506;
 691.30566; 506.37823;
 613.00916; 507.00122;
 708.90424; 506.83109;
 547.23773; 511.46741;
 446.22061; 512.46191;
 533.20697; 511.58554;
 827.66931; 513.18506;
 679.828; 513.84534;
 733.47784; 513.62897;
 358.1712; 515.9895;
 469.21704; 516.0921;
 597.7901; 516.72632;
 753.69952; 517.56744;
 873.48981; 518.40692;
 370.01379; 521.02142;
 823.57861; 523.00513;
 104.88474; 523.83221;
 152.3517; 524.18726;
 612.27893; 525.80609;
 624.06122; 526.1991;
 834.22821; 525.86511;
 872.3476; 527.38226;
 368.27698; 532.41278;
 65.338806; 532.93152;
 583.8559; 533.0816;
 884.63544; 532.95441;
 454.24487; 534.01538;
 759.51428; 536.74713;
 95.708443; 538.60669;
 378.36838; 541.32855;
 593.46606; 541.40649;
 446.54858; 541.82953;
 829.30408; 542.90753;
 137.29655; 543.60925;
 621.7373; 544.71326;
 157.97253; 546.26508;
 681.38293; 546.94476;
 811.26886; 548.2608;
 77.958496; 549.42834;
 604.64807; 549.38;
 586.84833; 550.26526;
 148.59251; 551.4306;
 466.24332; 553.37225;
 826.24127; 553.70453;
 515.66736; 558.19489;
 599.66174; 558.25464;
 906.01233; 557.67566;
 163.17683; 562.85492;
 823.91174; 563.34448;
 395.11182; 565.77649;
 609.45728; 566.18024;
 812.99731; 566.44171;
 456.14551; 566.76373;
 180.48936; 569.05188;
 214.13341; 570.51886;
 509.57492; 571.27338;
 72.669586; 571.79895;
 793.40546; 572.26648;
 894.34766; 572.90192;
 493.46646; 574.15997;
 355.68262; 575.5387;
 97.981804; 578.00586;
 952.47058; 578.1405;
 909.14294; 579.00476;
 208.63916; 579.46649;
 179.80774; 580.92596;
 398.22018; 581.1676;
 785.81903; 581.74292;
 804.08466; 581.63794;
 679.81207; 583.10712;
 319.94159; 584.01086;
 192.44531; 585.24548;
 490.2692; 585.23993;
 896.31171; 585.74719;
 91.578697; 587.41412;
 353.1796; 588.14581;
 675.95856; 590.95978;
 551.711; 591.93866;
 500.28513; 594.41571;
 404.27628; 595.1535;
 511.79364; 595.79779;
 314.91626; 596.87219;
 348.79242; 597.2713;
 672.69824; 598.97894;
 82.70546; 599.67566;
 194.44012; 601.26563;
 833.5816; 601.67267;
 274.62445; 604.44574;
 412.44022; 603.90308;
 76.969215; 606.96979;
 506.44608; 607.06006;
 83.37114; 612.22424;
 226.40701; 613.24591;
 537.14551; 613.13538;
 950.95148; 612.95343;
 72.438667; 614.75854;
 547.8559; 616.37622;
 963.99414; 616.31696;
 632.21545; 618.20837;
 572.91864; 619.60974;
 60.171467; 620.78333;
 843.21417; 621.47516;
 71.376907; 623.45752;
 531.71997; 622.91797;
 943.57562; 623.68457;
 100.05302; 625.24304;
 304.37909; 632.29041;
 409.19135; 634.04156;
 546.96045; 637.22601;
 895.28564; 637.3548;
 309.22131; 639.08215;
 108.11935; 639.90369;
 538.23022; 642.11084;
 401.8649; 644.0271;
 359.86801; 647.26208;
 862.24164; 649.74097;
 60.029232; 651.14813;
 310.08969; 652.14648;
 634.26801; 651.67834;
 112.6892; 654.46265;
 408.38266; 656.79114;
 164.3315; 659.37756;
 859.90961; 659.57574;
 544.06555; 660.97614;
 938.34222; 661.27258;
 103.64949; 662.30481;
 820.16583; 662.7962;
 652.98254; 664.38654;
 160.12065; 667.40784;
 319.40448; 667.10303;
 843.80463; 667.03528;
 534.75647; 669.16656;
 111.78493; 669.84363;
 931.34869; 670.12738;
 357.63147; 675.24835;
 947.83295; 676.02386;
 868.85583; 676.74548;
 773.63831; 680.38708;
 59.131264; 680.802;
 117.87962; 680.98273;
 131.87766; 680.84015;
 542.75488; 680.95471;
 795.36383; 682.00806;
 958.30243; 682.24469;
 805.84509; 682.62921;
 616.60602; 684.46326;
 447.69037; 687.63788;
 657.83917; 688.00977;
 871.58752; 687.64227;
 728.47241; 689.23572;
 103.91623; 689.96771;
 544.53528; 691.23993;
 610.17889; 691.83276;
 293.58728; 693.20142;
 819.58667; 694.78809;
 252.50777; 697.14032;
 69.256119; 699.46338;
 203.08334; 698.77362;
 442.24783; 698.98633;
 611.92383; 700.39478;
 811.19153; 699.86182;
 544.51849; 701.41278;
 725.65668; 701.49731;
 665.36578; 704.49792;
 226.42975; 704.89844;
 197.22208; 705.7218;
 820.42834; 707.96075;
 600.38892; 708.6272;
 928.44446; 710.2005;
 381.51816; 711.33606;
 302.29541; 711.86023;
 532.01471; 711.97382;
 824.66486; 714.22571;
 195.1402; 714.3454;
 215.09674; 713.98157;
 310.19577; 715.08405;
 455.97174; 715.43964;
 943.1665; 716.33142;
 685.71906; 717.78589;
 205.65927; 719.9809;
 325.14755; 719.80487;
 377.71515; 720.4519;
 127.60635; 722.35114;
 189.1463; 721.57629;
 99.430519; 723.18481;
 724.95105; 724.0705;
 87.684677; 725.85913;
 238.73729; 726.8374;
 933.97675; 727.00903;
 943.64252; 729.47095;
 116.50735; 729.56836;
 361.62384; 730.01019;
 102.7231; 731.00079;
 329.45114; 731.01868;
 124.62976; 733.74756;
 288.5899; 733.58636;
 732.88867; 734.42133;
 207.28662; 734.94958;
 595.05023; 734.59082;
 93.441422; 736.31586;
 177.50031; 735.69354;
 333.54199; 736.14307;
 239.93063; 737.32867;
 438.88431; 739.06091;
 282.1886; 741.09259;
 360.83957; 741.755;
 386.20364; 742.79144;
 329.29398; 744.4809;
 100.97939; 745.62689;
 482.79016; 748.62653;
 519.48425; 749.32092;
 286.99701; 750.22614;
 703.01227; 750.7627;
 612.36407; 754.2663;
 754.83112; 753.47485;
 766.35797; 754.64185;
 164.04935; 755.96167;
 957.71783; 756.60272;
 369.88022; 758.32837;
 508.79712; 757.91223;
 947.70251; 758.06604;
 478.49911; 758.98187;
 203.99008; 759.7381;
 514.84851; 760.83771;
 567.12451; 762.02155;
 722.98871; 764.48792;
 761.55487; 763.76013;
 365.46417; 767.57037;
 399.36996; 769.05872;
 848.49689; 771.11365;
 195.54417; 772.25793;
 581.23315; 775.15552;
 415.61575; 775.87085;
 405.564; 778.34436;
 811.48108; 778.67712;
 908.5235; 780.55792;
 238.31146; 783.42743;
 620.54431; 785.22754;
 827.17291; 784.73688;
 411.06564; 787.75409;
 919.82983; 787.59937;
 746.47308; 789.19012;
 902.46649; 788.91913;
 333.43585; 792.66241;
 480.56137; 793.74182;
 639.521; 793.96588;
 913.52283; 794.47034;
 231.68929; 795.00562;
 935.12939; 795.59003;
 553.86768; 801.51123;
 630.4422; 801.31024;
 267.33328; 802.67096;
 328.77527; 803.17078;
 475.46179; 802.60345;
 765.56824; 805.01379;
 423.0625; 806.23987;
 649.35925; 805.51611;
 635.33752; 809.6651;
 110.50243; 812.24316;
 816.45129; 811.78613;
 251.92358; 814.44739;
 645.95837; 816.22968;
 895.15625; 816.08258;
 418.30435; 818.20563;
 874.32202; 819.86499;
 885.84534; 819.66571;
 818.25854; 823.81531;
 112.69958; 829.28149;
 872.00403; 829.81305;
 655.01331; 833.73816;
 88.343346; 836.03833;
 104.05769; 837.18488;
 379.93826; 836.93555;
 505.92426; 837.16669;
 272.99756; 838.30225;
 818.01361; 838.63525;
 858.42566; 839.82593;
 493.92322; 844.47314;
 99.713951; 845.5849;
 353.20862; 849.90344;
 97.29734; 856.19653;
 112.86938; 855.50104;
 265.78677; 857.2229;
 805.77051; 858.46503;
 277.2847; 859.0603;
 361.55234; 859.06995;
 644.75494; 860.40497;
 768.98059; 860.40747;
 672.1579; 863.48022;
 817.47656; 862.50092;
 930.54187; 866.6886;
 470.3316; 873.40417;
 664.93915; 872.64795;
 321.45825; 874.05249;
 820.06702; 875.19403;
 362.57498; 875.61261;
 677.86737; 876.52258;
 928.31921; 878.40997;
 457.38736; 878.98419;
 324.3931; 882.7298;
 437.81924; 882.69745;
 673.56805; 885.08563;
 921.06555; 888.00989;
 867.23346; 888.78925;
 948.6189; 891.27087;
 322.18448; 894.21979;
 810.91095; 893.58179;
 916.12793; 895.19342;
 298.53989; 895.62256;
 959.89459; 896.5921;
 401.17554; 901.815;
 815.11993; 906.52014;
 413.45282; 908.5116;
 867.65118; 909.3902;
 720.19543; 911.75659;
 726.70184; 914.02289;
 805.59552; 916.30701;
 702.47034; 919.30383;
 61.016438; 919.7771;
 713.78845; 921.88086;
 183.48175; 922.61102;
 369.1337; 922.95966;
 488.67151; 922.8988;
 671.21692; 923.10547;
 408.95255; 923.99365;
 432.41861; 928.46252;
 866.80542; 928.37415;
 166.74596; 928.60272;
 256.495; 929.39392;
 471.88992; 929.26923;
 499.32651; 931.10822;
 370.49069; 933.75232;
 418.61072; 935.92126;
 718.3493; 936.87634;
 361.92224; 937.94275;
 799.34485; 938.16315;
 224.13971; 939.26538;
 408.5928; 938.67426;
 466.62012; 938.54626;
 919.81934; 940.36096;
 964.08472; 940.76672;
 884.81256; 941.771;
 150.3269; 943.80981;
 369.55206; 944.14301;
 788.85938; 946.38214;
 424.01508; 946.90918;
 654.35303; 947.30981;
 607.4458; 949.5282;
 326.43527; 950.60754;
 381.27328; 952.37305;
 710.56726; 952.4671;
 897.7998; 953.76813;
 104.16992; 956.43597;
 428.36777; 955.71191;
 889.69238; 959.46661;
 776.76398; 961.41394;
 421.04257; 962.85272;
 704.79071; 963.2912;
 748.75269; 962.7691;
 380.36884; 963.68365;
 579.81757; 965.10815;
 419.87692; 368.57425;
 538.1217; 481.05859;
 391.52197; 553.37927;
 377.93622; 556.2464;
 549.73798; 606.11707;
 266.97134; 792.15137;
 433.97159; 795.20715;
 202.18867; 927.69739;
 198.36394; 936.68097;
 820.09253; 86.303505;
 440.84644; 87.505249;
 705.61365; 87.050102;
 886.40057; 90.757896;
 114.11847; 91.437035;
 182.85805; 92.539581;
 855.38782; 94.036888;
 912.28931; 95.441246;
 460.26361; 97.445625;
 717.37598; 97.942543;
 480.86005; 100.64799;
 584.78491; 99.381073;
 745.00043; 99.299553;
 811.48639; 99.100632;
 407.0007; 102.09022;
 703.90771; 102.39269;
 228.12273; 110.55509;
 729.01123; 110.80715;
 853.93561; 110.36305;
 908.59149; 110.77588;
 363.04126; 114.6572;
 475.66702; 120.37283;
 207.22362; 117.35775;
 396.9758; 117.54276;
 572.01538; 117.39304;
 931.8573; 119.82584;
 860.13568; 125.15614;
 196.04198; 127.27032;
 212.79677; 133.46976;
 705.93195; 133.28081;
 851.53729; 134.65182;
 929.66425; 134.76662;
 743.59723; 136.11594;
 881.83429; 140.02452;
 650.15308; 142.84109;
 183.85881; 143.53038;
 441.00153; 144.93504;
 832.88989; 144.14632;
 418.01172; 147.0663;
 734.29871; 148.14844;
 315.22342; 149.1745;
 482.39771; 149.72363;
 691.59149; 150.02501;
 869.39337; 151.2088;
 159.14743; 153.16068;
 754.46326; 153.0583;
 382.194; 155.78552;
 657.48376; 155.96823;
 706.99725; 155.51897;
 835.76886; 157.31348;
 430.8172; 160.70596;
 810.51654; 161.54875;
 861.35834; 162.12157;
 307.09531; 163.28351;
 394.18732; 164.53641;
 746.0177; 168.71881;
 846.11383; 171.00703;
 457.6395; 171.55206;
 646.24646; 172.3679;
 687.49048; 173.24788;
 825.4397; 172.30756;
 187.45236; 174.66573;
 739.14148; 175.03929;
 923.67786; 173.97754;
 879.55365; 176.83264;
 854.27417; 180.04477;
 266.95508; 180.12535;
 792.64093; 183.52696;
 129.22583; 185.12846;
 334.44131; 190.72636;
 634.12262; 190.49545;
 243.41638; 191.41856;
 346.97339; 192.41992;
 669.3277; 192.44044;
 715.4325; 194.08607;
 741.96082; 195.31743;
 871.55176; 195.77541;
 644.76404; 198.60951;
 320.72803; 202.42844;
 666.14233; 201.45871;
 151.26414; 204.41487;
 706.64996; 204.68155;
 373.85577; 205.17235;
 237.38026; 207.99515;
 328.40997; 207.52077;
 745.49103; 210.1021;
 228.57237; 213.87923;
 272.5264; 213.79768;
 549.73816; 214.66687;
 652.38849; 214.58931;
 567.78424; 214.97552;
 519.30585; 218.72379;
 180.46274; 219.27837;
 867.97699; 220.78973;
 85.941978; 222.0479;
 537.16443; 224.94868;
 740.38135; 226.84267;
 366.07278; 228.63074;
 640.48413; 227.95164;
 553.12579; 232.32788;
 675.39655; 230.79195;
 513.24933; 232.69853;
 264.83865; 233.47685;
 710.3183; 233.70586;
 760.05481; 236.49309;
 828.74506; 237.09349;
 573.20935; 237.15594;
 263.77206; 241.649;
 364.83008; 242.98615;
 650.24036; 242.54555;
 668.98016; 241.52263;
 854.10779; 241.63443;
 240.283; 244.68176;
 766.90869; 243.63556;
 588.16754; 245.89064;
 432.70276; 247.69884;
 639.30212; 251.17413;
 184.70422; 254.95676;
 750.63123; 254.22209;
 889.68585; 254.13684;
 353.89517; 256.68219;
 606.53455; 256.45798;
 371.46558; 257.75821;
 654.35846; 259.15671;
 876.04565; 257.11459;
 796.25464; 259.15598;
 226.7093; 262.19617;
 172.43272; 265.96945;
 636.59778; 267.67953;
 898.90967; 270.71603;
 363.20593; 273.13358;
 306.27786; 276.90533;
 170.45409; 280.89764;
 223.59763; 279.44031;
 323.65915; 279.78192;
 354.91928; 280.47885;
 656.80426; 283.26752;
 829.53082; 286.61203;
 839.92542; 286.27966;
 292.33612; 288.47388;
 304.34134; 294.29892;
 414.33884; 293.42316;
 625.26898; 293.56625;
 768.77991; 291.92288;
 214.49541; 295.68372;
 609.46661; 295.90518;
 863.73718; 296.87842;
 667.04199; 299.14786;
 916.86652; 296.99643;
 367.61053; 302.19485;
 777.03522; 301.90573;
 838.92273; 301.10214;
 146.33759; 304.21179;
 353.24753; 306.42383;
 930.67517; 306.64926;
 640.30188; 309.15729;
 751.42664; 308.65875;
 404.90778; 311.08481;
 767.74573; 312.75879;
 208.15848; 314.25;
 288.26529; 315.86615;
 611.18463; 316.28964;
 646.01398; 321.31888;
 703.60278; 323.39777;
 236.05804; 326.55511;
 622.07397; 325.61853;
 807.98938; 325.06253;
 849.02808; 326.05487;
 327.45657; 327.4032;
 773.85449; 327.74286;
 91.23851; 330.38528;
 669.16101; 329.76581;
 279.26089; 331.0715;
 489.75635; 332.24954;
 740.78717; 332.15515;
 869.3985; 332.66827;
 614.37866; 337.67734;
 697.03253; 337.96939;
 176.67796; 339.15665;
 821.94214; 339.20602;
 235.1405; 343.85516;
 792.1889; 344.34396;
 417.22302; 345.77747;
 650.28662; 348.9201;
 625.44702; 350.2644;
 886.61047; 350.44757;
 86.584717; 351.02704;
 402.48022; 353.55612;
 812.08374; 355.50998;
 848.49591; 360.16898;
 895.55908; 359.51172;
 710.73254; 361.71106;
 597.31763; 363.48621;
 170.75345; 366.34451;
 420.83798; 365.99176;
 624.54297; 366.89548;
 637.9718; 365.82742;
 771.50623; 370.18472;
 609.95886; 373.57117;
 252.43213; 376.16547;
 900.12982; 376.40997;
 162.90634; 378.73453;
 438.88278; 378.38025;
 702.39563; 377.05307;
 631.05078; 380.48862;
 684.97632; 381.32315;
 758.20007; 384.84177;
 634.30627; 386.50082;
 873.81116; 385.34201;
 730.7514; 386.49069;
 860.65094; 391.08929;
 708.36792; 392.31995;
 437.04437; 394.28659;
 675.63623; 393.97644;
 567.06689; 400.80533;
 753.64288; 399.53177;
 849.25897; 400.09607;
 248.65811; 402.64728;
 457.29099; 403.71323;
 582.81598; 403.07367;
 471.26718; 406.82806;
 725.89612; 405.91104;
 372.42062; 409.49414;
 649.42358; 410.46948;
 663.48193; 409.27399;
 698.59015; 410.92941;
 226.40254; 411.42932;
 139.98648; 414.10074;
 431.60675; 415.32205;
 549.37097; 415.05557;
 916.74646; 416.90033;
 788.40637; 418.00629;
 466.18405; 419.41534;
 495.54675; 423.71866;
 539.4162; 426.08859;
 115.31387; 428.73099;
 118.72503; 429.42606;
 363.51724; 430.20615;
 621.74377; 431.58441;
 687.8382; 431.5097;
 749.99597; 432.61703;
 784.7005; 431.58707;
 315.88712; 433.17603;
 298.30551; 436.65997;
 85.870956; 438.27808;
 101.47707; 448.54373;
 606.11566; 449.24252;
 290.73013; 451.11975;
 352.23743; 454.09763;
 258.91428; 459.03528;
 730.41888; 458.34033;
 675.98169; 460.96814;
 492.41824; 463.81024;
 570.1842; 463.8483;
 401.75238; 466.82944;
 473.46115; 465.19708;
 760.74066; 468.51913;
 248.02223; 469.64801;
 344.93066; 470.64282;
 838.52698; 470.97232;
 911.37604; 470.24731;
 604.05042; 472.61243;
 862.80566; 474.02283;
 537.74799; 475.9559;
 292.81693; 479.07004;
 385.91055; 479.68604;
 487.11722; 478.8902;
 560.23462; 479.80338;
 752.05542; 481.94421;
 812.29541; 481.97305;
 358.92102; 485.1572;
 250.0383; 487.34821;
 685.86401; 492.91837;
 900.03119; 487.9823;
 612.91388; 489.39764;
 164.10385; 497.65955;
 284.37747; 493.70441;
 680.8371; 493.53754;
 751.44922; 499.8587;
 810.13898; 499.5929;
 616.06671; 502.91052;
 850.21906; 501.34177;
 455.3689; 502.97061;
 708.70538; 503.95703;
 692.21362; 505.27698;
 828.35297; 506.75851;
 546.90436; 512.05157;
 445.49561; 513.43005;
 677.89508; 513.55859;
 469.0069; 516.12457;
 355.9726; 517.59692;
 600.73181; 517.50696;
 754.47363; 517.56781;
 796.56659; 519.2616;
 101.90258; 522.18182;
 609.43549; 522.66064;
 879.67603; 524.32385;
 908.99017; 521.95087;
 151.4557; 524.09985;
 625.95245; 526.80573;
 819.26196; 525.33966;
 455.91873; 530.14374;
 365.5564; 531.01062;
 580.14258; 531.32806;
 885.53998; 533.55109;
 910.21552; 534.97198;
 93.580978; 538.26294;
 378.23587; 539.41986;
 445.96158; 540.70526;
 597.04291; 541.65857;
 869.83606; 542.34137;
 620.26093; 544.80078;
 159.93619; 545.47534;
 679.09113; 545.99829;
 830.85736; 546.59589;
 145.46701; 551.3053;
 465.97418; 553.10132;
 855.28015; 553.83179;
 515.50494; 555.13812;
 902.77325; 556.30005;
 327.65405; 559.55298;
 399.26743; 562.51031;
 611.04218; 563.37811;
 824.58557; 563.89044;
 162.77867; 565.07697;
 181.98534; 566.77539;
 216.34816; 568.39545;
 456.74222; 568.26636;
 407.56445; 569.74774;
 508.4982; 570.43738;
 790.12799; 569.11493;
 893.97668; 570.08435;
 354.19839; 572.43597;
 493.98901; 574.78162;
 101.3196; 576.97559;
 906.85101; 577.14447;
 607.24457; 580.94659;
 177.5938; 581.77924;
 209.30363; 582.39404;
 319.37161; 581.7547;
 396.51041; 582.8584;
 587.11243; 582.30292;
 803.22589; 583.12939;
 89.701782; 586.02173;
 351.02673; 586.1355;
 892.77875; 585.72815;
 485.39709; 586.96234;
 551.1701; 590.74469;
 495.67462; 592.67358;
 511.60587; 591.55902;
 681.81726; 592.97986;
 853.37701; 596.43658;
 314.42624; 598.13373;
 346.71063; 598.84222;
 194.63826; 600.02441;
 834.89301; 600.33826;
 672.14813; 602.99493;
 414.7229; 604.30359;
 272.63583; 606.84625;
 502.84329; 607.25842;
 227.69099; 611.48773;
 572.95355; 615.7605;
 403.82724; 618.89032;
 633.92987; 618.23419;
 364.09055; 620.45374;
 102.98667; 623.53711;
 219.78474; 622.88904;
 528.89191; 624.09106;
 410.60263; 634.47253;
 547.04639; 633.41522;
 892.74774; 634.26227;
 307.6987; 635.07617;
 103.7472; 640.28644;
 146.67352; 642.84149;
 344.29239; 641.32526;
 537.24402; 645.69476;
 361.4129; 648.92932;
 405.31949; 651.1922;
 862.03186; 652.60126;
 114.10598; 654.22131;
 307.42459; 653.41162;
 350.64246; 660.3717;
 816.21405; 660.9198;
 546.79315; 663.22321;
 653.51984; 662.66772;
 833.95923; 661.8139;
 115.27268; 665.64893;
 320.29544; 665.42468;
 160.17538; 668.15405;
 532.03235; 670.82135;
 852.91425; 675.02979;
 929.5451; 673.56482;
 359.03391; 675.73987;
 869.30188; 675.27521;
 486.95108; 677.57465;
 539.03076; 678.37537;
 333.29047; 679.92383;
 772.59454; 680.92303;
 792.49933; 683.00458;
 602.07324; 684.93945;
 620.01947; 683.67584;
 449.62061; 685.56567;
 106.39982; 687.23889;
 730.3197; 687.18481;
 292.90833; 691.40198;
 544.88092; 691.30536;
 819.96228; 691.91095;
 205.06757; 694.65009;
 253.5137; 695.92047;
 441.64804; 701.02881;
 723.4422; 702.20789;
 537.69257; 705.73322;
 383.95636; 708.57159;
 598.96185; 707.59326;
 673.1543; 710.25586;
 819.30609; 709.79083;
 244.64758; 711.41125;
 305.23938; 712.25635;
 215.18764; 713.50452;
 326.21692; 716.10101;
 337.42963; 713.86609;
 129.95819; 720.40826;
 100.80441; 723.1239;
 187.84512; 722.28693;
 520.73468; 727.72711;
 300.72433; 725.80359;
 413.55954; 725.53662;
 723.60938; 726.4068;
 86.212791; 728.25598;
 205.56822; 728.16577;
 362.30322; 727.18958;
 118.28496; 731.56445;
 242.10265; 732.08624;
 595.63446; 732.36023;
 335.27414; 733.86011;
 176.52338; 734.89191;
 290.55078; 735.89575;
 437.51401; 736.97186;
 516.72412; 739.05963;
 579.4693; 737.71802;
 360.78226; 741.5191;
 934.74451; 742.33887;
 342.81802; 746.30927;
 416.85623; 746.86938;
 487.17972; 747.09717;
 554.92902; 748.09711;
 756.71033; 752.67297;
 164.39172; 755.4328;
 370.18417; 755.48871;
 609.3949; 755.76019;
 205.77003; 757.21936;
 508.77133; 758.56531;
 479.67493; 760.776;
 567.45935; 759.39063;
 722.46777; 760.56262;
 335.20813; 764.52814;
 726.97058; 765.84241;
 196.26695; 771.7442;
 457.9895; 772.22034;
 417.45087; 773.71881;
 581.70416; 777.18207;
 740.71997; 777.71039;
 908.10944; 777.25665;
 810.06122; 780.08325;
 795.69318; 782.521;
 828.35187; 781.50037;
 923.43561; 786.25421;
 409.9353; 788.76569;
 898.83673; 788.18097;
 335.18219; 790.28705;
 417.18295; 790.69299;
 231.95151; 794.17822;
 776.47644; 794.91046;
 936.59656; 793.75952;
 913.35333; 795.84161;
 552.46265; 801.73492;
 648.79938; 801.43274;
 328.39661; 803.88812;
 423.23709; 806.1311;
 635.21423; 805.66449;
 816.97467; 808.75812;
 383.22775; 810.55981;
 250.39162; 811.85956;
 111.09669; 814.94141;
 646.95593; 816.6026;
 416.47574; 818.16034;
 870.73041; 818.22034;
 890.97986; 819.62396;
 627.81195; 822.94104;
 819.70233; 826.27844;
 936.68799; 831.36792;
 506.01025; 833.48828;
 652.5661; 833.37885;
 817.9668; 835.70856;
 89.111954; 837.42059;
 379.45203; 837.52826;
 859.16522; 837.1286;
 271.83548; 843.01794;
 492.08188; 845.02631;
 93.58876; 854.79889;
 279.28967; 856.78961;
 355.91046; 855.83813;
 630.63959; 857.47095;
 639.30981; 857.4306;
 770.42181; 861.0611;
 803.17096; 859.40509;
 670.54181; 861.96912;
 611.9176; 863.5423;
 272.05844; 872.84204;
 359.09085; 872.25995;
 470.31116; 872.30939;
 677.6394; 871.638;
 456.76086; 876.21515;
 821.00519; 875.75781;
 873.01331; 876.7226;
 878.56213; 878.51599;
 326.99866; 880.30737;
 433.80081; 881.14178;
 638.36877; 882.95166;
 925.48865; 881.54816;
 809.5882; 890.79053;
 660.16925; 891.13892;
 298.41803; 893.33484;
 320.22311; 896.02283;
 399.31808; 902.35364;
 815.84515; 905.52747;
 724.27075; 910.76672;
 372.5882; 911.28723;
 417.20776; 911.52454;
 699.02478; 916.20331;
 802.4201; 918.51251;
 672.60583; 920.97101;
 408.00195; 922.86707;
 868.81445; 924.79675;
 715.99457; 925.43231;
 256.05804; 928.62494;
 470.14355; 927.84015;
 372.82141; 930.29834;
 500.29926; 932.75702;
 608.05145; 933.05438;
 800.276; 935.09949;
 116.05042; 688.84601;
 268.84464; 791.92389;
 197.98024; 936.89209;
 436.57254; 115.8411;
 572.03235; 116.62396;
 208.87466; 118.21774;
 732.08099; 118.27426;
 397.87106; 120.20274;
 817.15747; 123.2016;
 860.42297; 124.0734;
 196.76775; 130.02716;
 208.50926; 134.19063;
 708.12738; 135.32541;
 882.30347; 136.96756;
 440.5405; 142.44966;
 419.79489; 143.28665;
 483.50497; 146.8999;
 182.21857; 147.06297;
 316.51691; 147.45937;
 754.86279; 149.63983;
 655.54254; 152.5827;
 837.10791; 151.91124;
 161.26494; 153.78606;
 279.40039; 153.48289;
 696.61615; 154.56329;
 862.84058; 157.6064;
 808.70844; 159.43666;
 391.28198; 161.73024;
 306.96399; 164.17963;
 432.1301; 164.49231;
 684.50183; 168.25044;
 459.40964; 169.76591;
 644.48645; 172.76567;
 743.94482; 172.96902;
 847.10345; 172.86229;
 186.21072; 173.30072;
 883.51501; 174.27242;
 266.77777; 179.95999;
 794.24512; 183.4286;
 337.84653; 187.98553;
 161.67654; 188.8463;
 241.29253; 189.35866;
 645.67444; 194.32269;
 667.65967; 196.25656;
 867.96832; 196.86766;
 149.69774; 203.82253;
 198.93605; 205.75667;
 373.59457; 203.34299;
 745.00806; 203.42986;
 850.44104; 204.04218;
 320.89877; 206.51823;
 551.24255; 211.1118;
 231.83559; 214.08702;
 272.85907; 213.70998;
 651.87354; 215.54279;
 517.87952; 217.72496;
 869.0658; 221.27544;
 537.11273; 226.65755;
 739.37982; 227.68596;
 366.05402; 232.88272;
 712.83209; 234.03026;
 263.78137; 236.74654;
 575.76849; 237.87964;
 830.28204; 237.9633;
 902.91772; 236.48706;
 765.39752; 240.68718;
 853.1261; 241.03923;
 644.98364; 243.94028;
 670.46783; 244.60175;
 241.73438; 246.50278;
 372.34482; 251.81142;
 892.41943; 251.01343;
 185.46864; 253.78801;
 673.39117; 253.08165;
 607.27789; 258.27396;
 351.92834; 260.68323;
 795.45911; 260.94318;
 170.63292; 265.96463;
 635.8064; 270.4256;
 897.56708; 272.53204;
 227.10385; 273.71085;
 308.75626; 273.8038;
 359.17654; 277.23376;
 739.80688; 283.6481;
 833.01697; 284.50253;
 291.55017; 288.84155;
 659.52155; 287.32999;
 626.64014; 292.28107;
 698.06659; 291.08435;
 604.17169; 293.22235;
 214.26697; 295.5986;
 864.39801; 296.69946;
 779.51031; 301.59991;
 835.66705; 301.55704;
 359.62204; 303.76935;
 290.77097; 312.75656;
 404.75565; 311.42596;
 210.00987; 316.27847;
 643.51294; 314.7681;
 771.02203; 317.29556;
 706.0976; 320.4205;
 239.06024; 324.59003;
 805.65051; 325.65274;
 848.49994; 325.32657;
 738.40582; 328.20355;
 329.45789; 330.05072;
 667.30383; 329.26007;
 276.34094; 333.79636;
 610.67999; 335.1857;
 870.23102; 336.3681;
 695.15771; 337.7648;
 175.30684; 339.39395;
 334.71097; 342.61346;
 419.66577; 344.04126;
 232.05812; 346.43002;
 793.1582; 346.12292;
 627.20093; 348.98654;
 653.48236; 350.02625;
 888.03992; 352.29123;
 275.39655; 355.76816;
 399.94974; 358.16516;
 711.81396; 358.36838;
 813.02466; 357.05563;
 218.43481; 360.55237;
 595.13226; 362.60709;
 171.9615; 365.9805;
 772.22888; 370.76184;
 626.04163; 372.17819;
 253.91304; 376.8251;
 608.08795; 376.26797;
 702.92767; 377.32144;
 440.40329; 379.76517;
 683.37122; 379.19675;
 875.17267; 379.96808;
 162.38469; 382.57315;
 757.80847; 383.12454;
 141.30922; 391.37411;
 861.29907; 391.84671;
 673.08472; 394.51868;
 163.69093; 395.36008;
 435.78168; 395.65967;
 707.36157; 395.45172;
 847.25592; 400.40097;
 459.71933; 402.32986;
 247.70503; 403.24335;
 585.93195; 403.83136;
 758.9314; 404.25458;
 724.3186; 406.90002;
 542.25696; 407.68204;
 652.7782; 407.07593;
 373.70789; 409.0062;
 229.40604; 410.94403;
 699.1062; 412.70715;
 136.28551; 414.53143;
 469.86621; 422.69522;
 118.06248; 427.38916;
 537.25525; 428.2919;
 363.26324; 430.54321;
 688.17133; 430.73364;
 744.26141; 429.66434;
 301.2283; 432.689;
 439.3674; 432.59161;
 619.89978; 432.92285;
 753.54449; 432.63403;
 784.61786; 432.78354;
 603.38055; 452.89069;
 729.54358; 455.33847;
 259.83533; 458.81064;
 570.64935; 460.50195;
 493.75427; 462.78369;
 671.91962; 464.80368;
 709.94324; 463.32767;
 403.48026; 465.60373;
 471.85938; 466.15417;
 762.27191; 466.6188;
 603.04144; 468.39069;
 343.81998; 470.5864;
 863.2149; 472.26236;
 536.70862; 473.29459;
 712.52002; 474.20355;
 246.9119; 475.66531;
 745.29944; 476.39288;
 840.65521; 476.23001;
 292.84735; 478.02979;
 560.08759; 480.25583;
 813.65759; 480.32114;
 384.53149; 481.5;
 361.8663; 488.23074;
 451.64679; 493.89581;
 611.10211; 493.28452;
 283.569; 495.83646;
 750.45032; 496.75403;
 894.96216; 496.64484;
 851.85779; 497.44421;
 706.32843; 500.51849;
 806.94415; 502.12207;
 831.71564; 506.65829;
 824.52954; 507.35208;
 541.88452; 510.60547;
 676.7276; 514.76746;
 836.16888; 515.30164;
 758.39795; 518.98248;
 354.62888; 519.9361;
 606.8548; 521.63879;
 151.8974; 524.49677;
 814.37213; 523.73749;
 629.32141; 527.76733;
 458.35135; 529.32776;
 377.67773; 539.28833;
 445.64444; 540.45282;
 599.69641; 541.55475;
 162.19423; 544.35156;
 619.73431; 546.61401;
 676.3642; 546.10394;
 870.26398; 546.27991;
 831.341; 547.21826;
 143.34207; 552.65045;
 466.56424; 551.53827;
 516.01599; 553.17035;
 901.01147; 555.0799;
 375.76508; 557.00153;
 326.82593; 561.3949;
 495.88702; 559.67859;
 185.45346; 563.16852;
 611.22223; 563.15204;
 786.32349; 564.23059;
 219.31012; 565.7804;
 162.33023; 568.52509;
 353.20831; 569.28448;
 456.96387; 569.31982;
 508.7019; 571.35681;
 904.9563; 575.72656;
 320.83179; 579.09467;
 174.4718; 583.0188;
 209.74883; 583.69287;
 281.81073; 586.78625;
 397.81299; 586.4635;
 607.76886; 584.9729;
 352.20877; 587.44879;
 890.24866; 587.38989;
 510.61267; 589.19757;
 486.51532; 591.3653;
 551.03406; 593.74261;
 661.10858; 594.01111;
 851.52234; 596.07251;
 194.53366; 599.5437;
 314.5022; 600.98511;
 840.26782; 599.37842;
 418.11807; 603.04541;
 673.63397; 606.66144;
 273.06738; 608.02734;
 228.16321; 610.09393;
 572.29254; 611.58813;
 400.52661; 618.95203;
 635.80896; 617.52045;
 364.52676; 623.05255;
 526.40509; 626.69562;
 889.19336; 628.03247;
 549.34705; 632.71674;
 309.03543; 633.37354;
 413.30579; 635.02051;
 147.2406; 642.71143;
 406.39914; 650.59711;
 863.83612; 649.23572;
 361.78519; 651.72888;
 304.54111; 654.09698;
 116.60867; 659.05933;
 813.79962; 659.40662;
 653.91022; 661.18134;
 834.36487; 662.06433;
 436.16251; 664.46045;
 549.29449; 662.80621;
 708.34833; 665.93872;
 871.69739; 674.59509;
 484.67081; 676.15302;
 849.9209; 676.48297;
 536.04742; 677.31696;
 773.26837; 684.24829;
 331.52216; 681.97247;
 764.25354; 682.52173;
 450.9277; 683.3338;
 731.25598; 683.8136;
 790.05713; 683.69666;
 599.5451; 685.50256;
 817.77893; 686.58453;
 691.99133; 687.52106;
 253.8869; 694.19489;
 441.46365; 703.9563;
 723.22357; 704.17572;
 217.11757; 712.23004;
 535.94452; 705.44305;
 671.45251; 707.87183;
 598.34723; 709.24878;
 814.5625; 710.18994;
 820.94763; 713.3064;
 132.5052; 717.61627;
 414.34991; 723.45447;
 362.91666; 725.78821;
 722.30225; 726.40741;
 204.59279; 729.23151;
 246.70921; 732.21735;
 436.97919; 731.77173;
 597.52936; 731.60504;
 119.17854; 733.08252;
 175.14133; 734.73938;
 290.12241; 735.57086;
 578.14417; 738.68634;
 901.83209; 738.15308;
 340.46179; 740.41974;
 519.18103; 740.17847;
 487.4306; 744.94965;
 420.02289; 750.83337;
 208.43091; 753.85095;
 564.73248; 754.75562;
 165.01076; 755.8631;
 369.90231; 755.56366;
 606.47479; 757.88544;
 509.67444; 759.76288;
 725.41229; 759.54694;
 478.49176; 763.57916;
 334.42871; 766.77313;
 419.2085; 770.75018;
 196.26234; 772.0304;
 738.39227; 772.11481;
 458.91431; 773.73901;
 829.97717; 777.53546;
 582.14081; 780.10181;
 806.66858; 783.70789;
 339.02585; 788.76447;
 895.31067; 787.96594;
 411.60486; 791.01099;
 776.02997; 794.2536;
 552.65491; 799.41858;
 639.04944; 801.51025;
 327.11887; 805.25348;
 818.0791; 805.19641;
 384.63782; 808.18127;
 251.65683; 810.28345;
 417.06329; 818.97168;
 893.19257; 820.78735;
 627.78339; 822.81787;
 505.51596; 829.46344;
 820.34479; 829.65607;
 650.56299; 835.82361;
 862.10614; 836.98468;
 490.26071; 846.63849;
 280.31546; 853.92572;
 634.19574; 857.90637;
 800.37341; 862.06403;
 774.48096; 865.08276;
 356.02756; 866.78876;
 673.64227; 865.71606;
 453.87494; 872.28711;
 271.56735; 874.71216;
 824.25824; 873.66327;
 876.38177; 875.53345;
 329.65057; 877.17944;
 428.95374; 879.2804;
 806.45044; 887.94482;
 296.16098; 891.33368;
 320.64331; 897.87329;
 671.29437; 899.92682;
 396.48859; 905.09198;
 816.98535; 906.76764;
 337.64359; 185.20822;
 800.14648; 187.52788;
 665.52026; 193.49802;
 373.87653; 197.16371;
 749.18463; 198.67389;
 195.54344; 202.35056;
 553.44861; 203.92854;
 279.24136; 208.89255;
 323.32394; 211.30182;
 235.92801; 214.18675;
 653.87909; 215.51494;
 418.69287; 227.76292;
 734.04523; 228.39171;
 825.50159; 227.79196;
 540.48425; 232.752;
 367.48108; 236.33324;
 581.33002; 237.33434;
 636.94904; 238.0027;
 771.38971; 237.13066;
 267.49448; 238.576;
 240.10919; 246.0656;
 669.30359; 251.11079;
 605.0517; 264.32407;
 794.43213; 263.52631;
 225.66724; 269.99432;
 310.47726; 269.74014;
 352.38193; 272.08685;
 832.98059; 278.23096;
 626.21112; 291.77304;
 661.68726; 292.37305;
 773.64795; 290.56927;
 358.2901; 304.4613;
 402.36118; 307.52292;
 705.21393; 310.1629;
 206.26552; 316.617;
 291.14868; 313.97827;
 644.50568; 316.39258;
 667.77771; 315.02179;
 240.33679; 322.1944;
 736.87909; 325.03604;
 772.3869; 323.3905;
 806.08588; 323.67685;
 845.00659; 327.61996;
 335.97247; 334.31104;
 691.1236; 337.0946;
 274.1727; 339.48047;
 422.44675; 339.27328;
 626.3797; 346.73587;
 791.92102; 348.55298;
 174.74808; 351.38516;
 225.16612; 352.25027;
 656.11621; 350.61884;
 717.73352; 355.81674;
 413.92783; 368.88492;
 255.61778; 375.71667;
 625.69879; 378.62531;
 728.88019; 381.36755;
 461.65866; 397.19034;
 377.49142; 401.45499;
 545.53644; 401.49072;
 239.22244; 404.46957;
 590.25488; 404.2132;
 651.88641; 405.68469;
 504.7937; 408.91302;
 765.54865; 406.6478;
 717.18622; 410.76968;
 617.9679; 429.80554;
 361.97372; 429.79578;
 440.26248; 431.13065;
 533.99323; 435.20084;
 682.24536; 434.18213;
 259.92148; 456.45306;
 603.10431; 460.63196;
 759.85852; 459.88464;
 498.51111; 462.91693;
 708.58276; 462.82367;
 335.55518; 466.27399;
 411.29532; 465.69876;
 657.98126; 470.9119;
 812.13275; 475.8725;
 248.89424; 482.4913;
 368.34326; 489.83597;
 740.87427; 487.36569;
 616.04871; 495.71451;
 694.12616; 495.36636;
 804.10889; 515.01221;
 602.065; 519.50574;
 673.71075; 521.22339;
 763.72504; 521.20374;
 351.40268; 525.70404;
 636.88684; 524.04962;
 673.49341; 540.89874;
 515.17163; 548.61987;
 827.00696; 547.28821;
 605.77234; 557.99323;
 781.37006; 555.22827;
 186.87071; 560.65033;
 225.06839; 558.74512;
 357.49228; 558.61084;
 403.83133; 560.29907;
 322.85611; 568.31201;
 460.06323; 573.672;
 213.66241; 581.29663;
 289.57727; 585.47937;
 394.31552; 591.24622;
 842.97754; 592.71753;
 486.69632; 599.13843;
 660.28674; 598.60742;
 205.50473; 604.41309;
 575.58795; 605.78162;
 224.19275; 608.06567;
 268.82892; 610.66846;
 390.89899; 609.71661;
 630.63477; 616.5177;
 310.48654; 630.73358;
 555.28125; 635.42407;
 367.45401; 643.11249;
 293.71356; 654.83942;
 554.00903; 659.91913;
 474.86685; 671.71576;
 446.35059; 674.61938;
 593.88928; 676.56116;
 730.64911; 675.44843;
 687.92487; 680.25366;
 821.61639; 680.91339;
 789.63196; 687.30688;
 523.37018; 694.70502;
 670.12805; 704.8139;
 334.98257; 706.29114;
 721.40997; 715.71802;
 813.78027; 713.41718;
 597.34558; 720.45007;
 202.53293; 725.57599;
 363.54178; 729.31696;
 520.35974; 733.104;
 485.42792; 734.85248;
 342.81137; 739.18103;
 567.46851; 747.24548;
 604.75433; 757.7417;
 731.62305; 756.77173;
 330.05664; 765.25684;
 421.82068; 762.36139;
 508.62378; 767.08978;
 836.14569; 767.68341;
 464.1676; 773.50446;
 579.09778; 783.41644;
 346.73453; 793.09918;
 639.93103; 791.87097;
 772.28888; 791.30682;
 406.84851; 794.56219;
 813.00586; 797.26361;
 382.26724; 811.00043;
 417.54782; 815.70886;
 626.70935; 819.14386;
 505.7204; 823.5542;
 822.04175; 832.02899;
 654.21735; 839.53571;
 277.095; 844.91315;
 604.78748; 843.73334;
 629.16235; 234.30875;
 728.08411; 231.5564;
 581.77728; 236.47891;
 371.86758; 238.27425;
 538.18219; 238.54004;
 272.0773; 242.35484;
 665.66394; 247.02898;
 311.26996; 269.88522;
 351.84192; 271.26154;
 604.39911; 270.31284;
 775.55286; 287.73007;
 692.28271; 300.48395;
 291.69775; 315.42294;
 240.3989; 318.75974;
 749.77631; 325.60748;
 338.47089; 337.15421;
 383.27203; 336.90488;
 428.05865; 339.80289;
 276.05014; 343.08456;
 684.1795; 345.53687;
 624.92645; 346.97845;
 662.091; 350.34225;
 729.64978; 369.67645;
 258.20984; 377.66333;
 463.98981; 391.16852;
 376.59229; 394.12222;
 542.26495; 396.76764;
 501.81668; 404.59015;
 769.43732; 404.70999;
 713.91608; 413.53577;
 658.53204; 413.73557;
 433.39575; 429.6235;
 449.77576; 435.44461;
 533.20966; 439.43954;
 751.93024; 449.52954;
 416.49121; 456.40811;
 326.54224; 460.23096;
 607.17749; 458.19736;
 709.74762; 460.05145;
 722.96393; 467.95465;
 654.84949; 471.41132;
 732.42853; 488.30283;
 374.33945; 490.99435;
 697.60712; 493.92477;
 622.3349; 503.7131;
 763.82318; 521.12183;
 588.92334; 525.93451;
 676.10486; 529.03906;
 348.89597; 532.7431;
 514.37012; 551.7428;
 414.73254; 559.01123;
 604.37646; 558.46893;
 317.21259; 566.43988;
 480.43246; 592.90277;
 396.14734; 599.21906;
 581.40503; 602.77112;
 672.70306; 608.78027;
 266.91812; 615.67542;
 627.74609; 620.09869;
 363.3335; 641.08374;
 558.03992; 648.9458;
 667.53363; 649.55914;
 454.16718; 669.05206;
 727.80914; 667.4649;
 596.9173; 671.38263;
 681.6958; 675.25555;
 521.31366; 688.77716;
 787.08893; 690.58801;
 334.27283; 698.88641;
 720.78662; 711.11536;
 429.40512; 715.69202;
 515.85461; 732.01068;
 352.38327; 736.88464;
 568.42737; 744.94763;
 607.40057; 756.49811;
 737.88812; 758.58234;
 423.18835; 762.40387;
 326.80438; 768.08093;
 471.69165; 777.39319;
 501.48688; 774.43396;
 763.79224; 781.40692;
 576.53937; 789.58966;
 466.63406; 376.82373;
 366.13031; 392.53659;
 652.42834; 415.13428;
 425.17081; 434.11563;
 377.92258; 497.36551;
 621.08527; 505.4183;
 416.8114; 551.89539;
 581.47327; 594.93091;
 480.39072; 602.95013;
 624.99512; 630.22205;
 347.10538; 641.72778;
 552.29272; 645.20221;
 455.07422; 663.96063 
