 1020.9576; 6.3585505;
 1020.9955; 89.371948;
 1016.1396; 110.08725;
 1021.0019; 136.07072;
 1021.0281; 158.09158;
 1015.7931; 166.49779;
 7.600513; 291.7258;
 1016.3032; 399.42471;
 909.12384; 781.24109;
 915.81494; 795.83063;
 1016.1013; 973.96436;
 978.61981; 4.4802518;
 1020.0278; 6.2905602;
 1013.9413; 19.073751;
 8.0660467; 21.777157;
 996.0979; 22.188354;
 15.816807; 30.80736;
 681.65466; 49.929386;
 7.6536846; 55.226547;
 687.3042; 58.252346;
 966.9812; 64.560883;
 1015.2407; 66.164749;
 683.05493; 69.063164;
 886.44562; 68.981476;
 962.7348; 73.726364;
 1008.5566; 74.674141;
 818.62732; 88.238068;
 1020.0658; 88.881638;
 1015.3882; 96.180702;
 8.1464663; 98.082291;
 1020.1723; 102.89794;
 1015.7137; 109.72872;
 207.93454; 118.17691;
 859.87225; 125.84854;
 999.78632; 132.59567;
 852.10571; 134.22427;
 1020.0963; 135.99182;
 1015.3564; 143.33453;
 993.40747; 149.1129;
 1001.7609; 148.50684;
 419.37561; 149.62581;
 757.08606; 157.25253;
 47.082119; 158.30409;
 1005.1169; 158.03105;
 1020.1922; 158.33481;
 430.40073; 158.80852;
 655.87659; 160.01871;
 1015.5029; 165.81645;
 997.16656; 177.52014;
 991.51331; 187.81181;
 7.0786238; 189.96292;
 1000.7502; 198.45787;
 948.83008; 201.57425;
 967.5108; 206.77408;
 991.36871; 208.90945;
 747.77966; 213.87323;
 1015.3171; 213.98038;
 652.69623; 214.47208;
 640.14288; 253.99251;
 175.61064; 266.52856;
 7.9626718; 275.76419;
 311.52606; 283.60037;
 8.2397757; 291.46021;
 612.04327; 297.41885;
 1015.7385; 300.4234;
 50.906425; 300.76068;
 773.19946; 301.29315;
 782.58673; 304.28409;
 638.68146; 306.10886;
 287.07962; 318.76904;
 705.47223; 328.40369;
 851.53931; 329.04477;
 237.96323; 330.43588;
 696.38263; 335.47177;
 625.4408; 353.49826;
 624.22858; 362.58591;
 638.24121; 366.47366;
 703.58514; 379.07843;
 7.9552765; 382.17358;
 685.32385; 383.41568;
 759.32709; 388.16605;
 708.56335; 388.51651;
 874.00464; 389.43555;
 677.54358; 395.2218;
 732.94348; 394.76178;
 862.61029; 394.60257;
 1015.6929; 398.78284;
 7.5588813; 399.65073;
 849.65845; 400.30798;
 724.87347; 402.00925;
 458.52576; 406.78421;
 2.9324038; 407.46011;
 549.67328; 415.69;
 464.94321; 417.38806;
 88.654953; 441.27072;
 256.62302; 458.33633;
 492.09402; 464.42267;
 1014.6693; 478.32751;
 292.49234; 480.49655;
 100.87943; 525.60175;
 625.5014; 526.20874;
 835.37292; 526.63837;
 449.02676; 542.1441;
 7.586709; 543.68274;
 147.51358; 551.55658;
 515.38019; 557.85675;
 903.58148; 557.86957;
 612.40936; 567.24524;
 1014.9067; 567.07855;
 217.74698; 572.39948;
 895.5647; 572.2666;
 493.23035; 574.2522;
 209.94481; 579.19562;
 1015.7428; 587.49084;
 352.10236; 589.33478;
 347.08102; 597.4234;
 974.76636; 609.4787;
 965.62836; 616.36713;
 58.096516; 620.82245;
 547.08295; 635.92804;
 1015.8567; 652.63477;
 546.20276; 659.88885;
 1020.0817; 674.2132;
 870.56122; 676.81;
 544.08936; 691.20313;
 193.59685; 714.26843;
 215.16541; 714.36993;
 83.37191; 715.73505;
 129.44875; 723.32501;
 360.08932; 728.48297;
 119.6164; 730.41199;
 1014.9456; 729.82538;
 1020.1444; 739.67914;
 362.47083; 741.62628;
 1015.1099; 747.58063;
 342.90961; 749.41492;
 1015.9927; 757.83093;
 2.9519777; 759.63763;
 206.84915; 761.7229;
 418.17526; 776.98468;
 909.31458; 780.58405;
 900.6391; 788.57758;
 335.13864; 793.06665;
 49.647812; 794.53656;
 915.45099; 795.05084;
 8.4209518; 801.88898;
 329.92365; 802.54346;
 19.140089; 804.04388;
 1014.4929; 805.24713;
 1014.9364; 819.64594;
 1014.9162; 834.37775;
 279.93259; 860.46442;
 328.12344; 884.66083;
 815.96021; 906.31915;
 201.82431; 936.96356;
 383.51486; 953.40057;
 756.25488; 956.13745;
 748.49756; 962.86749;
 419.2597; 963.49481;
 427.6893; 971.56915;
 1015.4524; 973.18768;
 1002.5858; 974.84576;
 564.58929; 975.922;
 681.75018; 978.40375;
 437.66205; 984.6944;
 789.03198; 992.51447;
 1015.4713; 998.27997;
 689.46313; 1001.5405;
 1015.2018; 1006.6785;
 657.06354; 1012.2274;
 737.99164; 1014.4033;
 1015.7875; 1015.4626;
 414.13959; 1020.046;
 1019.1232; 6.368773;
 16.591515; 31.466196;
 860.89563; 68.476494;
 1008.0776; 74.920494;
 1014.884; 109.55849;
 1019.1624; 135.80615;
 735.45715; 147.28709;
 996.18646; 177.60567;
 8.1539679; 188.8905;
 715.21564; 194.99992;
 624.68823; 363.57831;
 638.40912; 366.39343;
 874.90466; 388.92926;
 733.20184; 394.08917;
 849.8006; 400.05435;
 550.00739; 415.73297;
 835.10425; 526.43719;
 44.487125; 596.29187;
 347.23782; 598.58417;
 544.41602; 691.33435;
 199.21135; 706.67755;
 215.44998; 713.93481;
 28.739828; 756.90015;
 31.666512; 773.76666;
 16.438223; 793.07629;
 1013.8515; 834.57556;
 470.79926; 929.25702;
 198.54869; 1003.2916;
 346.48978; 1019.1914;
 824.97888; 4.8195596;
 978.44989; 4.7892017;
 888.6665; 5.9764009;
 656.74951; 9.5980291;
 855.41962; 9.8876276;
 721.55908; 11.105731;
 211.62625; 13.06314;
 445.39291; 15.331005;
 977.49127; 17.45471;
 313.56479; 18.281765;
 1011.3992; 18.334608;
 10.562255; 19.942101;
 905.25452; 20.886744;
 682.65491; 21.225883;
 767.15161; 20.329924;
 996.72583; 22.233065;
 709.56262; 23.393423;
 787.06274; 23.070955;
 312.4632; 24.374828;
 391.07706; 27.385891;
 960.17377; 28.33959;
 827.82642; 30.257715;
 907.03723; 31.327473;
 208.93179; 31.576345;
 928.66956; 37.123085;
 381.04492; 39.815727;
 992.21643; 39.474522;
 846.72418; 41.13633;
 968.73956; 41.126347;
 892.04108; 42.344902;
 710.96948; 44.766857;
 767.58545; 45.730076;
 204.95096; 46.983795;
 736.57568; 47.335529;
 916.77936; 47.579506;
 680.77832; 49.855362;
 977.8714; 50.550858;
 654.47223; 51.851784;
 10.641477; 53.891407;
 431.83377; 54.199207;
 690.30225; 59.00695;
 871.23059; 58.722828;
 900.15601; 60.84407;
 966.16956; 61.82946;
 733.03937; 63.10096;
 789.99799; 63.19698;
 1012.7759; 63.423733;
 833.98761; 64.647446;
 885.10419; 67.391525;
 682.1344; 69.584404;
 446.82056; 72.075462;
 646.83325; 74.416412;
 351.55551; 74.791603;
 962.48621; 75.257225;
 724.68951; 77.559059;
 186.88615; 79.198517;
 663.48413; 78.852303;
 898.48407; 79.984055;
 870.11688; 82.322838;
 977.47607; 82.438904;
 35.89801; 85.895325;
 442.39911; 86.681923;
 820.44769; 87.529144;
 705.35919; 88.766083;
 1018.0187; 88.487885;
 887.73572; 90.181;
 82.766251; 92.480286;
 856.39056; 93.657715;
 10.99507; 95.655418;
 53.167091; 96.257828;
 1000.1484; 95.585983;
 459.51837; 96.464287;
 911.11182; 97.004593;
 812.01331; 98.688866;
 718.37976; 98.887657;
 1011.3074; 98.646568;
 746.23376; 101.05583;
 406.8775; 102.01344;
 482.0188; 102.35693;
 703.00439; 101.57403;
 729.50287; 109.47048;
 228.5851; 111.3259;
 998.61084; 110.95544;
 855.17175; 112.47434;
 473.94373; 114.20079;
 209.5159; 116.97743;
 396.13611; 116.96252;
 967.62311; 117.13413;
 931.41565; 120.94483;
 860.44519; 125.27571;
 198.96625; 127.70167;
 703.97101; 131.86642;
 212.54761; 131.49016;
 1000.2126; 132.08319;
 851.94348; 135.38733;
 213.48912; 137.10527;
 744.25696; 136.64391;
 709.96503; 140.60744;
 882.48309; 141.06734;
 944.72949; 141.07698;
 833.26233; 143.51537;
 1013.1412; 144.42383;
 995.43103; 146.46356;
 46.15395; 148.84174;
 419.11508; 147.88741;
 316.16702; 150.28023;
 482.79379; 151.03894;
 869.66272; 150.81688;
 46.848839; 153.16666;
 754.3045; 154.23668;
 657.44757; 157.20789;
 837.16815; 158.69221;
 81.356827; 159.81142;
 431.3681; 161.56993;
 810.88794; 163.30608;
 861.08685; 163.07907;
 307.73547; 163.73068;
 1012.0482; 163.46111;
 394.53189; 165.62479;
 847.03363; 170.95384;
 647.48956; 172.23312;
 458.55807; 172.55624;
 924.66083; 175.21672;
 187.7542; 175.70792;
 41.800919; 177.75926;
 858.94745; 178.06966;
 878.75952; 178.50398;
 941.53986; 186.24205;
 990.36621; 187.94772;
 335.54657; 192.89653;
 743.74225; 193.79785;
 978.32098; 196.75301;
 1001.9865; 199.34825;
 949.18005; 203.82236;
 967.30286; 206.14307;
 237.57883; 207.5204;
 992.97876; 211.13846;
 746.22107; 212.16476;
 1012.4985; 212.045;
 272.70776; 214.85374;
 652.10272; 214.02579;
 550.6369; 215.44528;
 938.8576; 215.76073;
 975.97961; 215.99203;
 519.38843; 219.41246;
 867.77594; 220.39392;
 538.18134; 225.27919;
 741.47211; 226.52625;
 365.80951; 227.65894;
 640.77911; 226.85921;
 556.31653; 229.04614;
 760.63434; 236.21463;
 572.61938; 237.44316;
 73.427124; 241.13327;
 854.5047; 241.93304;
 969.15308; 242.38144;
 241.73419; 244.10712;
 365.3465; 243.76088;
 652.05756; 244.5675;
 585.19012; 245.79074;
 769.01147; 246.06291;
 27.317486; 246.39769;
 240.39101; 250.88274;
 639.43201; 252.81998;
 184.31487; 256.04492;
 354.50885; 256.29633;
 606.70978; 256.09341;
 795.84052; 258.38455;
 372.62238; 259.79587;
 230.13217; 265.74609;
 22.083479; 266.18735;
 635.54547; 267.10757;
 899.06793; 270.64941;
 1000.4355; 273.13852;
 10.593608; 279.26611;
 309.15585; 279.92242;
 224.37057; 280.673;
 321.67996; 281.36575;
 43.872059; 285.457;
 761.96246; 287.07245;
 840.20648; 288.14563;
 832.26379; 288.50034;
 11.121932; 289.30844;
 293.35602; 290.18759;
 625.21423; 292.96808;
 217.54411; 295.86307;
 611.29175; 296.67221;
 772.25623; 297.51648;
 51.157047; 300.7359;
 838.57935; 300.91266;
 1013.8915; 301.7027;
 366.67508; 302.75745;
 780.25256; 303.90207;
 354.43738; 305.71552;
 640.74622; 308.91705;
 295.4079; 310.08978;
 405.01932; 311.33658;
 769.12219; 312.25769;
 288.08545; 317.12134;
 45.542118; 320.32449;
 647.44067; 323.28561;
 622.91724; 325.50018;
 705.67542; 325.28088;
 807.63654; 327.00897;
 849.93073; 326.51047;
 236.69748; 327.28793;
 279.82855; 330.64871;
 668.39691; 331.29343;
 740.30499; 333.18683;
 693.99402; 334.49103;
 614.57074; 337.68652;
 699.46021; 339.38748;
 177.47299; 339.34412;
 791.51367; 342.97427;
 417.47366; 346.52359;
 67.964958; 348.29547;
 651.30853; 347.73743;
 43.290848; 351.63593;
 626.04382; 351.58249;
 812.11707; 355.6813;
 710.60431; 363.29895;
 171.27353; 367.10986;
 771.69861; 369.69333;
 611.34949; 372.75177;
 948.58801; 372.27548;
 1004.3839; 375.76654;
 252.67599; 377.01987;
 704.02985; 377.116;
 162.57622; 377.9819;
 440.27844; 378.03702;
 685.14209; 381.9151;
 10.296713; 384.00824;
 726.48242; 384.27637;
 758.82031; 385.70517;
 993.651; 386.63687;
 708.42059; 390.97363;
 435.84277; 391.79361;
 860.89484; 391.50562;
 53.50906; 394.56381;
 676.49341; 394.54156;
 1012.6004; 394.85519;
 10.537522; 398.7063;
 441.18323; 398.63098;
 754.85443; 399.61768;
 566.45422; 400.04663;
 583.67871; 403.745;
 726.21875; 405.44727;
 459.00128; 405.50928;
 959.61243; 406.34729;
 1003.8681; 408.22668;
 4.9004745; 409.54919;
 374.26675; 409.91837;
 661.38104; 410.35144;
 650.95428; 412.2825;
 699.17267; 411.83453;
 917.07025; 417.36115;
 467.80731; 419.49326;
 496.72388; 424.01419;
 363.69525; 430.30688;
 119.13285; 431.08813;
 622.22131; 431.71671;
 86.853043; 440.05377;
 48.259731; 440.81094;
 983.36426; 443.26205;
 12.408668; 447.77951;
 101.48298; 449.20499;
 42.425552; 453.78671;
 259.12161; 459.19553;
 492.74557; 465.4946;
 570.90613; 465.65594;
 402.11487; 468.0499;
 248.02934; 468.77756;
 761.40753; 469.63513;
 838.51788; 471.07419;
 604.60406; 473.22409;
 863.63458; 474.8924;
 387.74072; 479.18774;
 293.23975; 479.52625;
 562.28284; 480.15091;
 1011.4835; 479.78922;
 812.33215; 482.67975;
 250.67943; 489.1535;
 13.04843; 491.76721;
 1001.1691; 495.43021;
 751.40741; 501.50897;
 850.89679; 502.32257;
 973.47876; 503.23291;
 828.28748; 508.94858;
 678.49725; 513.41931;
 355.5892; 516.99518;
 602.9566; 518.38306;
 974.4754; 517.33075;
 1011.8146; 519.02448;
 876.16119; 520.50397;
 608.67163; 521.43921;
 101.49252; 523.00848;
 626.06671; 527.60828;
 819.21332; 526.67529;
 965.59821; 529.29468;
 455.60803; 531.72449;
 65.794289; 533.89026;
 885.07281; 534.26178;
 94.190544; 537.94305;
 379.20081; 540.06238;
 870.16437; 541.55347;
 596.78986; 542.53644;
 448.76697; 542.68372;
 160.06343; 545.09363;
 621.3288; 545.31671;
 833.25769; 545.20599;
 10.034884; 547.39447;
 679.87854; 546.89447;
 74.449333; 548.3595;
 146.38248; 551.60175;
 467.17648; 553.48755;
 394.27371; 554.65826;
 516.12769; 556.09509;
 903.12561; 556.23383;
 379.07648; 557.22443;
 163.54593; 565.74506;
 825.61993; 564.69879;
 611.80475; 565.38037;
 398.3251; 566.74994;
 1011.9979; 567.31879;
 181.44054; 568.35077;
 457.25073; 568.46216;
 218.01027; 569.396;
 509.3941; 570.37268;
 790.0722; 569.74939;
 895.02386; 570.45795;
 354.71317; 573.48633;
 493.83963; 574.91821;
 100.77939; 576.30597;
 954.35773; 577.03644;
 905.98456; 578.02008;
 177.4718; 580.78156;
 396.53812; 582.35773;
 1011.7797; 581.82727;
 210.79904; 582.80054;
 892.9585; 585.27917;
 485.94324; 586.70697;
 352.07654; 587.10394;
 551.82422; 591.09668;
 1003.0743; 590.74579;
 511.90823; 593.53259;
 315.23703; 597.81793;
 854.0412; 598.04901;
 83.69915; 598.71191;
 195.48944; 601.03168;
 836.84717; 601.44391;
 22.751705; 604.45319;
 415.15842; 604.96045;
 974.52545; 606.94891;
 82.795944; 611.76154;
 228.51839; 612.30475;
 950.50806; 611.43512;
 574.58728; 617.20697;
 636.19788; 617.5882;
 966.0683; 617.78113;
 59.946827; 619.81488;
 529.38531; 623.86353;
 103.91589; 624.95941;
 942.94299; 625.99005;
 546.73993; 633.37177;
 411.70547; 634.71118;
 307.96783; 636.05194;
 893.42657; 635.82672;
 103.0784; 640.26593;
 36.049061; 646.49628;
 402.43622; 646.76788;
 63.162266; 653.12231;
 114.10905; 653.28107;
 308.40085; 653.21002;
 863.13202; 653.30273;
 1013.9587; 652.83978;
 408.41953; 654.49066;
 986.60907; 654.50287;
 939.05652; 659.8927;
 546.88531; 663.35413;
 320.33749; 666.03973;
 116.1235; 667.84906;
 930.25623; 672.90472;
 947.50391; 673.05145;
 1018.0124; 675.60706;
 870.33606; 676.5647;
 486.34259; 680.01984;
 541.25055; 680.16571;
 114.94897; 683.02161;
 791.68268; 682.77582;
 958.96448; 684.58441;
 601.99554; 686.32642;
 450.94595; 687.30292;
 730.51709; 687.96655;
 107.89689; 689.56458;
 125.26467; 692.36499;
 819.78992; 692.95154;
 254.35387; 696.62976;
 966.9552; 696.89581;
 442.74481; 700.35052;
 10.463499; 706.62903;
 987.11011; 706.10034;
 1011.7805; 706.56342;
 817.89532; 708.05798;
 531.17883; 711.59338;
 384.34027; 709.60724;
 81.057487; 714.69373;
 130.62064; 721.0976;
 100.39985; 721.66028;
 86.012459; 727.74908;
 362.60715; 727.54053;
 725.17938; 729.16528;
 1012.3416; 728.9054;
 119.772; 733.01892;
 177.94978; 734.32123;
 334.88809; 733.53571;
 729.12683; 733.54657;
 206.79019; 734.71735;
 291.21454; 736.76086;
 361.11124; 742.18958;
 343.86118; 747.05316;
 11.519984; 748.05237;
 487.72034; 748.17303;
 1011.4743; 749.5116;
 370.55148; 755.69135;
 609.53857; 755.63245;
 509.97742; 758.31616;
 206.89607; 758.46112;
 1001.0718; 758.74902;
 5.1088219; 759.85114;
 197.7086; 772.10468;
 418.54199; 775.39307;
 581.98413; 776.34625;
 909.22351; 778.15729;
 744.19421; 778.69006;
 809.74823; 779.25067;
 829.0246; 782.65247;
 925.63062; 787.38422;
 898.83038; 788.95795;
 416.25131; 790.00092;
 49.876297; 794.82257;
 336.01801; 790.73035;
 400.99005; 795.17719;
 776.5094; 794.72729;
 914.99207; 796.31927;
 329.66293; 804.1095;
 13.194864; 804.62225;
 42.993813; 804.69879;
 18.374075; 805.66125;
 1011.4726; 806.60254;
 636.93201; 806.13318;
 818.27551; 810.95117;
 111.58669; 814.69452;
 417.68936; 818.47357;
 647.91583; 818.38989;
 871.06958; 819.16486;
 891.63324; 819.37274;
 820.87793; 824.41132;
 625.53937; 824.5481;
 114.26972; 827.35529;
 651.28076; 833.25854;
 818.50928; 838.03583;
 1003.3714; 846.44019;
 10.461371; 855.70435;
 639.53931; 857.93109;
 279.75192; 858.72961;
 803.75037; 858.57758;
 1011.3594; 859.88556;
 273.66736; 872.62677;
 325.65585; 871.31964;
 359.36713; 873.59662;
 821.15668; 877.57849;
 1012.184; 877.23083;
 10.082823; 890.29547;
 952.2254; 890.3197;
 809.85083; 892.44611;
 298.4985; 894.12366;
 321.37561; 895.65405;
 399.71637; 902.21997;
 816.07562; 906.25366;
 373.68668; 909.94659;
 726.56458; 912.59515;
 988.74036; 913.22815;
 63.429142; 917.66595;
 699.39777; 917.63885;
 673.47058; 921.79443;
 408.06958; 923.138;
 716.2356; 923.10339;
 869.55365; 926.23596;
 372.5188; 932.73816;
 722.73505; 935.93927;
 800.62891; 936.51868;
 882.73749; 942.24005;
 365.13226; 942.5694;
 657.07092; 945.43158;
 784.36639; 946.24298;
 1010.9411; 946.62518;
 427.34778; 948.70148;
 708.76459; 950.11133;
 382.92883; 951.5799;
 755.76453; 953.31891;
 8.9843702; 957.57928;
 418.31665; 961.0025;
 776.78235; 962.22241;
 747.02307; 965.89551;
 708.48199; 966.89551;
 1012.1396; 969.70148;
 428.01282; 973.75415;
 563.42157; 974.39886;
 681.16718; 976.2558;
 153.99956; 976.91858;
 469.06; 978.1983;
 1001.17; 977.95074;
 665.48279; 980.89618;
 437.21982; 983.94727;
 452.22021; 983.81494;
 895.45123; 984.53528;
 1005.6365; 986.06714;
 651.25421; 991.29889;
 789.685; 990.48474;
 888.25104; 997.64246;
 781.4082; 1003.6476;
 842.75366; 1004.0534;
 1012.5443; 1004.074;
 690.02374; 1004.7437;
 160.21344; 1008.6808;
 358.80231; 1008.8912;
 913.599; 1008.465;
 656.22681; 1009.6202;
 1012.6693; 1009.3829;
 735.12842; 1010.7725;
 153.75594; 1018.2019;
 411.62207; 1018.2359;
 891.46021; 4.4226522;
 825.72412; 5.6766233;
 978.64954; 5.5345869;
 1004.5884; 21.647221;
 992.32629; 37.328648;
 381.08624; 41.538456;
 966.37036; 60.869492;
 453.38364; 76.115868;
 724.91431; 77.449562;
 663.43085; 78.584106;
 870.49292; 80.606651;
 396.18091; 118.18208;
 208.46292; 118.68272;
 945.08649; 140.57268;
 994.54883; 146.39371;
 316.8877; 149.05157;
 1010.817; 162.3956;
 307.38675; 164.24106;
 948.68469; 203.68718;
 651.29572; 217.9193;
 993.3053; 213.30309;
 184.0816; 255.90616;
 22.102594; 264.54684;
 7.9624085; 307.64224;
 839.25385; 303.25143;
 45.754986; 320.83267;
 614.48248; 338.19971;
 815.77295; 358.66492;
 631.64716; 380.33496;
 948.61584; 371.26224;
 607.72308; 376.96631;
 704.06317; 377.08401;
 684.89209; 381.10913;
 758.44366; 384.81165;
 707.90039; 393.12335;
 470.76752; 424.05627;
 47.87212; 436.16263;
 493.2467; 464.3356;
 248.37801; 470.40384;
 828.13599; 507.94424;
 1009.2077; 520.34747;
 457.01285; 530.78522;
 621.56891; 545.09412;
 13.49066; 553.52478;
 900.11743; 552.80475;
 457.37653; 568.8363;
 509.21353; 570.5575;
 77.78215; 592.68097;
 315.37607; 601.81018;
 415.30978; 604.67004;
 104.09612; 623.02942;
 529.48834; 624.57025;
 943.14386; 626.51239;
 53.824375; 634.86206;
 35.728233; 646.60193;
 1018.7335; 656.0835;
 11.266669; 707.4657;
 362.95221; 727.34949;
 82.489227; 731.66559;
 177.89336; 734.01379;
 291.25671; 736.74158;
 343.03546; 746.31396;
 1010.8342; 749.54968;
 370.20071; 755.3457;
 209.04356; 754.7193;
 996.55298; 760.16693;
 198.14952; 772.06915;
 909.08807; 777.35248;
 336.14246; 790.24384;
 20.501148; 790.72992;
 329.38583; 804.98206;
 15.644304; 805.91174;
 297.17371; 892.60339;
 5.8387456; 905.98413;
 698.06519; 916.59698;
 871.71442; 921.85669;
 373.40729; 932.08459;
 749.44031; 970.60358;
 709.86084; 968.81091;
 1007.2001; 961.29248;
 1008.0365; 1007.1989;
 913.6507; 1006.4974;
 656.04919; 1008.9022;
 885.25269; 1016.9867;
 182.26173; 7.7485723;
 683.05591; 17.838894;
 710.72748; 24.059313;
 393.41055; 26.244276;
 765.76202; 43.243126;
 200.0829; 46.645767;
 707.16791; 46.602436;
 835.13812; 63.586403;
 188.13051; 75.175705;
 642.4126; 77.146721;
 350.50479; 78.754837;
 1015.1262; 85.535439;
 909.84607; 96.241402;
 1006.1255; 100.496;
 409.82346; 101.78256;
 213.89204; 111.90024;
 572.39746; 117.5506;
 731.72827; 118.20974;
 1005.6627; 134.69176;
 483.44168; 146.36061;
 45.800209; 149.70424;
 83.814796; 159.50307;
 809.80902; 160.17027;
 432.87039; 167.57542;
 644.28638; 172.40059;
 742.64697; 174.33836;
 984.66296; 180.15018;
 40.904854; 181.19467;
 1005.2947; 204.68756;
 274.41528; 214.1617;
 870.52313; 222.72694;
 854.17224; 241.50671;
 792.74384; 259.50275;
 1002.5039; 269.21356;
 636.01221; 270.78915;
 897.46942; 273.66818;
 15.476624; 286.02335;
 293.28665; 286.78641;
 993.94226; 291.38849;
 627.21985; 292.91803;
 214.87865; 295.59937;
 405.44769; 312.90445;
 645.92804; 316.83203;
 848.19043; 325.92239;
 116.64103; 328.89435;
 667.97595; 329.58932;
 627.97296; 348.68018;
 713.10449; 358.15814;
 173.68646; 368.9671;
 773.22876; 370.86008;
 441.96274; 380.69653;
 729.19934; 386.98248;
 990.85974; 390.48831;
 434.53201; 395.94333;
 723.95227; 408.3269;
 7.8510518; 411.45145;
 700.18671; 414.62656;
 543.82819; 415.88651;
 914.10815; 417.23065;
 364.47946; 432.97543;
 688.74371; 431.26978;
 83.95459; 437.89059;
 301.69925; 432.32886;
 619.94159; 433.73068;
 16.641424; 444.70007;
 102.3586; 447.27048;
 260.46381; 459.43134;
 571.00977; 460.71149;
 979.97906; 461.92184;
 404.3074; 465.14868;
 343.79178; 470.79068;
 864.8172; 472.19763;
 536.07263; 473.6731;
 1008.0055; 476.22849;
 561.39886; 480.6553;
 814.47064; 480.61099;
 18.536934; 490.1524;
 284.83301; 496.40869;
 542.36157; 511.0881;
 675.91327; 516.22772;
 101.81441; 520.14923;
 606.0238; 521.26245;
 94.299484; 540.43073;
 598.98602; 542.4046;
 830.93604; 547.79297;
 516.96503; 552.69928;
 378.54602; 556.4859;
 496.85327; 560.6795;
 611.92914; 562.76666;
 784.8125; 562.2688;
 186.03474; 567.57697;
 72.868896; 569.10693;
 102.23215; 575.48383;
 175.26686; 583.61121;
 212.91643; 585.3006;
 888.7276; 588.04187;
 511.3559; 589.09625;
 549.81427; 594.46948;
 197.061; 602.18384;
 228.27202; 609.7132;
 550.14862; 633.24933;
 310.01938; 633.38867;
 998.72626; 637.47479;
 407.46164; 651.59906;
 304.18945; 654.44928;
 551.32117; 663.67078;
 536.92163; 677.90692;
 927.7002; 678.56683;
 993.39734; 707.00995;
 671.93127; 709.05914;
 945.28961; 719.04419;
 204.31938; 728.99823;
 122.04134; 736.05237;
 954.4801; 749.11731;
 509.68649; 759.63416;
 30.881605; 779.9823;
 7.9575682; 787.38623;
 51.593754; 794.34045;
 41.881882; 808.50079;
 252.41682; 810.13477;
 1008.4509; 809.77881;
 417.30228; 819.95856;
 894.26196; 821.55865;
 635.42053; 858.63483;
 825.16003; 874.3067;
 271.61163; 875.94702;
 876.04572; 875.03149;
 921.35089; 880.43134;
 807.44611; 888.21155;
 397.15787; 906.6076;
 818.11285; 907.6723;
 66.583847; 913.32623;
 25.935453; 939.82306;
 428.91144; 945.42981;
 711.00012; 950.3186;
 416.45349; 959.5459;
 662.35864; 978.1806;
 998.21179; 981.10773;
 700.63861; 986.96112;
 844.85895; 999.69305;
 358.80042; 1005.7147;
 312.36172; 21.602076;
 785.52954; 28.561846;
 909.40253; 25.478373;
 670.00537; 37.217556;
 893.14862; 38.14468;
 849.17053; 43.411819;
 735.33582; 52.468258;
 651.49835; 55.844929;
 742.28656; 94.461021;
 720.57355; 99.15596;
 993.68689; 113.90252;
 14.628947; 125.89676;
 207.76079; 134.4462;
 709.07568; 136.30751;
 338.97501; 187.27325;
 555.38458; 208.9614;
 582.47229; 240.23335;
 264.03717; 237.09073;
 774.38269; 236.8576;
 241.82932; 247.5636;
 362.04004; 307.69855;
 291.68335; 313.20474;
 240.34933; 324.01398;
 695.24658; 338.59314;
 654.93604; 350.30643;
 60.211956; 347.06644;
 1010.0965; 353.13974;
 413.58078; 368.42349;
 256.22299; 378.15344;
 1018.086; 396.50092;
 24.254829; 404.82724;
 653.98474; 407.45032;
 1014.0853; 415.35815;
 743.31598; 474.56387;
 10.714489; 514.59302;
 8.9496613; 523.56476;
 887.29596; 526.15094;
 346.73148; 543.57013;
 1006.2558; 574.29541;
 907.50311; 576.71735;
 21.637432; 600.93829;
 399.41156; 620.1673;
 1014.2228; 676.93903;
 962.4505; 694.14178;
 80.193924; 705.83618;
 6.1831427; 710.85028;
 134.9765; 717.08722;
 340.87717; 740.7326;
 8.9247074; 763.36261;
 751.20862; 772.27502;
 404.48944; 794.9845;
 344.91226; 795.63867;
 774.86493; 794.74762;
 113.88251; 820.46112;
 12.826345; 840.15723;
 651.66833; 837.21259;
 805.84186; 862.14075;
 1002.0168; 871.98291;
 321.26178; 898.62927;
 721.37469; 929.22571;
 800.53027; 928.8587;
 358.49661; 939.31049;
 752.83173; 948.01532;
 9.5195303; 969.58661;
 445.26007; 973.57629;
 698.05573; 1014.1075;
 823.49927; 1014.2323;
 967.4967; 21.841774;
 212.48224; 24.395218;
 663.5127; 24.883757;
 821.5932; 25.273603;
 466.24561; 53.820034;
 971.40668; 53.930466;
 1000.7973; 59.56144;
 380.06516; 68.980965;
 912.39325; 73.877472;
 954.59735; 82.526779;
 705.02405; 82.972122;
 909.49335; 84.56266;
 824.84094; 87.71949;
 27.575283; 89.945206;
 85.013931; 92.75396;
 183.03714; 100.15372;
 855.88379; 101.23829;
 1017.2213; 106.44576;
 221.9203; 110.34943;
 694.66217; 109.61475;
 426.82861; 139.96254;
 1016.3583; 152.45027;
 473.17746; 147.12083;
 756.01428; 148.614;
 653.59546; 149.59367;
 837.81897; 151.85246;
 637.87531; 164.29831;
 463.75922; 168.66705;
 947.35101; 196.75677;
 672.45251; 206.51578;
 748.74377; 201.01079;
 538.64221; 242.79636;
 734.32294; 231.36287;
 29.023439; 232.97995;
 11.014178; 254.37318;
 796.08698; 265.48468;
 312.15741; 270.16562;
 227.713; 272.87027;
 9.2557898; 289.55173;
 707.02075; 314.60541;
 804.20398; 327.22766;
 207.77579; 318.26666;
 669.60773; 314.2583;
 791.15271; 340.09021;
 862.9151; 369.95197;
 240.16624; 405.67523;
 545.3783; 405.25116;
 591.24646; 405.77017;
 765.0025; 408.26825;
 535.59448; 439.25076;
 752.08044; 450.65417;
 740.90533; 491.05133;
 697.03949; 491.215;
 1012.0518; 503.89465;
 763.69012; 518.90753;
 636.9411; 528.29242;
 64.695679; 537.69116;
 782.59113; 558.12372;
 609.22858; 558.9679;
 487.59198; 599.34845;
 662.23688; 599.38605;
 962.66742; 600.26849;
 80.346069; 625.08179;
 776.89716; 661.08325;
 733.21521; 679.79749;
 923.34528; 683.12683;
 112.48435; 690.78259;
 784.39923; 693.19073;
 44.218948; 713.22052;
 672.46912; 705.08911;
 812.45837; 712.38934;
 600.21692; 721.1861;
 732.66565; 756.39594;
 604.05908; 759.8786;
 510.53607; 768.1134;
 36.723961; 777.9165;
 43.060287; 811.56085;
 383.04315; 812.68304;
 628.63416; 822.49921;
 507.58521; 826.14954;
 823.21948; 832.03076;
 96.455307; 850.44135;
 772.71588; 870.60199;
 916.6839; 882.46814;
 958.54266; 883.94922;
 731.96967; 899.742;
 681.77142; 912.35272;
 80.11512; 910.60461;
 986.51343; 919.32086;
 384.43402; 938.00903;
 31.971209; 945.9032;
 712.04663; 955.5036;
 1013.1564; 958.65869;
 602.07513; 964.02478;
 561.75488; 963.70471;
 661.18274; 970.99756;
 791.88501; 985.29803;
 994.80011; 984.63007;
 669.86011; 987.97693;
 849.0274; 995.70471;
 626.74042; 1000.7131;
 740.44391; 1012.0535;
 778.25989; 1012.2432;
 1002.2368; 1012.0891;
 678.00403; 7.5874195;
 813.0863; 17.782391;
 274.04718; 13.058595;
 916.92603; 22.729462;
 648.9812; 62.782986;
 28.568604; 77.953583;
 94.898766; 76.213394;
 635.72968; 85.455887;
 244.48621; 129.54626;
 467.39474; 133.58498;
 12.952454; 139.30182;
 690.19818; 162.46281;
 793.05096; 175.17445;
 325.43005; 214.15814;
 237.7308; 216.34975;
 878.63263; 225.48882;
 942.3819; 226.85783;
 582.37317; 227.52231;
 635.37604; 240.07289;
 271.01651; 241.66214;
 670.99701; 252.99072;
 991.37335; 256.74557;
 351.60547; 272.4343;
 775.19794; 290.64841;
 861.24329; 295.26501;
 338.76184; 336.66418;
 277.04733; 343.45242;
 883.60803; 344.93958;
 226.77945; 355.45053;
 53.436916; 389.05896;
 7.47754; 388.06421;
 156.53319; 389.11761;
 508.37234; 410.89429;
 129.0582; 419.44446;
 988.54266; 425.25201;
 50.603008; 464.26691;
 608.67194; 462.69766;
 861.49603; 497.27582;
 702.26117; 505.72906;
 801.22375; 513.27368;
 872.48718; 557.65991;
 958.77649; 569.14819;
 45.437473; 574.52533;
 1010.0724; 574.79956;
 97.336708; 582.4137;
 843.4342; 593.54602;
 579.12756; 606.04498;
 631.56189; 619.013;
 12.846838; 630.05573;
 867.25153; 655.89111;
 288.05975; 655.95551;
 43.867344; 706.78998;
 98.215019; 716.78339;
 1015.3341; 748.30634;
 570.36237; 750.03613;
 984.6889; 774.12933;
 423.13577; 762.80377;
 12.461317; 775.23401;
 42.451466; 789.57953;
 906.09943; 790.17377;
 734.90149; 793.30176;
 607.98486; 845.83423;
 278.04468; 847.12311;
 1000.9592; 846.28461;
 356.51294; 862.71881;
 41.694351; 866.53387;
 405.90356; 915.72485;
 368.11218; 917.28967;
 614.70374; 928.90924;
 661.12878; 935.49902;
 761.86932; 938.22394;
 163.19923; 971.32849;
 754.42456; 974.94086;
 1005.3119; 975.66339;
 532.57147; 992.18628;
 440.69922; 1016.1115;
 45.843658; 1009.8995;
 138.70602; 1010.0641;
 278.43088; 1010.1685;
 768.86316; 5.2402148;
 823.4668; 17.223585;
 376.51913; 15.174122;
 458.64862; 15.158259;
 961.62903; 25.598255;
 781.25262; 38.447681;
 435.94009; 39.994614;
 478.28061; 51.776081;
 862.8924; 59.127022;
 988.74872; 66.324974;
 760.30444; 71.370865;
 806.21143; 80.95298;
 65.984329; 113.88414;
 1000.32; 124.16091;
 449.79584; 112.09676;
 685.88776; 113.01722;
 338.73456; 120.43243;
 952.71704; 121.60344;
 341.56812; 141.50336;
 188.93925; 163.15233;
 928.30304; 164.15836;
 877.01868; 168.93948;
 845.45618; 186.42551;
 77.511269; 196.42175;
 376.61429; 195.8672;
 371.13992; 238.92883;
 601.14417; 273.10904;
 968.04346; 275.3219;
 176.91879; 353.23975;
 37.397522; 417.54703;
 656.02966; 471.18021;
 327.04083; 465.37851;
 724.10236; 470.68076;
 369.7861; 495.87155;
 908.71088; 527.63751;
 350.71326; 532.76392;
 765.83826; 534.349;
 418.59726; 557.12695;
 312.18866; 570.84515;
 149.06799; 581.5813;
 674.45117; 607.21997;
 363.51907; 641.30048;
 557.47076; 651.73761;
 953.13904; 659.55658;
 731.98273; 661.70477;
 697.04846; 682.26489;
 524.29431; 690.00433;
 333.99512; 698.6709;
 16.997347; 729.34534;
 517.86841; 733.43536;
 69.580162; 743.0484;
 913.23663; 742.82819;
 735.37817; 761.18323;
 814.19012; 794.91394;
 367.99649; 814.79327;
 931.78156; 845.18579;
 14.928278; 931.41821;
 858.74463; 940.52832;
 919.59796; 9.1352091;
 267.50693; 17.621727;
 885.84772; 19.130701;
 797.71429; 27.775419;
 720.37329; 90.838783;
 633.32458; 97.792671;
 167.51894; 103.9703;
 787.17926; 104.33927;
 850.85724; 147.10715;
 700.11011; 171.12308;
 820.14917; 178.95888;
 422.03723; 179.78546;
 193.26958; 206.50345;
 757.57068; 212.35098;
 775.36926; 219.7028;
 990.76501; 225.82076;
 592.69464; 226.22723;
 903.52625; 246.95528;
 17.557552; 251.46082;
 191.84435; 308.81525;
 755.59863; 325.96622;
 967.1806; 325.51379;
 672.4231; 348.59958;
 16.970848; 357.07532;
 731.1955; 369.58212;
 465.62137; 392.37973;
 375.13318; 394.73886;
 125.50336; 410.2468;
 659.00598; 417.76791;
 129.80763; 427.5127;
 957.02643; 467.84714;
 932.60907; 496.80969;
 621.74957; 505.4949;
 588.53717; 530.68884;
 965.71167; 554.71539;
 481.5575; 594.44733;
 400.08832; 605.6192;
 892.97198; 609.91681;
 1005.2277; 621.09961;
 17.144087; 644.58948;
 459.56284; 671.23303;
 83.842834; 697.80994;
 433.47626; 715.3479;
 62.649597; 721.77448;
 999.16736; 725.70697;
 46.605145; 776.88513;
 595.2467; 856.52893;
 631.61407; 884.31836;
 1005.5567; 958.92358;
 992.76105; 977.48645;
 173.47639; 980.88483;
 402.30032; 985.18329;
 34.55072; 1005.4282;
 278.35306; 1005.427;
 786.8927; 1005.6649 
