 5.7081938 
 5.7081938 
 5.7081938 
 5.7081938 
 5.7081938 
 5.7081938 
 5.7081938 
 5.7081938 
 5.7081938 
 8.0726061 
 5.7081938 
 5.7081938 
 5.7081938 
 5.7081938 
 5.7081938 
 5.7081938 
 5.7081938 
 5.7081938 
 5.7081938 
 5.7081938 
 5.7081938 
 5.7081938 
 5.7081938 
 5.7081938 
 5.7081938 
 8.0726061 
 5.7081938 
 5.7081938 
 5.7081938 
 5.7081938 
 5.7081938 
 5.7081938 
 5.7081938 
 5.7081938 
 5.7081938 
 5.7081938 
 5.7081938 
 5.7081938 
 5.7081938 
 5.7081938 
 5.7081938 
 5.7081938 
 5.7081938 
 5.7081938 
 5.7081938 
 5.7081938 
 5.7081938 
 5.7081938 
 5.7081938 
 5.7081938 
 5.7081938 
 5.7081938 
 5.7081938 
 5.7081938 
 5.7081938 
 5.7081938 
 5.7081938 
 5.7081938 
 5.7081938 
 5.7081938 
 5.7081938 
 5.7081938 
 5.7081938 
 5.7081938 
 5.7081938 
 5.7081938 
 5.7081938 
 5.7081938 
 5.7081938 
 5.7081938 
 6.7882252 
 6.7882252 
 6.7882252 
 6.7882252 
 6.7882252 
 6.7882252 
 6.7882252 
 6.7882252 
 6.7882252 
 8.0726061 
 8.0726061 
 6.7882252 
 6.7882252 
 6.7882252 
 6.7882252 
 6.7882252 
 6.7882252 
 8.0726061 
 8.0726061 
 8.0726061 
 8.0726061 
 8.0726061 
 8.0726061 
 8.0726061 
 8.0726061 
 8.0726061 
 8.0726061 
 8.0726061 
 8.0726061 
 8.0726061 
 8.0726061 
 8.0726061 
 8.0726061 
 8.0726061 
 8.0726061 
 8.0726061 
 8.0726061 
 8.0726061 
 8.0726061 
 8.0726061 
 8.0726061 
 8.0726061 
 8.0726061 
 8.0726061 
 8.0726061 
 8.0726061 
 8.0726061 
 8.0726061 
 8.0726061 
 8.0726061 
 8.0726061 
 8.0726061 
 8.0726061 
 8.0726061 
 8.0726061 
 8.0726061 
 8.0726061 
 8.0726061 
 8.0726061 
 8.0726061 
 8.0726061 
 8.0726061 
 8.0726061 
 8.0726061 
 8.0726061 
 8.0726061 
 8.0726061 
 8.0726061 
 8.0726061 
 8.0726061 
 8.0726061 
 8.0726061 
 8.0726061 
 8.0726061 
 8.0726061 
 8.0726061 
 8.0726061 
 8.0726061 
 8.0726061 
 8.0726061 
 8.0726061 
 8.0726061 
 8.0726061 
 8.0726061 
 8.0726061 
 8.0726061 
 8.0726061 
 8.0726061 
 8.0726061 
 8.0726061 
 8.0726061 
 8.0726061 
 8.0726061 
 8.0726061 
 8.0726061 
 8.0726061 
 8.0726061 
 8.0726061 
 8.0726061 
 8.0726061 
 8.0726061 
 8.0726061 
 8.0726061 
 8.0726061 
 8.0726061 
 8.0726061 
 8.0726061 
 8.0726061 
 8.0726061 
 8.0726061 
 8.0726061 
 8.0726061 
 8.0726061 
 8.0726061 
 8.0726061 
 8.0726061 
 8.0726061 
 8.0726061 
 8.0726061 
 8.0726061 
 8.0726061 
 8.0726061 
 8.0726061 
 8.0726061 
 8.0726061 
 8.0726061 
 8.0726061 
 8.0726061 
 8.0726061 
 8.0726061 
 8.0726061 
 8.0726061 
 8.0726061 
 8.0726061 
 8.0726061 
 8.0726061 
 8.0726061 
 8.0726061 
 8.0726061 
 8.0726061 
 8.0726061 
 8.0726061 
 8.0726061 
 8.0726061 
 8.0726061 
 8.0726061 
 8.0726061 
 8.0726061 
 8.0726061 
 8.0726061 
 8.0726061 
 8.0726061 
 8.0726061 
 8.0726061 
 8.0726061 
 8.0726061 
 8.0726061 
 8.0726061 
 8.0726061 
 8.0726061 
 8.0726061 
 8.0726061 
 8.0726061 
 8.0726061 
 8.0726061 
 8.0726061 
 8.0726061 
 8.0726061 
 8.0726061 
 8.0726061 
 8.0726061 
 8.0726061 
 8.0726061 
 8.0726061 
 8.0726061 
 11.416388 
 11.416388 
 11.416388 
 11.416388 
 11.416388 
 11.416388 
 11.416388 
 11.416388 
 16.145212 
 16.145212 
 11.416388 
 11.416388 
 11.416388 
 11.416388 
 13.57645 
 13.57645 
 11.416388 
 11.416388 
 11.416388 
 11.416388 
 16.145212 
 11.416388 
 11.416388 
 11.416388 
 11.416388 
 11.416388 
 11.416388 
 11.416388 
 11.416388 
 11.416388 
 11.416388 
 11.416388 
 11.416388 
 11.416388 
 11.416388 
 11.416388 
 11.416388 
 11.416388 
 16.145212 
 11.416388 
 11.416388 
 11.416388 
 16.145212 
 11.416388 
 13.57645 
 11.416388 
 11.416388 
 11.416388 
 11.416388 
 11.416388 
 11.416388 
 11.416388 
 11.416388 
 11.416388 
 11.416388 
 11.416388 
 11.416388 
 11.416388 
 11.416388 
 11.416388 
 11.416388 
 11.416388 
 11.416388 
 11.416388 
 11.416388 
 11.416388 
 11.416388 
 11.416388 
 11.416388 
 11.416388 
 11.416388 
 11.416388 
 11.416388 
 13.57645 
 11.416388 
 11.416388 
 11.416388 
 11.416388 
 11.416388 
 11.416388 
 11.416388 
 11.416388 
 11.416388 
 11.416388 
 11.416388 
 11.416388 
 16.145212 
 16.145212 
 16.145212 
 16.145212 
 16.145212 
 16.145212 
 16.145212 
 16.145212 
 16.145212 
 16.145212 
 16.145212 
 16.145212 
 16.145212 
 16.145212 
 16.145212 
 16.145212 
 16.145212 
 16.145212 
 16.145212 
 16.145212 
 16.145212 
 16.145212 
 16.145212 
 16.145212 
 16.145212 
 16.145212 
 16.145212 
 16.145212 
 16.145212 
 16.145212 
 16.145212 
 16.145212 
 16.145212 
 16.145212 
 16.145212 
 16.145212 
 16.145212 
 16.145212 
 16.145212 
 16.145212 
 16.145212 
 16.145212 
 16.145212 
 16.145212 
 16.145212 
 16.145212 
 16.145212 
 22.832775 
 22.832775 
 22.832775 
 22.832775 
 22.832775 
 22.832775 
 22.832775 
 22.832775 
 22.832775 
 22.832775 
 22.832775 
 22.832775 
 22.832775 
 22.832775 
 22.832775 
 22.832775 
 22.832775 
 32.290424 
 32.290424 
 32.290424 
