 392.2691; 21.959946;
 33.16824; 26.474258;
 516.51233; 32.492435;
 516.8291; 44.46336;
 587.42072; 55.421753;
 79.537651; 58.703926;
 96.542084; 70.767685;
 51.421036; 72.092354;
 136.05287; 98.376144;
 207.30316; 111.12223;
 59.329689; 157.442;
 664.39032; 159.761;
 109.6554; 183.89726;
 374.92169; 209.51724;
 110.3495; 285.13275;
 195.03912; 291.51251;
 168.39606; 300.96701;
 350.55096; 312.67157;
 549.35168; 324.36743;
 622.80426; 341.93747;
 15.266828; 361.37509;
 120.06023; 378.49451;
 598.53693; 418.13596;
 78.962036; 430.92697;
 51.520851; 448.09521;
 496.90979; 459.20035;
 37.144001; 479.06543;
 318.90216; 480.03043;
 74.424866; 481.53384;
 31.906542; 507.54395;
 464.11807; 539.71368;
 1016.129; 601.13159;
 232.50491; 627.06158;
 512.7666; 641.80817;
 280.30731; 662.24536;
 256.60541; 698.39685;
 302.44443; 702.81287;
 74.528732; 709.66016;
 8.8211823; 725.83844;
 273.49319; 753.51447;
 316.9028; 754.617;
 508.68604; 759.15369;
 284.12204; 798.9585;
 363.53629; 821.02911;
 80.772202; 827.39581;
 332.61975; 827.91394;
 221.43575; 834.12866;
 358.53061; 848.40161;
 512.30853; 849.4281;
 34.143845; 879.2149;
 435.12561; 880.7193;
 251.03125; 895.75037;
 142.05992; 899.83282;
 417.89853; 912.20728;
 533.81647; 937.58008;
 47.044056; 955.70685;
 108.93001; 956.16992;
 97.313568; 961.75372;
 49.951557; 969.026;
 446.32599; 977.26318;
 491.75949; 987.11768;
 776.52625; 999.30554;
 465.62482; 1002.8854;
 569.43579; 1006.4343;
 878.78992; 1016.7621;
 165.46207; 10.892995;
 1006.5443; 13.777784;
 453.50729; 20.743378;
 392.58548; 22.226934;
 8.3426752; 23.558212;
 33.024746; 26.023504;
 941.37946; 26.390808;
 516.51276; 33.558418;
 453.07544; 35.129429;
 75.768555; 39.763962;
 516.79956; 43.792175;
 287.73587; 50.785595;
 587.29767; 55.848503;
 30.127626; 57.896542;
 79.274681; 58.430767;
 111.12298; 67.415016;
 96.481926; 70.223442;
 50.955486; 71.843826;
 877.04712; 73.638664;
 97.953606; 79.356468;
 914.93353; 78.855766;
 935.60089; 79.793571;
 431.04721; 92.345924;
 121.96449; 95.781975;
 9.397501; 99.487663;
 135.69783; 99.36673;
 677.15723; 99.870888;
 207.45694; 110.59167;
 136.56493; 114.07649;
 953.37372; 117.77449;
 977.02832; 127.83482;
 774.61725; 133.97339;
 995.01355; 139.7021;
 465.75214; 144.36581;
 59.141747; 157.33836;
 343.04556; 158.35025;
 680.58429; 159.38261;
 277.59979; 160.19002;
 664.80609; 160.06763;
 811.06305; 161.47974;
 539.7074; 166.20679;
 678.37762; 168.23499;
 763.33527; 169.12285;
 285.48013; 169.70778;
 342.90283; 169.99913;
 539.78461; 175.26334;
 84.631264; 175.7637;
 310.63873; 179.44786;
 109.88; 183.37872;
 716.97699; 183.50882;
 109.26095; 191.46826;
 163.49281; 192.93762;
 158.25764; 202.30582;
 259.45612; 201.94606;
 798.51355; 202.48987;
 24.620071; 205.18108;
 471.98627; 206.50681;
 338.86563; 210.07462;
 374.59039; 210.14597;
 709.03607; 210.39882;
 261.01126; 211.00739;
 116.22028; 215.19357;
 375.7489; 223.01308;
 183.27002; 228.04839;
 220.4399; 227.97852;
 105.90026; 232.25499;
 785.82623; 233.41376;
 987.61456; 232.55751;
 239.54546; 234.51732;
 214.71794; 236.23933;
 227.86342; 239.36966;
 6.6428981; 239.46977;
 261.39822; 240.00992;
 825.61188; 244.74316;
 520.38782; 246.0345;
 954.15381; 246.13939;
 750.39539; 247.55974;
 785.73492; 250.89403;
 965.61902; 252.07875;
 777.55286; 257.30258;
 948.09454; 257.00723;
 37.022308; 257.91547;
 352.51257; 260.62198;
 823.00519; 261.62192;
 231.76131; 262.30057;
 593.37177; 267.71484;
 841.9519; 273.97232;
 451.60986; 275.35669;
 936.8678; 274.85663;
 824.41351; 277.36612;
 925.8172; 278.76456;
 800.60724; 280.87976;
 510.95853; 284.24512;
 111.34289; 284.41229;
 399.00351; 286.39975;
 194.85738; 290.6442;
 109.70615; 292.37616;
 238.32474; 293.65979;
 1009.4088; 295.40936;
 193.54341; 299.56891;
 168.57716; 300.83191;
 17.545229; 302.42932;
 543.62756; 302.44751;
 1010.7028; 304.75671;
 553.04279; 308.13889;
 216.20514; 310.10471;
 862.53815; 309.53952;
 17.511385; 311.55429;
 408.70685; 310.75003;
 350.5303; 312.34384;
 168.65475; 313.28287;
 1015.8956; 312.61716;
 821.92834; 313.90433;
 490.45358; 317.14511;
 871.04755; 316.96359;
 810.04877; 318.56473;
 85.897514; 319.49686;
 356.07861; 319.77341;
 438.83691; 321.55615;
 915.05145; 322.46387;
 375.30411; 324.41754;
 467.02856; 325.48929;
 548.50574; 324.70541;
 162.38896; 328.05774;
 810.81146; 328.47803;
 197.82333; 331.15494;
 552.47882; 333.31168;
 124.62051; 337.67987;
 414.80881; 342.13947;
 622.86157; 342.54324;
 144.04996; 344.89713;
 493.4054; 344.97913;
 649.9267; 345.4678;
 844.8042; 350.51746;
 256.16321; 350.78241;
 362.33224; 350.8808;
 622.75372; 352.07202;
 804.2771; 352.81335;
 566.81262; 353.79218;
 932.72266; 356.86862;
 237.1452; 358.74384;
 876.67072; 359.36639;
 373.45975; 359.97006;
 15.206388; 360.94171;
 388.49792; 360.99835;
 415.82355; 361.08041;
 523.13947; 361.53983;
 128.61595; 362.92981;
 561.05688; 364.70352;
 781.78918; 365.75827;
 57.274097; 366.79886;
 178.60431; 369.26849;
 757.61591; 369.59198;
 827.4845; 369.00864;
 976.90118; 370.88211;
 981.20038; 370.85165;
 334.40009; 373.13409;
 787.37256; 373.39886;
 279.31998; 376.69513;
 120.12714; 377.67636;
 747.90826; 379.2381;
 826.57446; 378.93393;
 180.83417; 380.54755;
 619.42236; 381.98071;
 1005.4999; 386.73135;
 298.16837; 391.85678;
 801.36273; 395.94678;
 396.97226; 398.33893;
 33.065453; 400.46323;
 767.40302; 400.00497;
 948.21924; 400.0723;
 1016.425; 403.12039;
 647.49493; 407.0011;
 257.64862; 408.36005;
 32.121967; 410.48248;
 455.88434; 409.91266;
 140.83957; 411.13748;
 537.41193; 413.76981;
 985.1109; 414.03223;
 598.37506; 418.57208;
 888.67352; 417.76111;
 309.22403; 421.12177;
 486.16885; 421.45969;
 82.535515; 422.18155;
 384.91394; 423.04123;
 859.43262; 424.50842;
 419.65408; 426.87274;
 129.22093; 428.14075;
 885.31177; 427.52896;
 973.46893; 428.80569;
 77.787666; 430.59018;
 770.3924; 433.42816;
 725.64325; 436.73804;
 300.66571; 437.68826;
 33.810017; 442.09479;
 606.36017; 442.75632;
 773.84247; 442.73853;
 942.84796; 442.90518;
 133.85948; 445.83151;
 188.63176; 446.30771;
 51.58194; 447.86914;
 319.10965; 448.60632;
 403.36679; 458.51416;
 482.29514; 458.41809;
 747.53278; 458.51566;
 496.4574; 459.54086;
 13.85298; 463.2728;
 97.103302; 463.15753;
 269.37207; 464.68292;
 955.52643; 469.10843;
 541.41595; 471.89063;
 987.90771; 475.31253;
 37.5952; 478.5405;
 319.13724; 479.77216;
 74.147469; 480.61746;
 216.73289; 480.78577;
 542.22583; 482.0387;
 42.978104; 485.7684;
 227.07451; 485.81662;
 575.2995; 488.44699;
 458.11542; 489.78265;
 181.52557; 492.14899;
 85.570267; 498.19315;
 965.81219; 497.74149;
 903.31805; 499.40576;
 547.88202; 501.22998;
 184.31479; 502.89197;
 32.703838; 506.54105;
 979.30298; 508.17712;
 751.9353; 509.95383;
 38.214252; 513.56812;
 973.68719; 514.63965;
 107.65548; 516.03802;
 811.46033; 516.49567;
 24.059206; 518.44727;
 830.67847; 517.91724;
 838.29236; 520.5863;
 465.56335; 521.07025;
 975.375; 521.81061;
 203.21245; 526.87659;
 352.70697; 527.75366;
 506.56897; 528.57843;
 395.98212; 531.54211;
 250.05571; 533.74384;
 464.07779; 539.9848;
 882.5213; 540.06006;
 237.51837; 541.03363;
 414.75555; 544.93427;
 521.2619; 548.23431;
 819.70587; 549.03937;
 1015.2587; 549.03607;
 7.4722986; 549.88696;
 188.9581; 550.50079;
 147.65021; 554.64398;
 805.50757; 556.6004;
 734.08502; 559.44641;
 313.95071; 560.0766;
 424.28665; 560.26007;
 354.3194; 563.00354;
 198.1572; 567.5506;
 856.138; 568.15973;
 305.64932; 572.67377;
 694.70837; 572.70099;
 89.767754; 573.74683;
 249.299; 575.38849;
 502.81378; 575.31799;
 327.38327; 577.13538;
 352.78555; 578.83203;
 565.18427; 578.3634;
 111.78506; 580.82922;
 249.59483; 580.97473;
 289.76501; 581.30206;
 266.40021; 582.11542;
 96.317245; 582.66718;
 161.20929; 586.30615;
 667.17365; 589.26233;
 370.51859; 590.57043;
 908.79486; 592.69098;
 446.34891; 594.42657;
 184.42154; 595.61566;
 304.75061; 599.36896;
 187.11177; 599.40491;
 258.99448; 600.4198;
 1015.455; 600.4339;
 745.77264; 601.47144;
 444.96115; 602.91437;
 923.31018; 604.5224;
 165.7598; 605.97668;
 283.47501; 606.82971;
 500.62067; 608.26715;
 1014.9993; 608.75342;
 878.40216; 609.69867;
 57.492855; 611.45111;
 926.6297; 614.31042;
 175.75679; 614.8656;
 264.57047; 615.98676;
 398.83099; 616.40973;
 879.54224; 618.84674;
 513.89764; 625.4353;
 232.56897; 627.56024;
 8.4295902; 630.41254;
 253.42924; 632.16461;
 325.3609; 635.79541;
 118.45823; 637.17804;
 854.7851; 637.51587;
 640.43805; 638.83392;
 760.47198; 640.1463;
 513.60779; 641.42212;
 736.56897; 640.88098;
 177.59708; 641.63922;
 229.43811; 642.16321;
 1015.6835; 642.65314;
 850.47241; 645.6496;
 254.13666; 648.52777;
 262.56537; 649.13818;
 21.551819; 651.4248;
 356.06509; 651.8656;
 140.68285; 656.7464;
 280.16211; 662.38037;
 399.19177; 662.43372;
 768.06958; 662.87512;
 944.57562; 666.66107;
 196.76648; 668.25592;
 282.03348; 672.53088;
 652.7774; 683.71588;
 83.460258; 687.20148;
 772.90558; 688.36658;
 317.80267; 692.06488;
 256.38477; 698.40173;
 453.21646; 697.63409;
 553.83649; 698.82941;
 118.55382; 701.80548;
 302.12085; 702.4823;
 961.43378; 701.69098;
 374.46106; 703.22498;
 641.86176; 702.57202;
 676.13586; 703.08435;
 166.41264; 708.37915;
 75.033371; 710.30438;
 344.82776; 711.86566;
 320.4389; 719.88696;
 532.10901; 720.85498;
 8.124896; 724.94476;
 234.91208; 726.48456;
 299.77713; 726.76202;
 50.207264; 728.28278;
 282.14978; 730.09045;
 314.02063; 730.18835;
 539.40521; 731.57574;
 478.21088; 732.85358;
 201.89156; 741.49365;
 369.53534; 741.63336;
 38.228958; 742.83606;
 752.59979; 748.80157;
 273.49466; 753.30127;
 317.05066; 755.09344;
 355.54407; 758.05493;
 508.67123; 759.2843;
 755.51892; 762.53198;
 33.649185; 763.32886;
 11.273367; 766.22516;
 396.70026; 768.1015;
 349.80289; 769.08789;
 722.78229; 768.72064;
 357.10031; 770.31525;
 838.02411; 773.50513;
 253.76997; 774.53485;
 36.356857; 777.08691;
 186.06879; 777.6333;
 176.37204; 786.05652;
 433.55597; 786.05023;
 653.37653; 785.91559;
 683.85211; 787.80377;
 969.45245; 788.56812;
 290.02994; 791.42914;
 5.2923884; 792.62531;
 189.88719; 793.41852;
 50.38308; 795.12683;
 271.93268; 795.68201;
 385.52649; 795.67609;
 244.40068; 797.15417;
 782.12091; 796.70288;
 229.92451; 798.91858;
 284.1069; 799.68396;
 756.66388; 802.38031;
 563.69275; 802.77429;
 583.71368; 803.90405;
 597.82159; 805.92328;
 213.19736; 809.6004;
 946.95172; 809.60602;
 400.98636; 812.26709;
 504.26312; 814.19476;
 197.16689; 814.87122;
 885.20874; 815.26111;
 380.72296; 817.08099;
 211.59453; 817.88409;
 274.81329; 820.46674;
 363.46176; 820.54034;
 503.70047; 825.33612;
 1007.048; 824.41095;
 80.559761; 827.31329;
 449.94666; 827.16241;
 749.54913; 826.79608;
 332.46497; 828.08295;
 247.36256; 829.38208;
 485.31775; 828.60364;
 220.49638; 833.79272;
 130.69281; 835.55682;
 173.60852; 835.36462;
 50.546761; 835.65607;
 529.38879; 836.86652;
 118.84369; 839.23346;
 970.98254; 839.32916;
 382.47345; 840.79089;
 808.77734; 845.65582;
 975.55957; 847.64795;
 223.78767; 849.5528;
 358.37451; 849.02417;
 513.34753; 849.78674;
 805.89026; 855.4021;
 58.324757; 856.16522;
 387.10291; 857.00391;
 594.26196; 856.44031;
 975.79614; 857.83209;
 213.43983; 858.672;
 93.436798; 861.75739;
 257.29395; 862.47772;
 175.84949; 863.79407;
 840.61432; 863.71063;
 531.08301; 865.66461;
 554.63947; 865.8963;
 144.37151; 870.80286;
 277.14496; 871.4176;
 531.15173; 875.5282;
 77.15464; 876.03015;
 386.87216; 876.79797;
 123.39963; 878.29559;
 34.281391; 878.64404;
 478.11499; 880.21356;
 886.94147; 880.42078;
 434.50412; 881.49139;
 508.59531; 883.91852;
 484.48679; 886.02979;
 457.56433; 887.61438;
 1014.5573; 889.27637;
 801.51147; 890.28857;
 231.94528; 891.05756;
 251.29883; 895.52612;
 1011.7654; 898.67188;
 142.37689; 899.52112;
 19.189833; 901.24445;
 55.661221; 904.31116;
 474.0874; 904.37439;
 413.5119; 904.479;
 738.36426; 904.88086;
 417.47784; 912.65332;
 875.22772; 916.40521;
 431.72784; 916.7229;
 545.64471; 919.65485;
 752.56256; 921.49036;
 445.36661; 923.96124;
 790.4068; 930.38055;
 382.52835; 934.77051;
 448.48199; 934.78259;
 533.82703; 937.61322;
 130.94568; 943.30707;
 359.62881; 942.60736;
 233.40858; 943.53778;
 799.47705; 945.41229;
 131.30643; 947.29004;
 914.75787; 949.32471;
 752.15826; 950.5224;
 288.86893; 951.69324;
 74.293793; 954.22968;
 46.994793; 955.86896;
 108.49593; 956.39325;
 393.75299; 958.82068;
 35.282055; 959.42303;
 710.92365; 960.14246;
 97.790779; 961.71552;
 538.6402; 962.57275;
 516.42407; 962.883;
 610.30603; 965.74445;
 49.535137; 969.2804;
 299.90607; 970.11365;
 230.12; 977.27594;
 446.61819; 976.88416;
 938.92065; 981.43512;
 492.41696; 987.47913;
 121.80264; 988.09137;
 398.12143; 989.46942;
 527.14008; 992.04535;
 66.260353; 999.42126;
 776.39795; 999.69647;
 244.09581; 1001.6689;
 466.58984; 1002.7695;
 893.08191; 1002.8113;
 405.60406; 1003.9952;
 494.61691; 1004.079;
 95.20089; 1006.3898;
 569.4303; 1005.8993;
 273.47708; 1007.4769;
 806.49353; 1007.5651;
 14.902856; 1010.0315;
 173.44559; 1009.7482;
 693.16711; 1014.3776;
 844.63452; 1013.6501;
 878.50452; 1016.4659;
 178.42424; 1019.3428;
 970.53357; 1020.2013;
 829.72498; 7.4757004;
 8.9627075; 24.077675;
 516.55811; 33.954391;
 516.99158; 43.739391;
 78.802307; 57.993969;
 231.81052; 57.477612;
 96.114258; 69.646049;
 98.133347; 80.168266;
 1007.9189; 117.85033;
 59.064045; 157.06567;
 374.1232; 210.89232;
 116.19524; 214.25253;
 375.70572; 221.9276;
 239.58629; 235.26236;
 952.77863; 245.91992;
 253.92641; 255.37209;
 231.46605; 261.52893;
 824.69635; 277.98584;
 925.46753; 278.83224;
 238.07379; 293.14145;
 109.076; 293.36346;
 542.96167; 301.55325;
 216.70609; 309.56494;
 54.181004; 311.42432;
 810.04803; 318.65701;
 1019.0851; 320.83389;
 915.33295; 323.36215;
 810.87048; 328.66382;
 622.85168; 342.25397;
 622.6189; 352.33368;
 786.84424; 377.07025;
 120.22974; 377.23044;
 748.19391; 379.11398;
 396.73834; 398.39178;
 948.24274; 399.99222;
 1016.373; 403.50027;
 985.14771; 413.58417;
 598.15057; 418.66858;
 659.34387; 423.28061;
 188.40794; 445.64627;
 748.01416; 458.6333;
 269.19809; 464.20364;
 541.27582; 471.13824;
 1007.1661; 478.03882;
 43.328026; 487.20413;
 459.7782; 489.57605;
 85.786766; 497.8938;
 428.55246; 507.46829;
 202.88028; 526.35828;
 396.07562; 530.89374;
 925.68164; 533.39313;
 351.6076; 549.94592;
 733.71362; 559.19299;
 423.18338; 560.37897;
 198.38402; 567.9176;
 856.58801; 568.32306;
 305.62363; 572.34406;
 908.77051; 592.4176;
 724.19147; 595.59894;
 431.99472; 599.28302;
 1014.3187; 599.39435;
 259.15598; 599.75256;
 444.85687; 603.34088;
 500.78885; 607.64288;
 878.51019; 609.11676;
 56.642895; 612.09314;
 879.28418; 619.72174;
 232.85706; 627.63452;
 253.4062; 631.88477;
 325.56088; 635.51379;
 760.23962; 639.56885;
 514.11737; 641.87756;
 1014.507; 641.52338;
 376.94122; 654.26843;
 320.47391; 662.12897;
 301.99466; 702.4245;
 676.21704; 702.80902;
 320.7782; 720.47455;
 8.3533039; 724.47662;
 314.21439; 729.96771;
 83.691605; 731.79889;
 539.38464; 732.38916;
 478.17282; 732.64874;
 985.62982; 735.77173;
 201.28613; 740.17133;
 223.84579; 746.83374;
 752.80322; 747.8208;
 273.26511; 753.45447;
 11.261755; 765.92902;
 396.59039; 767.88947;
 969.08209; 788.224;
 189.7426; 793.276;
 385.3179; 794.88043;
 756.71216; 801.86469;
 598.73492; 805.27155;
 116.92242; 805.70245;
 213.30373; 809.66229;
 211.54175; 818.47717;
 363.35809; 820.00409;
 220.14758; 833.32141;
 49.953884; 835.40155;
 173.33672; 834.62054;
 970.94611; 838.57831;
 382.57965; 840.50543;
 975.63074; 848.24304;
 513.685; 850.13031;
 387.21994; 856.92444;
 975.9364; 858.38025;
 93.52417; 861.60583;
 257.34171; 862.63092;
 530.59619; 865.34534;
 387.03262; 876.23706;
 34.363289; 878.03192;
 123.95234; 879.56262;
 232.03362; 890.1748;
 925.40625; 894.74725;
 251.58635; 895.46735;
 55.755833; 903.65405;
 875.24371; 916.57843;
 545.94415; 918.93073;
 919.00043; 920.13806;
 752.82849; 921.12323;
 136.63455; 927.54114;
 327.70779; 933.82745;
 534.14154; 937.25592;
 288.5426; 950.8103;
 394.07724; 959.03741;
 395.34909; 969.289;
 468.423; 972.06921;
 972.61133; 972.29572;
 398.61884; 989.04492;
 466.55301; 1002.1345;
 494.42258; 1003.305;
 893.27234; 1002.7155;
 405.93253; 1003.8897;
 569.26428; 1005.3032;
 546.37762; 1012.1786;
 878.08282; 1015.5502;
 178.36824; 1019.4496;
 970.66681; 1019.3207;
 165.4586; 8.3130941;
 10.332098; 11.279858;
 1003.754; 11.70694;
 57.926842; 13.838566;
 1017.9545; 18.091089;
 453.6756; 22.113394;
 33.624969; 26.689268;
 943.58105; 27.763645;
 453.60608; 34.001125;
 994.81134; 35.126122;
 75.313545; 38.645168;
 946.52179; 42.951134;
 768.01306; 44.372128;
 813.75958; 47.721283;
 288.34134; 48.767223;
 110.47221; 53.063568;
 28.653048; 55.544598;
 742.50592; 58.901031;
 111.16803; 67.561958;
 523.05835; 67.759842;
 51.547291; 70.928162;
 877.53503; 75.026436;
 915.50684; 76.422867;
 935.67645; 78.058945;
 148.07832; 79.691269;
 706.95685; 79.826561;
 227.74535; 83.454308;
 50.778664; 83.568695;
 170.68411; 85.511559;
 1011.7742; 85.666862;
 430.51694; 91.209274;
 778.16589; 90.826965;
 537.80933; 92.420639;
 937.75549; 92.815643;
 831.33319; 95.458481;
 120.13542; 96.683517;
 619.9632; 98.022911;
 676.82642; 98.429001;
 9.8467865; 101.22445;
 136.35127; 100.8931;
 957.83746; 108.22205;
 207.54341; 109.34763;
 135.6382; 113.72253;
 440.16373; 114.46658;
 737.60144; 116.29189;
 924.12817; 118.28334;
 22.159033; 121.08286;
 206.7092; 122.67831;
 635.40332; 123.65594;
 80.056137; 124.88955;
 976.91785; 129.05582;
 774.4765; 131.18451;
 839.32422; 131.16653;
 299.93399; 136.81256;
 992.85022; 137.72688;
 781.74774; 143.14;
 23.245886; 141.95818;
 44.912689; 141.65128;
 466.52359; 144.40723;
 559.92706; 144.4908;
 889.20959; 144.61719;
 946.1109; 146.72104;
 736.25854; 149.1676;
 812.85571; 149.45592;
 660.0849; 149.78319;
 799.74481; 152.23225;
 216.0257; 154.39328;
 29.335752; 154.94614;
 771.71362; 155.06627;
 279.09311; 156.20488;
 681.71826; 156.01779;
 342.4104; 158.90599;
 179.46216; 160.58636;
 666.97278; 160.9957;
 810.30682; 164.66521;
 41.739624; 164.71251;
 539.96924; 164.50058;
 846.49756; 165.02849;
 676.16223; 168.77715;
 766.32385; 168.49408;
 856.34778; 168.23268;
 343.88925; 170.45265;
 1001.1893; 169.64856;
 974.10876; 171.79515;
 274.00119; 172.95392;
 84.421059; 174.6378;
 483.32733; 175.95332;
 538.84125; 179.18553;
 310.27811; 180.57814;
 111.18449; 181.50815;
 371.4039; 182.34819;
 40.168438; 183.74728;
 716.9519; 184.78986;
 741.0752; 185.92485;
 163.14784; 191.56955;
 660.86005; 192.42798;
 151.985; 192.87683;
 109.51665; 194.68407;
 771.89124; 196.02463;
 720.86877; 196.93556;
 830.54712; 197.07335;
 259.06229; 200.27638;
 25.320507; 202.32234;
 799.57104; 202.33293;
 158.17885; 204.41365;
 471.98639; 204.03429;
 389.29401; 206.65163;
 340.80478; 208.97499;
 710.297; 210.11641;
 244.42982; 210.31552;
 496.74857; 212.44879;
 35.438004; 212.71318;
 261.6434; 214.29279;
 546.25073; 213.97652;
 177.32224; 216.69189;
 928.31659; 218.18359;
 16.755793; 224.55302;
 140.94696; 224.63283;
 249.35844; 225.07788;
 419.38654; 226.70523;
 1012.4923; 229.28706;
 183.49792; 230.45554;
 218.50197; 230.73755;
 105.29282; 231.19353;
 819.29163; 231.87199;
 912.98187; 232.22113;
 320.59683; 232.51735;
 518.27966; 232.46867;
 785.73145; 234.69568;
 449.31839; 236.36592;
 963.70526; 237.77185;
 5.1649971; 238.78244;
 139.11099; 239.23528;
 338.10498; 240.69315;
 227.56009; 242.94505;
 108.74368; 243.93469;
 859.92059; 243.85986;
 826.22754; 245.13069;
 186.01733; 248.37285;
 520.40131; 248.11116;
 751.26959; 248.39064;
 785.18488; 248.01988;
 917.0473; 248.41232;
 284.72662; 254.09293;
 875.1236; 254.48892;
 965.25354; 253.96713;
 74.573723; 255.19302;
 335.85281; 254.94182;
 949.15753; 258.05988;
 1016.2477; 258.29428;
 37.344345; 259.58655;
 416.16464; 258.89651;
 778.60565; 259.68207;
 824.87567; 259.78351;
 859.40344; 259.80106;
 355.96588; 260.46075;
 563.20935; 262.23325;
 965.93585; 266.11588;
 272.95309; 267.37137;
 922.5816; 266.55368;
 24.325996; 270.10193;
 539.29865; 270.0108;
 592.6153; 269.86938;
 937.73389; 271.21323;
 486.40686; 272.77582;
 452.64651; 274.4455;
 843.59155; 273.81168;
 890.98853; 274.77707;
 556.29639; 276.75766;
 799.65942; 278.9299;
 35.921593; 282.20792;
 970.49969; 281.80969;
 1010.0465; 282.05347;
 113.51926; 282.67911;
 511.83722; 283.01001;
 789.03265; 285.57651;
 938.6012; 286.52203;
 194.68077; 288.03009;
 397.39926; 287.52805;
 491.81677; 287.76129;
 888.41003; 289.10693;
 421.91394; 290.17783;
 456.60971; 291.25711;
 853.14178; 291.01215;
 553.88513; 292.02646;
 77.697304; 292.56754;
 801.21436; 293.43018;
 65.392387; 293.80713;
 1008.3479; 293.84229;
 291.19772; 294.91904;
 479.75861; 298.96768;
 17.312046; 299.98984;
 168.84537; 301.10028;
 190.92883; 301.17563;
 442.30432; 302.46378;
 911.88593; 302.08774;
 358.93979; 305.6777;
 252.95261; 307.19479;
 554.09833; 307.00168;
 76.419632; 307.80399;
 862.54395; 307.50928;
 1012.4273; 309.44028;
 822.37195; 311.58224;
 18.472395; 313.60089;
 168.83754; 314.5423;
 407.79968; 314.67798;
 139.48428; 315.68228;
 492.26328; 316.44989;
 838.15643; 318.95966;
 870.38812; 318.81186;
 357.31589; 321.24701;
 548.71503; 322.36002;
 84.346886; 322.62546;
 938.58344; 322.91379;
 375.05682; 324.89822;
 437.30566; 324.55713;
 465.85492; 326.61212;
 826.00964; 326.93085;
 161.74767; 328.84628;
 328.2363; 328.72946;
 141.84447; 330.55246;
 492.04901; 329.67307;
 407.53043; 331.63489;
 200.44673; 334.48849;
 553.11731; 334.83524;
 125.22863; 335.68155;
 989.05322; 336.16208;
 846.84875; 338.19928;
 507.33398; 338.95453;
 948.29889; 339.72144;
 416.97699; 342.47461;
 914.16675; 343.04828;
 648.7533; 343.65887;
 492.74493; 345.32224;
 144.19696; 346.5419;
 189.29471; 347.12347;
 693.34717; 346.69763;
 990.80023; 346.95282;
 126.84972; 348.64471;
 255.5291; 349.41516;
 362.9541; 349.65109;
 382.10916; 349.66107;
 804.97015; 349.70392;
 567.1438; 350.73572;
 845.73297; 352.07605;
 96.118073; 355.0188;
 933.39355; 355.39648;
 237.16972; 356.97034;
 916.06866; 356.88388;
 166.03868; 357.60196;
 389.00809; 357.96729;
 644.4267; 357.90097;
 877.08948; 358.66635;
 979.28088; 358.76385;
 195.10568; 360.05112;
 418.24222; 359.58762;
 522.90417; 360.58481;
 14.540837; 361.64255;
 373.16998; 362.31061;
 498.371; 362.22467;
 721.85535; 361.59125;
 781.58289; 364.24011;
 805.85461; 363.65387;
 60.526321; 365.07996;
 305.32123; 366.16238;
 828.3009; 366.06067;
 1007.5195; 366.15067;
 249.01759; 366.79388;
 561.27985; 366.60782;
 747.95972; 367.37207;
 178.24155; 368.78519;
 333.98965; 371.39709;
 983.51093; 371.40387;
 279.80557; 375.43842;
 674.12225; 375.06552;
 72.463921; 375.95541;
 500.77951; 377.82074;
 447.66824; 378.74243;
 619.04456; 380.20544;
 674.85071; 380.05612;
 827.67792; 380.08939;
 183.71558; 382.34833;
 359.2449; 384.54016;
 418.47156; 384.51593;
 211.62605; 386.14963;
 1004.8549; 386.00659;
 671.87537; 395.07852;
 856.3678; 390.81097;
 803.32452; 393.04257;
 297.05923; 393.88013;
 500.75049; 394.32431;
 711.37683; 395.56723;
 182.46881; 396.56284;
 522.56195; 397.3158;
 33.482426; 398.30298;
 190.45096; 398.8544;
 767.83673; 398.63461;
 652.52295; 402.36685;
 208.82506; 403.04651;
 50.558407; 405.90067;
 256.13736; 407.55096;
 808.91632; 407.0921;
 971.46289; 406.953;
 318.15302; 408.17667;
 357.09149; 409.23215;
 457.177; 409.98004;
 846.80811; 409.77789;
 956.31311; 410.42297;
 144.85359; 411.32318;
 32.315861; 411.87927;
 705.66235; 412.09402;
 536.2287; 413.98297;
 964.34064; 414.4855;
 1010.9385; 415.02182;
 887.93756; 416.06406;
 647.45386; 417.68793;
 486.99707; 418.66052;
 80.418701; 419.79022;
 308.7236; 419.64761;
 861.21289; 420.79474;
 578.56268; 421.81714;
 812.5484; 422.04395;
 388.36844; 423.45041;
 292.51102; 424.26221;
 419.94928; 426.4758;
 689.15411; 427.67816;
 973.5708; 427.45224;
 130.68788; 429.43665;
 604.47614; 430.52142;
 771.05707; 431.16003;
 77.283478; 432.20807;
 207.29199; 431.36801;
 223.38737; 431.46832;
 719.52466; 435.84085;
 866.46838; 436.10587;
 255.22105; 436.63156;
 301.99258; 437.21957;
 631.84576; 437.44769;
 449.55811; 437.9993;
 688.88306; 437.3638;
 814.56921; 439.87009;
 31.858675; 441.98056;
 943.31921; 442.33627;
 134.74435; 444.48215;
 604.60242; 445.65588;
 773.01215; 445.09009;
 488.33304; 446.59033;
 748.21423; 448.08066;
 293.68753; 449.15387;
 321.39468; 448.91302;
 830.39996; 451.68851;
 38.440182; 454.27588;
 556.1955; 456.37231;
 404.99338; 457.08133;
 307.25705; 458.67877;
 688.44275; 461.03271;
 13.248796; 462.24155;
 97.103111; 462.25601;
 981.16351; 461.99692;
 313.51126; 463.047;
 495.84521; 463.02563;
 348.27274; 468.52554;
 733.05847; 468.85855;
 235.03403; 472.03647;
 832.02985; 471.70718;
 446.95245; 474.04166;
 781.1297; 473.98746;
 38.35236; 476.13092;
 983.38208; 476.8916;
 320.51343; 478.08359;
 73.686516; 478.67114;
 216.35455; 478.77927;
 515.75726; 478.58981;
 148.4502; 480.26602;
 842.14502; 479.6069;
 124.54586; 480.71973;
 389.08273; 483.64746;
 541.57257; 483.54938;
 705.01099; 484.99857;
 233.89536; 487.43405;
 785.96759; 488.17523;
 575.83514; 489.0816;
 181.18762; 491.46606;
 222.17961; 491.56055;
 72.112831; 492.54105;
 136.25023; 493.10269;
 218.42813; 493.13931;
 733.59406; 492.82697;
 271.52777; 496.22729;
 967.90601; 495.84644;
 133.79883; 498.59247;
 904.34778; 498.10333;
 651.81543; 498.14029;
 687.86652; 499.14859;
 548.44269; 500.06937;
 34.028446; 504.01959;
 185.43338; 505.7944;
 202.81126; 506.27289;
 508.53055; 508.46524;
 578.67426; 508.38455;
 752.87018; 507.65173;
 625.07245; 512.97461;
 106.88644; 514.13599;
 326.2179; 514.93774;
 811.12781; 515.8786;
 39.823296; 517.37097;
 146.19804; 517.57007;
 373.32303; 518.07208;
 465.84143; 517.47955;
 837.94916; 517.53748;
 1012.5594; 518.46844;
 623.25983; 519.79639;
 701.36658; 521.47272;
 353.4187; 524.01947;
 286.18268; 524.69946;
 506.45184; 525.97162;
 912.91797; 527.23181;
 737.66693; 530.18988;
 249.08226; 532.60339;
 774.89801; 534.91705;
 342.70175; 538.22467;
 883.42401; 538.27911;
 237.0831; 538.89685;
 570.73804; 538.63745;
 95.152527; 541.98077;
 412.26587; 545.4538;
 978.49011; 545.96405;
 673.56976; 547.30402;
 9.9002018; 547.74268;
 521.69342; 548.18994;
 817.7334; 549.60577;
 189.92181; 552.61713;
 485.52783; 551.46515;
 884.03992; 552.59412;
 242.05595; 552.77496;
 1011.227; 552.71326;
 801.42535; 555.71698;
 854.03168; 555.54053;
 148.29506; 558.67316;
 337.91901; 558.01074;
 246.7175; 561.27045;
 354.53061; 561.43915;
 485.70648; 566.12988;
 812.38623; 566.83624;
 959.80975; 568.29279;
 635.54584; 568.75391;
 695.61603; 570.18164;
 90.111443; 570.74634;
 892.32001; 570.52136;
 1011.7742; 571.81152;
 753.98016; 573.92883;
 51.450329; 574.43823;
 501.35193; 575.38751;
 760.96698; 577.0365;
 250.51784; 578.26532;
 563.09485; 577.91162;
 113.26218; 579.56897;
 329.90689; 579.51978;
 289.62329; 580.5752;
 353.64249; 582.60431;
 160.64342; 582.14398;
 95.272392; 585.78809;
 19.756687; 586.90057;
 667.60382; 587.70349;
 369.78455; 589.47314;
 281.19861; 591.81409;
 445.86792; 591.90497;
 516.3172; 592.88068;
 185.98389; 596.32123;
 37.741882; 597.26642;
 831.52777; 597.51514;
 60.372726; 599.47211;
 304.6832; 599.82385;
 746.77765; 602.93414;
 925.54108; 602.83832;
 958.11169; 602.65961;
 367.51907; 603.82111;
 286.11813; 606.96722;
 167.0074; 608.14697;
 1013.2788; 611.57867;
 397.97195; 614.05298;
 927.78192; 614.33527;
 265.59512; 617.43433;
 280.61945; 618.44507;
 349.30179; 617.99872;
 629.89117; 617.7431;
 907.23077; 620.62305;
 512.5506; 624.35339;
 832.29993; 624.67468;
 8.6296291; 626.33105;
 99.993828; 627.36279;
 400.10779; 628.06482;
 983.96466; 628.50854;
 727.02026; 631.15936;
 612.54437; 631.63367;
 264.77945; 635.00342;
 116.55396; 636.11993;
 483.74905; 636.96509;
 932.3905; 636.84155;
 639.17175; 640.76489;
 408.92139; 638.84985;
 736.32977; 640.00537;
 794.26874; 642.10541;
 178.42348; 643.75317;
 256.99878; 648.06458;
 849.64185; 647.79889;
 353.21292; 652.51678;
 22.981274; 654.01141;
 556.16986; 654.14801;
 139.68066; 655.53363;
 548.98181; 656.23926;
 182.97746; 656.6109;
 401.14929; 659.9397;
 767.74133; 661.80023;
 280.48077; 666.10748;
 993.68915; 666.98688;
 218.60777; 668.53003;
 941.7876; 668.97198;
 200.6573; 671.83191;
 890.47614; 671.81573;
 280.9603; 673.58765;
 130.103; 675.52759;
 244.58641; 679.02209;
 697.87396; 679.05273;
 653.0174; 682.83423;
 257.87015; 684.46497;
 918.98987; 684.9118;
 83.459106; 685.51263;
 773.69574; 686.38263;
 494.90799; 688.28296;
 321.07596; 692.75732;
 5.0859547; 694.66534;
 454.87225; 695.81897;
 553.90186; 697.08826;
 865.4267; 697.22009;
 255.96472; 698.08038;
 374.58179; 700.74866;
 641.58948; 701.34875;
 116.52669; 702.00604;
 961.85468; 702.88525;
 164.86551; 706.08978;
 231.30991; 708.72247;
 499.31741; 710.75214;
 75.124001; 711.87994;
 385.08337; 713.43231;
 344.25888; 714.64221;
 308.25681; 714.95697;
 662.57574; 716.0426;
 870.66486; 715.9425;
 534.27734; 720.45251;
 254.55783; 721.98846;
 236.42451; 726.05731;
 68.884697; 727.87268;
 285.56177; 727.29913;
 297.41547; 728.31427;
 349.08002; 730.36206;
 48.880142; 731.01202;
 719.487; 735.74615;
 402.94196; 737.38757;
 250.17455; 738.50348;
 40.184212; 739.13696;
 369.29477; 740.04559;
 606.77161; 744.17139;
 732.80084; 748.8606;
 102.11085; 757.18085;
 317.8869; 758.75696;
 973.66467; 759.03766;
 508.30811; 760.97437;
 34.509178; 762.30792;
 755.58948; 763.90314;
 351.76355; 765.90118;
 722.16589; 768.50281;
 21.08112; 772.36652;
 837.10248; 772.27979;
 253.47728; 775.71002;
 186.32239; 777.37872;
 128.10902; 779.05359;
 432.13046; 783.49725;
 739.93195; 783.82385;
 176.13974; 787.1427;
 652.4281; 786.51184;
 291.81097; 788.77759;
 684.36877; 789.1391;
 4.8497639; 790.58032;
 582.59137; 792.30377;
 50.08651; 794.29797;
 273.23273; 793.84009;
 783.04803; 795.28174;
 246.33351; 796.63702;
 705.57019; 797.14825;
 229.87328; 800.16998;
 285.10571; 801.96729;
 562.43311; 803.35229;
 892.63904; 802.90674;
 859.04724; 803.76294;
 947.01483; 805.92035;
 583.54657; 806.95898;
 689.98535; 807.48486;
 402.62451; 812.59412;
 502.89398; 812.92023;
 197.64705; 814.65674;
 884.44635; 815.48425;
 154.56648; 817.69122;
 275.50391; 818.26788;
 1007.0817; 824.651;
 449.65396; 825.75183;
 484.07129; 825.13367;
 501.84875; 826.54218;
 80.186775; 827.56659;
 562.48816; 827.86102;
 332.09558; 829.32471;
 747.14587; 829.19312;
 246.83859; 830.71704;
 860.84253; 836.26111;
 126.31657; 838.96594;
 530.01849; 838.40662;
 431.70773; 841.80493;
 599.01831; 841.64056;
 805.93353; 842.9668;
 1004.6248; 848.17712;
 357.78424; 851.03052;
 675.23492; 851.03796;
 222.50339; 852.48932;
 56.855816; 856.92365;
 594.09845; 856.70361;
 804.42798; 858.09552;
 651.35846; 859.0332;
 210.71303; 859.75269;
 556.56683; 862.92859;
 870.3988; 864.30298;
 839.99506; 864.4826;
 893.16467; 866.24921;
 176.08922; 866.7876;
 695.04376; 867.72705;
 875.98627; 869.66144;
 146.57561; 872.33978;
 277.66977; 872.48962;
 639.38098; 872.72144;
 733.23462; 873.01093;
 76.776718; 875.73022;
 11.30228; 876.95319;
 531.18231; 876.89911;
 167.70601; 881.45703;
 433.89032; 881.09149;
 481.14136; 881.50494;
 887.19354; 882.0033;
 158.60289; 883.41547;
 457.50986; 886.5213;
 510.83743; 887.32239;
 155.35115; 887.98889;
 802.71027; 890.35718;
 88.750648; 890.63123;
 471.05609; 891.1236;
 965.34973; 890.53314;
 1011.9874; 894.42133;
 181.95844; 896.84344;
 210.02992; 897.7475;
 17.520912; 899.86237;
 144.41386; 900.79199;
 414.43387; 902.60925;
 85.985176; 903.98389;
 738.9859; 904.72253;
 278.62854; 906.35962;
 475.09711; 905.59143;
 616.98669; 906.29297;
 697.24054; 909.57947;
 432.38449; 913.5097;
 20.296877; 922.10278;
 444.2677; 922.1026;
 505.41611; 922.40051;
 842.05676; 925.42383;
 571.12415; 925.6532;
 211.51509; 927.08124;
 428.40323; 927.32977;
 789.96271; 930.43359;
 380.49542; 935.54254;
 688.35614; 935.39514;
 447.2417; 936.09216;
 234.26454; 941.93048;
 359.98993; 942.39252;
 131.55292; 946.42993;
 798.45807; 946.82306;
 911.87805; 946.38983;
 19.214113; 947.72113;
 746.80212; 948.7395;
 607.99725; 949.92535;
 44.662876; 955.13;
 73.672218; 955.07483;
 105.85352; 956.29706;
 759.39014; 956.69659;
 710.65259; 957.69348;
 518.69629; 959.35596;
 667.29218; 959.77057;
 537.36237; 961.27417;
 333.48987; 964.76166;
 611.50043; 967.70325;
 302.64645; 968.328;
 757.18585; 972.22327;
 874.01904; 974.09711;
 446.73987; 975.77246;
 229.4239; 976.57666;
 846.0036; 977.42719;
 561.75708; 978.04065;
 938.95038; 980.5061;
 797.34174; 984.24066;
 121.73503; 987.0332;
 493.46805; 987.88629;
 447.45908; 989.04645;
 1001.6967; 988.68359;
 527.40613; 991.04559;
 776.44922; 999.41443;
 923.51422; 998.46973;
 66.86734; 1000.4544;
 244.03522; 1002.9418;
 718.69202; 1002.9176;
 748.21521; 1003.0449;
 273.90793; 1007.0368;
 595.60211; 1007.3273;
 174.6393; 1007.6988;
 606.31897; 1007.5286;
 807.99908; 1007.5391;
 16.977959; 1010.5339;
 437.26297; 1011.7819;
 693.09113; 1012.4559;
 774.11456; 1012.8657;
 844.71851; 1014.4265;
 1016.9633; 18.418737;
 943.94885; 27.528736;
 995.12811; 34.539974;
 110.75147; 51.939667;
 111.11539; 67.593895;
 877.16632; 75.259567;
 707.22882; 79.37326;
 538.44977; 90.681709;
 119.70055; 97.31221;
 439.92224; 113.92172;
 775.52863; 129.76172;
 977.06287; 129.63158;
 839.71332; 130.98672;
 992.00903; 137.60928;
 43.096176; 141.79752;
 660.18695; 149.73129;
 681.57825; 154.7923;
 341.72467; 158.63815;
 179.23387; 161.37941;
 809.6676; 165.16505;
 766.79553; 168.84923;
 111.33028; 181.2234;
 39.299843; 183.61426;
 161.3342; 190.80392;
 108.48136; 195.2838;
 830.77338; 196.6412;
 471.70389; 203.43607;
 157.67517; 209.89682;
 546.35779; 214.35391;
 258.28464; 221.78235;
 927.07959; 218.1909;
 141.72469; 224.3548;
 250.00049; 224.95172;
 414.74661; 224.60999;
 218.24086; 230.74496;
 913.43738; 231.50964;
 5.5843253; 238.64565;
 860.15588; 244.34196;
 185.37154; 247.73845;
 964.61926; 254.83536;
 285.16537; 254.75621;
 1016.7943; 258.68073;
 486.06903; 272.91501;
 113.76008; 282.12146;
 194.10112; 287.03918;
 397.35501; 287.22083;
 800.88226; 298.18655;
 17.59341; 299.03647;
 189.9084; 301.37195;
 912.6004; 305.0101;
 600.10986; 306.46176;
 1011.3346; 309.66818;
 407.96411; 315.10172;
 869.96667; 320.38632;
 357.1373; 322.00833;
 84.11026; 322.57846;
 465.13828; 327.98843;
 987.79987; 332.13181;
 847.01624; 337.54068;
 914.09399; 342.20981;
 493.40323; 345.5867;
 991.15247; 351.20743;
 388.1517; 356.31;
 978.89026; 358.59747;
 14.564189; 362.15106;
 830.15375; 363.3996;
 561.34204; 367.05402;
 249.38861; 367.65256;
 499.75436; 378.27121;
 827.63208; 380.65421;
 186.29553; 382.57928;
 417.73672; 383.09851;
 672.11389; 395.88281;
 652.39856; 401.91159;
 256.46027; 408.28107;
 316.50458; 407.59247;
 808.22528; 407.49783;
 144.89102; 411.28412;
 79.585075; 419.15582;
 862.94049; 419.70563;
 811.92505; 421.46127;
 293.97034; 422.97455;
 389.28885; 426.0318;
 131.14993; 429.51639;
 884.94324; 431.72137;
 719.16724; 435.2897;
 255.6331; 436.39053;
 134.46831; 444.24731;
 556.37878; 455.70407;
 405.50345; 456.94513;
 982.0144; 460.80365;
 97.306938; 462.37512;
 732.75909; 468.83847;
 321.06613; 477.52435;
 93.454216; 481.66794;
 389.1716; 483.25177;
 576.29236; 490.15836;
 181.4187; 491.1442;
 785.56201; 490.31622;
 272.63004; 496.12381;
 34.329147; 503.57266;
 205.66592; 505.40753;
 186.71336; 511.64539;
 39.7463; 518.54529;
 1009.1675; 520.76746;
 355.47403; 522.17285;
 343.0423; 537.66675;
 569.88013; 537.75354;
 522.06329; 548.31061;
 486.31494; 550.56439;
 884.54932; 553.06537;
 1010.3809; 553.11487;
 148.56522; 559.24628;
 331.56656; 559.67957;
 812.35126; 567.8349;
 891.3783; 570.96936;
 331.94989; 579.78082;
 353.01083; 580.35468;
 160.39142; 581.41968;
 20.841421; 586.78131;
 445.43671; 591.49249;
 281.06049; 591.70825;
 61.291653; 599.21686;
 747.11707; 604.15851;
 366.92432; 604.93201;
 926.80463; 617.59143;
 350.15796; 620.17834;
 907.17267; 622.16113;
 257.53607; 646.87152;
 279.79352; 670.68341;
 217.00995; 668.63708;
 201.92751; 671.8653;
 258.86856; 683.19189;
 5.8149409; 694.33069;
 375.13861; 700.16455;
 553.15833; 699.61829;
 961.7995; 703.07227;
 344.17584; 714.64722;
 534.91376; 720.29529;
 244.60541; 727.90283;
 67.496246; 733.93958;
 102.59541; 757.50616;
 317.91083; 758.81494;
 836.24792; 772.11896;
 252.61311; 777.05414;
 229.11119; 800.66498;
 276.57361; 820.52948;
 483.80817; 824.6908;
 432.0426; 842.66907;
 1005.131; 848.05115;
 357.68195; 851.64392;
 214.20135; 858.86267;
 557.36371; 862.03265;
 695.7179; 866.341;
 893.03772; 865.58856;
 175.80444; 866.9007;
 147.30122; 872.26227;
 511.7074; 887.54089;
 442.95435; 892.37097;
 1011.7384; 894.06042;
 182.87912; 897.81073;
 144.65936; 901.65405;
 505.2648; 921.85846;
 572.73328; 925.34894;
 687.82458; 934.1745;
 380.49774; 937.4306;
 445.67004; 938.73688;
 131.90315; 946.96643;
 911.76617; 947.14172;
 797.22699; 951.0788;
 104.69052; 958.75421;
 611.72144; 968.73553;
 939.01288; 980.51086;
 66.131065; 1001.4531;
 774.79504; 1013.7198;
 843.75708; 1016.6715;
 330.67673; 52.059952;
 743.47357; 64.43409;
 928.20898; 73.543961;
 147.77109; 81.990616;
 836.52753; 94.263451;
 934.43085; 96.535332;
 962.89642; 107.2613;
 929.51526; 118.64896;
 75.531372; 125.73949;
 461.89273; 128.79691;
 944.1593; 147.3741;
 777.76605; 149.37883;
 75.75811; 151.69353;
 214.20729; 157.53033;
 278.52869; 157.83044;
 261.52219; 158.53966;
 43.203903; 164.03339;
 670.16852; 170.12555;
 850.91492; 165.80511;
 926.28723; 170.51852;
 340.42252; 177.28546;
 414.03641; 183.38879;
 366.55042; 184.98912;
 855.02728; 188.79628;
 742.21936; 190.28412;
 768.53796; 192.08948;
 664.65747; 194.80061;
 260.66846; 198.49394;
 710.04425; 211.86124;
 183.18362; 213.33148;
 33.204014; 218.13734;
 870.46716; 227.74323;
 519.75195; 229.92522;
 710.78271; 233.01491;
 286.52777; 234.42647;
 1015.1595; 234.67128;
 824.12061; 237.05273;
 956.58624; 237.6851;
 452.93961; 239.24731;
 777.88507; 241.15123;
 227.9433; 246.18515;
 754.73474; 251.28175;
 520.58215; 252.63943;
 73.823158; 255.13815;
 334.71402; 254.84793;
 564.034; 260.55685;
 307.5119; 263.59537;
 415.49591; 263.17227;
 826.95905; 262.59265;
 356.03647; 263.83377;
 929.32117; 265.54443;
 797.04529; 276.64426;
 1007.5091; 277.16653;
 931.42084; 288.03149;
 420.88489; 288.73816;
 459.12787; 290.33154;
 853.25; 290.76022;
 69.946686; 291.65347;
 555.21606; 292.99271;
 100.70228; 298.31149;
 355.65536; 304.0589;
 259.82858; 304.5686;
 438.43765; 305.8963;
 618.92371; 315.18649;
 20.766411; 317.92233;
 840.17041; 317.93967;
 829.20502; 327.71713;
 328.40036; 329.51266;
 437.25787; 329.03867;
 162.03387; 332.70889;
 203.96387; 334.27737;
 645.6084; 339.2243;
 809.59204; 340.43903;
 944.84863; 340.51044;
 372.06909; 345.3248;
 250.22401; 348.20969;
 699.79572; 348.42941;
 383.08237; 348.75357;
 563.99451; 349.15591;
 99.88353; 353.73352;
 160.62659; 357.47348;
 419.10529; 360.26471;
 501.12961; 360.48346;
 647.4978; 360.96545;
 749.71259; 365.52365;
 806.38086; 366.08252;
 1006.163; 367.92645;
 671.47113; 376.13632;
 782.77338; 381.30814;
 212.02544; 386.38123;
 359.3815; 385.64224;
 554.38019; 386.44046;
 850.74805; 387.93546;
 804.62695; 389.02579;
 395.24442; 390.6954;
 711.245; 396.56845;
 189.05977; 400.31461;
 500.06647; 400.09067;
 70.846703; 401.40149;
 848.1922; 406.87454;
 405.61511; 410.56305;
 601.94769; 411.71359;
 965.03223; 411.72198;
 511.37408; 412.9227;
 440.42599; 421.78006;
 580.45959; 422.91217;
 211.51494; 430.75961;
 689.49689; 431.94724;
 447.53412; 438.9292;
 302.04968; 440.58191;
 812.12976; 441.43811;
 490.04675; 446.92545;
 833.63898; 452.31934;
 895.35675; 453.90021;
 33.285278; 458.84406;
 309.57141; 459.87732;
 496.32675; 466.43707;
 235.42926; 469.10153;
 783.36462; 471.69128;
 143.08801; 477.87936;
 836.24817; 478.24911;
 984.31244; 479.70358;
 129.77034; 480.58054;
 52.856392; 483.1058;
 514.65759; 483.25415;
 803.11047; 483.39536;
 230.8983; 492.02536;
 734.83582; 490.68762;
 653.21295; 493.76282;
 972.70563; 497.49707;
 906.70612; 500.4696;
 133.64552; 501.59158;
 548.1333; 502.74908;
 754.10199; 506.45154;
 572.91345; 507.24078;
 102.48072; 518.6347;
 835.46527; 514.49084;
 807.02716; 515.21912;
 624.50043; 517.80658;
 324.79184; 520.11151;
 463.0199; 520.72705;
 908.88898; 523.2287;
 701.58704; 525.28052;
 287.72113; 527.73596;
 836.73767; 536.98584;
 274.32736; 544.13818;
 95.614922; 546.37573;
 696.24426; 548.43652;
 668.75702; 548.99219;
 192.0258; 553.73828;
 854.00201; 554.0022;
 242.51031; 558.72955;
 803.20056; 557.76581;
 354.35489; 561.35852;
 633.91296; 567.8772;
 94.3125; 568.43024;
 961.21594; 571.88342;
 47.455288; 575.56036;
 757.42639; 575.5639;
 860.37585; 574.7934;
 255.86696; 576.98822;
 112.37265; 579.74323;
 564.06287; 579.55957;
 92.514389; 589.4696;
 38.184681; 598.45618;
 325.33762; 599.04163;
 960.96069; 603.99915;
 395.85617; 612.29535;
 979.16675; 622.88849;
 100.68417; 626.68982;
 834.93915; 628.2486;
 935.66217; 635.38928;
 403.81085; 636.42548;
 733.50677; 637.53284;
 634.84692; 637.98413;
 791.40594; 639.85626;
 844.38684; 646.03564;
 350.02182; 652.34705;
 23.765266; 653.81818;
 551.41254; 653.98468;
 137.73199; 659.74304;
 403.92761; 662.19202;
 377.21741; 671.42395;
 893.3606; 671.20447;
 698.01691; 676.18384;
 128.24976; 678.80225;
 920.23962; 688.44598;
 498.42853; 691.92767;
 452.7785; 696.7981;
 865.22729; 699.74249;
 89.615692; 700.58374;
 114.40441; 704.41602;
 165.3477; 705.47308;
 236.94254; 707.89423;
 868.96594; 720.65228;
 292.64059; 725.70215;
 46.282883; 732.53833;
 346.79709; 732.88623;
 431.62192; 736.12213;
 976.59576; 763.78601;
 356.23273; 764.87982;
 744.37616; 785.12366;
 290.40088; 786.36621;
 432.46323; 786.19891;
 549.64795; 789.57129;
 582.40662; 789.35352;
 685.9729; 791.55048;
 835.66534; 793.74475;
 404.58969; 794.40265;
 52.018848; 797.39447;
 253.72688; 799.33124;
 946.64856; 805.10272;
 565.38434; 807.60339;
 862.77618; 806.9541;
 497.52051; 811.86047;
 152.57176; 819.71051;
 226.6926; 821.23456;
 1006.6918; 827.93781;
 743.00287; 829.50427;
 859.84161; 837.26215;
 124.89417; 838.61932;
 598.91711; 840.21527;
 803.02588; 840.82123;
 676.63348; 850.33624;
 279.7106; 870.80194;
 735.86401; 871.63367;
 887.36169; 885.93781;
 161.58496; 888.26282;
 87.387543; 906.75061;
 439.34613; 913.90155;
 691.58514; 913.71051;
 16.303104; 924.11884;
 794.34918; 927.43054;
 210.91602; 929.9093;
 764.12531; 932.0257;
 237.29236; 942.37714;
 16.316801; 950.09082;
 41.582863; 957.06757;
 524.25439; 958.63562;
 665.07452; 961.75726;
 753.94751; 978.00549;
 470.98352; 986.88983;
 1002.8101; 988.38251;
 118.34121; 988.89758;
 734.0705; 989.44263;
 449.54013; 992.69879;
 494.23886; 993.74182;
 20.04388; 1003.7977;
 602.5047; 1004.1033;
 175.9942; 1004.451;
 717.16205; 1005.1483;
 752.80658; 1008.8119;
 954.89227; 1009.499;
 853.58655; 265.87329;
 63.438927; 369.57434;
 36.925442; 377.99582;
 615.4809; 381.30438;
 959.70642; 388.25266;
 868.21588; 415.65616;
 377.09039; 473.3204;
 153.54146; 527.46057;
 239.50572; 532.4541;
 908.4928; 627.81281;
 937.46478; 673.586;
 209.50681; 673.79608;
 294.70557; 750.6908;
 196.01273; 874.32397;
 617.82092; 907.24432;
 278.8125; 913.10388;
 600.02319; 927.16199;
 608.78564; 949.81354;
 748.84692; 954.08636;
 270.56787; 155.2565;
 857.73535; 191.41176;
 757.44409; 245.20074;
 102.59952; 255.41087;
 271.41431; 304.65677;
 617.91022; 323.68112;
 237.51796; 328.93103;
 328.80661; 331.92819;
 216.4921; 360.95947;
 722.38965; 369.80289;
 245.56219; 378.06293;
 95.306259; 379.97708;
 207.47607; 394.01593;
 301.55173; 401.21429;
 505.43631; 406.18716;
 227.24319; 408.38028;
 137.77557; 422.12616;
 284.84268; 423.53006;
 628.58612; 441.33752;
 301.10687; 468.86047;
 136.6871; 475.37213;
 231.49228; 476.46252;
 787.20721; 477.47479;
 157.14255; 497.62839;
 162.34937; 557.36816;
 44.097851; 573.44421;
 97.871277; 575.94458;
 327.72772; 603.27448;
 39.360535; 604.31934;
 939.35278; 643.76123;
 342.34973; 737.78198;
 293.46606; 764.45825;
 571.72546; 811.7962;
 862.84119; 803.04517;
 250.85268; 805.72485;
 493.62256; 814.68756;
 152.32761; 820.44965;
 223.26286; 826.3952;
 1012.1647; 858.42792;
 164.31496; 862.96942;
 194.55862; 901.70667;
 684.28662; 910.82465;
 437.25778; 918.40466;
 205.73676; 925.00604;
 159.61852; 989.17792;
 11.278355; 995.26154;
 948.52832; 1012.3205;
 706.44446; 1013.4904;
 171.90718; 1015.0985;
 622.6568; 288.78174;
 319.57166; 288.31943;
 875.76678; 417.83328;
 39.984047; 531.86884;
 116.10069; 539.96124;
 227.7222; 560.58179;
 619.29272; 570.84399;
 1010.5322; 587.53882;
 1003.1481; 677.875;
 728.07544; 736.70508;
 580.63098; 892.63782;
 16.943203; 910.23938;
 14.149537; 954.34564;
 663.62268; 912.0495 
