 910.22784; 780.40973;
 917.6925; 795.20978;
 680.22797; 49.95216;
 687.25861; 57.592808;
 967.22595; 64.275818;
 682.54315; 69.109451;
 887.953; 69.534988;
 820.07971; 88.28521;
 83.968811; 93.343071;
 209.63611; 118.17837;
 861.11835; 126.2052;
 419.84027; 149.40126;
 757.36548; 157.1411;
 429.9494; 158.89426;
 658.03973; 159.89206;
 847.83356; 170.83011;
 948.25671; 201.3736;
 651.94769; 214.76923;
 175.13307; 266.43765;
 776.36285; 302.00549;
 783.01398; 304.04947;
 238.54874; 330.15161;
 626.63367; 353.51071;
 639.13483; 366.44876;
 703.85498; 378.98459;
 758.52466; 387.47516;
 875.03796; 389.39542;
 676.75446; 395.10156;
 733.828; 394.8363;
 724.73334; 402.20184;
 461.34396; 407.57175;
 547.21143; 415.64377;
 465.45776; 417.4411;
 258.1684; 458.5386;
 492.42902; 464.38217;
 293.0358; 480.38507;
 101.03697; 525.16827;
 626.83374; 525.98535;
 449.14633; 541.89856;
 515.32446; 557.12695;
 901.63348; 557.10742;
 613.57709; 566.94324;
 218.49409; 572.01904;
 351.25369; 589.78534;
 973.01617; 609.16174;
 965.87585; 616.42834;
 547.78351; 659.70404;
 544.5119; 691.22253;
 215.30545; 714.32153;
 360.7402; 728.49408;
 120.40964; 730.43494;
 363.44119; 741.48853;
 344.24054; 748.95789;
 207.34491; 761.95972;
 899.19745; 788.6441;
 336.47229; 793.10352;
 331.7019; 802.16644;
 328.9895; 884.64105;
 675.35486; 923.58453;
 385.56613; 953.57001;
 754.71295; 955.87421;
 748.71533; 963.16669;
 430.09897; 971.80121;
 681.49622; 978.45074;
 688.62543; 58.797451;
 899.09753; 61.404179;
 733.79187; 63.10997;
 833.19653; 63.336353;
 835.4989; 66.766464;
 886.67334; 68.309166;
 682.39734; 69.273415;
 961.55151; 74.266426;
 645.83881; 74.561493;
 724.48944; 77.260979;
 900.06189; 81.48159;
 869.14563; 83.003273;
 820.30127; 88.11425;
 888.62543; 88.830109;
 704.38458; 89.845337;
 83.876923; 92.87706;
 911.44495; 97.127342;
 744.77979; 102.5985;
 209.33519; 117.50683;
 860.83533; 125.71037;
 704.73425; 129.7599;
 851.27795; 134.89934;
 744.84814; 136.88995;
 713.56824; 141.68703;
 945.10791; 141.69328;
 735.34705; 147.12347;
 419.91968; 148.6804;
 315.53394; 150.45358;
 756.6106; 156.03227;
 657.91724; 158.74742;
 82.557991; 160.34599;
 430.68274; 160.07886;
 308.51294; 164.0804;
 811.70789; 164.05901;
 395.57431; 166.60455;
 647.89832; 170.34962;
 459.09448; 172.74092;
 878.64447; 178.67114;
 940.94208; 185.18741;
 336.95483; 194.70682;
 348.5791; 197.01915;
 948.9563; 202.92668;
 748.18292; 213.08028;
 651.7204; 214.24287;
 551.95874; 216.96169;
 867.8064; 219.06136;
 521.03973; 219.87263;
 740.73755; 224.59398;
 555.38177; 227.48215;
 74.064041; 242.66678;
 242.39793; 246.0609;
 638.93158; 253.56732;
 605.04169; 255.15575;
 791.88654; 257.16864;
 373.34772; 260.08972;
 173.77254; 267.01282;
 311.60687; 282.64136;
 830.93445; 288.15961;
 841.71527; 289.70554;
 625.8941; 292.28717;
 610.11407; 296.71954;
 214.98523; 298.35468;
 839.23236; 300.09512;
 782.09454; 303.79221;
 638.86676; 307.30566;
 295.84341; 310.49289;
 404.54294; 311.27856;
 769.06165; 311.08868;
 288.14944; 317.85971;
 706.92035; 327.08112;
 849.97241; 327.46271;
 238.48792; 329.35324;
 664.94806; 332.19971;
 694.45978; 334.89932;
 790.88715; 341.93805;
 67.95108; 348.61853;
 626.58453; 352.98618;
 810.16022; 355.1799;
 623.73358; 362.95743;
 710.95459; 364.15033;
 639.23517; 366.42435;
 169.8526; 366.74231;
 612.1676; 369.7963;
 253.86702; 375.94901;
 704.1853; 377.43903;
 684.81226; 382.57806;
 758.36218; 386.67993;
 875.58746; 389.08331;
 858.43158; 391.43323;
 676.61871; 394.8956;
 733.9137; 394.63922;
 753.17242; 397.11334;
 440.18271; 398.75049;
 849.23285; 400.32199;
 583.95392; 402.68982;
 725.16498; 403.15451;
 460.48486; 406.66031;
 699.02759; 410.59518;
 547.51965; 415.521;
 466.74063; 418.19873;
 495.89249; 425.23648;
 364.22894; 429.13089;
 622.68878; 430.83212;
 87.671112; 440.573;
 101.32496; 449.47437;
 258.85834; 458.63953;
 492.34891; 464.67963;
 572.46368; 467.173;
 293.16492; 480.38712;
 677.46594; 513.76575;
 600.10815; 516.98621;
 609.53137; 523.12653;
 101.10819; 524.24121;
 626.64911; 526.40204;
 964.75732; 528.32574;
 94.695358; 537.34027;
 597.08893; 540.91681;
 448.71341; 542.20294;
 833.29785; 543.50439;
 620.86444; 546.10382;
 145.99187; 551.85449;
 469.45065; 553.1319;
 515.63287; 556.93365;
 901.76685; 556.76605;
 162.70819; 563.57013;
 613.21362; 566.27875;
 399.65527; 566.80127;
 457.63388; 567.32629;
 183.88257; 568.72876;
 218.32805; 570.76868;
 509.80048; 570.7912;
 895.65527; 571.93024;
 493.53076; 574.4942;
 904.30048; 576.6814;
 101.16878; 577.26782;
 955.95837; 578.19739;
 211.94801; 581.17694;
 395.03357; 581.2077;
 893.1554; 584.8031;
 351.37509; 588.43811;
 346.84741; 598.19092;
 85.108032; 599.22797;
 197.16489; 601.30273;
 415.79715; 603.85028;
 949.49451; 612.10889;
 230.1152; 613.55829;
 57.829975; 620.22876;
 528.16809; 622.91876;
 943.19452; 624.86481;
 104.52521; 625.65704;
 306.77731; 633.65948;
 548.38208; 635.5199;
 310.30121; 638.84332;
 547.68323; 661.59637;
 116.23046; 669.4386;
 871.70935; 676.69556;
 791.22882; 681.69653;
 958.59424; 683.96277;
 451.62192; 688.02234;
 730.43317; 688.4118;
 544.92535; 691.4032;
 199.49403; 706.65826;
 385.31784; 710.61127;
 215.5605; 713.97827;
 83.538025; 715.20148;
 130.99805; 722.53339;
 84.339645; 725.93457;
 361.7626; 727.64001;
 120.08167; 731.52917;
 334.52551; 732.52856;
 177.44386; 735.92407;
 362.5665; 741.6524;
 344.52805; 748.16571;
 608.31879; 753.83154;
 760.52368; 754.5293;
 371.79633; 757.58527;
 951.87195; 757.75214;
 207.4642; 760.46033;
 199.51854; 771.21106;
 419.18396; 776.22839;
 808.36597; 778.7843;
 909.82495; 779.49353;
 925.36542; 787.53802;
 898.72595; 788.76422;
 336.3085; 792.01941;
 916.90454; 795.07782;
 330.53198; 803.06042;
 819.65979; 811.6615;
 112.33303; 812.57458;
 890.70813; 818.10901;
 416.60513; 818.71021;
 870.74573; 820.0752;
 822.211; 823.35449;
 819.85089; 837.89374;
 281.02765; 859.85449;
 328.98846; 884.14899;
 954.71057; 893.59558;
 298.96121; 894.9386;
 321.13379; 894.93579;
 398.39478; 902.02338;
 816.89459; 906.62335;
 725.72491; 912.94342;
 717.21246; 922.07446;
 674.87195; 923.17767;
 469.46359; 929.5437;
 374.63928; 934.08521;
 422.01321; 936.29407;
 360.38968; 939.29254;
 880.26337; 940.17529;
 384.85333; 953.02228;
 755.14691; 954.77753;
 775.89246; 961.35779;
 417.50061; 962.49719;
 747.81677; 964.09106;
 822.00714; 86.577751;
 442.23572; 88.516922;
 704.18103; 87.094582;
 182.43443; 92.84935;
 887.36163; 91.795525;
 854.76007; 94.741432;
 457.84995; 96.585526;
 911.44287; 95.514793;
 743.73608; 98.880646;
 482.31274; 99.591759;
 406.70886; 101.99805;
 699.80634; 102.94707;
 854.90277; 109.7832;
 226.84422; 111.13775;
 907.59338; 111.62041;
 209.07791; 116.96158;
 732.8504; 116.29656;
 395.22784; 118.15292;
 931.7818; 119.71859;
 734.66846; 123.20831;
 860.65186; 124.93609;
 201.23424; 128.78375;
 211.4288; 132.35651;
 706.24005; 133.22644;
 746.39044; 136.57419;
 882.61145; 139.10849;
 439.25757; 143.17639;
 833.94934; 143.04477;
 419.58829; 145.84616;
 316.31564; 148.85918;
 482.93369; 149.63943;
 867.93335; 151.57668;
 700.55859; 154.6992;
 754.53412; 153.40692;
 656.65326; 155.87634;
 837.74451; 156.36598;
 861.86768; 160.60699;
 431.05563; 162.16637;
 809.66241; 161.81001;
 307.12045; 163.59387;
 393.45313; 163.97041;
 459.27042; 170.70323;
 645.62646; 172.50302;
 687.70282; 172.24147;
 187.2527; 173.21373;
 740.48822; 173.8096;
 924.51935; 173.43619;
 880.69702; 176.54678;
 792.90656; 183.0652;
 338.5488; 191.31006;
 669.02362; 192.41493;
 744.53558; 194.53973;
 322.39246; 204.69934;
 233.84999; 209.78006;
 746.43542; 209.62509;
 273.01279; 214.13887;
 551.82422; 213.94646;
 650.80408; 214.12373;
 517.79449; 218.0766;
 868.32465; 220.40849;
 538.88397; 226.18677;
 739.67377; 226.0782;
 365.73526; 227.77592;
 639.53955; 227.86;
 549.17816; 231.63107;
 263.86368; 234.23032;
 712.15906; 234.30205;
 574.16229; 237.82301;
 763.52301; 238.33118;
 854.17523; 240.15358;
 365.65768; 241.96588;
 647.92786; 244.57039;
 240.88272; 245.41856;
 638.96851; 250.25491;
 184.24106; 254.74356;
 605.93402; 256.68256;
 352.21402; 257.5166;
 373.94159; 258.64267;
 793.23895; 258.53317;
 227.54173; 264.67001;
 171.7361; 266.23407;
 634.86328; 268.05487;
 898.02179; 271.46921;
 311.15891; 278.81491;
 225.17767; 279.13693;
 356.297; 279.62677;
 834.55969; 286.86871;
 292.5972; 289.48608;
 626.61115; 292.68811;
 216.13275; 295.69034;
 362.65192; 302.40543;
 780.24658; 301.77121;
 838.09094; 301.7634;
 404.50229; 310.80164;
 641.59265; 309.79807;
 207.87178; 314.18332;
 290.02988; 314.24313;
 770.29022; 314.31467;
 647.013; 320.47092;
 706.2301; 323.20169;
 238.10867; 326.39038;
 776.48169; 326.56345;
 804.92529; 325.22632;
 848.52887; 325.80582;
 328.66605; 327.22266;
 667.12079; 330.61801;
 277.95438; 331.4964;
 738.99469; 331.19556;
 611.89355; 337.58972;
 696.20288; 337.47739;
 176.13934; 339.45178;
 418.41873; 345.05212;
 792.30408; 344.15378;
 652.17181; 348.51358;
 626.49915; 350.29779;
 887.07837; 352.04474;
 812.81311; 355.98221;
 711.41785; 360.68466;
 172.05098; 366.35962;
 770.99646; 369.81604;
 609.74634; 374.8587;
 253.52994; 376.04449;
 703.41333; 376.80777;
 162.07237; 379.42621;
 683.39325; 380.41495;
 757.21082; 384.13071;
 729.3194; 387.50101;
 859.83148; 390.70889;
 674.78265; 393.94656;
 437.4241; 395.72238;
 848.31958; 400.50507;
 758.46777; 401.71515;
 460.93616; 402.52237;
 584.90894; 403.15192;
 724.99243; 405.82227;
 374.78976; 408.80826;
 653.26068; 409.5705;
 699.22833; 411.97635;
 915.09314; 416.55386;
 469.31427; 420.13297;
 496.85355; 423.58926;
 118.53826; 429.2265;
 363.3674; 430.45438;
 620.50275; 431.23911;
 688.30731; 431.58868;
 100.97147; 449.13678;
 259.60229; 458.38882;
 492.76468; 463.71844;
 570.96228; 463.49466;
 402.4086; 466.77496;
 761.90845; 468.46033;
 247.75085; 470.54056;
 344.94101; 470.36005;
 912.06982; 470.75186;
 604.28503; 471.51929;
 839.75824; 471.88443;
 863.61591; 473.3493;
 537.28528; 475.28934;
 292.93372; 478.83069;
 383.58615; 482.02722;
 560.83362; 479.84451;
 813.39673; 481.43475;
 365.83832; 487.53043;
 249.76965; 487.19864;
 613.44525; 493.61795;
 284.43033; 494.55185;
 750.33484; 499.3454;
 615.81702; 501.94083;
 851.75287; 501.58026;
 828.82251; 507.33716;
 676.81616; 513.58789;
 354.15829; 517.96533;
 606.48773; 520.737;
 101.5276; 521.74164;
 816.42664; 525.02942;
 877.19464; 523.12323;
 628.00049; 527.15802;
 457.26624; 529.9585;
 93.931412; 537.96716;
 448.35599; 541.81097;
 598.07788; 541.95532;
 868.06281; 542.89246;
 162.31497; 546.17493;
 620.4682; 545.82971;
 677.82257; 545.63232;
 831.61902; 546.66229;
 143.58466; 551.73608;
 467.63495; 553.26392;
 515.81189; 554.73987;
 376.35156; 556.4693;
 900.565; 555.40375;
 612.07086; 564.20325;
 162.00111; 566.19452;
 184.34514; 566.63776;
 399.24521; 565.5741;
 218.54582; 568.00012;
 457.55615; 568.36365;
 787.89789; 567.74652;
 509.18967; 570.41583;
 354.60281; 571.6944;
 903.46869; 574.17456;
 100.53487; 575.39508;
 175.51289; 581.27008;
 319.65472; 581.74225;
 211.38834; 583.09021;
 395.21582; 583.26886;
 351.01572; 586.70294;
 890.42896; 585.31879;
 485.50836; 588.23444;
 511.52747; 590.17548;
 550.54553; 590.19067;
 314.53082; 598.76141;
 851.08673; 597.8667;
 195.92688; 600.02893;
 839.89545; 600.45941;
 416.27603; 604.06384;
 272.29861; 607.20496;
 228.46054; 610.93707;
 574.72076; 615.50562;
 635.8457; 617.46521;
 402.53958; 619.73761;
 363.40631; 621.00043;
 104.16006; 623.30701;
 527.63312; 624.00311;
 547.77704; 632.90454;
 891.67847; 633.62225;
 308.47937; 635.26678;
 100.03246; 639.68628;
 407.0473; 652.19629;
 863.82507; 651.14636;
 115.71136; 653.67969;
 305.83093; 653.11157;
 834.40521; 662.53308;
 548.63879; 663.63983;
 117.02504; 665.87628;
 928.32996; 674.82068;
 871.48517; 675.39636;
 484.94992; 678.50916;
 538.55884; 678.75409;
 772.35785; 681.04907;
 790.01093; 682.87866;
 600.13293; 684.96472;
 451.53186; 685.59717;
 730.49335; 685.95459;
 109.88155; 687.70148;
 254.13602; 695.35272;
 441.38541; 701.54712;
 721.9223; 702.18237;
 536.91284; 705.95093;
 385.4635; 708.31183;
 815.80994; 707.98053;
 216.23827; 713.05859;
 331.28897; 716.53931;
 99.775955; 720.39581;
 131.88548; 720.33459;
 362.65662; 726.78925;
 203.98959; 727.00714;
 724.30652; 728.43225;
 120.38364; 733.49481;
 176.95615; 734.74109;
 335.58511; 733.96411;
 291.4881; 736.12665;
 518.39465; 741.22583;
 361.32727; 741.56122;
 343.26474; 746.3894;
 487.60309; 746.63519;
 418.77905; 747.28931;
 207.29704; 756.90265;
 370.17194; 755.12555;
 607.09082; 755.4693;
 509.91461; 759.35504;
 334.39987; 764.46295;
 197.3988; 771.86554;
 419.01855; 773.5575;
 908.19409; 776.90906;
 580.78021; 777.21448;
 807.76758; 780.02478;
 895.72229; 788.07727;
 337.03339; 789.90076;
 412.91; 790.0401;
 774.68817; 793.08771;
 914.27246; 796.28369;
 327.9726; 803.89178;
 639.03467; 804.43524;
 818.25818; 808.43646;
 386.25095; 810.36737;
 112.1597; 815.14935;
 416.64365; 818.26172;
 869.50623; 818.56323;
 892.48926; 820.04498;
 626.59302; 822.7876;
 820.8847; 826.28235;
 506.27014; 832.75116;
 935.46118; 831.22479;
 650.84991; 834.03857;
 280.21106; 856.70776;
 355.52225; 855.96033;
 635.10333; 857.47784;
 801.84363; 859.0365;
 772.68542; 861.65594;
 357.98856; 871.36078;
 271.95389; 873.42444;
 822.15808; 875.55798;
 329.89194; 880.70001;
 808.00134; 890.75299;
 296.9657; 893.18243;
 320.92932; 896.55566;
 397.99591; 902.41608;
 816.87482; 905.83038;
 726.99011; 910.37177;
 368.87848; 914.35223;
 696.59167; 916.31781;
 674.88226; 919.81372;
 800.96783; 918.97321;
 407.24872; 923.14703;
 870.01129; 924.44019;
 718.69257; 927.67706;
 374.53491; 931.4549;
 610.93341; 932.64221;
 800.88275; 934.45197;
 649.62762; 142.31651;
 334.54266; 210.20975;
 769.74811; 292.48178;
 543.42029; 407.61319;
 521.38165; 728.31915;
 408.38605; 790.45209;
 437.84277; 115.82003;
 572.03882; 117.14913;
 732.07788; 118.33966;
 473.55115; 120.3412;
 396.23181; 121.11093;
 815.24011; 124.293;
 208.89812; 133.85367;
 707.98462; 135.38538;
 883.42224; 136.23013;
 421.0603; 142.81114;
 834.79852; 145.17754;
 181.43929; 147.43735;
 316.58688; 147.10106;
 483.15469; 147.47041;
 755.82745; 149.79128;
 277.85779; 152.46965;
 655.57764; 152.46136;
 837.85333; 151.68422;
 163.67757; 154.12901;
 692.88989; 153.959;
 864.61835; 156.90456;
 391.10828; 160.94307;
 808.75732; 159.7388;
 306.66238; 164.32298;
 431.77997; 165.14786;
 460.44806; 169.56923;
 686.64081; 169.35094;
 643.73102; 172.81418;
 742.38208; 173.60648;
 882.99036; 174.18529;
 268.41693; 179.2435;
 794.78601; 183.62836;
 338.61737; 188.19627;
 665.78125; 195.6136;
 867.16138; 197.1813;
 375.05893; 202.86101;
 195.19426; 203.74368;
 745.76886; 203.11028;
 322.62189; 207.91516;
 553.63916; 210.59151;
 232.8941; 213.73273;
 273.84619; 213.75249;
 515.86353; 216.36882;
 651.38831; 215.24911;
 869.5874; 221.23982;
 539.88391; 228.12448;
 738.80731; 227.31796;
 365.14221; 232.9122;
 640.08185; 231.39673;
 715.65741; 233.82024;
 264.73004; 236.68472;
 765.86841; 240.35089;
 904.49994; 239.50606;
 853.56732; 241.25084;
 644.24585; 244.25027;
 241.15349; 246.90924;
 185.27675; 252.83836;
 371.82584; 251.56999;
 607.09406; 257.95337;
 792.55951; 259.40198;
 351.61569; 262.12497;
 170.20598; 266.29422;
 635.65814; 270.31924;
 897.38116; 272.74448;
 227.20413; 273.7713;
 310.41602; 274.026;
 358.81885; 278.25497;
 737.02234; 283.01093;
 834.32977; 284.70877;
 291.78323; 289.91647;
 697.31793; 290.54605;
 626.59668; 292.14737;
 661.96338; 294.47568;
 214.4402; 295.8071;
 780.4823; 301.09973;
 834.9903; 301.77802;
 359.01553; 303.81195;
 291.15201; 312.57242;
 404.81689; 311.68478;
 209.01019; 316.06622;
 645.20117; 315.89651;
 706.89716; 320.2316;
 239.32077; 324.62329;
 776.36316; 323.15109;
 804.44928; 325.3931;
 847.73932; 325.16348;
 737.98633; 328.30911;
 329.93909; 329.30502;
 667.62622; 329.81378;
 276.67706; 334.00317;
 611.24109; 334.80579;
 694.92792; 337.5813;
 872.52649; 338.2327;
 175.34869; 339.27054;
 336.30618; 343.9151;
 419.42514; 343.71265;
 230.14658; 346.26331;
 792.02899; 346.20978;
 627.08606; 348.94226;
 653.57483; 349.88123;
 888.35803; 352.89288;
 276.87772; 356.05057;
 712.50555; 358.00507;
 815.42859; 357.76224;
 409.61935; 362.63739;
 173.43881; 366.20651;
 420.83102; 369.34171;
 772.15424; 369.90976;
 254.66904; 376.60373;
 606.88135; 377.51471;
 682.00421; 378.15112;
 703.43121; 377.35767;
 162.26555; 382.94186;
 631.50787; 380.94873;
 755.32648; 381.93094;
 728.46887; 386.39108;
 141.10411; 390.70367;
 860.22882; 391.80017;
 436.29538; 395.42816;
 247.26117; 403.79129;
 586.94476; 403.26331;
 761.81586; 404.45099;
 652.9751; 406.90591;
 374.8378; 408.88086;
 723.63556; 407.25372;
 135.2289; 414.86649;
 699.90082; 413.41986;
 471.78842; 422.48267;
 119.94336; 427.35092;
 364.1322; 430.14032;
 537.81555; 429.04388;
 746.18762; 430.7984;
 619.34082; 432.5126;
 688.54523; 431.02621;
 753.53436; 432.23291;
 438.77817; 433.15479;
 602.3045; 454.43137;
 260.33432; 458.5538;
 570.49432; 460.38141;
 493.96655; 462.78799;
 403.74811; 465.59534;
 603.05884; 467.65045;
 763.69965; 466.92584;
 343.68594; 470.46579;
 864.48004; 471.84238;
 535.81488; 473.15466;
 743.58868; 476.01517;
 292.65097; 476.92368;
 841.54633; 477.80637;
 560.84509; 480.1528;
 813.85529; 480.12485;
 248.86945; 482.01959;
 687.53351; 493.57458;
 284.13507; 496.3653;
 892.9928; 496.81247;
 164.89827; 497.67276;
 701.90967; 499.66699;
 749.25592; 497.13431;
 851.63324; 497.121;
 806.35962; 500.70859;
 541.28107; 510.3537;
 675.84125; 514.80713;
 759.64594; 518.68304;
 354.52777; 520.29034;
 606.04797; 520.68341;
 813.39648; 523.35999;
 879.63672; 524.21106;
 632.23682; 528.43658;
 598.46313; 541.92322;
 163.39656; 544.47003;
 620.23224; 546.96851;
 676.46246; 545.74438;
 866.83179; 546.27173;
 830.84747; 547.13879;
 516.43921; 552.8526;
 899.24707; 553.97247;
 375.45218; 556.44495;
 494.94388; 559.95673;
 326.34061; 561.42975;
 784.69556; 562.74066;
 185.45674; 563.37372;
 220.40466; 564.94135;
 398.62888; 563.23193;
 611.09991; 563.17255;
 353.98471; 568.96985;
 162.32704; 569.22577;
 457.96234; 569.41016;
 508.54535; 571.47614;
 904.62244; 574.96851;
 323.65973; 577.82355;
 174.23364; 582.85522;
 212.22534; 584.12622;
 396.11218; 586.9906;
 351.5574; 587.62036;
 510.75867; 588.62402;
 888.76929; 587.39355;
 486.14737; 592.26697;
 848.72382; 596.69598;
 196.00443; 600.1059;
 417.43842; 603.01056;
 272.2193; 608.75537;
 228.49232; 609.77667;
 572.7735; 611.61774;
 634.43335; 616.69464;
 401.20798; 619.40027;
 362.80063; 621.84882;
 527.25305; 625.45886;
 888.59015; 628.07544;
 549.63312; 632.71698;
 308.86145; 633.66754;
 864.35651; 647.97955;
 407.0564; 651.33087;
 303.63715; 653.96899;
 361.33032; 653.65582;
 117.19979; 658.47186;
 437.49988; 664.89771;
 550.29529; 663.79633;
 483.68674; 676.59265;
 873.81207; 675.36328;
 535.7663; 677.66498;
 331.41455; 682.59308;
 731.32263; 682.81793;
 766.54559; 682.93042;
 451.09387; 683.37518;
 598.6579; 683.86548;
 790.16577; 684.27228;
 693.1109; 687.55176;
 440.46219; 704.55945;
 721.90582; 704.33667;
 535.46014; 705.4718;
 816.16669; 710.91608;
 335.09222; 713.55804;
 133.3772; 716.49292;
 415.07602; 723.61066;
 363.19604; 725.70673;
 723.01794; 726.94531;
 203.16882; 728.45868;
 597.44299; 731.00787;
 176.06276; 734.77954;
 121.24622; 735.04785;
 292.02008; 737.1618;
 575.77118; 738.89368;
 902.53082; 737.88037;
 340.38806; 740.6087;
 520.4425; 740.02411;
 486.57251; 743.75317;
 421.36551; 751.47308;
 208.79948; 753.81122;
 565.15863; 754.521;
 605.99927; 757.36713;
 509.60312; 760.2699;
 728.00244; 759.81097;
 334.16141; 766.55133;
 419.26727; 770.5567;
 196.92731; 772.6076;
 459.66473; 773.51434;
 581.27081; 779.90875;
 804.36639; 783.88104;
 339.1799; 788.52753;
 892.39911; 787.71338;
 775.0495; 793.43231;
 640.46106; 800.77386;
 818.37164; 804.99188;
 326.39096; 805.41309;
 385.60275; 808.69006;
 252.80481; 810.88947;
 416.80115; 818.76038;
 626.74146; 822.31433;
 893.82202; 821.06744;
 504.8721; 828.52484;
 820.8717; 829.68396;
 650.85645; 836.21686;
 279.61707; 853.9267;
 634.67389; 857.7558;
 356.49487; 865.9754;
 801.97089; 860.07715;
 774.07855; 864.99554;
 822.68372; 873.89667;
 271.34094; 875.07391;
 875.95801; 875.18988;
 329.85236; 877.23682;
 807.38507; 888.16931;
 294.4671; 890.87921;
 321.80692; 898.28247;
 672.80225; 899.97137;
 398.07669; 903.73431;
 728.09314; 906.45593;
 818.02087; 905.80115;
 337.66119; 185.13957;
 800.14874; 187.39717;
 374.10562; 197.07219;
 668.00183; 195.08705;
 749.24121; 198.63272;
 194.40465; 201.74277;
 553.12024; 203.88422;
 278.58789; 209.20567;
 323.46506; 211.67355;
 236.52878; 214.19702;
 652.83295; 214.71869;
 733.07538; 228.52945;
 824.41321; 228.05727;
 539.73431; 233.258;
 367.3432; 235.55688;
 581.16193; 236.86911;
 635.854; 237.78751;
 771.77246; 237.07277;
 268.51489; 239.23335;
 240.08621; 245.97426;
 669.55463; 251.56226;
 603.60742; 270.71225;
 794.79919; 263.45401;
 310.23465; 269.53198;
 225.5578; 270.33466;
 352.89648; 272.45728;
 833.73419; 277.9173;
 626.89459; 291.13626;
 661.5766; 291.42383;
 773.22046; 290.63376;
 359.18176; 304.25153;
 703.97614; 309.24585;
 205.43491; 316.26685;
 291.79373; 314.11081;
 645.24268; 315.09247;
 669.24615; 313.8587;
 240.26901; 322.35031;
 738.32599; 325.32758;
 772.21912; 323.50113;
 805.12152; 323.89468;
 844.74164; 327.75037;
 336.0491; 334.03091;
 690.71161; 337.31705;
 274.35635; 339.79272;
 422.48312; 339.03821;
 626.49805; 347.02365;
 791.73102; 348.70786;
 174.23167; 351.32736;
 224.73933; 352.24506;
 656.92072; 350.56564;
 718.20306; 355.64203;
 415.25128; 368.28815;
 256.1279; 375.68121;
 625.75104; 378.46426;
 733.48303; 381.69589;
 462.25192; 397.21124;
 377.54874; 401.27316;
 544.86798; 401.18179;
 240.1221; 404.18616;
 590.30945; 404.05334;
 766.06787; 406.43875;
 504.96164; 408.69064;
 652.54443; 406.1987;
 715.11896; 411.59335;
 617.85699; 429.82065;
 439.10583; 432.06815;
 534.11023; 435.94446;
 682.11334; 434.62823;
 260.27191; 456.20108;
 603.68231; 460.50925;
 759.2113; 459.18121;
 499.88239; 463.16461;
 708.88806; 462.55069;
 334.97678; 466.34271;
 411.92059; 466.14545;
 656.5993; 470.84451;
 812.16632; 476.50427;
 249.07225; 483.03973;
 368.73203; 489.75272;
 740.57532; 488.29141;
 616.89691; 495.90668;
 694.76233; 495.63068;
 803.57642; 515.35852;
 601.32343; 519.80127;
 762.9585; 520.81665;
 351.4733; 525.25922;
 637.28394; 524.34448;
 674.37524; 521.68018;
 673.96576; 541.56122;
 515.56158; 548.79407;
 826.72186; 547.31769;
 224.98633; 557.88983;
 605.3811; 558.32166;
 780.75928; 555.09674;
 187.31966; 561.1886;
 358.57651; 559.02325;
 404.09427; 560.31458;
 322.79199; 569.5813;
 460.6517; 573.39215;
 289.24091; 585.17963;
 392.53732; 592.06818;
 842.44995; 592.78534;
 660.36084; 597.724;
 485.47177; 598.84363;
 576.10559; 605.77155;
 222.74577; 607.8385;
 268.58405; 610.79962;
 394.95197; 614.58618;
 629.93945; 616.60583;
 310.24545; 630.69629;
 555.55927; 635.72302;
 366.85681; 645.29468;
 293.16885; 654.8313;
 553.82532; 660.1604;
 473.34375; 672.03778;
 447.05389; 674.57587;
 594.4295; 676.53363;
 730.73706; 674.91632;
 688.37866; 680.52002;
 787.35754; 686.90729;
 523.36847; 694.46472;
 335.09451; 705.98761;
 812.06506; 712.40991;
 425.26416; 717.61603;
 721.24078; 716.09863;
 596.21887; 719.53638;
 202.49277; 725.84351;
 520.01276; 733.11902;
 344.28894; 738.89069;
 567.61603; 747.24261;
 602.33777; 755.74786;
 732.17749; 756.87732;
 330.42853; 765.15588;
 421.55792; 762.3772;
 508.71808; 767.6889;
 837.70526; 767.61261;
 464.50342; 773.10516;
 579.0069; 783.32605;
 349.42322; 793.13513;
 404.8595; 792.8833;
 640.9082; 791.9007;
 772.07684; 791.36206;
 813.76624; 797.48199;
 381.68216; 810.99957;
 418.64496; 816.8689;
 626.59076; 818.96454;
 505.89908; 823.5412;
 822.52136; 832.11945;
 655.0589; 839.31;
 276.85742; 844.37097;
 604.61786; 843.72205;
 728.23236; 231.19389;
 776.42236; 233.09883;
 371.63644; 237.94633;
 628.88586; 234.23529;
 537.32947; 238.60966;
 272.39163; 242.57571;
 310.94363; 269.51306;
 351.78418; 271.36584;
 775.40106; 288.30548;
 691.11835; 300.51208;
 359.11823; 307.85376;
 292.16974; 315.83047;
 240.48947; 319.76624;
 750.81665; 325.65585;
 338.03485; 336.68198;
 383.10654; 336.91449;
 427.95709; 339.63715;
 276.64761; 343.89114;
 624.04852; 348.10165;
 664.04285; 351.78094;
 726.91107; 368.3295;
 257.76797; 376.27054;
 464.48282; 391.51157;
 376.32361; 394.13492;
 542.68542; 396.86331;
 500.19772; 403.20956;
 769.31219; 405.6106;
 237.41516; 407.33569;
 657.74237; 411.65555;
 713.43018; 413.37888;
 434.51892; 429.73206;
 533.27051; 439.28159;
 749.60394; 448.36432;
 416.59454; 455.62109;
 325.44699; 461.63815;
 607.26978; 458.51202;
 710.25781; 460.63559;
 654.38666; 471.35931;
 732.69879; 488.78333;
 373.45068; 491.41324;
 697.8313; 493.98047;
 621.67157; 502.98615;
 762.93256; 520.70062;
 589.57361; 526.7887;
 676.4259; 529.10022;
 349.3595; 532.40753;
 514.48145; 551.40295;
 412.44955; 558.63959;
 603.65094; 559.45056;
 317.45135; 566.84955;
 479.81781; 592.23059;
 383.48962; 600.24713;
 581.71637; 602.63226;
 267.07275; 615.74103;
 627.38916; 620.22443;
 409.41315; 632.14594;
 362.66541; 640.87378;
 556.42413; 649.08356;
 667.45599; 648.74194;
 455.04242; 668.95087;
 728.56201; 667.28668;
 597.34973; 671.04681;
 686.22241; 678.71136;
 521.38062; 689.01947;
 785.62781; 690.37183;
 334.46875; 698.80505;
 721.78522; 711.48785;
 429.89124; 715.78241;
 515.21979; 731.94421;
 353.31873; 736.75366;
 568.89935; 745.11823;
 737.70819; 758.40912;
 423.09424; 762.17664;
 326.96277; 767.62256;
 471.4097; 777.25812;
 501.99463; 774.38837;
 763.84186; 781.88812;
 576.60413; 789.16614;
 579.81342; 231.1685;
 668.51617; 354.25702;
 467.13458; 378.24789;
 366.20526; 392.4256;
 651.49109; 413.83105;
 429.18149; 438.23682;
 657.24609; 471.78549;
 376.04245; 495.23203;
 620.8645; 505.46317;
 359.3692; 538.77155;
 416.56744; 553.97913;
 580.74982; 595.42004;
 376.67514; 598.46906;
 479.61533; 599.89435;
 400.06454; 613.74554;
 624.87164; 626.73505;
 348.9953; 643.07733;
 551.74225; 645.01312;
 454.7793; 663.6662 
