 1021.0143; 6.3233614;
 995.06201; 23.40773;
 685.06421; 50.612228;
 884.26807; 69.753235;
 1021.1225; 89.715111;
 5.3073812; 99.321671;
 1021.0989; 102.93434;
 1017.2843; 110.29278;
 858.51807; 126.61984;
 1021.1379; 136.63393;
 1017.8177; 150.64194;
 1005.3925; 157.20766;
 430.34842; 157.78935;
 45.292824; 158.9693;
 1017.0839; 166.58817;
 175.21661; 266.18747;
 5.5834131; 291.28275;
 236.48763; 331.0582;
 623.82385; 353.69516;
 636.49738; 366.78729;
 863.47351; 394.77765;
 684.44592; 406.34882;
 558.4035; 408.28171;
 551.63373; 415.75299;
 1018.0374; 487.19565;
 449.32462; 542.12616;
 456.14621; 552.05475;
 215.51468; 573.24475;
 209.73923; 578.47754;
 1017.3917; 588.42072;
 348.85303; 596.49255;
 544.35852; 658.61292;
 544.19873; 691.15094;
 198.55844; 706.19794;
 194.85783; 714.68237;
 215.57076; 714.93829;
 190.19099; 720.48724;
 1021.1533; 739.71124;
 5.0493703; 753.48267;
 1017.6758; 757.98969;
 908.25616; 781.76416;
 918.99957; 786.39386;
 902.83112; 788.31512;
 47.489155; 795.38666;
 913.70929; 795.57172;
 200.31891; 936.93976;
 749.97089; 962.08722;
 427.14798; 971.27747;
 683.26129; 979.0202;
 656.31451; 1012.8336;
 1020.0544; 6.1574144;
 856.30542; 7.7254181;
 995.42194; 8.6707859;
 722.87061; 10.908735;
 912.67871; 17.497181;
 1008.5809; 18.782969;
 1015.0482; 18.741899;
 6.7682896; 21.380585;
 994.81091; 22.637478;
 311.82376; 28.053978;
 14.937561; 30.644169;
 960.24353; 30.443996;
 990.69159; 31.113712;
 381.30307; 36.499645;
 968.8432; 41.051762;
 995.25629; 40.455082;
 712.04883; 42.958912;
 207.54424; 48.459545;
 845.93677; 49.019279;
 685.22858; 50.186478;
 654.91913; 50.990925;
 921.22693; 51.408024;
 6.7739453; 55.210106;
 871.29034; 59.052841;
 688.51233; 60.114189;
 731.24701; 62.863934;
 967.94385; 65.282959;
 1016.0912; 66.856331;
 863.22821; 68.353409;
 883.36951; 67.943207;
 683.20135; 68.874557;
 835.08112; 69.506157;
 648.40735; 72.490288;
 874.62012; 74.349037;
 963.854; 73.582436;
 1009.9291; 74.795441;
 444.99384; 75.836899;
 724.59082; 79.28347;
 233.563; 80.902344;
 895.63647; 80.991676;
 975.23999; 81.53302;
 442.5845; 84.738327;
 885.70245; 86.246407;
 1010.7056; 85.51841;
 36.210438; 87.583313;
 816.58734; 87.794113;
 1020.1086; 89.491859;
 384.73175; 92.027229;
 1016.2664; 96.18792;
 6.6974316; 98.292465;
 465.30817; 99.601524;
 1020.1892; 102.91755;
 1016.1995; 109.8066;
 475.07837; 113.98389;
 204.89531; 118.03987;
 195.47069; 121.57421;
 858.67059; 125.96588;
 704.32672; 128.6902;
 1000.3944; 132.70891;
 853.31409; 133.95296;
 740.94421; 137.2153;
 1020.157; 136.62943;
 711.49988; 142.22737;
 943.63574; 143.2617;
 1015.9474; 143.60219;
 735.48248; 146.75066;
 995.44873; 149.42427;
 418.84512; 150.39908;
 314.59412; 150.6852;
 824.52258; 155.64223;
 753.74097; 156.45;
 1005.2471; 157.46587;
 45.753407; 158.29466;
 430.14423; 158.18306;
 654.55206; 160.28816;
 1020.207; 159.48149;
 307.56854; 164.16743;
 38.764336; 165.30846;
 813.68475; 165.52419;
 966.62036; 165.42613;
 1016.1161; 166.25938;
 399.59924; 166.59344;
 845.3985; 169.55119;
 444.9325; 176.93639;
 877.99109; 178.32443;
 995.00269; 177.48711;
 993.13531; 188.38168;
 6.4055233; 189.79106;
 333.5867; 194.4409;
 714.40338; 195.59134;
 1000.5488; 198.34848;
 975.66943; 198.52092;
 949.3681; 202.40146;
 707.65796; 202.47148;
 967.52094; 206.83585;
 993.26147; 209.50887;
 652.8761; 213.71605;
 746.23187; 213.46471;
 1015.8935; 214.49086;
 550.26257; 218.2691;
 519.71521; 221.64055;
 73.696129; 243.38087;
 669.3479; 243.11308;
 1017.3281; 247.05132;
 607.51251; 254.5598;
 641.23505; 253.8653;
 653.6543; 255.89395;
 797.43048; 257.82974;
 175.12848; 266.64691;
 6.6337461; 275.36859;
 1001.831; 277.00488;
 309.09583; 283.19208;
 759.44006; 283.89703;
 42.989323; 286.43826;
 415.37592; 289.81577;
 619.5351; 290.01517;
 847.17346; 290.13864;
 6.9744163; 291.19589;
 16.134682; 291.88028;
 614.66205; 297.84256;
 49.056347; 299.26865;
 842.46075; 298.43536;
 13.119135; 299.92285;
 1016.7126; 300.4285;
 209.63864; 300.81851;
 772.54657; 301.1228;
 789.06738; 304.00787;
 640.4231; 306.13623;
 767.97827; 308.15881;
 43.530144; 315.29404;
 287.01535; 318.86166;
 622.07465; 326.21375;
 703.8985; 328.94003;
 849.85229; 329.28348;
 94.241028; 329.62888;
 236.23111; 330.47324;
 669.72107; 331.81525;
 616.27698; 332.75644;
 694.05682; 332.51648;
 790.42627; 340.67145;
 616.117; 343.09302;
 69.860863; 349.95255;
 623.94342; 353.37265;
 811.87128; 354.51581;
 80.574646; 355.55133;
 600.90143; 359.43967;
 624.26605; 362.95346;
 166.65338; 365.72284;
 709.90094; 365.75519;
 636.80542; 366.51208;
 608.68732; 368.58487;
 173.07352; 370.8631;
 598.41388; 370.87094;
 251.37523; 374.83316;
 1001.6769; 376.13852;
 703.49207; 379.23361;
 439.2132; 379.87735;
 6.5607591; 381.8262;
 684.914; 383.25989;
 709.53076; 388.17462;
 759.12469; 388.32123;
 860.41132; 389.91983;
 871.00256; 389.06223;
 447.50351; 391.13818;
 1009.8461; 392.12173;
 730.24469; 394.40414;
 862.76117; 394.23349;
 679.32703; 395.32379;
 753.55798; 395.73074;
 6.5590696; 398.96436;
 443.31656; 399.00845;
 1016.1218; 399.04425;
 580.28534; 401.03879;
 849.87909; 400.70193;
 727.26068; 402.65277;
 958.2663; 404.87054;
 684.5437; 405.36246;
 456.62418; 406.38013;
 2.9784253; 407.46347;
 558.03125; 408.21573;
 470.44952; 409.53809;
 693.63953; 410.75232;
 731.28143; 412.11322;
 552.06689; 415.50223;
 463.94302; 417.32938;
 638.56281; 420.95291;
 498.60443; 425.9194;
 364.67661; 427.49762;
 317.43707; 433.93677;
 300.5209; 438.44507;
 89.53421; 441.59048;
 982.49597; 444.18054;
 50.41629; 444.76346;
 102.02055; 449.2352;
 256.43167; 458.02811;
 248.46745; 464.82144;
 490.49881; 464.84344;
 569.56232; 468.35803;
 835.87207; 468.55673;
 1015.9333; 477.46191;
 292.51505; 480.5256;
 1004.9344; 479.98694;
 1016.7379; 485.71701;
 679.54871; 513.86841;
 597.86597; 516.49536;
 974.52374; 520.89539;
 823.54065; 523.08917;
 152.82216; 524.64551;
 100.71281; 526.22302;
 624.17773; 526.15216;
 834.02271; 526.53088;
 967.77155; 527.64362;
 583.87115; 533.20306;
 378.65192; 540.58832;
 593.55432; 541.29681;
 448.5123; 542.21368;
 6.5041189; 542.99634;
 148.4651; 551.50122;
 456.37; 552.26788;
 389.59018; 552.65411;
 466.80939; 552.92065;
 905.70404; 558.18475;
 515.85345; 558.7702;
 163.39259; 562.54114;
 824.36285; 562.9068;
 455.9946; 565.50421;
 813.28259; 565.90393;
 1016.5522; 565.85699;
 610.1557; 567.06439;
 180.92836; 569.25122;
 215.39908; 572.33704;
 509.11441; 572.64459;
 793.33392; 572.94824;
 894.46906; 572.84595;
 493.52356; 574.06836;
 209.0587; 578.99384;
 397.55292; 580.46582;
 679.24426; 583.25543;
 91.199432; 587.43634;
 1016.5228; 588.54095;
 353.67172; 589.37073;
 1003.7483; 589.34686;
 676.52545; 590.56201;
 44.684303; 596.60236;
 348.59189; 597.12628;
 512.04883; 596.47192;
 194.60898; 601.35004;
 412.88925; 603.96796;
 549.58728; 606.69;
 975.74036; 609.73071;
 226.38724; 613.59515;
 950.70868; 613.52502;
 964.63013; 615.91248;
 60.09565; 621.20148;
 944.33179; 622.52313;
 531.53357; 622.56946;
 304.48083; 631.11127;
 409.55417; 634.11945;
 546.52643; 636.74817;
 895.12042; 637.58344;
 309.57663; 640.06818;
 108.42281; 640.57983;
 1016.7365; 652.79382;
 544.35345; 659.9527;
 859.95203; 659.69934;
 1016.8503; 661.26807;
 820.39478; 662.89642;
 159.50902; 666.9389;
 319.05597; 667.31354;
 534.52814; 669.26831;
 112.25219; 669.90179;
 1020.1102; 674.73627;
 869.21191; 676.95331;
 947.88464; 676.43872;
 131.97116; 681.10211;
 958.52832; 682.28442;
 616.37439; 684.85553;
 544.37775; 691.27795;
 610.50879; 692.09698;
 202.87033; 699.53192;
 974.98364; 702.25732;
 197.95279; 706.43469;
 600.38495; 708.48291;
 381.44458; 711.76221;
 194.86314; 714.27155;
 215.23766; 714.41827;
 81.543442; 715.72626;
 378.21866; 720.04828;
 189.47792; 721.21454;
 128.25201; 723.48248;
 87.055237; 724.87555;
 117.3394; 729.69635;
 361.4024; 730.67023;
 1000.1513; 731.35687;
 1016.35; 730.77777;
 288.56113; 733.55023;
 178.283; 736.2251;
 208.7623; 735.52472;
 1020.1919; 739.59729;
 361.15924; 741.59473;
 1016.4049; 747.15039;
 342.08057; 749.62524;
 6.0539422; 753.07739;
 611.98486; 753.3974;
 1016.7844; 757.91467;
 369.71701; 758.83459;
 948.17853; 758.48615;
 2.8346114; 759.58661;
 13.572477; 760.09943;
 26.016346; 760.14233;
 204.61426; 761.0813;
 195.52959; 772.0578;
 16.991194; 774.46051;
 29.530231; 774.77509;
 416.25922; 776.57147;
 405.49255; 778.21503;
 810.47546; 778.11926;
 908.62189; 781.11938;
 17.129475; 782.88885;
 919.78369; 787.35327;
 902.5119; 788.55487;
 333.53177; 793.31549;
 47.784275; 794.95636;
 913.66992; 794.74451;
 433.93301; 795.87238;
 329.44006; 802.60065;
 18.160206; 804.16174;
 422.5997; 806.33362;
 1015.5701; 805.35986;
 111.05204; 810.62305;
 635.53961; 810.05634;
 816.74438; 811.90662;
 1010.2422; 815.1084;
 1014.5204; 820.27374;
 873.91632; 820.54242;
 1015.0592; 834.41486;
 818.0379; 838.6087;
 858.4729; 840.06146;
 1007.4088; 846.09015;
 265.91577; 857.03784;
 278.00772; 860.09198;
 1016.1857; 875.7171;
 677.88794; 877.28009;
 326.10849; 884.14484;
 674.10797; 884.8551;
 920.48926; 888.52777;
 298.30429; 895.98566;
 400.96097; 901.36816;
 815.12701; 906.41895;
 702.36652; 920.1344;
 61.455894; 920.90674;
 714.55237; 921.13013;
 671.38568; 923.47809;
 408.8848; 924.45349;
 257.27496; 929.45996;
 202.72237; 930.17041;
 471.8623; 930.3349;
 371.78183; 934.08905;
 418.71814; 935.05188;
 199.75067; 937.16205;
 361.63135; 937.30902;
 881.44946; 938.24768;
 224.02365; 939.28851;
 883.61499; 939.82098;
 369.05823; 943.84448;
 381.57748; 953.14716;
 757.22552; 956.42316;
 749.16479; 962.54407;
 704.73712; 963.15161;
 420.97598; 963.48083;
 590.59845; 965.94385;
 1006.0546; 966.88574;
 427.5419; 971.65765;
 1002.9315; 974.43414;
 1016.2731; 974.49426;
 565.33917; 975.992;
 577.5517; 976.01819;
 682.7406; 978.39392;
 152.94078; 979.86859;
 439.95541; 985.06451;
 893.56134; 985.55029;
 455.81134; 986.73907;
 650.45087; 992.75195;
 789.45764; 993.07477;
 887.70331; 994.48163;
 1016.3337; 998.14874;
 782.18951; 1000.3436;
 686.5556; 1001.9819;
 201.20195; 1003.6207;
 840.27673; 1006.1181;
 1016.1087; 1006.5823;
 161.04405; 1012.2106;
 199.35715; 1012.394;
 357.79333; 1012.2362;
 656.21606; 1012.3318;
 911.46912; 1013.303;
 737.03601; 1014.4852;
 1016.316; 1015.6113;
 346.49319; 1019.9503;
 412.43793; 1019.779;
 1019.1398; 5.9432936;
 856.28387; 8.9942331;
 995.62225; 8.5421782;
 10.254395; 19.824364;
 15.664952; 31.382992;
 447.42551; 32.396866;
 685.10919; 49.940296;
 871.35468; 58.937984;
 862.82684; 68.431023;
 233.84506; 82.293839;
 442.31537; 85.452309;
 10.473192; 95.82341;
 380.8609; 100.31188;
 1014.9277; 109.5956;
 1014.7203; 144.55223;
 735.08514; 147.28119;
 1005.3181; 157.76814;
 37.494007; 165.25851;
 1014.7055; 166.00613;
 1002.6693; 168.69324;
 994.9754; 177.54207;
 7.6899319; 188.92302;
 715.33649; 193.73132;
 645.97791; 201.96309;
 707.57294; 203.20357;
 653.72021; 256.74884;
 174.6534; 267.17761;
 613.78308; 297.35043;
 666.67474; 342.74576;
 600.47595; 359.9202;
 624.53857; 363.88843;
 637.29736; 366.35526;
 597.80054; 370.69098;
 439.27036; 378.95773;
 965.2674; 393.82495;
 10.102296; 397.79703;
 558.07397; 407.97025;
 551.88617; 415.5054;
 638.48682; 420.97089;
 323.54929; 423.29675;
 317.47488; 433.52274;
 122.41907; 442.3204;
 152.67317; 524.66107;
 834.21075; 526.31543;
 583.33447; 532.95654;
 446.92596; 542.06403;
 586.50165; 550.37939;
 824.4024; 563.82477;
 813.31696; 566.51935;
 180.96921; 568.67407;
 90.734337; 586.94348;
 677.04517; 591.14911;
 44.522034; 596.56665;
 348.06335; 598.24823;
 550.61792; 606.62781;
 410.20737; 634.25061;
 819.51074; 662.78912;
 159.78923; 667.8028;
 534.44464; 669.23425;
 131.90057; 680.6579;
 617.01727; 684.35596;
 544.4433; 691.28131;
 203.70009; 698.07721;
 599.76447; 708.2854;
 215.23129; 713.96515;
 378.45456; 720.68793;
 189.24475; 721.70447;
 1012.8413; 728.68634;
 1000.6125; 731.14758;
 26.69252; 758.7608;
 13.750903; 760.48364;
 30.324028; 773.99591;
 743.12805; 778.24884;
 901.61542; 788.88885;
 15.53366; 793.01044;
 268.71292; 792.68781;
 913.97815; 794.8139;
 434.30429; 795.7442;
 422.74265; 806.33551;
 1013.8866; 834.7038;
 858.62054; 839.43378;
 265.91449; 857.11884;
 678.07532; 876.54077;
 673.69672; 885.23431;
 202.82632; 927.77155;
 256.92459; 929.74707;
 471.60492; 929.38678;
 199.63322; 937.24774;
 186.49448; 946.85229;
 591.50909; 965.76373;
 577.86536; 975.91522;
 894.06866; 985.13934;
 213.45029; 992.27386;
 887.67676; 995.2785;
 200.17857; 1003.1274;
 199.76941; 1012.9287;
 346.68512; 1019.1543;
 823.36505; 4.7896581;
 978.14081; 4.7713661;
 887.33234; 5.8770361;
 656.43994; 9.8474293;
 722.17383; 11.001521;
 212.52396; 13.157251;
 380.58975; 12.745903;
 443.41296; 14.724199;
 313.39114; 18.307224;
 979.05396; 17.692699;
 1011.8665; 18.094816;
 766.61896; 20.437885;
 902.43689; 20.958418;
 681.28284; 21.568707;
 787.60901; 22.608555;
 996.08435; 22.420816;
 708.95325; 23.550558;
 312.34924; 24.603266;
 390.67395; 27.38817;
 960.00165; 28.491594;
 671.05457; 30.249855;
 779.58856; 30.873325;
 209.11469; 31.88809;
 906.27252; 31.599442;
 928.40332; 37.454685;
 992.08698; 38.378033;
 381.77231; 39.884163;
 295.51248; 40.891041;
 846.58716; 41.465736;
 968.89362; 41.098663;
 891.41327; 41.954182;
 711.22827; 44.477226;
 768.21576; 45.641788;
 205.35643; 47.042282;
 737.35034; 47.33326;
 846.73883; 46.657734;
 671.14587; 47.777676;
 917.19104; 47.450832;
 655.1059; 52.295742;
 10.399299; 53.381226;
 431.11853; 54.098919;
 689.93781; 59.44437;
 898.50244; 60.560879;
 966.57007; 62.036469;
 236.88916; 62.592113;
 731.86963; 63.214241;
 788.92395; 63.317272;
 1012.9914; 63.411545;
 833.11914; 64.633133;
 884.16571; 67.346413;
 364.97833; 67.423767;
 682.07477; 69.379074;
 446.56107; 72.096024;
 647.59308; 74.103462;
 352.32327; 75.046539;
 963.10834; 75.500153;
 286.51364; 75.849236;
 788.81287; 77.106369;
 873.69482; 77.447556;
 724.52643; 77.413925;
 1008.1125; 78.745407;
 663.34473; 78.711708;
 896.64728; 79.52317;
 187.00261; 79.392731;
 416.81262; 79.78463;
 977.07642; 82.499161;
 870.56274; 82.580475;
 949.44153; 82.605927;
 35.924198; 85.869911;
 71.370544; 85.974846;
 820.11072; 87.23748;
 704.11444; 88.46978;
 1017.894; 89.095299;
 887.26575; 89.816246;
 183.76704; 92.295418;
 856.51556; 93.079239;
 50.999977; 96.369545;
 459.75946; 96.205032;
 999.57782; 95.491341;
 912.05725; 96.798332;
 18.833302; 97.464157;
 812.51569; 98.740295;
 718.22467; 99.098763;
 1012.2635; 98.975403;
 585.0274; 99.795578;
 744.76202; 101.13196;
 704.9198; 101.77687;
 406.28824; 102.48988;
 480.89365; 102.8568;
 729.09796; 109.24317;
 908.97498; 110.03303;
 228.99854; 111.2065;
 989.6936; 110.58018;
 1001.108; 111.43124;
 854.48505; 112.56071;
 474.81799; 114.16656;
 396.8526; 116.87512;
 968.34454; 116.76074;
 206.74767; 118.02804;
 931.43286; 120.78138;
 859.9126; 125.45078;
 197.40514; 127.23848;
 704.15015; 131.76909;
 212.89258; 131.90575;
 1000.0894; 132.3381;
 930.06567; 134.11238;
 852.38635; 135.13731;
 213.46007; 136.93123;
 742.534; 136.55222;
 650.68616; 140.25061;
 709.76959; 140.50868;
 882.12598; 141.29314;
 944.09698; 141.35364;
 832.58392; 144.03523;
 994.92987; 146.44771;
 418.53439; 148.61171;
 315.69482; 150.48006;
 482.32724; 150.81372;
 870.45898; 150.88953;
 47.028728; 153.96548;
 707.66919; 154.08669;
 754.54297; 154.05969;
 658.09674; 157.23869;
 836.31873; 159.05667;
 81.221298; 159.92299;
 431.15308; 160.36224;
 811.35474; 163.16368;
 307.5314; 163.37042;
 861.58185; 163.63052;
 968.74365; 163.50439;
 394.86176; 165.84444;
 747.74036; 168.08142;
 846.40594; 170.29988;
 72.597961; 171.77603;
 647.92444; 172.1765;
 457.75089; 173.1459;
 187.75912; 176.06004;
 924.28986; 175.36958;
 41.156208; 177.5694;
 858.94177; 178.16992;
 878.1684; 178.61989;
 267.2287; 180.50893;
 983.49396; 182.04778;
 942.02954; 186.1833;
 990.4975; 188.11838;
 334.58224; 192.50566;
 742.03253; 194.11182;
 351.25534; 195.11534;
 978.04938; 196.98846;
 1001.2491; 199.41896;
 949.98871; 204.09869;
 966.86652; 206.05719;
 238.5656; 207.17749;
 992.26184; 210.65443;
 745.61517; 212.09869;
 1012.5035; 212.21503;
 227.58392; 214.3569;
 272.76968; 214.00728;
 652.57886; 214.0999;
 939.57806; 214.96184;
 550.0072; 216.09161;
 567.55505; 216.29764;
 975.94135; 215.8728;
 519.84729; 219.71529;
 867.62097; 220.53607;
 537.99023; 224.98679;
 11.595835; 227.18713;
 641.2514; 226.63222;
 741.49152; 226.82909;
 366.13217; 227.81779;
 557.90796; 228.73802;
 514.22614; 232.36668;
 710.27496; 233.82085;
 758.97943; 235.87442;
 572.53583; 237.33594;
 73.383812; 241.2054;
 669.1358; 242.04886;
 967.85938; 242.32759;
 240.96742; 243.31087;
 854.89221; 242.81027;
 364.90176; 244.17336;
 767.93372; 246.0565;
 30.990215; 247.11873;
 588.47156; 247.25522;
 239.02252; 251.1942;
 639.94556; 252.85498;
 184.69931; 255.99022;
 355.10907; 256.13;
 607.25342; 255.86711;
 890.31622; 255.85516;
 877.05212; 257.20209;
 797.01672; 258.7771;
 371.48691; 259.71698;
 227.53633; 261.13712;
 22.615231; 266.36606;
 637.01294; 266.83945;
 899.74487; 270.5661;
 1000.9523; 273.42633;
 10.103232; 279.14841;
 307.33417; 279.00592;
 223.69576; 280.88803;
 324.62695; 281.35602;
 43.70369; 285.21454;
 760.71533; 286.53937;
 830.50781; 288.52045;
 841.79376; 287.76062;
 10.710157; 289.23413;
 293.60495; 289.90152;
 415.12231; 293.3306;
 624.32086; 293.06613;
 305.02835; 294.41101;
 216.7713; 295.83759;
 773.09918; 297.86987;
 864.20557; 297.02942;
 918.2619; 297.03955;
 50.363697; 300.36069;
 838.79211; 300.36179;
 1014.3736; 301.74423;
 367.8067; 302.76474;
 38.610767; 303.65018;
 146.93376; 303.71539;
 778.62195; 303.77847;
 353.77872; 306.68588;
 296.04312; 309.47531;
 640.34515; 308.84433;
 751.6488; 308.42078;
 405.50903; 311.33984;
 768.367; 311.77252;
 614.07953; 315.78275;
 287.9574; 317.36099;
 45.413654; 319.81616;
 940.16223; 319.99298;
 622.28674; 325.47809;
 704.13763; 325.14853;
 809.24744; 326.56424;
 849.92413; 326.59927;
 236.12234; 327.4476;
 92.663635; 330.16733;
 280.33884; 330.22464;
 669.47723; 330.77509;
 869.83002; 332.29947;
 693.89197; 334.00156;
 740.86664; 333.24329;
 615.94086; 337.88596;
 177.80165; 339.44595;
 699.83118; 339.61472;
 235.80498; 342.57361;
 791.54333; 343.0386;
 416.34634; 346.80392;
 650.33447; 347.71967;
 68.2565; 349.02869;
 886.83691; 350.32309;
 42.822094; 351.32663;
 625.38568; 351.48074;
 403.75516; 353.09857;
 811.99243; 355.43781;
 710.64471; 363.707;
 170.62321; 366.79489;
 772.70776; 369.28635;
 611.02197; 372.37173;
 947.90546; 372.67792;
 427.12347; 373.62479;
 900.6582; 375.98846;
 1002.6204; 375.65884;
 163.03337; 377.74933;
 252.43077; 376.9064;
 703.48212; 377.22446;
 1010.2731; 377.66772;
 25.301424; 380.4704;
 685.46313; 382.30673;
 9.853651; 383.32175;
 726.37067; 383.41412;
 759.06152; 385.96283;
 993.86591; 386.41412;
 635.7168; 388.22217;
 874.30017; 387.27148;
 709.16473; 390.55099;
 436.72961; 391.95764;
 732.2334; 391.45328;
 860.82556; 391.66574;
 52.796452; 394.59723;
 676.97333; 394.46198;
 1012.8518; 394.85165;
 442.25208; 398.92297;
 708.59607; 398.11389;
 753.90894; 398.90637;
 567.02216; 400.46512;
 850.23181; 400.64432;
 582.59045; 403.50256;
 457.28699; 404.8786;
 726.66693; 405.71161;
 960.03223; 406.45087;
 1005.8164; 408.5694;
 4.923841; 409.21243;
 470.89197; 408.97018;
 373.31644; 410.0141;
 698.30951; 411.62259;
 226.58435; 412.04626;
 649.47986; 412.508;
 917.87659; 417.51773;
 466.01556; 419.04181;
 788.633; 418.67178;
 953.52435; 419.99774;
 497.09863; 423.97644;
 539.71014; 425.72269;
 364.43604; 429.90326;
 76.355179; 431.1673;
 122.58239; 431.60968;
 622.90857; 431.83063;
 969.16754; 432.0528;
 688.35724; 433.35132;
 749.01886; 432.72311;
 299.56555; 438.65967;
 87.267029; 440.21741;
 48.624367; 440.87018;
 982.77374; 443.12305;
 11.694427; 447.61798;
 101.68743; 448.79568;
 42.113483; 453.38345;
 977.39563; 457.04904;
 259.1799; 459.91031;
 492.52972; 465.43256;
 570.57074; 465.82043;
 248.54926; 468.83005;
 401.67761; 468.1301;
 346.46823; 470.55682;
 760.67108; 469.68109;
 838.20374; 470.76364;
 604.88177; 473.79376;
 863.46552; 475.32651;
 387.40271; 478.88171;
 487.5416; 479.15057;
 538.69647; 478.85526;
 1011.9313; 479.59052;
 293.28757; 479.72913;
 561.89221; 480.12552;
 754.01709; 482.32407;
 811.4444; 482.84689;
 250.85243; 489.15076;
 286.17014; 492.18951;
 21.298473; 493.50455;
 1001.033; 494.56772;
 811.03296; 498.56705;
 752.08051; 501.93948;
 850.49451; 502.44897;
 970.0675; 503.04605;
 455.82199; 504.37167;
 615.55109; 504.76074;
 827.4519; 509.44571;
 678.9024; 513.54883;
 469.98947; 516.04712;
 356.64954; 516.87604;
 600.59595; 517.51581;
 754.60321; 517.66571;
 974.85779; 518.15735;
 1012.3353; 519.44446;
 875.00238; 520.70538;
 102.08501; 523.28156;
 610.57928; 522.76031;
 625.20465; 527.43085;
 966.21722; 529.36182;
 366.02875; 531.04895;
 454.94406; 531.98364;
 66.025909; 533.97473;
 886.02075; 534.94989;
 94.494759; 538.06519;
 378.81247; 540.539;
 870.37756; 541.2793;
 595.63275; 542.20758;
 159.36032; 545.34296;
 621.25598; 545.15179;
 832.50732; 545.01123;
 9.8343439; 547.28149;
 680.33099; 546.88629;
 74.675613; 548.70197;
 147.02455; 551.41931;
 828.24603; 550.68512;
 466.51126; 553.67816;
 393.33829; 555.04639;
 515.80206; 556.26758;
 379.83646; 556.81976;
 903.88446; 556.56647;
 163.85045; 564.84058;
 396.66873; 566.13843;
 611.1944; 565.28076;
 1012.5253; 567.37189;
 456.90897; 568.2926;
 1002.2935; 568.61963;
 74.88372; 568.73145;
 216.8175; 569.54236;
 894.02246; 569.83551;
 509.54642; 570.49146;
 791.12927; 570.85858;
 354.96515; 573.92902;
 493.75482; 574.65265;
 100.34306; 577.05438;
 953.39014; 576.68909;
 907.22479; 578.88007;
 178.28915; 580.82629;
 397.32568; 582.13098;
 210.18887; 582.67548;
 319.42947; 583.26227;
 803.58124; 583.05969;
 1012.4147; 582.04333;
 487.25873; 586.23047;
 894.24475; 585.70795;
 352.06448; 586.91479;
 551.94849; 591.13391;
 1004.3059; 591.03583;
 402.24695; 593.38;
 512.0874; 594.06274;
 315.19785; 597.49835;
 854.7688; 597.08514;
 83.103416; 598.69812;
 194.8938; 601.07782;
 835.10773; 601.12903;
 21.823908; 604.65979;
 414.31442; 604.91681;
 273.41544; 606.50348;
 975.117; 607.24786;
 504.68628; 607.57385;
 83.127342; 612.57062;
 950.60291; 611.52209;
 227.91563; 612.414;
 17.697914; 618.01233;
 573.74127; 617.25232;
 634.07745; 618.22406;
 965.77863; 617.68762;
 59.886452; 620.15918;
 364.82031; 619.94238;
 404.98886; 620.26825;
 530.41156; 623.73273;
 102.85243; 625.03113;
 942.93829; 625.79907;
 546.38354; 633.74713;
 53.813957; 635.86481;
 307.38144; 635.85229;
 893.31616; 635.92535;
 105.28149; 640.43964;
 36.370281; 646.41974;
 401.40201; 646.21576;
 62.551979; 653.24182;
 113.71718; 653.50397;
 308.82922; 653.28973;
 1014.4332; 653.51605;
 987.30426; 654.646;
 408.10992; 654.71698;
 862.01129; 654.58337;
 938.84875; 659.8902;
 834.30463; 662.17902;
 546.00226; 663.08118;
 319.90253; 666.11981;
 115.24075; 667.80994;
 930.888; 672.68958;
 1007.6616; 671.91528;
 947.7309; 673.33545;
 359.10727; 675.79926;
 1017.9585; 676.45667;
 869.43689; 676.50067;
 488.26981; 679.11102;
 333.9241; 679.56555;
 541.39966; 680.16418;
 772.17255; 680.33429;
 61.090313; 681.50677;
 117.50992; 682.9646;
 793.17487; 682.95758;
 958.74664; 683.96484;
 602.92224; 686.28265;
 449.33292; 687.06708;
 106.00002; 689.2923;
 730.38214; 688.44592;
 128.12393; 692.39813;
 293.54694; 692.36713;
 819.98682; 693.03625;
 967.27887; 696.30365;
 254.12088; 696.91571;
 442.5647; 700.32623;
 723.97461; 701.78973;
 542.88739; 703.16736;
 9.9483967; 705.1261;
 986.34485; 706.11908;
 531.43335; 711.79626;
 819.75708; 709.07147;
 383.20233; 709.93268;
 305.7623; 712.75629;
 80.187141; 714.52783;
 326.81519; 717.9245;
 942.73669; 717.88586;
 129.61833; 720.98755;
 205.55289; 722.474;
 100.83932; 722.98981;
 724.28607; 727.07861;
 86.83213; 727.69525;
 362.29245; 727.87653;
 118.55219; 731.90796;
 334.41382; 733.58246;
 595.43762; 733.74347;
 730.48822; 734.12103;
 177.83818; 734.4599;
 206.97818; 734.53925;
 517.58136; 735.34552;
 290.86209; 736.49072;
 438.15222; 738.10193;
 516.44556; 740.53485;
 360.92255; 742.18231;
 416.92621; 746.17834;
 11.56564; 747.18921;
 343.10608; 747.18158;
 486.25552; 747.91266;
 519.83624; 747.32434;
 1012.1569; 749.72821;
 165.08104; 755.60681;
 370.44479; 755.97601;
 610.61768; 755.85443;
 951.32141; 755.55658;
 206.45572; 758.36566;
 509.92923; 758.12842;
 1000.8837; 758.41852;
 5.2598081; 759.38165;
 479.95114; 760.36169;
 568.25653; 760.83173;
 196.87589; 772.33643;
 417.54892; 775.28809;
 581.86792; 776.3681;
 810.57544; 779.23718;
 908.65607; 778.42682;
 828.50745; 782.75336;
 334.91882; 790.94501;
 419.47421; 790.65845;
 48.8274; 794.86133;
 401.05426; 795.62268;
 42.45348; 804.60339;
 329.73984; 804.22498;
 18.846901; 805.67682;
 635.74316; 806.8537;
 1012.0052; 806.70966;
 816.94244; 811.00983;
 251.10909; 812.57837;
 111.591; 814.61298;
 417.34546; 818.17603;
 647.90283; 817.98676;
 872.11609; 819.12775;
 890.99518; 819.25171;
 820.5899; 824.2099;
 626.03882; 824.82306;
 1002.9761; 824.94647;
 652.61981; 833.3064;
 505.83749; 834.94415;
 818.3786; 838.30188;
 492.92554; 844.76959;
 1004.8135; 846.54376;
 353.18604; 852.2298;
 94.703156; 855.61255;
 640.86249; 858.01465;
 278.94656; 858.50824;
 359.48776; 858.67432;
 628.50067; 858.36743;
 804.59277; 858.92834;
 1011.9241; 860.13428;
 770.15692; 860.67603;
 670.97687; 862.922;
 818.23956; 869.73907;
 273.52164; 872.29303;
 323.56937; 872.64838;
 470.39511; 873.20264;
 664.35547; 872.85059;
 360.48651; 873.97504;
 1012.4808; 876.53235;
 457.72565; 877.80682;
 820.37476; 877.79138;
 326.99545; 881.66376;
 9.9723444; 890.383;
 950.8537; 890.1839;
 810.42114; 892.35742;
 299.14075; 894.198;
 321.05005; 895.52197;
 400.37595; 902.15973;
 4.9515467; 905.44031;
 815.67511; 906.05792;
 374.53128; 909.7171;
 725.41071; 912.57813;
 989.18549; 913.1283;
 804.27722; 917.00244;
 62.59145; 917.98035;
 700.64465; 917.56787;
 672.23438; 922.59839;
 408.50452; 923.18762;
 715.44501; 923.06146;
 868.84595; 926.25787;
 371.90833; 932.57819;
 502.0231; 934.755;
 721.07141; 935.9245;
 800.05811; 936.71259;
 420.64163; 938.42889;
 883.5036; 942.50415;
 366.43961; 943.03162;
 656.12714; 945.66217;
 785.23505; 946.06348;
 425.45468; 948.03278;
 710.62244; 950.40332;
 382.10815; 951.09955;
 756.50629; 953.4472;
 713.86163; 955.54224;
 105.21111; 956.55792;
 8.3473673; 957.90601;
 419.00311; 961.43658;
 776.49597; 962.35248;
 747.28784; 965.2428;
 538.37952; 965.67358;
 707.30017; 966.11908;
 1012.6548; 970.38251;
 511.87827; 972.76849;
 427.72415; 973.56042;
 564.01941; 974.69385;
 153.32053; 977.00165;
 681.45673; 976.55334;
 469.31479; 978.29578;
 665.68811; 980.99878;
 454.27008; 983.96667;
 437.38388; 984.60388;
 1007.9326; 986.14722;
 789.67133; 990.94012;
 651.12781; 991.63055;
 144.51231; 994.75354;
 719.90936; 1003.5593;
 781.70068; 1003.1813;
 841.32642; 1004.2978;
 1012.9343; 1004.0164;
 688.86255; 1004.7853;
 159.41158; 1008.86;
 358.60309; 1009.1877;
 655.79498; 1009.7056;
 913.04675; 1009.8148;
 1013.0212; 1009.7406;
 735.0368; 1010.6725;
 861.46155; 1012.9162;
 830.53583; 1014.3907;
 154.41901; 1018.2505;
 411.73541; 1018.233;
 886.83228; 1017.8573;
 1018.1876; 136.2504;
 888.29846; 5.306582;
 824.59009; 5.6286945;
 978.51184; 5.5178075;
 656.8634; 9.291995;
 11.423443; 18.623104;
 979.02167; 18.217022;
 1004.9709; 21.279463;
 996.26556; 22.888243;
 992.35901; 36.853424;
 381.8454; 41.509911;
 11.321511; 52.770134;
 966.35669; 61.089645;
 210.03835; 64.457855;
 452.51218; 76.279037;
 643.06604; 77.267349;
 350.31091; 78.374168;
 724.78424; 77.370888;
 663.64771; 78.157982;
 416.6384; 80.920128;
 886.83539; 96.566269;
 1006.707; 100.53374;
 225.57962; 110.18777;
 396.40662; 117.90673;
 207.80962; 118.77965;
 994.3667; 146.3784;
 419.24088; 146.50883;
 1018.4758; 148.02916;
 316.33478; 149.59233;
 837.03387; 157.2355;
 973.95062; 160.16483;
 307.49228; 163.67157;
 989.33234; 187.77975;
 978.30804; 198.33499;
 949.22351; 203.89345;
 550.69641; 214.28651;
 651.57349; 217.91374;
 12.160384; 227.21271;
 573.90863; 238.47559;
 890.89899; 255.06659;
 184.19122; 255.90991;
 15.757058; 286.09259;
 839.96075; 303.12296;
 769.05554; 312.72888;
 45.950867; 320.25891;
 615.79614; 338.34;
 596.72821; 364.6474;
 948.48907; 371.86069;
 610.63867; 374.40387;
 703.50653; 377.29645;
 685.50897; 381.74368;
 874.1969; 384.91992;
 758.81152; 385.17883;
 708.67603; 392.09415;
 1004.3392; 408.30496;
 699.51215; 414.10251;
 914.80164; 417.37473;
 48.452576; 439.72214;
 42.345512; 454.73517;
 731.0163; 458.43942;
 492.69284; 464.62747;
 248.4958; 469.89203;
 843.63745; 478.96295;
 1001.3636; 494.29584;
 829.16144; 507.74258;
 678.6087; 513.84949;
 1005.6279; 522.12122;
 625.89539; 527.85986;
 456.16626; 530.89587;
 94.123528; 538.56458;
 621.40814; 544.94159;
 9.1668386; 553.19397;
 902.18085; 557.67462;
 784.95691; 562.51794;
 457.01804; 568.31329;
 894.08557; 569.43726;
 509.21561; 570.76959;
 212.15048; 585.24353;
 889.27307; 588.13739;
 414.87576; 604.7926;
 103.10234; 623.42615;
 943.10919; 626.41455;
 53.546593; 634.70709;
 35.885784; 646.55011;
 537.7442; 646.67224;
 304.61542; 654.50476;
 1018.1062; 656.67798;
 834.59467; 662.85742;
 928.32379; 678.45313;
 62.098148; 680.82483;
 254.34322; 696.29785;
 10.7828; 705.63202;
 362.7565; 727.50525;
 86.092903; 728.75061;
 177.83789; 733.98877;
 290.60114; 736.34528;
 13.342017; 746.46167;
 480.33261; 761.02734;
 197.8349; 771.9411;
 743.10181; 777.54919;
 908.75348; 777.62695;
 19.060062; 790.35406;
 335.5509; 790.33807;
 329.73038; 804.95758;
 17.736296; 806.1601;
 417.1333; 819.01227;
 1010.6609; 878.07037;
 298.70587; 893.24353;
 5.8114681; 906.12524;
 727.67126; 905.27161;
 417.76346; 912.09332;
 869.79688; 924.88556;
 373.69312; 931.89001;
 385.70898; 945.66473;
 542.67676; 962.81281;
 748.88745; 970.05499;
 1011.2543; 968.76831;
 1011.6172; 1004.8077;
 913.31354; 1007.4735;
 885.87665; 1017.0439;
 182.02812; 7.7566962;
 683.6582; 17.90703;
 136.69556; 19.537846;
 710.28992; 23.829748;
 393.39365; 26.274868;
 762.93823; 43.497562;
 849.06219; 43.527779;
 201.47256; 45.7146;
 1008.1575; 58.13567;
 834.97119; 63.538189;
 187.75644; 75.439812;
 870.77411; 80.21566;
 1015.2484; 85.924286;
 909.78864; 96.444176;
 15.67625; 97.776566;
 482.79529; 97.22644;
 586.22858; 99.868576;
 702.56531; 101.50133;
 410.38556; 102.12273;
 741.83398; 104.17139;
 213.11203; 111.96441;
 572.58624; 117.53407;
 731.82202; 118.2636;
 1005.6509; 134.35243;
 483.87457; 146.3391;
 45.913731; 150.05937;
 809.90094; 160.14282;
 1018.1251; 165.88838;
 644.92157; 172.66069;
 743.1579; 174.2186;
 269.79797; 179.43752;
 983.53015; 180.0343;
 41.4981; 181.07222;
 161.9734; 189.44977;
 644.70319; 194.09637;
 1005.4841; 200.09995;
 273.49738; 214.23505;
 994.58295; 217.07574;
 937.52661; 221.82788;
 870.43927; 222.46051;
 830.62036; 238.39659;
 853.84479; 241.35431;
 608.61157; 257.8967;
 1001.3951; 269.22101;
 636.21497; 271.00107;
 897.36938; 273.78329;
 739.41791; 284.23132;
 294.53812; 286.49115;
 995.90338; 292.09232;
 627.33704; 292.75464;
 214.81258; 295.57901;
 7.9682684; 307.64517;
 405.33978; 312.66443;
 706.93384; 320.21979;
 848.60168; 325.67487;
 115.8539; 329.02072;
 667.25659; 329.02179;
 793.18158; 346.84073;
 88.749847; 348.39407;
 628.05121; 348.99918;
 712.95508; 358.2865;
 401.73248; 359.78284;
 172.81853; 367.67212;
 631.0036; 379.97467;
 1006.4894; 382.13345;
 729.09595; 386.61847;
 990.4679; 388.34045;
 435.2326; 396.06635;
 1017.9831; 396.59863;
 28.013714; 401.33246;
 724.38269; 407.75348;
 7.8440666; 411.34293;
 543.27106; 415.54465;
 536.48285; 422.22665;
 364.16653; 432.86237;
 688.72076; 430.84485;
 83.801071; 437.85312;
 301.86719; 432.32507;
 619.91235; 433.65207;
 16.657495; 444.44202;
 260.41162; 459.3111;
 571.43573; 460.76831;
 404.20828; 465.24921;
 471.8013; 466.90067;
 343.91251; 470.82996;
 864.00269; 472.66174;
 536.69989; 473.89142;
 1007.6072; 476.07751;
 561.11865; 480.72961;
 814.32446; 480.99152;
 18.849075; 490.45865;
 284.57889; 496.20993;
 542.44769; 511.14819;
 836.87787; 516.41443;
 102.00606; 520.36169;
 607.00891; 521.50049;
 600.13739; 541.97412;
 831.20776; 547.85797;
 516.65942; 552.91199;
 375.29294; 557.51556;
 496.15515; 560.30219;
 612.60522; 562.98895;
 73.559166; 568.8562;
 102.2459; 575.41144;
 510.73367; 589.28137;
 76.854774; 591.99506;
 315.13211; 601.51764;
 674.86298; 607.49316;
 228.3279; 610.2774;
 550.03638; 633.12189;
 310.49219; 633.50958;
 999.71954; 637.48956;
 98.59745; 641.06134;
 148.40422; 642.64392;
 407.33893; 651.30524;
 653.86639; 661.48358;
 551.5426; 663.47992;
 537.7981; 677.63928;
 732.15887; 683.53821;
 534.21606; 704.74854;
 671.66205; 707.53522;
 992.0965; 707.35278;
 78.89286; 706.84418;
 946.81982; 719.02234;
 101.13171; 721.27094;
 721.93823; 714.87189;
 204.84207; 729.17566;
 248.22189; 732.94153;
 121.15161; 735.01166;
 486.45984; 743.08374;
 343.75183; 749.38684;
 954.53186; 749.02832;
 209.13318; 754.71387;
 510.03241; 759.49255;
 998.58264; 760.2218;
 30.270037; 779.58185;
 7.9967728; 787.03711;
 51.752151; 794.31573;
 41.981766; 808.19006;
 252.46587; 810.19104;
 1008.2755; 809.91968;
 114.52515; 820.23303;
 893.9433; 821.37958;
 634.44452; 858.63782;
 674.46155; 866.46649;
 825.08209; 874.25604;
 272.0769; 875.66187;
 428.51999; 879.22577;
 923.04236; 879.78748;
 806.42725; 887.79132;
 65.438553; 913.67871;
 428.82605; 945.39374;
 710.54388; 950.31641;
 107.18213; 955.97266;
 417.10355; 960.03741;
 8.5251637; 964.29199;
 158.20126; 974.94354;
 662.97375; 978.2428;
 999.67224; 984.47162;
 700.37671; 983.29034;
 437.9761; 983.57941;
 844.38177; 999.90735;
 358.79129; 1005.8305;
 823.49652; 1014.2711;
 380.61105; 8.107584;
 312.19971; 21.465427;
 909.04395; 25.395895;
 670.92041; 37.403339;
 893.56348; 38.063385;
 910.91797; 42.624756;
 909.63544; 51.25111;
 735.16498; 52.409267;
 652.02356; 55.944763;
 793.2605; 60.903255;
 1018.2689; 107.50597;
 994.34424; 114.06399;
 907.28473; 115.03055;
 207.38095; 134.54288;
 708.9455; 136.43179;
 883.72424; 136.49368;
 426.27469; 139.33817;
 1016.3582; 150.78879;
 464.3335; 167.68102;
 339.06699; 187.20459;
 583.92316; 241.45047;
 242.48056; 247.4841;
 362.7648; 307.21387;
 291.65332; 313.19424;
 941.83411; 315.74527;
 645.94189; 317.20255;
 240.40804; 324.02371;
 695.29254; 338.11813;
 655.07574; 350.38348;
 60.540558; 347.03906;
 1008.3664; 352.04959;
 413.95349; 368.34875;
 256.17398; 377.75977;
 23.56168; 404.67111;
 654.289; 407.41965;
 1013.9758; 416.14615;
 956.5155; 425.6601;
 743.3125; 474.90485;
 247.25829; 478.95193;
 886.50287; 526.10596;
 346.86349; 543.79132;
 1005.78; 573.91028;
 399.47321; 588.37341;
 21.82349; 601.28522;
 1014.3055; 677.46222;
 776.83301; 680.68365;
 962.80359; 694.10089;
 5.9746971; 704.59125;
 134.57968; 717.21973;
 340.63834; 740.60559;
 8.9208612; 762.97986;
 752.02911; 772.67517;
 404.93863; 795.05981;
 774.90314; 795.11407;
 10.986018; 841.72815;
 651.70618; 837.10089;
 800.45679; 863.69678;
 1001.2229; 872.04968;
 876.13409; 874.82147;
 330.58615; 875.25366;
 321.08218; 898.54999;
 720.93042; 929.41229;
 800.68195; 929.23279;
 756.5307; 947.89899;
 931.61469; 1014.0388;
 813.09363; 17.738895;
 968.2627; 22.030544;
 211.55815; 24.312157;
 821.56958; 25.325197;
 774.87744; 26.608381;
 785.52094; 28.78723;
 466.75702; 53.967258;
 971.11237; 53.738918;
 22.344717; 57.030685;
 291.97992; 62.715603;
 455.51852; 69.16581;
 193.25993; 74.075516;
 447.99036; 79.02552;
 94.700081; 76.271309;
 636.54376; 84.894562;
 704.8089; 82.872978;
 954.8111; 82.663971;
 909.17474; 84.161827;
 990.32684; 85.745567;
 825.14465; 87.621719;
 85.195366; 92.763664;
 707.07684; 94.24279;
 183.40022; 100.06298;
 855.52875; 101.21937;
 1000.0455; 100.75656;
 694.41321; 109.57164;
 731.37952; 125.40088;
 1003.6223; 141.81178;
 755.89252; 148.72675;
 653.06586; 149.90657;
 836.54749; 150.83594;
 868.62836; 158.33444;
 784.26563; 169.99646;
 948.09265; 197.21057;
 671.66809; 206.53783;
 748.61768; 201.20361;
 1017.205; 211.49879;
 539.1153; 242.99765;
 942.89374; 227.27061;
 827.01263; 225.79616;
 736.46271; 230.46614;
 28.662764; 233.02837;
 636.71057; 240.54541;
 670.86261; 252.85506;
 11.035192; 254.56805;
 796.29987; 265.33514;
 312.37775; 270.17972;
 227.48268; 272.85406;
 834.85248; 281.46136;
 9.5351028; 289.59229;
 707.77521; 314.98563;
 804.89081; 326.9556;
 208.17761; 318.4248;
 777.42438; 323.48987;
 738.0025; 326.51987;
 864.01251; 370.16556;
 239.8092; 405.53458;
 546.68079; 404.34894;
 590.9295; 405.70691;
 764.81641; 409.16159;
 536.10956; 439.14597;
 45.285255; 430.89117;
 752.47894; 450.71423;
 713.36334; 473.59265;
 1014.3124; 481.21991;
 742.52283; 491.25668;
 701.84552; 505.3179;
 1012.0312; 504.07141;
 976.70911; 512.97314;
 10.709081; 514.6405;
 764.03583; 519.29431;
 637.96594; 528.065;
 65.048431; 537.75464;
 167.28896; 540.80975;
 468.47125; 542.4328;
 608.65161; 557.9292;
 782.46472; 558.177;
 907.46118; 576.72986;
 887.04993; 592.09851;
 487.82849; 599.36365;
 661.80609; 599.02185;
 962.51904; 600.11786;
 204.38574; 603.70667;
 397.88345; 620.33148;
 80.812721; 625.03253;
 12.834191; 630.06165;
 123.58884; 660.85187;
 595.45508; 677.68524;
 733.30878; 680.19318;
 112.45454; 690.66016;
 688.39154; 685.63287;
 672.77887; 705.08783;
 997.81488; 708.80945;
 812.26617; 710.71851;
 600.20367; 721.23773;
 76.850441; 735.13031;
 1002.3311; 739.29254;
 22.03278; 742.69159;
 732.177; 755.93756;
 604.13257; 760.11572;
 334.78928; 766.1767;
 510.81696; 767.4223;
 12.492889; 775.13837;
 35.630104; 777.89972;
 908.59955; 792.26093;
 747.75116; 799.98816;
 42.896015; 811.52563;
 628.83551; 822.22272;
 507.42908; 826.44733;
 822.74127; 831.63702;
 96.625633; 850.28076;
 773.05908; 870.21857;
 807.2995; 866.36084;
 921.29919; 879.4751;
 731.57104; 899.56952;
 678.85901; 908.31989;
 986.82245; 919.38208;
 876.82275; 947.6687;
 712.91479; 955.19348;
 602.10278; 964.0871;
 562.24713; 963.83923;
 661.49658; 970.95087;
 162.82922; 970.67285;
 442.30426; 976.17395;
 454.09772; 977.38428;
 791.55139; 985.5918;
 670.10767; 987.9754;
 848.29999; 995.9801;
 409.49905; 997.15222;
 626.56506; 1000.6656;
 46.431511; 1009.9086;
 740.83618; 1011.9089;
 778.4292; 1012.1716;
 1001.6179; 1012.1819;
 674.28809; 9.564291;
 274.25803; 13.046145;
 916.67029; 22.617722;
 656.37573; 64.42662;
 759.96991; 71.025452;
 28.943323; 78.058083;
 14.572411; 126.47753;
 244.32416; 129.49257;
 467.52451; 133.58749;
 12.979347; 139.34612;
 690.35358; 162.79366;
 927.71021; 164.36998;
 877.09076; 168.84926;
 989.27325; 168.75865;
 677.211; 202.63432;
 325.59253; 214.27499;
 236.98663; 216.26485;
 878.3736; 225.22678;
 583.15155; 227.73141;
 774.72156; 236.63025;
 602.21857; 273.27295;
 990.78125; 256.91183;
 350.89355; 272.35834;
 775.2431; 290.99597;
 664.77771; 292.84299;
 858.49725; 295.7984;
 338.42047; 336.6626;
 277.46326; 342.73285;
 883.48163; 344.82709;
 227.12045; 355.12943;
 430.03149; 377.59366;
 53.228619; 388.85172;
 742.2561; 383.59961;
 7.3773274; 387.29233;
 155.90105; 388.96774;
 463.78766; 397.7182;
 507.66403; 410.94943;
 128.95329; 419.35773;
 980.74377; 420.71088;
 50.223747; 464.23203;
 608.08258; 462.7467;
 725.76312; 471.28848;
 860.4502; 497.4368;
 167.28255; 504.96603;
 801.76178; 513.5274;
 591.10962; 527.03986;
 872.51819; 557.54181;
 958.61169; 569.38879;
 45.378742; 574.86755;
 1010.1103; 574.92523;
 843.44855; 593.58173;
 388.31079; 599.65704;
 578.78674; 605.90161;
 674.38574; 608.20197;
 631.91064; 618.91205;
 867.26929; 655.98846;
 558.00134; 652.21881;
 61.705372; 669.3927;
 792.13275; 696.63702;
 43.762413; 712.66125;
 44.288021; 706.63269;
 13.031301; 710.06067;
 77.835831; 712.67859;
 98.799339; 716.88672;
 569.90045; 749.97644;
 423.56448; 762.87531;
 843.76782; 758.35553;
 768.42236; 787.73914;
 42.756405; 789.75214;
 734.7561; 793.19513;
 1002.6438; 846.11884;
 277.74738; 847.62262;
 608.47583; 846.07123;
 356.65472; 862.99164;
 42.071709; 866.64386;
 405.47232; 915.68445;
 368.52231; 917.35333;
 718.47882; 923.73413;
 614.63623; 928.93591;
 661.37805; 935.3385;
 354.44788; 953.13782;
 754.24939; 975.07703;
 1002.4194; 985.82452;
 533.43945; 992.31226;
 440.46341; 1016.1409;
 138.25052; 1010.0627;
 278.61261; 1010.163;
 769.01434; 5.1719184;
 824.08813; 17.218445;
 962.0271; 25.786154;
 375.90216; 15.224299;
 800.98157; 53.590145;
 779.64355; 36.669559;
 435.78262; 40.103699;
 478.26907; 51.732941;
 863.5921; 59.005077;
 380.62988; 69.064957;
 817.90576; 77.174706;
 449.52328; 116.74965;
 1000.0646; 124.15426;
 450.41022; 112.41782;
 685.05548; 112.90755;
 338.9971; 120.81406;
 952.98047; 121.54001;
 341.8028; 141.54108;
 189.09752; 163.25327;
 454.00952; 174.00459;
 791.57355; 175.14082;
 28.754099; 182.62698;
 845.86646; 186.37415;
 376.71231; 195.88852;
 912.30219; 200.56699;
 370.64841; 239.20366;
 14.614386; 251.02995;
 909.95758; 252.9006;
 177.15024; 353.08472;
 37.928204; 417.8978;
 656.2536; 471.064;
 369.58069; 496.17984;
 908.92944; 527.51923;
 767.11841; 535.27161;
 405.51822; 562.21887;
 311.97253; 570.89374;
 148.95508; 581.36981;
 1005.2935; 621.13452;
 363.7084; 641.2215;
 953.14313; 659.54895;
 697.36707; 682.52246;
 524.95886; 690.21619;
 84.550018; 698.36755;
 333.8551; 698.77753;
 433.33386; 715.53137;
 17.31378; 729.70789;
 69.756508; 742.88721;
 355.46786; 739.07184;
 912.68549; 738.93134;
 607.64081; 755.26581;
 735.28827; 761.11029;
 984.22015; 760.65698;
 814.22595; 794.86084;
 368.30481; 814.81219;
 631.69751; 883.84412;
 17.846804; 929.50391;
 762.38513; 938.16766;
 718.11859; 945.53729;
 858.22699; 941.56;
 448.19556; 971.83539;
 172.97719; 981.24921;
 959.20349; 6.571754;
 919.61346; 9.1073008;
 267.48691; 17.619335;
 236.09204; 41.150768;
 498.14575; 95.408958;
 633.58484; 97.627678;
 167.02545; 103.95774;
 787.69733; 104.42824;
 850.38257; 147.00191;
 418.11105; 148.01155;
 472.35519; 161.14624;
 700.20715; 171.04915;
 421.39355; 179.09438;
 193.59749; 206.52968;
 756.83112; 211.91931;
 774.71045; 219.41689;
 593.98096; 226.63887;
 938.28912; 234.65846;
 886.82739; 293.47498;
 192.21187; 308.91565;
 758.12244; 327.16534;
 12.949761; 329.0849;
 777.13757; 331.37256;
 671.80737; 348.87784;
 15.379714; 356.35107;
 455.18628; 360.41949;
 731.87915; 370.12674;
 465.52289; 392.276;
 375.22958; 394.78946;
 8.9558716; 409.14862;
 659.26178; 417.60687;
 957.15387; 467.67639;
 622.10822; 505.85651;
 966.52795; 554.56732;
 166.31511; 555.20477;
 92.517693; 588.9129;
 481.72717; 593.95264;
 400.92184; 607.03491;
 892.6676; 609.52747;
 17.842796; 644.55774;
 669.81757; 657.40283;
 653.86804; 694.04443;
 58.518669; 697.8833;
 115.33348; 721.2417;
 63.486214; 721.9516;
 950.91742; 791.93701;
 596.26196; 857.19879;
 314.60172; 867.28821;
 984.67706; 879.92865;
 350.11267; 959.06799;
 655.75464; 983.23853;
 401.8869; 985.2821;
 33.70895; 1005.4333;
 278.35654; 1005.4285;
 786.42804; 1005.6511 
