 1020.6396; 6.3977981;
 994.2323; 7.984375;
 539.52069; 10.076172;
 724.40021; 10.178051;
 654.67297; 11.428511;
 912.56213; 17.148399;
 992.83521; 22.473137;
 1004.9822; 26.499125;
 992.62134; 30.053219;
 900.90533; 30.929434;
 715.73602; 35.816841;
 711.84015; 41.025307;
 844.66827; 48.930836;
 686.02649; 50.699982;
 681.32758; 56.314793;
 733.14941; 61.599438;
 688.30347; 62.650677;
 966.6886; 66.206047;
 683.12964; 67.259865;
 864.11414; 68.114647;
 883.23047; 69.120918;
 234.47893; 73.454651;
 872.17999; 72.592529;
 963.82605; 72.641197;
 1013.4864; 75.387657;
 421.32147; 76.232544;
 444.13141; 76.614548;
 997.44647; 76.833733;
 974.54266; 82.077766;
 442.53378; 84.161827;
 816.59729; 88.136574;
 871.87445; 87.482277;
 699.20203; 89.886955;
 900.54346; 90.140884;
 383.50549; 92.473213;
 897.05756; 94.040024;
 383.56793; 99.005974;
 466.90692; 99.666702;
 1021.1293; 104.10396;
 397.37683; 110.25053;
 484.21957; 118.17536;
 400.42361; 119.16257;
 195.02464; 120.90263;
 223.96259; 121.88092;
 481.26959; 123.10168;
 404.8183; 125.23186;
 786.41211; 125.4595;
 857.99982; 126.65968;
 194.05731; 132.50256;
 854.50726; 133.13089;
 999.76019; 134.00601;
 580.55444; 136.28133;
 406.53253; 143.66821;
 1006.8607; 148.4549;
 413.88474; 148.47261;
 997.21472; 149.96361;
 423.96588; 150.90739;
 1004.6473; 156.27795;
 430.41663; 157.35109;
 1016.912; 157.91359;
 44.006023; 158.66675;
 444.00317; 160.79395;
 38.037693; 164.31837;
 747.9425; 164.28641;
 442.47513; 166.26212;
 966.54028; 166.27042;
 401.90213; 166.81786;
 1016.7924; 166.79044;
 844.38934; 169.33379;
 864.54614; 171.16982;
 998.18073; 171.89183;
 857.57104; 173.23122;
 446.74557; 176.63152;
 994.14325; 176.8027;
 264.15979; 181.47086;
 995.18231; 188.55251;
 502.35379; 190.35638;
 635.20642; 193.22961;
 526.526; 197.2485;
 705.92694; 201.92642;
 525.01031; 202.54517;
 159.33661; 204.37775;
 949.36914; 205.63235;
 971.66986; 208.11038;
 994.75146; 209.8029;
 550.92847; 219.42146;
 519.25293; 222.89668;
 557.62677; 224.23412;
 860.44446; 233.638;
 73.50116; 244.18448;
 1020.8336; 247.36012;
 184.1882; 251.86455;
 653.53333; 255.08583;
 236.08336; 256.79538;
 797.04333; 256.5957;
 176.50777; 259.92749;
 175.63797; 266.42609;
 758.57324; 270.63885;
 186.43878; 274.17218;
 753.30072; 273.6185;
 1001.3896; 278.53632;
 183.65376; 279.90134;
 757.76971; 284.46667;
 616.70123; 287.00204;
 815.45776; 287.54395;
 416.21146; 289.90482;
 849.81726; 290.47168;
 618.59875; 291.65076;
 150.29462; 292.62915;
 183.42851; 294.43533;
 44.936867; 295.13663;
 645.40326; 297.30899;
 616.82605; 297.62286;
 844.1228; 298.13602;
 15.185696; 299.12012;
 181.34302; 299.93411;
 768.22772; 300.77417;
 881.45813; 301.36218;
 777.03577; 304.33795;
 790.86346; 305.13773;
 641.93848; 305.97437;
 622.03894; 307.11145;
 365.19516; 312.61435;
 617.43372; 313.14285;
 42.942944; 314.37039;
 286.52798; 318.64603;
 616.35956; 321.20892;
 696.92554; 323.37933;
 620.95892; 325.90573;
 910.34052; 326.78967;
 495.54495; 329.28613;
 94.800026; 329.76941;
 694.64673; 330.28625;
 233.99507; 330.52371;
 703.53943; 330.65271;
 618.06525; 332.43872;
 907.60193; 333.83643;
 492.58136; 335.87653;
 701.37354; 336.25974;
 666.91559; 340.14154;
 617.11053; 343.97433;
 806.02368; 347.98566;
 82.532669; 350.34119;
 71.5467; 351.12979;
 169.20222; 351.10385;
 794.32574; 353.26755;
 812.57361; 354.03574;
 79.078522; 355.03812;
 165.26932; 355.20374;
 606.56982; 355.34714;
 601.61481; 359.08444;
 618.5614; 360.0788;
 624.91663; 362.74982;
 165.7765; 365.75497;
 635.42877; 366.88925;
 708.6958; 366.55371;
 606.67975; 368.28622;
 163.59117; 372.45279;
 170.22285; 371.64246;
 249.73842; 372.05765;
 600.9809; 371.97861;
 579.55957; 372.86179;
 430.67459; 375.02759;
 250.27971; 376.57333;
 705.62701; 380.26471;
 709.25854; 386.68906;
 567.7536; 388.3436;
 860.64673; 387.73221;
 756.94037; 388.63141;
 720.8631; 389.51633;
 1009.8497; 392.15384;
 447.52213; 393.27499;
 863.8902; 394.90454;
 966.36896; 394.69061;
 681.49854; 395.69339;
 757.78253; 396.2287;
 949.01208; 396.12665;
 1007.1475; 397.42377;
 1013.5297; 398.95126;
 579.20978; 400.0751;
 847.32147; 400.5845;
 729.91229; 402.73059;
 852.70984; 402.96234;
 1011.0165; 404.44553;
 956.85974; 404.96036;
 685.07678; 406.55875;
 7.3465858; 407.60043;
 557.98798; 408.34033;
 471.42587; 410.25598;
 692.52704; 409.65195;
 436.63925; 415.29373;
 552.24127; 415.56177;
 452.42282; 417.71494;
 461.56409; 418.20566;
 355.54449; 419.23788;
 536.90967; 421.13474;
 639.42871; 421.65729;
 736.76715; 422.03973;
 319.06277; 422.82733;
 363.08319; 426.72577;
 500.07745; 426.85617;
 314.13712; 432.08701;
 261.02927; 437.17896;
 301.08585; 438.67188;
 90.593407; 442.40244;
 257.9917; 441.89984;
 349.82504; 443.93417;
 981.59613; 444.69199;
 51.539375; 446.51962;
 273.9198; 447.12231;
 254.89354; 457.02731;
 258.39752; 459.86774;
 488.07294; 465.86893;
 761.29108; 475.34204;
 292.34958; 480.57742;
 1004.9382; 481.02121;
 759.71869; 482.38138;
 538.71918; 484.95218;
 535.84601; 490.41599;
 513.67767; 492.7142;
 1017.0269; 493.73248;
 515.3728; 498.65887;
 499.46701; 502.12027;
 512.23291; 503.1691;
 822.95099; 504.55084;
 973.45447; 520.70013;
 151.34912; 523.23529;
 155.60643; 526.18201;
 622.84766; 525.67529;
 833.20093; 526.25507;
 968.74823; 526.49994;
 199.77022; 529.03241;
 585.40442; 533.65625;
 593.36713; 541.57172;
 446.15469; 541.83618;
 452.09106; 542.48859;
 137.12943; 544.65405;
 157.32632; 548.35327;
 379.92896; 552.08154;
 387.07455; 552.84656;
 458.53586; 552.72552;
 464.74664; 553.48102;
 825.63312; 555.27869;
 600.76514; 556.20618;
 906.22528; 556.3327;
 453.71347; 557.8092;
 385.578; 558.43909;
 907.83289; 560.40076;
 161.80992; 560.76831;
 823.65613; 562.56543;
 455.52191; 564.73682;
 210.29793; 567.02026;
 609.13837; 567.88519;
 802.19104; 568.64838;
 180.25374; 569.65656;
 213.64883; 573.33447;
 796.47955; 573.58752;
 894.57355; 573.91736;
 209.84528; 578.24249;
 680.53857; 583.86493;
 92.702927; 587.89929;
 675.37183; 590.17279;
 354.5217; 590.55737;
 350.09998; 596.13483;
 45.059315; 596.8161;
 545.79718; 600.48834;
 194.64209; 601.97095;
 1021.1099; 602.98303;
 411.80948; 604.1701;
 546.90869; 606.77032;
 224.74037; 613.37823;
 950.50574; 614.34979;
 72.030823; 615.28143;
 960.93573; 615.04443;
 60.815323; 621.62152;
 533.92688; 622.95056;
 98.089851; 624.65533;
 901.64624; 624.79901;
 539.61627; 626.3786;
 898.74438; 629.08984;
 303.6673; 629.99622;
 408.72705; 633.47986;
 252.54568; 637.94141;
 896.9621; 638.8996;
 108.9464; 640.82385;
 354.22174; 640.81848;
 539.28223; 641.99548;
 351.0137; 646.22821;
 162.91539; 659.13782;
 542.44238; 658.54883;
 859.01709; 660.11035;
 821.46063; 662.89398;
 160.96365; 666.97266;
 1021.0815; 667.1106;
 846.39227; 667.72943;
 319.6752; 668.5202;
 867.92926; 677.36017;
 947.89978; 677.44397;
 130.4433; 681.4693;
 805.39307; 683.11859;
 615.08453; 685.50031;
 544.53613; 691.37128;
 610.83752; 692.0741;
 820.14319; 697.41101;
 979.20587; 697.78052;
 609.89349; 698.89429;
 202.06688; 700.36194;
 975.88788; 702.46155;
 211.36325; 702.8537;
 605.76678; 703.40399;
 153.77478; 704.6991;
 197.67778; 706.32849;
 936.54663; 706.93329;
 226.90208; 708.0144;
 601.23853; 708.4906;
 150.53152; 710.55432;
 246.15837; 711.11871;
 225.08876; 713.49304;
 380.22678; 712.9671;
 193.99265; 714.52795;
 217.65089; 715.11957;
 455.98233; 715.85809;
 376.91412; 719.12952;
 686.7525; 718.88879;
 189.15569; 720.53815;
 85.741463; 722.73767;
 216.22504; 722.6004;
 115.42336; 729.17487;
 213.40201; 728.74817;
 327.23276; 730.4223;
 101.46605; 733.87012;
 287.05658; 733.81836;
 177.07373; 736.79181;
 283.86649; 739.71625;
 360.63507; 741.19482;
 385.91211; 741.4502;
 178.87231; 741.95703;
 345.35373; 750.75244;
 824.78314; 751.69257;
 614.20013; 752.5697;
 145.09119; 754.48358;
 766.06244; 754.2254;
 163.60951; 755.69391;
 621.07715; 757.88251;
 1018.3984; 758.20581;
 946.25793; 758.77075;
 15.546086; 759.58838;
 368.85028; 759.70203;
 202.63675; 760.59711;
 414.68588; 761.87903;
 211.71086; 763.7915;
 365.71191; 765.22516;
 623.28461; 766.21289;
 208.8692; 768.89319;
 20.029171; 773.99237;
 27.466923; 777.35211;
 414.80814; 776.61584;
 406.5383; 777.85748;
 622.34711; 777.56537;
 903.72601; 780.70551;
 26.692934; 782.8136;
 741.38733; 782.75165;
 909.37775; 782.49609;
 13.965508; 783.67792;
 920.61157; 786.97339;
 905.34436; 788.83862;
 253.91386; 791.17261;
 102.58663; 792.36383;
 263.83353; 792.22845;
 426.17618; 792.3042;
 640.29266; 793.38617;
 911.57733; 794.95959;
 38.326077; 795.73145;
 45.830025; 795.84686;
 269.95599; 795.81201;
 432.09833; 795.83636;
 234.72752; 800.48932;
 910.80713; 800.95526;
 229.11581; 802.0957;
 267.10776; 802.11438;
 904.19617; 801.53888;
 18.761347; 804.18121;
 897.74188; 803.9679;
 423.35242; 806.32343;
 108.76717; 809.86334;
 633.75446; 810.06079;
 1009.1096; 815.2005;
 691.27032; 820.26685;
 876.13806; 820.25482;
 1004.2746; 820.12512;
 370.09717; 823.51715;
 1005.0728; 826.68994;
 365.00058; 828.29022;
 1012.6803; 833.56659;
 816.9101; 839.3053;
 858.10699; 840.62665;
 100.30815; 844.07495;
 201.16454; 855.63464;
 268.03958; 856.60071;
 275.04355; 858.02985;
 199.41212; 861.16016;
 676.46155; 877.85193;
 315.48645; 881.32397;
 939.2605; 881.36212;
 323.37247; 884.29529;
 673.64832; 884.07092;
 818.00244; 884.08203;
 346.05869; 886.80981;
 868.49823; 888.12524;
 920.25146; 887.97705;
 948.87463; 892.98334;
 916.38513; 894.69562;
 297.93573; 896.1673;
 36.747787; 898.92493;
 251.5033; 899.41211;
 402.56781; 900.93445;
 814.2677; 906.35504;
 715.18152; 914.5542;
 186.98561; 915.74164;
 414.88776; 920.11188;
 711.77106; 920.27985;
 704.742; 920.67114;
 60.511471; 922.10614;
 168.23726; 922.69873;
 185.04858; 922.53711;
 260.34778; 923.45557;
 671.48352; 923.68402;
 410.28543; 924.60138;
 503.92645; 926.8067;
 360.7999; 927.54688;
 166.82951; 928.57996;
 256.48999; 929.06616;
 472.04349; 930.01617;
 45.591103; 930.63361;
 218.614; 931.09314;
 201.37915; 932.0545;
 227.1813; 932.72284;
 368.7742; 932.42236;
 416.88705; 934.91425;
 199.35309; 937.10986;
 186.39662; 938.45947;
 223.41069; 938.29022;
 465.73642; 938.10358;
 370.8082; 944.21252;
 188.63014; 948.0188;
 222.61203; 951.62689;
 380.41022; 953.57123;
 228.55423; 956.04156;
 709.74792; 956.23639;
 719.7746; 957.65173;
 777.16785; 960.59436;
 748.82019; 961.83417;
 423.14795; 964.55176;
 588.10931; 965.81653;
 1004.3779; 967.50214;
 427.90491; 971.23193;
 481.13159; 973.44269;
 1000.9966; 973.29309;
 906.20361; 974.15503;
 568.19196; 976.35388;
 576.04175; 976.40063;
 1015.0944; 976.38068;
 1008.9839; 977.24811;
 478.26837; 978.27026;
 722.60449; 979.08734;
 685.65222; 979.83368;
 151.39734; 981.07227;
 102.10818; 981.50629;
 680.26807; 985.44745;
 892.50964; 984.95203;
 443.89755; 985.98779;
 455.37048; 987.36017;
 466.80862; 990.20978;
 877.48846; 990.28119;
 210.83975; 993.37653;
 650.81085; 993.70862;
 790.58698; 993.79871;
 888.50208; 994.53516;
 870.50952; 994.56885;
 145.99954; 995.84265;
 782.11243; 999.46289;
 685.23987; 1000.869;
 204.39532; 1002.4935;
 211.31432; 1003.0759;
 839.13318; 1006.8094;
 198.64494; 1012.0185;
 654.61377; 1013.1601;
 908.00983; 1013.4998;
 923.06616; 1014.0236;
 736.06427; 1015.2134;
 410.03992; 1017.9167;
 157.41805; 1020.8223;
 545.17114; 6.0617037;
 823.27875; 5.3627028;
 1019.9473; 6.0995426;
 856.97736; 7.5166917;
 994.77948; 8.4581728;
 906.72693; 9.48909;
 539.68903; 10.949745;
 654.96033; 11.153227;
 723.71216; 10.929027;
 440.14148; 13.075945;
 732.75128; 13.150409;
 927.47937; 14.144412;
 456.56287; 18.167902;
 898.4408; 18.276995;
 912.10999; 17.538298;
 1007.9919; 19.136019;
 678.6593; 21.968784;
 993.92529; 22.49164;
 765.84741; 24.108593;
 1005.4391; 27.077257;
 311.52344; 27.853815;
 209.59183; 29.391621;
 672.93964; 28.972515;
 901.34753; 30.475;
 959.34985; 30.295162;
 11.774507; 30.939907;
 17.048044; 30.494627;
 391.4082; 31.377754;
 991.75165; 31.024685;
 765.89709; 32.83952;
 447.41293; 34.175179;
 909.37738; 34.996609;
 382.58926; 36.306385;
 716.67133; 35.468353;
 209.05943; 36.401031;
 312.2774; 36.708187;
 773.54169; 36.820381;
 297.4884; 39.967976;
 968.58771; 41.153126;
 996.39899; 40.345009;
 205.39813; 43.695274;
 712.28088; 42.648838;
 888.92816; 43.910336;
 916.66028; 44.110737;
 769.52124; 44.522102;
 209.021; 48.182896;
 845.29053; 48.90266;
 962.92908; 49.284851;
 653.67926; 50.572681;
 685.45184; 50.413101;
 742.1499; 50.376705;
 773.03302; 51.892284;
 922.47601; 51.716118;
 871.09253; 59.23798;
 234.72728; 60.394314;
 958.92749; 60.311714;
 982.94263; 60.536724;
 689.02838; 61.347343;
 652.55804; 62.975273;
 731.42737; 62.775665;
 827.95001; 62.951202;
 901.52283; 63.346069;
 235.1967; 65.764381;
 444.18793; 66.34745;
 967.76605; 65.610321;
 863.82587; 68.429192;
 883.10815; 67.9142;
 683.45087; 68.843155;
 834.64777; 69.578011;
 353.85059; 72.427277;
 648.66895; 71.642609;
 26.853195; 72.564659;
 964.28235; 73.692307;
 235.0128; 73.614853;
 873.75055; 73.470535;
 787.35992; 75.29631;
 1011.9329; 74.925873;
 420.32516; 76.175491;
 444.62543; 76.228851;
 997.258; 76.532791;
 724.4408; 79.31636;
 894.85535; 80.456345;
 232.41815; 80.979919;
 974.85602; 81.656494;
 662.06763; 82.636177;
 442.56418; 84.4562;
 885.21118; 85.512856;
 871.58813; 86.316551;
 1011.7043; 86.181953;
 36.11441; 87.153954;
 815.71912; 87.511368;
 699.32642; 89.215256;
 383.70212; 92.001595;
 457.62128; 92.418114;
 89.938965; 93.370941;
 78.475388; 93.748611;
 996.96051; 94.218239;
 114.90267; 95.027176;
 710.0423; 94.574493;
 33.457687; 95.782944;
 913.53711; 96.827072;
 18.723513; 98.986732;
 382.40891; 99.663582;
 466.42868; 99.947304;
 710.13751; 102.92888;
 391.2027; 104.22005;
 1020.2305; 103.65841;
 206.06316; 104.64367;
 403.15253; 104.89654;
 909.95844; 105.49119;
 741.91681; 105.46478;
 726.77747; 107.8174;
 228.95032; 109.33309;
 1013.5738; 109.75008;
 397.41156; 111.53345;
 476.13574; 113.82392;
 203.5481; 118.1593;
 216.40028; 118.85124;
 399.95258; 118.68936;
 195.24127; 121.45294;
 481.09943; 123.92019;
 188.10991; 125.13264;
 786.97705; 125.71461;
 858.12231; 126.01093;
 703.83228; 128.68497;
 194.53307; 132.14497;
 400.6539; 132.1926;
 1000.5014; 132.65594;
 854.23956; 133.83754;
 1012.1306; 133.8989;
 932.45636; 135.08646;
 212.76665; 136.45961;
 740.04486; 137.42415;
 710.63873; 142.37459;
 1014.0535; 143.09428;
 881.90582; 144.08888;
 734.6701; 146.7039;
 414.64813; 148.06721;
 1007.3735; 148.36432;
 996.5368; 149.67125;
 314.6488; 150.88306;
 707.94122; 151.19736;
 752.52844; 156.20654;
 824.39978; 155.56799;
 1004.9834; 156.87206;
 44.51223; 158.15742;
 430.35727; 157.71223;
 761.46021; 158.02606;
 1016.4039; 157.75574;
 79.155731; 160.14015;
 653.737; 160.60794;
 836.15582; 162.99585;
 307.61145; 164.14847;
 38.379448; 165.02002;
 747.51019; 164.9422;
 400.73492; 166.18188;
 814.27936; 166.16068;
 966.35052; 165.5742;
 442.828; 167.41187;
 1003.467; 166.48239;
 1014.8683; 166.59341;
 649.91296; 169.36453;
 844.61578; 169.5423;
 863.51727; 169.77841;
 857.60059; 174.45886;
 38.233429; 175.97864;
 1016.3308; 176.09064;
 446.10513; 176.7836;
 993.99554; 177.1225;
 878.56183; 177.75044;
 265.33328; 181.64774;
 513.98718; 182.25792;
 625.75305; 184.03525;
 983.83191; 184.38524;
 994.659; 188.47168;
 635.60577; 193.0215;
 333.43155; 194.04868;
 980.36493; 195.27625;
 715.8819; 196.51538;
 355.14621; 197.82643;
 1000.1623; 198.03984;
 974.7439; 198.79866;
 646.34723; 202.30078;
 707.47876; 202.50032;
 165.83429; 203.30138;
 524.9054; 203.23109;
 949.53931; 204.78413;
 158.54738; 205.86325;
 237.53261; 204.94922;
 966.30042; 206.36053;
 969.30981; 207.33435;
 985.9281; 207.65527;
 994.60217; 209.73244;
 498.91754; 212.15099;
 744.4364; 212.80457;
 978.37512; 213.12819;
 656.76855; 215.74756;
 869.25079; 218.04813;
 550.92029; 218.55092;
 519.48389; 222.11224;
 9.846981; 225.36761;
 558.23505; 225.22781;
 867.27716; 227.81955;
 514.85687; 229.84894;
 1020.1608; 229.51808;
 860.11755; 233.09949;
 756.38586; 235.33699;
 572.56299; 237.44478;
 241.66386; 237.72035;
 73.036758; 243.24506;
 187.6898; 243.42764;
 669.79102; 243.1131;
 858.38916; 243.54649;
 363.36911; 243.59721;
 18.044476; 246.26967;
 817.22986; 247.54242;
 1020.2251; 247.43877;
 799.71558; 249.33025;
 237.09486; 249.76129;
 185.23302; 252.51846;
 608.6507; 254.54146;
 642.43927; 253.99168;
 653.33337; 255.60092;
 692.01331; 254.57738;
 889.24908; 256.60574;
 797.10028; 257.26349;
 371.75528; 261.05008;
 640.41473; 264.83176;
 174.75742; 266.77484;
 758.8576; 269.23499;
 753.00641; 273.39294;
 440.75021; 276.36154;
 1001.5207; 277.27512;
 301.61713; 277.74863;
 182.88223; 279.53647;
 308.16995; 283.21921;
 421.32965; 283.10089;
 222.31821; 283.61887;
 758.33936; 283.651;
 317.07391; 285.09991;
 42.627563; 285.82764;
 815.59161; 285.86456;
 415.56342; 289.78668;
 618.43658; 289.61612;
 849.12476; 290.43195;
 9.2682352; 291.76111;
 18.178791; 292.00778;
 149.82567; 291.84735;
 183.61894; 294.02029;
 864.47662; 294.40836;
 47.109562; 298.0733;
 616.14075; 298.09381;
 645.85901; 297.68887;
 843.96558; 298.17676;
 13.600197; 299.56995;
 768.62384; 300.04645;
 1019.9452; 299.69223;
 208.60135; 301.07837;
 834.07825; 300.69049;
 881.7594; 301.64203;
 55.254963; 304.57742;
 777.28601; 303.94263;
 790.18671; 304.4476;
 40.304138; 305.08548;
 641.33636; 306.31369;
 930.03418; 306.25821;
 370.47244; 307.29764;
 621.78912; 307.48502;
 751.95465; 307.88162;
 768.97473; 308.1568;
 410.99841; 308.65723;
 398.32233; 311.01358;
 296.37704; 311.633;
 688.24445; 312.29904;
 365.26758; 313.04843;
 616.72461; 312.89838;
 43.26107; 315.12289;
 286.88284; 318.80875;
 659.53088; 320.39944;
 697.62335; 322.76944;
 488.96603; 323.72357;
 621.48608; 326.00195;
 911.21265; 327.34427;
 281.16202; 327.61536;
 645.51715; 327.87601;
 496.11356; 329.04733;
 849.40759; 329.25595;
 94.364357; 329.77939;
 234.76842; 330.28424;
 703.24896; 329.42178;
 668.86658; 331.51877;
 694.31207; 331.36584;
 869.82135; 331.26617;
 617.53357; 332.79886;
 907.50098; 333.47122;
 492.3385; 335.92117;
 700.80896; 337.27493;
 666.96136; 341.27194;
 790.27008; 340.45462;
 78.685043; 343.04471;
 497.75366; 344.30313;
 617.00922; 343.44849;
 71.123108; 350.7009;
 169.01543; 350.65445;
 406.05112; 351.39508;
 494.02893; 351.79312;
 622.67303; 352.95401;
 794.31683; 352.65659;
 41.769077; 353.51816;
 812.2179; 354.26001;
 79.313759; 355.26688;
 164.23753; 356.65851;
 601.06201; 359.26697;
 73.707817; 361.95969;
 624.82935; 363.52325;
 166.4913; 365.60245;
 709.50879; 366.28802;
 636.17487; 366.6366;
 607.45319; 368.91257;
 171.52136; 370.92917;
 599.94751; 371.60675;
 898.48157; 372.94098;
 163.40138; 373.72736;
 250.52538; 374.66898;
 430.23981; 374.91922;
 1020.0729; 374.91959;
 1000.6036; 376.99405;
 607.28271; 377.38553;
 438.14493; 379.71317;
 704.20197; 379.46271;
 886.60522; 381.2598;
 6.1067648; 382.08707;
 584.04785; 382.76096;
 685.1554; 383.0062;
 724.29468; 382.8847;
 993.7616; 384.45193;
 437.4657; 387.88776;
 709.76233; 387.80264;
 758.43689; 388.17029;
 567.18555; 388.59805;
 860.72461; 388.98935;
 869.45776; 388.80621;
 637.97162; 389.60123;
 447.30951; 391.39011;
 1009.7811; 391.79526;
 255.02054; 392.53839;
 728.91937; 394.18161;
 862.85352; 393.86575;
 680.80585; 395.27478;
 966.04633; 394.52521;
 755.80542; 396.30066;
 6.8681402; 397.23801;
 942.18805; 396.67709;
 1014.2995; 398.60632;
 444.53806; 399.78995;
 720.91913; 400.21561;
 579.70508; 400.88171;
 849.32819; 400.62488;
 710.07263; 401.76096;
 568.53589; 402.75018;
 729.40741; 403.23093;
 957.54333; 405.21338;
 17.447285; 406.40524;
 684.32269; 405.49564;
 1010.5936; 405.75986;
 6.5982838; 407.46606;
 558.29303; 408.58755;
 471.11063; 409.68927;
 693.00787; 410.31674;
 732.63318; 411.83807;
 646.41333; 413.40283;
 670.77704; 412.63205;
 708.67371; 412.80701;
 360.51016; 413.655;
 436.26294; 415.34064;
 552.34583; 415.37421;
 740.35577; 416.0712;
 461.30167; 417.01813;
 451.95798; 417.76758;
 467.39145; 417.95169;
 787.52502; 418.25845;
 367.54944; 419.00095;
 966.38733; 418.94684;
 354.66614; 419.97198;
 638.92902; 420.89841;
 536.02112; 421.8895;
 319.73907; 423.76901;
 499.70389; 425.88022;
 110.08089; 426.98013;
 363.19397; 427.39725;
 335.52127; 429.10281;
 123.92966; 431.97369;
 314.92267; 432.39679;
 627.07397; 431.42398;
 971.10382; 432.06464;
 505.07065; 432.79666;
 747.30402; 433.03632;
 300.73212; 438.36517;
 90.182663; 441.93884;
 121.60576; 442.04968;
 257.80756; 442.17462;
 911.98981; 443.82248;
 981.70258; 444.19781;
 51.196762; 445.3667;
 44.249096; 450.50305;
 104.98981; 449.98575;
 351.75635; 455.85144;
 565.50397; 455.53677;
 255.26456; 457.26208;
 258.89758; 460.03354;
 477.17746; 460.6799;
 496.49341; 463.3208;
 246.33025; 464.61905;
 488.52557; 465.53156;
 759.2019; 466.53885;
 568.97864; 468.23798;
 834.62823; 468.5658;
 761.22925; 474.32309;
 604.51855; 476.61725;
 292.59399; 480.48398;
 1005.0829; 480.69547;
 758.58801; 482.34641;
 538.77631; 483.66681;
 1020.0027; 488.16113;
 1000.8657; 489.17041;
 536.05048; 491.23203;
 513.52008; 492.60953;
 1015.8478; 493.20081;
 963.81494; 500.54834;
 499.89691; 501.69623;
 823.5686; 503.86703;
 849.27618; 505.47983;
 455.59253; 506.81555;
 478.39438; 507.13589;
 612.35773; 507.73474;
 533.39435; 511.99191;
 680.492; 514.20612;
 826.87775; 514.77484;
 596.11517; 516.62549;
 369.66766; 520.60071;
 974.10852; 520.99286;
 824.42786; 523.41858;
 105.72379; 524.10345;
 152.66464; 524.24689;
 623.49927; 526.04639;
 833.37506; 526.49054;
 97.536835; 526.74774;
 968.63214; 527.41266;
 871.78333; 528.46838;
 584.73523; 533.36206;
 883.54034; 532.87018;
 451.62; 535.28876;
 687.49573; 539.69849;
 96.450233; 541.13672;
 377.97626; 541.48285;
 593.41754; 541.42963;
 828.85278; 541.4458;
 446.94861; 542.14374;
 624.51349; 543.43188;
 137.33395; 544.56854;
 681.94397; 546.46057;
 619.04498; 547.33118;
 157.76906; 547.39081;
 604.45746; 549.97491;
 149.75383; 551.53015;
 587.46088; 550.59741;
 379.38831; 552.43622;
 457.62842; 552.41516;
 388.45917; 552.55585;
 465.6431; 553.4834;
 509.55737; 554.37744;
 826.03931; 554.92657;
 600.06757; 557.30603;
 453.02969; 557.50702;
 385.20258; 559.41711;
 515.93933; 559.32855;
 906.78192; 558.46216;
 163.09186; 562.22858;
 823.96088; 562.78467;
 456.1239; 565.54651;
 394.45938; 565.58783;
 813.82684; 565.63635;
 609.12024; 567.01959;
 802.10339; 568.15277;
 180.43182; 569.58044;
 213.86424; 572.10187;
 507.36966; 572.57227;
 795.276; 572.86273;
 492.67667; 573.66235;
 894.48981; 573.50714;
 96.881653; 578.30475;
 208.94408; 578.79828;
 909.46082; 579.12439;
 952.06049; 579.01721;
 180.27452; 581.1626;
 398.66003; 580.45386;
 680.11267; 583.80139;
 192.17218; 586.39716;
 92.148209; 587.75635;
 1004.1071; 589.3927;
 354.83868; 589.49078;
 675.56354; 590.21582;
 550.68341; 593.93671;
 501.78159; 594.77344;
 313.62442; 595.93414;
 44.428764; 596.73877;
 349.42358; 596.68536;
 511.37766; 596.77441;
 79.889816; 598.92383;
 194.2708; 601.5;
 833.21173; 602.38409;
 411.98642; 604.18298;
 75.594788; 606.48138;
 548.11298; 606.99933;
 22.355227; 607.40454;
 976.45636; 610.08704;
 82.802811; 610.89014;
 225.51549; 613.44763;
 950.87823; 613.73804;
 28.805098; 615.05585;
 72.373375; 614.94128;
 547.40106; 615.47894;
 20.051434; 616.44684;
 961.80585; 615.48029;
 970.43622; 617.49048;
 631.48401; 617.97656;
 219.36406; 619.01996;
 60.584835; 621.30164;
 572.74377; 620.64825;
 945.06708; 622.21387;
 532.79669; 622.78619;
 98.572289; 624.60211;
 938.61206; 629.04169;
 303.90564; 630.64557;
 409.05988; 633.83948;
 542.55078; 634.18768;
 252.91299; 637.72839;
 895.67462; 637.7641;
 546.71088; 638.56854;
 108.5374; 640.2193;
 309.99124; 640.44714;
 354.46167; 640.76288;
 538.73633; 641.85553;
 350.25272; 646.52759;
 634.44244; 652.5636;
 1018.7244; 653.883;
 112.77537; 655.85748;
 163.65303; 659.44843;
 543.30109; 659.79443;
 859.33545; 659.88861;
 103.6804; 662.34039;
 936.81335; 661.87622;
 820.98657; 662.81158;
 1020.2256; 665.62231;
 160.14432; 667.05243;
 319.59055; 668.01385;
 845.12805; 667.53107;
 110.49567; 669.61383;
 535.44861; 669.32776;
 931.85577; 668.8587;
 825.69525; 670.38263;
 550.17584; 670.72717;
 356.9361; 674.2569;
 1017.1252; 674.62665;
 868.35394; 677.05133;
 947.92316; 676.86383;
 773.43518; 679.71094;
 131.53075; 681.03302;
 957.59692; 681.51294;
 805.26337; 683.02197;
 615.54553; 684.9787;
 972.01123; 686.0127;
 871.30847; 687.30927;
 446.60379; 687.9649;
 544.48724; 691.39868;
 610.97253; 691.98175;
 294.07498; 694.63318;
 252.0229; 696.96448;
 443.14774; 697.55383;
 819.94379; 696.47906;
 68.712616; 698.7746;
 202.75717; 699.68158;
 611.20648; 699.86859;
 975.49554; 702.20386;
 211.3197; 702.89154;
 153.56133; 704.82166;
 819.63739; 705.34412;
 197.50504; 706.26984;
 985.1192; 706.24994;
 227.23303; 706.867;
 600.95001; 708.46399;
 936.81189; 707.53485;
 246.04318; 710.83051;
 823.08521; 711.10577;
 928.71332; 710.72485;
 380.69736; 712.26971;
 194.75829; 714.22577;
 216.50266; 714.47424;
 226.3934; 714.85638;
 455.56619; 714.96002;
 942.86798; 715.8916;
 994.57953; 716.87793;
 204.74828; 717.94196;
 685.93451; 718.23126;
 377.23492; 719.77087;
 189.56631; 721.08716;
 126.67754; 723.10242;
 217.10274; 722.94928;
 86.904037; 724.22974;
 990.33789; 724.46539;
 236.97108; 725.58783;
 935.00757; 728.03937;
 116.01814; 729.34552;
 213.50543; 728.71429;
 327.96347; 730.33063;
 943.54395; 729.94897;
 362.31967; 731.948;
 999.52594; 731.53601;
 102.28458; 732.69574;
 287.86536; 733.38;
 733.26508; 734.44507;
 177.41914; 736.20386;
 209.66696; 735.88843;
 94.56897; 737.37848;
 333.06537; 737.5379;
 282.94672; 740.17432;
 597.65112; 739.57458;
 360.56372; 741.51288;
 386.13858; 742.06812;
 700.65002; 742.13348;
 14.692023; 744.98206;
 100.34364; 744.86304;
 329.8786; 744.79779;
 1002.4885; 746.95685;
 287.28714; 750.07654;
 482.48865; 749.93896;
 702.64832; 749.87903;
 1007.3447; 749.77191;
 613.41241; 753.31757;
 5.7381773; 753.66785;
 144.87923; 754.16827;
 766.10284; 754.55383;
 163.91119; 755.78705;
 1000.696; 756.2887;
 621.25232; 757.22668;
 407.22382; 758.05902;
 958.15417; 757.71252;
 1018.6041; 758.11023;
 369.41934; 759.13293;
 946.93774; 758.41949;
 14.448608; 760.01355;
 29.69438; 759.53058;
 24.034554; 760.31512;
 203.18738; 760.52905;
 211.93079; 762.3866;
 1015.8923; 764.7182;
 365.77164; 766.58972;
 208.61139; 769.19659;
 195.90182; 771.32471;
 849.33984; 771.78638;
 18.647903; 774.27045;
 28.115932; 775.15137;
 581.77264; 774.50916;
 414.97812; 776.18805;
 405.98074; 778.13123;
 622.7533; 777.66211;
 811.77771; 778.11218;
 909.19476; 781.62006;
 16.568508; 782.49628;
 237.62465; 783.00928;
 620.4704; 784.28693;
 826.96826; 785.5332;
 919.85645; 787.42401;
 41.619026; 788.61224;
 745.61603; 788.85175;
 904.05231; 788.91095;
 8.882678; 791.58722;
 265.48749; 792.32172;
 425.14108; 791.5755;
 332.5697; 793.43604;
 479.88083; 794.03802;
 640.16016; 793.74902;
 18.827213; 794.32196;
 46.613224; 795.38513;
 912.83551; 794.43018;
 232.07474; 795.75995;
 432.87115; 795.81714;
 38.296124; 796.73907;
 630.64429; 799.68268;
 904.07983; 801.14575;
 267.27829; 801.92957;
 329.42441; 802.90869;
 18.533104; 804.55273;
 1010.5839; 804.48669;
 423.24774; 806.31964;
 649.32141; 807.19507;
 891.33722; 806.71497;
 634.77136; 810.1889;
 109.65652; 810.65924;
 816.1333; 812.14197;
 896.01465; 814.4577;
 252.43866; 814.55975;
 419.00443; 815.1156;
 645.31024; 815.56036;
 1009.9262; 815.98816;
 108.79958; 818.07343;
 884.40472; 819.4306;
 1011.0278; 818.52069;
 875.54352; 820.47845;
 1003.805; 821.46149;
 422.8898; 821.98547;
 816.53516; 824.20868;
 375.96423; 827.32233;
 871.95081; 828.80188;
 112.17281; 829.47491;
 87.185165; 834.35437;
 655.39001; 833.58807;
 1012.1208; 834.49854;
 366.09119; 836.05359;
 379.08047; 836.57019;
 104.12492; 838.07666;
 817.50378; 838.8949;
 858.17212; 840.17712;
 494.49213; 844.32458;
 99.663071; 845.02899;
 1007.7837; 845.61353;
 353.32584; 848.79932;
 200.53542; 854.67493;
 98.934944; 856.51379;
 111.94947; 855.64917;
 267.01718; 857.02173;
 806.2348; 857.58258;
 276.41589; 859.18213;
 646.15967; 861.09229;
 816.49451; 861.41101;
 920.13184; 867.96985;
 470.591; 873.69653;
 818.76044; 874.17957;
 320.1398; 875.33557;
 677.10486; 877.28882;
 928.50372; 878.41687;
 456.80765; 879.66302;
 652.36859; 879.81537;
 812.07648; 880.03998;
 314.7518; 881.20599;
 938.87219; 881.20764;
 818.95251; 883.47284;
 673.60712; 884.61133;
 345.51056; 885.51733;
 331.70285; 886.66406;
 867.82709; 888.21454;
 920.53503; 888.57697;
 812.32861; 891.43488;
 949.03198; 892.43475;
 45.394379; 895.15594;
 810.20197; 895.46844;
 916.64276; 894.55524;
 297.8082; 895.90771;
 960.89264; 896.79272;
 36.813988; 898.34039;
 252.39627; 898.55939;
 702.4411; 900.08636;
 401.77829; 901.30725;
 814.54999; 906.23822;
 412.90353; 908.84357;
 193.62323; 913.99426;
 415.17068; 920.02942;
 703.60638; 919.96198;
 60.764427; 921.1972;
 712.71948; 921.06104;
 184.21095; 922.49939;
 261.05627; 923.19208;
 368.87567; 923.18903;
 670.91241; 923.39532;
 488.41602; 923.41022;
 409.61798; 924.3678;
 479.80197; 925.8562;
 504.93393; 925.74359;
 166.74951; 928.72375;
 256.53693; 929.16278;
 45.485199; 930.53876;
 471.88837; 929.97247;
 865.71906; 929.49512;
 499.30212; 930.90839;
 369.4198; 932.85602;
 417.43085; 934.74493;
 199.12778; 937.14941;
 409.71365; 937.29889;
 466.53467; 938.34741;
 223.86414; 939.33575;
 885.15936; 940.6546;
 919.86719; 940.56995;
 963.67267; 941.28857;
 150.12808; 943.87347;
 370.30222; 944.31671;
 238.43614; 944.99994;
 187.67848; 947.83813;
 653.79645; 948.27496;
 607.4184; 948.66718;
 380.8996; 953.05743;
 896.67474; 952.7746;
 227.63794; 954.73431;
 710.25995; 955.15942;
 527.37085; 956.09583;
 720.13464; 957.25989;
 427.72482; 957.46277;
 890.47375; 958.21429;
 777.02063; 960.76758;
 704.82135; 962.58289;
 749.5957; 962.24072;
 422.1568; 963.59113;
 580.43896; 964.95703;
 146.98079; 965.80719;
 589.62146; 965.79321;
 1004.8675; 966.63348;
 738.50281; 968.59894;
 535.87964; 969.72729;
 427.37387; 971.59595;
 143.55684; 973.18494;
 481.4946; 973.18005;
 1000.3663; 973.9389;
 567.50043; 976.04028;
 576.82587; 976.16644;
 955.84052; 975.62646;
 1015.6124; 975.36322;
 470.33859; 977.25916;
 536.21234; 977.66132;
 683.45984; 978.40302;
 721.68292; 979.35828;
 152.10051; 980.02844;
 101.65681; 982.08173;
 433.41589; 984.16577;
 664.32916; 983.51428;
 1013.869; 985.25934;
 443.02649; 985.56396;
 679.92426; 985.7627;
 892.789; 985.54877;
 455.90161; 986.85791;
 466.6633; 990.39001;
 877.83942; 990.35333;
 450.31857; 991.82367;
 650.78107; 993.40381;
 789.74554; 993.479;
 212.07643; 993.66077;
 870.57086; 994.41931;
 887.93066; 994.51453;
 145.57681; 995.74121;
 694.65851; 1000.3365;
 782.17487; 1000.1382;
 684.85895; 1002.2368;
 869.65698; 1001.8231;
 202.89169; 1002.9458;
 211.79431; 1003.0905;
 805.79749; 1004.8252;
 839.42987; 1006.1094;
 733.48352; 1007.4884;
 902.25653; 1007.6375;
 97.992493; 1008.5193;
 831.99884; 1009.6224;
 198.88408; 1012.397;
 356.48209; 1012.4704;
 160.26424; 1012.4408;
 655.30023; 1012.398;
 909.57733; 1013.4662;
 338.13745; 1014.1525;
 923.79248; 1014.1091;
 736.46783; 1014.4269;
 411.29163; 1019.5273;
 156.78622; 1020.2371;
 346.05823; 1019.9794;
 1020.3069; 138.19322;
 741.68384; 781.96606;
 1007.1127; 975.38629;
 866.73871; 3.7430811;
 1019.2488; 5.7464118;
 906.52893; 8.0377083;
 856.55609; 8.9236679;
 995.28033; 8.7684927;
 655.17029; 10.215362;
 722.80438; 10.943395;
 734.06262; 13.721585;
 7.7624826; 22.028847;
 446.81186; 32.337444;
 711.87952; 43.864105;
 189.14186; 53.779701;
 871.35864; 59.023296;
 983.0824; 61.33255;
 731.23297; 63.472511;
 863.46112; 68.561302;
 27.14835; 72.920181;
 894.97363; 80.093124;
 233.41203; 82.00795;
 975.27985; 81.789413;
 442.17343; 85.167755;
 19.748045; 97.860344;
 381.11624; 100.50061;
 350.66647; 103.3576;
 206.70671; 104.61486;
 1013.7664; 109.50499;
 245.9415; 111.70827;
 474.84415; 113.73013;
 196.923; 126.91234;
 859.01923; 125.62725;
 1011.7729; 133.28532;
 852.98175; 134.56325;
 741.18311; 136.97104;
 1014.7104; 144.44893;
 734.69629; 147.29329;
 824.37579; 155.60081;
 1005.4002; 157.43132;
 37.850735; 165.02641;
 747.55194; 165.49953;
 966.75677; 165.20302;
 1013.8622; 166.57301;
 863.26019; 168.77318;
 1002.3716; 168.44995;
 445.00928; 173.25122;
 627.16339; 183.30821;
 7.6853662; 188.93391;
 503.09134; 199.6474;
 646.02606; 202.32135;
 707.6347; 202.88654;
 497.91855; 211.39029;
 1012.0956; 214.13004;
 3.9330492; 218.39406;
 514.61853; 230.84328;
 187.39461; 242.42743;
 669.6073; 242.63887;
 816.32806; 248.22801;
 692.48688; 253.85416;
 653.39679; 256.38651;
 797.09143; 258.19473;
 758.2793; 267.00229;
 440.27322; 277.28961;
 759.11945; 286.16644;
 618.53625; 289.63388;
 415.38522; 291.14032;
 12.553432; 300.42902;
 789.93579; 303.33282;
 659.23468; 320.57394;
 621.4566; 325.76413;
 93.763802; 329.9104;
 869.68597; 331.73022;
 656.73761; 334.40021;
 77.924103; 341.87952;
 666.94043; 342.12146;
 404.93643; 352.52512;
 494.31326; 352.04211;
 624.82288; 364.07266;
 636.48016; 366.61469;
 438.50351; 379.3118;
 887.04095; 379.48245;
 870.9212; 388.31851;
 775.75818; 391.47241;
 731.84161; 391.74734;
 965.91052; 393.62012;
 738.90216; 396.4534;
 7.4747596; 396.87491;
 941.49713; 396.65079;
 443.72491; 399.37018;
 850.38232; 400.56137;
 16.827557; 406.01529;
 558.20007; 408.29321;
 471.09613; 409.44537;
 435.55331; 415.47406;
 552.29926; 415.45258;
 742.80621; 415.25952;
 788.07904; 418.72546;
 353.82599; 419.64008;
 638.76404; 420.81436;
 336.92169; 428.53601;
 315.87772; 432.71527;
 300.65457; 438.11624;
 121.88808; 442.10275;
 912.21545; 443.66394;
 515.10773; 454.06577;
 351.74191; 456.78259;
 538.94525; 479.13898;
 754.13086; 482.48071;
 1014.3989; 491.32675;
 476.83633; 506.07816;
 369.85391; 521.03467;
 152.37514; 524.40796;
 446.28815; 541.86993;
 587.04004; 550.08899;
 466.34464; 553.48737;
 823.84973; 563.27533;
 813.02728; 566.52301;
 180.39838; 569.19464;
 192.4985; 585.01801;
 91.565483; 587.35144;
 1004.0886; 590.06403;
 512.49609; 594.17169;
 44.353897; 596.65668;
 348.80185; 597.4082;
 194.25139; 601.00879;
 77.345055; 607.0827;
 547.85291; 616.39697;
 60.136497; 620.74255;
 71.22084; 623.38733;
 530.19659; 623.79138;
 894.49768; 637.065;
 108.16929; 639.9718;
 160.02351; 667.43811;
 534.68927; 669.05304;
 947.86395; 673.69214;
 871.72974; 687.44855;
 544.39178; 691.23077;
 293.29288; 692.81488;
 226.42915; 704.40057;
 985.56134; 706.15729;
 928.49426; 710.4856;
 381.64935; 711.11389;
 214.9568; 713.93146;
 455.67047; 715.13806;
 227.86995; 716.62585;
 990.49554; 724.67084;
 933.96423; 727.04352;
 1000.4388; 731.51819;
 289.10785; 733.85712;
 360.86804; 741.9585;
 703.37115; 751.43475;
 164.09366; 755.85883;
 948.01324; 757.9046;
 25.456924; 759.01917;
 1018.975; 758.85107;
 761.46576; 763.78613;
 365.39468; 767.53394;
 29.025114; 774.34766;
 17.014666; 782.65222;
 238.46661; 783.67102;
 902.2948; 789.02747;
 421.01154; 791.18951;
 267.63437; 792.71265;
 231.35333; 794.77136;
 913.55481; 794.42133;
 475.24475; 802.89386;
 423.12881; 806.38696;
 635.38049; 809.15179;
 872.21625; 819.03412;
 1003.7764; 823.12701;
 1012.4766; 834.66052;
 104.23106; 837.16791;
 380.12503; 837.20062;
 928.63013; 878.32007;
 343.68054; 883.47107;
 673.68707; 885.02441;
 413.03635; 908.23859;
 867.75104; 909.59839;
 61.465271; 919.17334;
 488.6886; 922.99445;
 671.16473; 923.10132;
 506.95346; 924.28156;
 471.91037; 929.26154;
 256.60379; 929.42291;
 418.41562; 935.29889;
 189.14439; 937.9577;
 408.8403; 938.79523;
 964.22052; 940.63165;
 186.87827; 947.38745;
 607.5675; 949.64117;
 381.3335; 952.27063;
 227.14508; 954.10248;
 897.95105; 953.65509;
 889.8064; 959.07593;
 420.06979; 962.1474;
 704.95898; 963.48853;
 579.52612; 965.23407;
 590.84357; 965.78168;
 1005.9896; 965.46045;
 427.37424; 972.91901;
 1017.9412; 974.68164;
 536.19586; 978.82312;
 882.20905; 981.75073;
 455.40567; 985.37775;
 893.22229; 985.31427;
 449.87; 992.16016;
 145.07747; 995.45782;
 887.53442; 994.78906;
 782.16559; 1000.8795;
 201.12924; 1002.8466;
 852.70172; 1003.4418;
 840.03723; 1005.5482;
 97.96521; 1007.7496;
 862.68701; 1012.3018;
 159.95166; 1010.5207;
 199.33243; 1012.7552;
 346.6189; 1019.1401;
 822.42145; 4.7404041;
 977.40497; 4.7495742;
 886.61481; 5.8304963;
 213.41495; 13.393985;
 443.5062; 14.420546;
 131.56702; 17.133644;
 1008.6946; 17.274206;
 313.30508; 18.50091;
 980.91809; 18.03764;
 912.71527; 20.161661;
 765.78967; 20.652739;
 680.89679; 21.597443;
 788.74762; 22.51833;
 995.8941; 22.566715;
 708.68024; 23.853195;
 312.22546; 24.619127;
 390.80795; 27.682322;
 670.01868; 29.641432;
 960.11963; 28.588072;
 828.06567; 30.493303;
 14.841717; 32.390545;
 208.99788; 32.116272;
 778.16083; 31.814131;
 905.97919; 31.638605;
 486.33417; 35.476097;
 991.28845; 36.22369;
 927.4342; 37.691772;
 381.8443; 39.579918;
 295.76801; 40.900234;
 846.59119; 41.614841;
 968.80994; 41.217339;
 890.7193; 41.641487;
 766.64716; 45.603699;
 205.78986; 47.037491;
 669.80872; 46.729351;
 737.96082; 47.383583;
 847.09967; 47.778439;
 917.89532; 47.363071;
 9.9139357; 52.111919;
 655.52924; 52.530704;
 431.21802; 54.167587;
 689.71057; 59.813736;
 896.08575; 60.073238;
 902.50739; 61.14275;
 637.35486; 61.806435;
 1013.3207; 62.030746;
 236.15617; 62.714218;
 788.38721; 63.376408;
 966.26447; 62.051262;
 210.74524; 63.726521;
 832.40613; 64.451599;
 814.58392; 65.639252;
 916.07129; 65.033531;
 1017.8076; 66.08007;
 883.29138; 67.415634;
 365.61029; 68.06472;
 12.758397; 68.726273;
 212.78581; 68.238571;
 681.90857; 69.174332;
 446.53802; 72.088547;
 647.78046; 73.959274;
 352.09152; 75.088219;
 963.06671; 75.455231;
 286.09848; 75.823334;
 874.74921; 75.882652;
 724.61023; 77.373512;
 787.98578; 78.732834;
 663.52502; 78.4785;
 186.92563; 79.458435;
 416.81808; 79.869041;
 459.83655; 80.070793;
 871.35016; 82.722946;
 949.24408; 82.647812;
 70.003159; 84.94915;
 36.030842; 85.902939;
 818.89911; 86.318626;
 704.3537; 87.872406;
 886.4093; 89.670692;
 184.44603; 92.634308;
 89.647629; 93.106003;
 114.75901; 92.696381;
 856.67255; 92.892632;
 998.87036; 95.46891;
 50.282166; 96.362053;
 911.96771; 96.473213;
 65.261459; 96.637016;
 585.24243; 99.705612;
 1013.293; 100.38908;
 705.40192; 101.56126;
 744.10883; 101.28167;
 405.78235; 103.22623;
 479.85251; 103.28381;
 739.17316; 104.84492;
 728.8288; 108.94706;
 909.84351; 109.12989;
 990.27032; 109.93922;
 229.27902; 110.84856;
 1000.3682; 111.98592;
 854.4032; 112.83392;
 362.29831; 115.72018;
 398.76944; 116.51215;
 968.58679; 116.44218;
 204.87505; 118.0217;
 572.33258; 117.80177;
 1006.5569; 119.23996;
 931.72455; 120.79329;
 736.01752; 125.52091;
 704.32562; 131.75253;
 213.20714; 132.42598;
 999.71631; 132.48138;
 930.92053; 134.25406;
 403.97787; 135.75444;
 213.37192; 136.58464;
 650.89941; 140.22472;
 882.11957; 141.78169;
 944.11414; 141.5468;
 185.2774; 142.88481;
 443.45563; 142.63609;
 832.32727; 144.43777;
 994.27026; 147.2115;
 691.76111; 148.01202;
 418.43637; 149.09277;
 440.01495; 148.51639;
 314.89059; 150.73254;
 482.35712; 150.84758;
 871.90985; 151.55159;
 708.40521; 153.86455;
 46.956966; 154.53268;
 381.26666; 156.10916;
 660.50781; 156.87962;
 655.22559; 157.41161;
 430.72708; 159.34978;
 835.88843; 159.2773;
 80.938759; 159.81488;
 307.33469; 163.33578;
 812.17035; 162.83231;
 395.67145; 165.91994;
 845.03027; 169.84784;
 73.375946; 171.64679;
 648.4646; 172.13615;
 825.27441; 171.90005;
 457.02893; 173.32304;
 688.13104; 174.5081;
 188.10272; 176.35712;
 924.26642; 175.67778;
 39.945637; 177.36414;
 878.4549; 178.44208;
 1012.4464; 178.2072;
 859.92084; 178.73711;
 267.00806; 180.59865;
 983.81781; 181.61574;
 129.48; 186.26622;
 942.07715; 186.09515;
 990.70007; 188.3123;
 244.56975; 192.43748;
 670.02667; 191.85162;
 334.2655; 192.25841;
 872.60272; 193.92395;
 714.80682; 194.3701;
 978.08203; 196.48302;
 1001.1826; 199.47122;
 153.1254; 205.62683;
 950.67743; 204.21873;
 374.3812; 206.29138;
 966.56836; 206.09088;
 238.24792; 207.15179;
 992.60712; 210.34448;
 745.73157; 212.17955;
 272.44794; 213.52841;
 652.86407; 214.32739;
 939.70648; 214.23625;
 227.09206; 215.03503;
 976.02411; 215.72046;
 549.63086; 216.39323;
 568.43921; 216.86848;
 181.73145; 219.25261;
 520.19086; 219.95526;
 867.74438; 220.80995;
 87.740662; 222.62561;
 10.234108; 227.38438;
 539.29126; 225.09198;
 640.15625; 226.34236;
 742.2876; 227.58179;
 1011.0406; 226.64108;
 365.72473; 227.88625;
 559.07251; 228.88765;
 266.45096; 231.70938;
 675.86353; 232.59171;
 710.12054; 233.59123;
 757.94159; 235.56075;
 572.63837; 237.26767;
 73.404892; 241.07069;
 240.91231; 242.22609;
 968.00293; 242.14133;
 854.89447; 243.38147;
 653.0661; 243.73984;
 264.33081; 244.83368;
 363.98792; 244.68629;
 767.64594; 246.52458;
 31.973341; 246.79778;
 434.19574; 248.40779;
 590.57782; 247.39571;
 239.29117; 251.43872;
 640.36432; 253.01161;
 752.00946; 254.80019;
 889.39117; 255.40488;
 184.91069; 255.60754;
 355.33853; 256.07718;
 607.34454; 255.92233;
 877.46191; 257.37909;
 1012.6458; 257.11264;
 227.34042; 260.56906;
 371.38663; 259.35022;
 637.38605; 266.34;
 23.03159; 266.67645;
 900.242; 270.43686;
 1000.7609; 273.47006;
 4.9289565; 275.93097;
 171.81702; 279.40466;
 306.36768; 278.75681;
 990.15973; 280.50986;
 223.56096; 280.87695;
 656.43335; 281.40488;
 325.39441; 281.39713;
 43.704159; 284.86011;
 827.60455; 287.40366;
 835.00085; 288.89807;
 294.64139; 290.28455;
 624.63202; 293.3096;
 306.1525; 294.53864;
 215.20723; 296.03564;
 864.02734; 296.97919;
 917.57001; 297.32837;
 50.739422; 300.39694;
 1017.9967; 301.70895;
 38.648464; 303.58044;
 147.11548; 303.52295;
 368.27811; 303.03152;
 777.07928; 303.67776;
 930.09821; 306.76852;
 639.63; 308.85034;
 751.05548; 308.27029;
 296.36328; 309.17834;
 353.6861; 308.51669;
 767.82166; 311.42172;
 406.69525; 311.49924;
 288.30331; 317.50543;
 44.199142; 319.29895;
 697.591; 320.72083;
 938.94788; 320.00671;
 647.33087; 323.63577;
 703.2359; 325.19449;
 809.59448; 326.58884;
 849.92096; 326.84305;
 70.013252; 328.01321;
 235.73604; 327.47208;
 279.80841; 330.21701;
 797.44824; 330.24725;
 669.7132; 330.53879;
 773.64307; 330.46381;
 695.04291; 333.93256;
 743.58789; 333.86166;
 615.08832; 337.69531;
 177.55591; 339.44241;
 700.25244; 339.83438;
 237.30598; 342.66013;
 791.32184; 343.11707;
 416.41437; 347.5459;
 68.353973; 349.46979;
 887.45081; 349.98901;
 42.58197; 351.23526;
 625.00165; 351.37488;
 812.36816; 355.02249;
 847.78931; 360.9986;
 710.59552; 364.18533;
 169.61653; 366.41278;
 773.04974; 368.93326;
 610.48712; 372.54279;
 947.26782; 372.97913;
 899.76392; 375.57138;
 1002.5765; 375.68365;
 163.93091; 377.46536;
 252.16368; 376.89691;
 703.1449; 377.33072;
 25.315666; 379.97311;
 9.0948629; 382.30115;
 725.23712; 382.59729;
 685.76917; 382.50217;
 759.5047; 386.20959;
 995.2948; 386.24597;
 636.32385; 388.98779;
 709.46741; 390.36377;
 436.72916; 392.17673;
 860.85077; 391.78857;
 1011.7753; 394.30521;
 52.200077; 394.61459;
 677.35913; 394.72849;
 753.04431; 397.93793;
 567.67999; 400.91031;
 250.48477; 402.26004;
 581.94769; 403.24442;
 457.16739; 404.5097;
 727.09821; 405.78345;
 765.69397; 405.59705;
 960.09344; 406.29721;
 5.2521205; 408.77515;
 1009.3561; 409.54272;
 372.63577; 410.07349;
 666.24146; 410.55634;
 697.7323; 410.99396;
 226.17773; 411.996;
 648.81036; 412.66403;
 464.33902; 418.43024;
 918.39117; 417.6301;
 954.52771; 418.14661;
 323.46228; 423.24609;
 496.64236; 424.05518;
 687.95667; 424.03745;
 112.72258; 429.23196;
 365.19028; 429.62796;
 123.34155; 431.61462;
 623.10297; 431.97391;
 785.91669; 431.9408;
 969.89063; 432.05908;
 688.01227; 433.35788;
 745.3186; 432.94608;
 749.86621; 432.6214;
 87.221298; 440.17471;
 48.988304; 440.84338;
 982.70276; 443.08609;
 101.95775; 448.59442;
 607.48285; 448.69168;
 291.21222; 450.94699;
 41.913277; 453.02902;
 568.60431; 456.36426;
 977.18896; 456.6683;
 258.14566; 459.42004;
 676.6134; 460.02692;
 730.38019; 459.55164;
 474.42596; 464.84943;
 492.1481; 465.49982;
 570.49408; 465.74127;
 248.65549; 468.59149;
 401.41327; 468.08096;
 346.66528; 470.43542;
 536.91455; 470.12729;
 760.20166; 470.13327;
 837.94708; 470.33334;
 909.43848; 470.29602;
 604.60992; 473.98987;
 863.44208; 475.66858;
 388.03745; 478.5947;
 487.37643; 478.49637;
 1005.8001; 478.81879;
 293.44278; 479.89615;
 561.3717; 480.20789;
 810.12372; 482.21225;
 358.51257; 484.52441;
 616.729; 485.43311;
 250.90701; 489.20499;
 286.6358; 491.95779;
 21.607971; 493.7088;
 1000.0499; 495.00095;
 602.12616; 497.01608;
 810.61102; 498.9494;
 753.04382; 502.36053;
 850.4306; 502.33673;
 455.89944; 504.66617;
 615.81061; 504.76712;
 709.18567; 506.33743;
 691.82184; 506.56238;
 823.13824; 506.8418;
 828.15088; 506.85382;
 824.76935; 511.19357;
 548.24579; 512.91583;
 446.54395; 513.74231;
 678.91467; 513.60211;
 733.20642; 513.75879;
 469.44843; 515.81799;
 357.64191; 516.87518;
 599.72113; 517.66412;
 754.12573; 517.81946;
 973.76385; 518.75458;
 102.06903; 523.49536;
 822.92554; 523.08746;
 611.48413; 523.66425;
 624.52411; 527.30859;
 966.27454; 529.24292;
 367.52133; 531.19055;
 454.73059; 532.22369;
 65.84198; 533.92133;
 886.68085; 535.1814;
 94.249825; 538.13043;
 378.23544; 540.90417;
 871.53448; 541.26068;
 593.69836; 541.63397;
 5.2462969; 545.36285;
 621.15027; 544.78625;
 830.54175; 544.85089;
 158.44562; 545.8186;
 680.56598; 546.84088;
 74.093544; 549.36542;
 147.48482; 551.2829;
 827.42548; 551.18878;
 394.73615; 555.79224;
 379.87985; 556.8064;
 515.45642; 556.45612;
 904.44647; 557.07495;
 163.01295; 564.75214;
 611.00958; 564.78125;
 1002.7356; 567.72144;
 456.28958; 568.15833;
 74.27803; 568.99872;
 215.60916; 569.21429;
 407.29343; 570.59338;
 508.99048; 570.44769;
 894.53583; 570.19336;
 791.92322; 571.18616;
 354.71271; 574.45648;
 494.22192; 574.73444;
 953.32745; 576.65143;
 1003.2134; 576.86993;
 99.961487; 577.72992;
 907.88672; 579.40839;
 608.3017; 579.81421;
 178.76942; 580.91479;
 397.51837; 582.31427;
 785.36285; 582.2608;
 35.87595; 583.4436;
 319.75574; 583.21509;
 803.65918; 582.78131;
 587.34009; 584.95404;
 488.54379; 586.38397;
 894.98431; 585.88385;
 352.00644; 586.7735;
 1017.8777; 589.09052;
 552.10138; 591.36499;
 403.52518; 593.02618;
 498.22128; 594.19562;
 855.48322; 595.8208;
 315.12677; 597.27423;
 29.408487; 598.93182;
 83.5392; 598.8183;
 1010.3214; 600.00684;
 673.1687; 600.88196;
 834.23706; 601.09607;
 22.106728; 605.00165;
 414.08334; 605.01324;
 273.30014; 606.29095;
 505.18713; 607.62268;
 975.4411; 607.13776;
 227.47604; 612.39398;
 535.73199; 611.78149;
 950.42352; 611.60925;
 83.360565; 612.92291;
 966.11884; 617.59564;
 16.792843; 617.80786;
 633.40594; 619.13666;
 364.94348; 619.75116;
 405.65063; 619.72711;
 843.95471; 620.32739;
 220.64084; 622.95508;
 102.70813; 625.02026;
 942.49817; 625.77625;
 53.87225; 635.62231;
 307.36893; 635.50494;
 999.09515; 636.52185;
 146.93102; 643.21765;
 938.45294; 643.65283;
 345.66638; 643.2561;
 36.502529; 646.35254;
 401.45309; 645.90326;
 360.98953; 647.19861;
 538.86414; 646.69592;
 62.211876; 653.31482;
 309.53366; 653.37109;
 113.08901; 653.5199;
 407.99255; 654.85059;
 988.10919; 654.88092;
 860.29114; 658.15131;
 1018.1297; 658.8653;
 939.39832; 660.07581;
 832.69263; 661.53137;
 545.42267; 662.78076;
 653.77454; 663.81232;
 319.80179; 666.15936;
 114.56448; 667.93372;
 930.76355; 672.2002;
 1012.6758; 674.06995;
 358.33044; 675.7746;
 869.27008; 676.50629;
 489.90314; 678.0246;
 1017.6895; 677.71722;
 47.267956; 678.99817;
 334.56592; 679.94623;
 541.14514; 680.05743;
 482.54114; 680.82611;
 772.9729; 681.87939;
 118.36855; 682.71533;
 793.94458; 683.12457;
 958.68024; 683.57574;
 603.96661; 686.28912;
 449.38489; 686.87012;
 105.46789; 688.9541;
 729.9483; 688.89392;
 117.5294; 691.99182;
 129.30891; 692.35913;
 820.09216; 693.35059;
 253.62096; 696.98596;
 968.59882; 696.34039;
 442.3298; 700.23993;
 724.81451; 701.97919;
 812.33008; 701.93896;
 543.30554; 702.94092;
 668.36627; 706.10883;
 531.02661; 711.98273;
 694.12817; 709.30457;
 819.0553; 709.17395;
 673.7171; 711.10553;
 245.71352; 712.31921;
 304.93384; 712.41888;
 824.72345; 715.3609;
 80.182617; 714.66296;
 325.85333; 718.1947;
 942.59247; 717.77985;
 129.02153; 720.90051;
 206.8365; 722.25452;
 300.29153; 726.14557;
 724.8075; 726.71295;
 87.016296; 727.80957;
 102.14062; 727.41461;
 361.26617; 728.18304;
 413.6611; 727.71771;
 117.73527; 730.29834;
 595.52435; 733.4187;
 206.69055; 734.3288;
 334.242; 733.48315;
 732.1557; 734.42432;
 177.32788; 736.57861;
 241.83702; 735.33502;
 516.05884; 740.30652;
 438.26303; 738.32251;
 935.50073; 744.27771;
 416.11758; 745.99438;
 1005.6871; 747.04889;
 342.54941; 747.52734;
 519.60431; 747.52045;
 754.97272; 753.51703;
 610.7373; 755.95166;
 370.34137; 756.27637;
 509.88058; 757.94147;
 1000.5074; 757.93048;
 206.01036; 758.33685;
 12.459506; 760.10596;
 479.862; 760.3158;
 625.69672; 760.01611;
 568.12354; 760.63196;
 967.74786; 762.01324;
 17.245646; 771.91388;
 196.18005; 772.35242;
 416.91592; 775.23462;
 581.90875; 776.4281;
 811.00726; 779.31384;
 908.24231; 778.67633;
 827.8075; 782.83203;
 387.21774; 786.58447;
 410.56494; 788.18683;
 622.06586; 788.73969;
 747.21204; 789.86371;
 334.67407; 791.01257;
 12.662861; 793.18591;
 48.005756; 794.78009;
 936.68646; 794.44092;
 401.88562; 795.72015;
 775.53802; 798.50232;
 38.909351; 802.28516;
 329.18994; 804.18372;
 552.40552; 803.79309;
 649.17053; 803.61145;
 18.664955; 805.55609;
 1010.655; 808.2038;
 816.62994; 810.86963;
 250.86069; 813.10217;
 111.70325; 814.58405;
 381.87878; 813.97498;
 1011.8743; 814.97089;
 416.80502; 817.95398;
 647.57825; 817.72778;
 893.28522; 818.67535;
 888.56561; 819.86029;
 819.86731; 824.13062;
 114.80982; 824.43597;
 653.41632; 833.2475;
 505.45007; 835.16962;
 89.655594; 837.00952;
 272.27893; 837.74133;
 818.54749; 838.5705;
 493.34482; 844.80402;
 271.30438; 845.98163;
 1006.1038; 846.43872;
 352.67581; 851.69696;
 94.956673; 855.54626;
 279.11136; 858.07025;
 641.52185; 858.24365;
 627.61621; 858.48315;
 804.35577; 859.53308;
 359.45294; 859.79138;
 769.62091; 860.64362;
 670.85449; 863.17175;
 613.57635; 864.29163;
 931.44604; 867.09784;
 273.27789; 872.04138;
 469.79697; 872.8902;
 664.39758; 873.14905;
 361.13141; 873.98053;
 36.75; 874.55908;
 458.01663; 877.57501;
 821.64789; 878.12067;
 326.57391; 881.06232;
 436.32919; 882.32458;
 949.14246; 889.50592;
 660.19507; 891.47748;
 811.38818; 892.59155;
 300.09387; 894.38098;
 321.26242; 895.1452;
 48.046364; 895.52087;
 984.49725; 899.68243;
 400.24316; 902.34503;
 5.1256728; 905.10675;
 815.41815; 906.0683;
 374.54367; 909.71106;
 722.87811; 911.66254;
 990.5014; 912.64215;
 805.62775; 916.51563;
 700.78192; 917.49823;
 715.1698; 922.97552;
 868.64575; 926.45282;
 370.3114; 932.83301;
 500.04755; 933.00757;
 719.68512; 936.50073;
 607.93158; 935.26581;
 360.31531; 936.48389;
 799.47406; 936.9502;
 367.78073; 943.32166;
 883.42737; 942.5614;
 655.59174; 945.75946;
 786.00702; 945.84113;
 710.86285; 950.58832;
 428.78809; 952.22577;
 756.80676; 953.74225;
 712.93488; 955.54358;
 4.9166775; 956.71271;
 105.07059; 956.56592;
 776.22186; 962.12891;
 378.8493; 964.93604;
 747.76819; 964.88104;
 537.71893; 965.85583;
 996.11554; 972.33899;
 511.88037; 972.97223;
 564.65009; 974.92346;
 154.35469; 976.47644;
 681.7923; 977.10815;
 469.00098; 978.50708;
 665.63971; 981.005;
 438.83008; 985.16168;
 1011.9586; 986.58264;
 790.51648; 991.26233;
 651.07159; 992.20697;
 720.33685; 1003.4623;
 1015.4874; 1003.9148;
 687.91376; 1005.1096;
 357.99146; 1009.692;
 655.59991; 1009.8575;
 734.89026; 1010.7031;
 912.70306; 1010.9293;
 785.42505; 1011.1395;
 830.61371; 1013.949;
 154.96684; 1018.2532;
 411.65134; 1018.2364;
 886.91284; 1017.967;
 1017.9705; 148.12723;
 741.4295; 777.10986;
 887.63971; 5.5482345;
 978.65192; 5.5349197;
 980.19019; 18.371914;
 928.44397; 36.16333;
 992.99292; 36.855999;
 382.16742; 41.172352;
 966.20691; 61.369392;
 210.85263; 64.987823;
 1017.0745; 64.672684;
 451.83209; 76.139374;
 351.38489; 75.443687;
 724.84161; 77.253792;
 187.77585; 75.732803;
 663.89539; 77.863708;
 1009.8747; 79.803932;
 886.47705; 95.801315;
 810.67004; 94.315712;
 999.35852; 94.698692;
 912.60718; 95.566193;
 585.77832; 100.00365;
 702.8681; 101.91737;
 229.87335; 110.97556;
 1018.7349; 113.22115;
 399.75888; 122.59838;
 207.00729; 118.71845;
 195.41846; 127.16228;
 404.13968; 136.25458;
 1016.8989; 136.15344;
 836.2121; 158.41254;
 810.0047; 160.22304;
 307.60803; 163.24326;
 825.52936; 171.09129;
 1008.978; 178.26385;
 989.64697; 187.89919;
 243.37669; 192.78288;
 978.25201; 198.62477;
 1001.8394; 199.6888;
 151.83195; 203.34949;
 949.65643; 203.85072;
 552.08929; 211.18457;
 567.99811; 216.34038;
 10.194575; 226.86028;
 15.730583; 226.27505;
 1009.722; 226.69754;
 673.71136; 230.61932;
 573.1723; 238.09282;
 433.75195; 248.46437;
 751.52484; 254.36934;
 184.26515; 255.77809;
 354.44958; 256.62564;
 899.53918; 271.62946;
 840.41919; 302.9046;
 1017.2135; 302.15005;
 367.78046; 302.53799;
 146.82005; 304.28094;
 707.12817; 320.44821;
 491.33942; 331.68936;
 613.85162; 338.36954;
 596.87677; 364.88437;
 610.94745; 373.55997;
 703.26007; 377.26898;
 162.7525; 383.70911;
 873.44525; 384.5322;
 759.13593; 385.30502;
 732.01373; 390.27542;
 708.63055; 392.30087;
 1015.0523; 394.29181;
 1005.7711; 408.80872;
 917.75006; 417.54044;
 953.73865; 420.50717;
 785.67395; 432.21664;
 48.878983; 439.85675;
 82.909836; 437.67627;
 606.6712; 449.46576;
 41.091545; 453.93445;
 979.00031; 460.12839;
 730.73285; 458.07144;
 492.20679; 464.80579;
 248.54944; 469.58743;
 838.48724; 471.0253;
 604.76044; 472.54688;
 823.41315; 507.35141;
 829.29578; 507.2666;
 818.7901; 526.2514;
 962.3902; 534.4447;
 455.43607; 531.02222;
 367.73886; 531.53046;
 94.04023; 538.6217;
 621.04071; 544.62665;
 902.00659; 557.98505;
 894.72809; 569.79651;
 508.59067; 570.74414;
 173.43205; 582.99268;
 210.88586; 583.26117;
 889.5058; 588.06677;
 1000.9338; 604.68561;
 82.242264; 597.68292;
 674.82251; 607.23431;
 974.47864; 605.96552;
 502.14395; 607.87061;
 102.6507; 623.87561;
 942.92163; 626.36176;
 547.6936; 633.34985;
 52.961315; 634.50623;
 539.04767; 646.10693;
 35.647465; 646.49713;
 304.57385; 654.52051;
 1017.3396; 656.96167;
 928.70776; 678.49481;
 850.16272; 677.58502;
 533.73926; 675.87933;
 63.034199; 680.27246;
 792.40466; 684.87872;
 962.98193; 694.01544;
 806.29749; 698.45966;
 79.734985; 714.0589;
 362.42099; 727.70837;
 86.833298; 728.3985;
 289.4256; 735.82178;
 343.35818; 746.32684;
 758.4137; 753.50647;
 369.9675; 756.06226;
 196.99773; 771.79437;
 908.19867; 777.99457;
 17.167149; 789.98926;
 622.55609; 790.39471;
 329.715; 805.02362;
 416.76294; 818.65131;
 612.53931; 863.99524;
 824.71222; 873.8172;
 805.42841; 886.2464;
 661.50177; 892.00629;
 984.50281; 893.0946;
 5.7814226; 906.22986;
 417.84061; 912.00702;
 869.64465; 925.1748;
 374.61343; 929.9024;
 429.18219; 945.22192;
 366.22638; 943.43732;
 407.69901; 944.23798;
 105.85934; 955.84363;
 747.17438; 966.19354;
 157.71211; 974.1264;
 432.60406; 975.34167;
 156.533; 1006.7783;
 734.96094; 1010.8267;
 886.10724; 1017.0805;
 181.81223; 7.7591038;
 739.70142; 16.455404;
 684.43921; 17.682142;
 136.48355; 19.608843;
 710.0025; 23.535955;
 393.54358; 26.3724;
 848.28455; 43.57312;
 202.29012; 45.577225;
 791.82367; 60.915211;
 834.9801; 63.590984;
 852.54272; 67.58802;
 9.7380962; 73.357788;
 643.83185; 77.233269;
 462.659; 78.393532;
 870.84656; 79.800934;
 34.857117; 80.696716;
 483.55081; 97.667442;
 1008.61; 101.93851;
 410.30777; 102.74006;
 402.15948; 104.41021;
 212.3074; 111.91293;
 363.5278; 115.16617;
 995.05957; 114.05068;
 572.51929; 117.15447;
 933.78265; 119.5069;
 391.74762; 121.62798;
 882.98853; 136.36079;
 484.35809; 146.41161;
 995.4303; 147.04219;
 45.97905; 150.33009;
 973.88763; 160.06508;
 1014.067; 161.95886;
 388.22794; 158.16547;
 847.29749; 172.15509;
 645.41724; 172.86006;
 743.46161; 174.14407;
 982.3905; 179.79877;
 41.560852; 180.95271;
 105.47071; 181.51114;
 129.23138; 181.03856;
 162.26257; 189.61732;
 646.72931; 194.65274;
 272.56946; 214.2108;
 995.45123; 216.86694;
 651.85693; 217.75687;
 936.96893; 220.89014;
 870.28766; 222.43517;
 537.4859; 226.29672;
 28.6024; 233.26878;
 830.6601; 239.03397;
 853.51428; 241.23772;
 608.09967; 258.797;
 18.15682; 262.68219;
 636.10114; 271.17273;
 740.45581; 284.33383;
 294.88898; 286.49875;
 988.38904; 287.89249;
 605.37311; 292.94205;
 627.26221; 293.3537;
 214.5932; 295.64737;
 864.4325; 300.88626;
 932.32593; 310.99353;
 405.22931; 312.37085;
 645.51965; 316.79834;
 63.15218; 324.35287;
 849.02936; 325.52499;
 114.9164; 329.27887;
 666.32806; 328.33575;
 793.68622; 346.8508;
 87.435997; 348.28052;
 628.19464; 349.16086;
 399.87152; 358.68799;
 712.98761; 358.3143;
 58.073315; 366.39001;
 171.97298; 366.67908;
 419.6366; 369.82181;
 949.87488; 369.59253;
 774.97961; 371.92157;
 256.79697; 376.35596;
 7.6814985; 383.12317;
 26.401264; 383.66357;
 991.50165; 386.84915;
 435.77676; 395.55322;
 30.910748; 402.34503;
 248.42204; 403.56009;
 699.28442; 413.63815;
 536.8894; 439.12671;
 469.82025; 423.72656;
 363.83929; 432.77271;
 688.28137; 430.70114;
 81.813904; 432.23315;
 620.04138; 433.72015;
 17.513556; 444.43649;
 260.02945; 459.17297;
 571.91632; 460.56512;
 404.25024; 465.17929;
 471.34668; 467.21338;
 343.97964; 470.85883;
 863.73401; 472.70468;
 537.099; 474.08249;
 1008.2401; 475.68863;
 840.26459; 479.68109;
 314.84204; 480.6423;
 559.89893; 480.7739;
 814.52637; 480.98111;
 21.508011; 492.48389;
 451.9025; 494.91431;
 284.33206; 496.11841;
 1004.0926; 497.68539;
 542.3642; 511.01212;
 836.20392; 516.27008;
 101.92371; 520.78583;
 607.21307; 521.53571;
 577.21796; 531.16748;
 600.74261; 541.78589;
 676.01996; 546.50604;
 831.5321; 547.91711;
 516.16327; 553.41602;
 376.29739; 557.08026;
 496.3743; 560.27698;
 184.97917; 568.4295;
 612.90234; 562.86487;
 393.84299; 563.7243;
 219.92093; 565.90271;
 74.005035; 568.70673;
 162.96974; 570.02771;
 102.67671; 574.96838;
 400.50598; 588.52466;
 281.51007; 586.86475;
 509.87759; 589.33478;
 76.452232; 591.30408;
 352.64371; 590.63495;
 685.50446; 592.39148;
 314.69257; 601.19507;
 200.87056; 603.20013;
 227.8774; 610.57697;
 310.80423; 633.35242;
 148.04272; 642.52948;
 407.36072; 650.87378;
 655.24866; 661.47858;
 550.70148; 662.48431;
 835.02496; 662.72705;
 708.73071; 666.03284;
 1015.3037; 678.7475;
 55.895836; 694.97455;
 8.6627445; 706.88458;
 991.61609; 706.99469;
 535.25061; 705.05048;
 941.05139; 719.3609;
 102.0624; 721.50909;
 721.03638; 723.60126;
 206.6026; 729.49579;
 120.41939; 733.47534;
 247.49785; 732.63477;
 597.52002; 733.17676;
 936.50208; 738.89368;
 510.40625; 759.29041;
 830.5957; 777.10706;
 29.730646; 779.35309;
 634.06787; 779.96991;
 552.77509; 800.10181;
 41.988556; 807.5238;
 252.74104; 809.65985;
 1009.4759; 810.55524;
 893.78253; 821.24799;
 862.44244; 837.67731;
 1000.3519; 844.50464;
 281.08371; 853.52417;
 673.9472; 866.50732;
 272.46548; 875.42908;
 429.00717; 879.27502;
 924.7616; 880.25165;
 949.75653; 885.82367;
 693.53656; 914.03809;
 30.020308; 945.48474;
 385.1001; 946.0451;
 710.43805; 950.73456;
 8.5579729; 964.09943;
 1014.0361; 967.90674;
 662.95184; 977.88538;
 700.47467; 983.30072;
 499.09198; 983.6557;
 358.68466; 1005.8939;
 1015.0018; 1006.4849;
 380.49878; 8.5934906;
 311.93649; 21.384472;
 909.16736; 25.374884;
 671.93475; 37.630196;
 893.88959; 37.95351;
 910.72406; 42.526657;
 735.00305; 52.30312;
 652.28906; 56.133228;
 806.53595; 95.229568;
 744.05334; 96.680031;
 906.50153; 115.21822;
 1020.0714; 131.44939;
 207.39537; 134.66658;
 709.22668; 136.42424;
 1014.8873; 149.04849;
 464.12177; 166.96144;
 852.23773; 182.56136;
 338.89658; 187.0806;
 551.9375; 233.76028;
 584.71057; 241.70688;
 765.83374; 240.53485;
 672.77057; 242.30939;
 243.36322; 246.99977;
 981.98639; 278.86737;
 9.0235767; 283.95859;
 358.10071; 303.16641;
 781.32574; 303.10526;
 291.62286; 313.17111;
 945.85144; 317.87555;
 776.92029; 323.76157;
 240.62569; 324.08652;
 695.32019; 337.60486;
 654.98901; 350.50119;
 889.18854; 352.36151;
 1008.329; 352.22958;
 852.7619; 367.55429;
 446.98767; 378.77432;
 588.61182; 405.1499;
 654.80762; 407.37445;
 1013.7534; 417.6655;
 958.08588; 426.47821;
 302.8754; 431.95868;
 669.32806; 465.90503;
 743.9527; 475.53531;
 246.41406; 477.68924;
 8.834054; 552.82996;
 347.36404; 544.39459;
 907.44922; 576.64502;
 213.67697; 579.25159;
 23.961266; 602.6087;
 397.78094; 620.15814;
 776.95905; 680.86554;
 219.25737; 705.83972;
 814.09747; 709.71338;
 134.30598; 717.46063;
 340.46451; 740.57471;
 19.911633; 740.00513;
 1004.9712; 731.44208;
 88.901039; 762.26385;
 9.0521326; 762.73413;
 911.5423; 780.91382;
 774.15826; 794.90894;
 642.43433; 793.0567;
 749.19257; 801.02179;
 110.88752; 819.92902;
 628.00531; 819.98248;
 652.22498; 837.2652;
 603.66394; 840.12335;
 633.59137; 859.14532;
 800.51282; 864.30194;
 1000.7817; 873.6864;
 876.32416; 874.72913;
 331.29254; 875.12476;
 320.96445; 898.40076;
 744.62952; 924.90723;
 720.84473; 929.60779;
 800.59009; 929.54755;
 358.97778; 938.58557;
 756.7984; 947.99786;
 813.0611; 17.566521;
 991.93066; 4.0816669;
 968.99554; 22.213474;
 210.91689; 24.281313;
 821.526; 25.107615;
 451.29535; 50.88316;
 466.94199; 54.055241;
 970.47034; 53.535961;
 380.87808; 69.037216;
 801.21356; 65.493668;
 291.92395; 62.610962;
 457.58755; 69.801186;
 194.55972; 74.265594;
 447.06235; 78.748505;
 636.98993; 84.398033;
 704.58667; 82.763916;
 955.10034; 82.709373;
 989.74438; 85.386238;
 825.29919; 87.501564;
 85.517731; 92.770683;
 706.32941; 93.826744;
 460.7308; 95.285988;
 184.06891; 99.939758;
 855.6167; 101.27574;
 733.55823; 102.15033;
 711.98169; 104.23397;
 1011.9384; 109.29974;
 221.77045; 110.29045;
 694.19977; 109.5947;
 427.50433; 137.95656;
 755.65155; 148.7034;
 652.95874; 150.09792;
 835.50653; 150.50945;
 865.15375; 157.09047;
 784.05774; 170.32845;
 804.737; 185.73392;
 164.18839; 186.18886;
 948.45123; 197.5403;
 680.97949; 209.11172;
 1014.4335; 201.47488;
 747.47064; 201.58176;
 554.84015; 208.34254;
 655.67719; 214.90042;
 235.69997; 215.99289;
 943.52435; 227.85582;
 544.0423; 225.44576;
 827.35931; 225.82381;
 737.01129; 230.32886;
 637.50824; 240.55214;
 11.026706; 254.33133;
 989.16119; 253.89775;
 796.46112; 265.27975;
 312.56137; 270.27618;
 226.504; 272.90622;
 967.48718; 275.02573;
 834.27008; 281.51013;
 729.12256; 285.91321;
 621.48041; 294.02045;
 858.19391; 295.85138;
 43.498844; 314.07831;
 208.43843; 318.49701;
 667.26147; 314.07578;
 737.62878; 326.29916;
 413.88461; 368.25461;
 449.11047; 368.68155;
 864.12787; 370.22888;
 430.67957; 377.67258;
 991.13782; 389.65265;
 239.42741; 405.37302;
 549.73932; 403.96698;
 36.412201; 411.03815;
 764.56653; 409.42612;
 979.86041; 420.22095;
 909.12042; 467.00473;
 409.3204; 471.97339;
 712.95831; 473.50241;
 745.08051; 488.091;
 701.48547; 504.87878;
 1012.3761; 504.96088;
 10.724065; 515.29999;
 802.58447; 513.8053;
 600.23547; 523.6618;
 349.0105; 531.45801;
 764.63086; 519.79657;
 638.77869; 527.93622;
 65.44635; 537.92126;
 167.12207; 540.93262;
 467.86893; 542.40723;
 599.31415; 551.19733;
 608.73718; 557.26819;
 782.39063; 558.14636;
 1010.1545; 574.57721;
 888.07892; 592.51459;
 544.78241; 597.8916;
 487.96365; 599.60699;
 661.43317; 598.74554;
 962.73773; 599.98413;
 205.28616; 603.8349;
 676.68414; 615.51752;
 12.840965; 629.93597;
 887.76477; 622.19019;
 81.217041; 624.91827;
 867.34094; 655.91351;
 41.871174; 655.93579;
 711.66034; 656.0387;
 122.96888; 660.67151;
 556.94568; 661.4375;
 695.48041; 681.05737;
 1012.2815; 677.60809;
 595.57086; 679.00385;
 733.65234; 680.35968;
 924.80573; 680.44733;
 539.5271; 681.00946;
 111.70909; 691.81946;
 79.914421; 705.1651;
 42.886841; 711.90527;
 999.69049; 702.44666;
 673.68256; 705.18134;
 336.6387; 710.0379;
 598.35968; 723.31403;
 69.781334; 742.69299;
 32.891331; 744.93915;
 604.18024; 760.36621;
 731.97351; 755.80237;
 1000.5833; 763.65991;
 334.42896; 766.03131;
 510.57346; 766.8866;
 843.94043; 758.28882;
 44.069027; 776.08636;
 733.71497; 789.97394;
 737.89667; 801.09711;
 384.14691; 812.92902;
 507.32712; 826.62427;
 11.032846; 841.60596;
 999.46912; 843.38721;
 96.788696; 849.81488;
 671.26697; 860.47113;
 606.82001; 861.76172;
 357.06732; 863.20422;
 773.47461; 870.65259;
 801.93018; 878.64868;
 921.41803; 879.39563;
 678.16827; 908.29279;
 293.42444; 916.61157;
 368.84286; 917.48187;
 987.6095; 919.62024;
 729.38928; 935.80804;
 387.48154; 938.32599;
 874.68347; 948.43427;
 714.68573; 954.76904;
 724.30212; 959.71686;
 601.94073; 964.1582;
 564.17267; 966.21423;
 661.69196; 970.76147;
 162.6062; 969.75964;
 442.42529; 976.49774;
 791.19751; 986.05353;
 670.50684; 987.97473;
 848.18158; 996.08978;
 408.70078; 997.01556;
 626.60205; 1000.3866;
 696.36298; 1010.9164;
 148.71036; 1008.2126;
 741.27057; 1011.7268;
 778.91772; 1012.1573;
 822.44696; 1012.3359;
 1012.0646; 1011.7172;
 674.43341; 9.7697668;
 274.10217; 13.023884;
 916.57001; 22.727413;
 656.81165; 64.326942;
 27.061825; 90.855583;
 243.89171; 129.16568;
 467.80685; 133.63359;
 14.464423; 127.65913;
 341.66882; 141.20294;
 691.28979; 163.15454;
 927.54407; 164.49858;
 877.13495; 168.72798;
 678.34113; 204.94633;
 325.92514; 214.51996;
 583.98108; 227.99144;
 666.87897; 232.2415;
 775.42377; 236.40974;
 539.46558; 243.16025;
 984.3042; 253.11455;
 670.9632; 252.40677;
 602.96442; 273.61127;
 350.53964; 272.24954;
 775.34943; 291.3631;
 663.27417; 293.35315;
 14.704295; 318.59827;
 338.11038; 336.6441;
 426.13074; 340.44571;
 277.61639; 342.39395;
 883.25299; 345.16824;
 227.59453; 354.92224;
 38.350819; 377.46796;
 52.812153; 388.57108;
 742.70599; 383.7662;
 155.52882; 388.8284;
 465.48868; 392.13705;
 506.97363; 411.03241;
 128.82475; 419.34814;
 990.16248; 425.33719;
 106.51283; 460.81073;
 607.21722; 462.90143;
 727.46021; 472.01514;
 859.44696; 497.7406;
 167.58664; 504.42554;
 404.67889; 563.40564;
 958.56622; 569.58466;
 148.87494; 581.31036;
 36.831997; 573.35236;
 97.000404; 582.52698;
 843.41687; 593.56055;
 388.84219; 600.6803;
 578.76208; 605.69617;
 632.00665; 618.69952;
 1008.5556; 623.25317;
 284.49945; 653.79572;
 978.93433; 660.87427;
 61.722252; 669.42749;
 680.96161; 674.85797;
 792.93951; 696.89166;
 215.2148; 695.67157;
 44.355484; 706.638;
 12.993312; 719.6416;
 970.82684; 712.92743;
 723.12952; 715.77539;
 819.03186; 715.87982;
 99.124138; 716.89282;
 519.29663; 733.5498;
 569.72125; 749.97986;
 424.03906; 763.03497;
 762.77441; 773.71332;
 43.407055; 790.15015;
 903.37927; 792.04474;
 608.72278; 846.25916;
 277.3963; 847.93854;
 42.719933; 866.72961;
 641.48035; 866.32007;
 807.35107; 866.88916;
 323.36008; 880.20667;
 79.771225; 910.35114;
 405.24625; 915.92419;
 717.45441; 924.04138;
 614.57104; 928.91052;
 661.50122; 935.27991;
 677.07709; 943.9646;
 849.51984; 944.39417;
 354.36758; 952.50262;
 1010.2324; 959.35516;
 365.74155; 957.19617;
 535.06323; 992.51459;
 154.40314; 987.12549;
 45.645493; 1008.1442;
 278.72159; 1010.1605;
 768.9881; 5.1713729;
 824.74481; 17.308502;
 962.83698; 26.177862;
 375.68854; 15.225798;
 787.62701; 49.575298;
 435.62213; 40.273285;
 478.12628; 51.707817;
 799.82349; 52.502083;
 865.13873; 59.29047;
 759.76349; 70.920547;
 1000.3265; 123.74419;
 449.46451; 116.79507;
 684.02838; 112.79405;
 339.01038; 121.63953;
 953.2561; 121.38614;
 820.66895; 152.62418;
 189.21725; 163.31004;
 993.74188; 171.06625;
 453.22552; 174.20697;
 790.66766; 175.13074;
 846.13605; 186.3638;
 376.77493; 195.84296;
 193.90114; 206.40419;
 912.07953; 200.70329;
 570.35516; 221.62721;
 369.81729; 239.43924;
 14.47629; 250.34084;
 910.37482; 253.14009;
 652.75641; 298.50656;
 895.64563; 296.96228;
 819.35449; 306.90787;
 177.63959; 353.04175;
 455.98419; 361.50195;
 656.10657; 470.87372;
 369.60666; 496.3277;
 908.83673; 527.52435;
 591.07507; 526.95331;
 767.5827; 535.26703;
 196.78711; 562.40778;
 311.64026; 570.83551;
 674.20355; 609.64844;
 892.49554; 609.16187;
 999.00946; 612.12781;
 363.64383; 641.41864;
 669.30731; 656.41858;
 558.13928; 652.31592;
 525.27826; 690.15741;
 85.116432; 698.73999;
 333.52832; 699.00928;
 63.914532; 722.15668;
 430.86139; 717.4259;
 356.08759; 739.19806;
 912.67273; 739.43774;
 609.13818; 756.19708;
 735.06354; 760.88849;
 502.23328; 771.82288;
 949.63422; 791.36902;
 814.37372; 794.96582;
 368.59305; 814.78882;
 380.80917; 929.34296;
 762.68683; 938.19922;
 718.37244; 945.69257;
 858.45959; 942.37109;
 440.42151; 1016.1879;
 959.08569; 6.5317898;
 919.50787; 8.9779625;
 267.65833; 17.609442;
 236.53061; 41.385883;
 997.64276; 71.01033;
 714.20868; 80.576622;
 498.86331; 96.003143;
 633.83844; 97.159317;
 166.18539; 103.9153;
 788.01721; 104.63172;
 891.51636; 121.75526;
 437.87582; 134.11551;
 850.16223; 146.9789;
 869.45526; 150.30424;
 472.00174; 160.96336;
 700.24084; 170.88844;
 820.60547; 179.21153;
 421.07092; 178.82191;
 756.61456; 211.64218;
 774.56549; 219.35675;
 594.89886; 227.03915;
 939.16943; 235.39484;
 893.78003; 243.43581;
 684.31512; 298.90543;
 192.45135; 308.88367;
 13.233892; 329.1683;
 777.31995; 331.63968;
 671.65869; 348.59369;
 45.56691; 367.69794;
 732.44409; 370.94928;
 375.27847; 394.96759;
 8.5867233; 409.1062;
 659.42896; 417.38065;
 957.27563; 467.59546;
 622.37323; 505.68729;
 175.03101; 547.92865;
 961.43335; 558.66333;
 366.02148; 555.0423;
 405.25714; 555.18738;
 1005.6326; 573.19958;
 92.333511; 588.86511;
 481.82391; 593.57001;
 17.660263; 644.29449;
 654.21588; 693.68652;
 58.776077; 698.04358;
 123.99999; 723.86243;
 17.504103; 729.91809;
 987.58331; 762.68732;
 957.711; 878.9455;
 17.77879; 928.0412;
 757.04675; 954.97827;
 350.04309; 958.6156;
 401.40955; 985.22931;
 656.78131; 983.12982;
 278.40717; 1005.4254;
 785.68188; 1005.7587 
