 381.0907  38.724453 
 386.14243  42.823261 
 392.17789  61.037994 
 376.27966  65.164963 
 377.12277  72.292084 
 362.94757  74.379234 
 628.34613  73.485741 
 370.68533  75.003296 
 624.30463  79.916901 
 352.12772  81.243935 
 365.61017  81.013855 
 623.70996  82.626717 
 640.48395  84.01635 
 357.27118  83.596619 
 558.513  85.148132 
 369.25073  87.279205 
 551.03149  89.087921 
 335.85492  88.902313 
 639.33258  90.532547 
 363.22568  92.080338 
 545.1098  92.190292 
 326.29932  94.425201 
 333.2663  97.166695 
 542.03662  97.063126 
 304.405  97.001114 
 359.50735  97.583755 
 311.11911  99.85025 
 332.14737  98.543381 
 365.05841  97.692818 
 380.21625  101.08338 
 551.91919  101.37408 
 314.70959  102.01698 
 540.08081  101.47589 
 297.29141  102.9309 
 322.84302  103.71849 
 342.11789  102.76694 
 514.34131  104.73508 
 260.44498  105.85583 
 289.49896  106.29849 
 506.79385  105.73626 
 133.90718  107.08386 
 346.75504  106.56087 
 359.61707  107.56561 
 378.77188  106.85626 
 330.53754  107.72337 
 386.25156  107.88493 
 138.84074  109.53755 
 393.32159  109.64913 
 513.98901  108.50528 
 286.30875  110.23763 
 370.7905  110.76228 
 319.83896  112.11887 
 354.38196  111.70598 
 533.18243  112.60379 
 376.46222  112.93076 
 542.10565  114.58508 
 787.11902  115.73374 
 645.3136  119.79504 
 580.22089  119.59454 
 327.42102  121.28719 
 273.67444  122.58488 
 319.75485  121.17149 
 355.12106  120.7818 
 652.87164  122.82842 
 290.89798  124.43468 
 297.19855  124.02428 
 339.62613  123.94218 
 529.88806  124.3492 
 251.10799  125.245 
 447.79599  124.54755 
 303.79327  126.91019 
 325.73474  127.24398 
 381.00165  127.67858 
 316.49387  129.15025 
 567.42346  129.4686 
 844.60925  129.01816 
 293.237  130.55746 
 445.2009  131.20207 
 348.09659  131.51062 
 322.216  133.75331 
 254.40919  134.21684 
 451.63058  134.96622 
 357.24243  135.86876 
 378.71814  135.66774 
 298.24048  136.16571 
 383.59863  138.46111 
 302.98669  139.05093 
 309.95407  138.35164 
 327.57004  138.70702 
 352.77246  139.42793 
 417.94592  139.47855 
 434.10199  140.16513 
 286.61975  141.76463 
 317.08691  141.96217 
 342.94516  143.50714 
 357.19952  142.25963 
 377.76797  142.01244 
 439.17667  142.39999 
 485.47723  142.06728 
 563.66272  141.9903 
 231.46875  143.30103 
 293.09402  145.77417 
 382.93509  143.69937 
 322.78918  145.07101 
 329.95587  145.31392 
 390.54657  144.72197 
 490.72531  145.09842 
 310.53403  145.76668 
 335.69321  147.14946 
 431.76877  147.16882 
 375.52139  148.29355 
 487.99744  147.72507 
 341.84799  148.81064 
 786.7063  150.05191 
 328.05771  150.96031 
 354.38263  151.49615 
 382.26743  151.47498 
 435.24887  150.91241 
 368.26248  151.96739 
 440.43759  152.91222 
 510.13458  153.43336 
 462.23773  153.61908 
 253.93237  154.31857 
 432.15326  156.16284 
 272.93762  156.99277 
 321.0885  156.82774 
 501.53705  157.10057 
 260.12897  157.85416 
 382.36069  158.09982 
 279.14761  157.55255 
 437.89362  159.81885 
 307.64236  158.90671 
 360.97  160.01193 
 262.61316  158.84354 
 366.24072  161.76207 
 257.95419  163.23286 
 348.12668  163.32684 
 271.37427  163.2856 
 293.66464  162.92886 
 331.78119  164.08577 
 446.04218  163.54086 
 277.82532  167.19658 
 338.68594  165.44803 
 493.35101  166.52409 
 260.80588  166.64139 
 285.40485  169.67148 
 304.12946  167.9528 
 366.33765  167.68657 
 373.27634  167.9306 
 443.5148  168.16226 
 452.98911  168.6337 
 504.85553  169.35089 
 325.51288  168.66437 
 473.92322  170.29349 
 268.72073  170.86333 
 255.79356  171.87231 
 478.69189  172.31882 
 316.15479  172.26877 
 332.2247  173.00792 
 461.51465  173.34296 
 821.34375  172.811 
 209.72954  174.24263 
 828.19897  175.52237 
 196.62741  175.6982 
 278.36484  175.17697 
 295.35706  175.54701 
 304.24933  177.07693 
 322.49377  176.2709 
 440.20612  175.29243 
 231.86687  177.33835 
 253.11505  176.07906 
 450.64124  178.15495 
 260.94028  177.31227 
 365.39474  178.17155 
 469.02951  177.70509 
 311.77847  179.85188 
 342.12787  179.82919 
 187.62352  181.09073 
 320.82703  184.12694 
 252.57726  185.09741 
 233.43895  184.35797 
 259.30295  185.43394 
 300.84378  185.33746 
 274.08475  186.06989 
 463.64621  185.3564 
 241.66202  187.51457 
 264.79785  186.7681 
 305.05682  189.33276 
 471.83862  189.18385 
 192.19655  190.07005 
 292.74857  191.48251 
 200.47696  193.75616 
 481.9187  191.93509 
 231.37961  192.18805 
 177.88232  195.11172 
 446.85291  194.0242 
 239.52982  195.33539 
 282.8826  194.89819 
 308.80911  195.96991 
 452.8468  194.18065 
 262.35303  196.56841 
 199.11299  198.07808 
 297.79199  197.88176 
 468.46985  198.00696 
 231.84271  199.12373 
 251.10406  198.77124 
 222.9991  198.7778 
 268.66373  200.86784 
 474.60196  200.88939 
 286.20203  202.71199 
 450.87909  203.00301 
 233.92291  204.69772 
 442.91727  205.02745 
 478.44083  205.23697 
 377.46866  205.50125 
 457.04834  205.74748 
 202.11679  207.24715 
 239.55614  207.2939 
 272.97537  208.68219 
 372.14999  207.44783 
 484.5412  207.14717 
 222.50468  207.93715 
 323.85849  209.22427 
 447.65781  207.43614 
 193.31302  209.57849 
 212.27515  209.98184 
 363.93237  210.08955 
 382.15314  210.00511 
 441.78149  210.827 
 229.80597  212.06303 
 390.65637  211.83345 
 313.5448  213.41576 
 201.88864  210.39453 
 266.8999  214.21564 
 332.12439  213.24455 
 455.9826  214.47417 
 242.10663  214.65558 
 474.77625  215.01758 
 520.36975  215.32593 
 166.55383  214.19748 
 318.16586  215.91107 
 368.58908  216.28008 
 392.81  219.32565 
 465.48276  216.52829 
 480.79605  217.46906 
 277.95877  216.7563 
 175.3167  218.92513 
 192.96088  218.9772 
 501.53842  218.04155 
 404.6752  219.55266 
 413.47137  219.89571 
 198.08934  223.27118 
 508.85388  222.46872 
 378.57986  223.33041 
 283.58069  223.40565 
 384.04999  223.40819 
 518.45782  224.27956 
 167.90077  226.96332 
 203.83211  226.33531 
 212.31256  224.54713 
 240.68086  226.06917 
 414.02173  225.51527 
 461.75778  225.73251 
 148.81924  226.52504 
 178.09964  226.342 
 262.20599  227.40854 
 469.63208  225.83018 
 249.44669  227.67258 
 381.1694  228.08261 
 545.07581  227.89336 
 225.54404  229.21965 
 183.86086  230.21921 
 232.22849  230.6982 
 254.47856  231.11227 
 155.32439  232.17552 
 247.14383  231.53398 
 367.6098  232.15979 
 172.17059  232.89377 
 472.45108  233.05739 
 259.05725  233.98013 
 265.16364  234.26337 
 160.02377  235.01517 
 373.78867  235.61247 
 382.05637  234.49748 
 479.91422  235.46068 
 352.91055  235.76019 
 333.66061  235.79944 
 200.99458  238.27118 
 406.67761  238.83131 
 456.28076  238.38976 
 153.28545  239.36079 
 179.23021  238.42026 
 481.83365  239.45714 
 225.11563  240.90292 
 340.4313  239.91675 
 464.6413  239.54485 
 510.14844  241.30186 
 327.97498  243.46317 
 471.99329  241.10939 
 233.2843  244.03958 
 317.75162  242.87366 
 548.0636  244.42262 
 321.81662  246.04874 
 464.35873  246.15997 
 476.18372  246.52092 
 554.78748  247.60875 
 261.90799  248.07794 
 468.98743  248.36177 
 279.30576  248.81651 
 312.24957  250.94456 
 326.31226  248.32651 
 338.80081  248.86913 
 428.17148  248.85667 
 379.19092  250.62918 
 571.62628  250.62686 
 155.9939  252.95926 
 351.13181  250.49228 
 224.51047  251.09138 
 374.84808  253.605 
 281.92068  255.03802 
 310.3092  254.60011 
 346.1582  255.17909 
 387.00238  256.04831 
 410.67331  255.14197 
 424.86414  254.92162 
 452.41541  254.22609 
 567.76764  254.98543 
 415.96304  255.38655 
 429.88275  255.86383 
 231.82552  255.29526 
 304.86331  257.48529 
 380.58209  257.01218 
 480.9003  257.29202 
 548.07458  256.92148 
 572.9646  256.08005 
 223.18452  259.1774 
 315.32584  260.00998 
 357.27634  257.61526 
 433.62933  259.31442 
 443.25482  259.43668 
 274.90353  261.50357 
 421.11447  260.56223 
 486.85977  260.03912 
 288.49741  262.1937 
 403.93173  262.01694 
 231.38286  262.8978 
 235.44266  264.3161 
 301.58823  263.23929 
 474.99765  265.11633 
 565.98529  264.07053 
 446.86661  265.32581 
 571.86005  267.12134 
 221.18314  266.29581 
 429.67432  265.74493 
 457.14883  266.13028 
 473.13144  266.4451 
 483.62262  266.35806 
 503.70511  267.49164 
 227.14044  269.04272 
 243.30084  267.59872 
 305.68091  268.21347 
 435.59698  268.74506 
 451.77682  270.06348 
 573.9726  268.72278 
 579.79456  269.89868 
 276.53711  270.75937 
 459.38797  269.50879 
 350.16843  272.3259 
 486.00955  271.68295 
 513.22498  272.70721 
 501.58789  273.94321 
 252.11314  275.29837 
 268.95456  275.13666 
 495.36237  275.34576 
 544.02094  275.9653 
 163.64919  275.47263 
 299.01389  276.95398 
 310.08679  276.92517 
 358.02112  275.98593 
 236.59061  277.20108 
 533.26208  277.65048 
 554.7467  277.20923 
 561.01025  277.57312 
 456.64746  279.57654 
 513.26477  279.46851 
 256.68066  280.99011 
 364.06424  280.67273 
 372.15408  281.57169 
 524.74121  280.85492 
 572.35895  280.29904 
 245.09152  281.63498 
 299.53784  279.8786 
 450.13324  282.16223 
 308.96985  285.30014 
 392.49951  283.68573 
 463.52408  283.66849 
 381.69998  285.27859 
 455.24243  284.72446 
 492.83102  285.2746 
 380.6907  285.86874 
 531.6507  286.34235 
 224.95587  286.74057 
 357.41177  286.80621 
 501.40463  286.7995 
 692.89905  287.09641 
 232.51559  288.19971 
 254.26984  287.07526 
 363.95477  289.24954 
 261.12375  289.3374 
 388.07394  289.23828 
 506.862  288.80579 
 518.2326  287.81821 
 293.80655  290.34286 
 372.87589  291.27289 
 554.4209  290.61505 
 244.14969  291.48328 
 460.40359  290.68762 
 525.07147  291.01657 
 355.29892  292.13065 
 297.87677  293.20432 
 510.00769  293.38239 
 515.27509  293.02029 
 234.82207  296.07413 
 252.4238  295.44958 
 266.28812  294.42682 
 381.99149  293.92538 
 472.63965  293.1142 
 303.35086  297.0325 
 374.91058  295.49872 
 522.17725  293.9888 
 529.30615  295.93906 
 219.64113  295.02258 
 443.62738  295.79691 
 459.41006  293.68991 
 359.78174  298.37613 
 380.60742  297.8815 
 418.49695  298.36795 
 485.1214  298.41864 
 506.73917  298.17807 
 563.42041  297.64838 
 179.17891  299.85352 
 475.21152  299.40735 
 491.90265  298.98441 
 224.70592  299.87073 
 550.91199  298.99655 
 367.43964  301.8096 
 436.40213  300.789 
 518.73712  301.27042 
 189.67314  301.95456 
 203.50279  301.67123 
 510.89767  302.00931 
 558.48151  302.25232 
 393.88547  303.95398 
 460.72955  303.12323 
 524.53186  303.44254 
 372.80154  304.47308 
 443.33102  303.59082 
 505.53265  303.76547 
 480.36203  304.48145 
 250.5761  307.17776 
 294.7326  306.03433 
 420.61362  305.04807 
 258.17383  306.58456 
 487.07141  307.20013 
 299.75748  308.57681 
 310.16635  308.76733 
 551.33563  307.63559 
 162.82724  307.71283 
 188.02582  309.15698 
 369.13953  308.63809 
 377.30396  308.33597 
 404.853  307.02374 
 155.43991  310.24893 
 398.62143  309.57715 
 521.78967  310.53577 
 385.94797  311.37906 
 410.72086  312.04181 
 448.08148  310.77783 
 494.67676  310.79443 
 360.09375  312.42783 
 419.91095  311.6185 
 432.1041  312.76059 
 459.06073  311.72641 
 453.17648  313.09787 
 510.55533  312.79492 
 365.88303  314.47604 
 168.7907  316.45898 
 254.64894  315.03836 
 463.96637  315.30563 
 424.16885  316.0235 
 527.57745  316.38235 
 159.30005  317.91147 
 401.20078  315.87167 
 301.96994  317.93628 
 432.54169  317.78687 
 457.6109  317.89603 
 503.70621  318.30017 
 533.0791  318.2272 
 408.32434  317.52869 
 347.03867  321.24213 
 373.44751  321.4595 
 515.34521  321.12009 
 167.29692  321.50385 
 521.61786  322.20157 
 352.89679  323.05399 
 173.50024  323.08029 
 257.87659  323.91 
 398.59927  323.56723 
 419.22723  323.40753 
 296.50333  325.64697 
 411.37045  324.82458 
 426.54126  325.03784 
 365.91449  325.5835 
 454.87146  326.80374 
 517.15503  326.79868 
 286.27213  329.40848 
 342.25958  328.63821 
 301.30954  330.39563 
 541.63788  330.01871 
 294.04669  330.07626 
 417.86716  331.93051 
 259.73602  332.89246 
 499.13885  332.13397 
 521.54706  332.18051 
 412.14749  332.54132 
 451.42993  332.21237 
 536.8028  333.75388 
 163.31145  334.59985 
 418.3118  334.79971 
 436.11963  335.08972 
 458.02679  336.06827 
 339.78088  337.3277 
 378.93542  337.1568 
 446.62793  337.00571 
 541.98193  336.93616 
 384.30963  338.02734 
 423.74542  338.19434 
 511.15866  339.1351 
 163.83292  339.35602 
 280.2641  340.38425 
 325.72983  338.78485 
 451.09564  339.8566 
 331.84515  342.31326 
 458.17795  342.56403 
 267.90527  343.32333 
 414.14944  343.82401 
 285.51361  344.66248 
 378.95438  344.73218 
 280.0437  347.6785 
 422.92856  349.21286 
 443.37131  346.72464 
 453.17975  347.01682 
 290.7778  348.55237 
 316.73764  349.06961 
 331.3905  348.7782 
 536.45074  348.5546 
 323.21851  351.70316 
 370.23685  350.83084 
 529.82153  350.68625 
 597.65204  351.15039 
 163.89688  353.57516 
 404.23691  352.68225 
 411.32047  354.06815 
 869.97321  353.13531 
 170.75008  355.27176 
 266.7655  354.78595 
 388.92554  353.90741 
 435.69269  355.63708 
 286.67697  356.16528 
 313.68445  357.74677 
 380.90872  355.63193 
 275.34189  357.69864 
 530.1391  356.58801 
 291.56555  357.94614 
 306.20306  357.63489 
 338.51019  357.62479 
 372.27652  357.39935 
 395.9071  357.5885 
 459.19678  358.10461 
 359.60577  358.75186 
 445.09644  359.58597 
 300.67273  359.7287 
 328.58279  361.22665 
 346.42041  361.99744 
 408.91791  361.06772 
 180.62393  362.42496 
 313.59183  361.95212 
 169.77698  363.17203 
 278.99759  362.65344 
 293.68103  364.0134 
 383.03622  362.04361 
 452.88651  363.93732 
 542.15997  366.06744 
 174.68666  365.81931 
 186.62903  365.28168 
 318.69775  366.40662 
 417.64008  365.93317 
 245.04872  366.22226 
 391.75232  366.716 
 325.89081  369.07532 
 209.02454  369.61249 
 310.2131  369.28003 
 407.77869  368.62735 
 583.83289  369.72388 
 251.87555  370.90628 
 440.26123  371.11649 
 189.30327  371.71298 
 349.46783  371.95673 
 388.14795  371.66589 
 415.98145  372.52954 
 451.24011  372.72638 
 183.44307  373.85913 
 569.77783  373.42734 
 462.48318  373.69553 
 166.5331  375.362 
 376.44083  374.74466 
 396.91409  374.51083 
 158.33595  376.16235 
 238.13753  376.07944 
 311.03326  376.52115 
 359.11273  377.19284 
 403.14407  376.41214 
 456.89624  376.14664 
 426.32419  376.73929 
 554.49536  377.59305 
 325.56235  377.94492 
 383.1489  379.17563 
 174.23198  379.11874 
 430.96732  378.56396 
 332.91281  380.2124 
 565.80487  380.03632 
 295.13385  380.97894 
 302.09015  381.52103 
 317.5737  380.86984 
 347.52451  382.52502 
 397.4899  382.00482 
 416.31747  382.85452 
 459.73438  381.65155 
 466.87637  381.69281 
 571.20276  381.04892 
 243.13696  383.3017 
 423.51617  383.51065 
 584.16168  382.12979 
 609.15686  383.68359 
 251.16957  387.2981 
 443.4184  384.75763 
 618.29614  386.04272 
 172.88704  385.52097 
 453.14578  386.10995 
 551.5036  386.32614 
 273.43808  387.93658 
 296.02524  386.62576 
 407.91147  386.46155 
 177.78311  387.60614 
 358.60434  387.98572 
 427.26712  388.25073 
 580.88947  387.93225 
 306.26294  389.36075 
 462.04086  390.12 
 480.75671  389.1507 
 542.75427  389.94864 
 168.43633  391.22556 
 350.33105  392.50034 
 397.85229  391.65076 
 419.85303  391.11765 
 433.57129  390.41269 
 573.55743  390.57834 
 288.70792  392.07556 
 451.42197  391.72986 
 322.56534  394.13126 
 495.23599  392.52765 
 580.96649  392.98172 
 611.06366  392.68671 
 249.70766  394.37744 
 281.09296  394.25101 
 404.60876  393.67868 
 456.91217  393.67032 
 465.68738  393.88324 
 636.37427  393.46411 
 473.74567  395.45853 
 619.10474  394.26993 
 170.05765  394.32187 
 296.27838  396.47641 
 387.1442  397.91162 
 567.93158  395.90198 
 578.02435  396.07413 
 318.31247  397.39185 
 380.90884  397.03995 
 485.77631  396.61893 
 532.76489  396.85196 
 631.39777  396.86209 
 434.86053  397.70526 
 562.38458  397.93472 
 453.15411  399.19354 
 573.12341  398.65601 
 427.00983  399.55743 
 349.05069  400.10565 
 385.31467  401.23993 
 609.89996  402.61432 
 578.83411  402.99832 
 417.99902  402.57959 
 499.88586  403.11041 
 532.9942  402.77612 
 236.2226  404.20511 
 376.95221  403.64682 
 611.61627  403.74472 
 617.2597  403.72763 
 638.83698  404.22629 
 430.63354  405.34235 
 524.23401  405.0235 
 624.16998  404.9274 
 726.47394  407.16937 
 567.50635  406.71262 
 586.61902  407.05957 
 346.86877  407.68781 
 371.17715  410.59521 
 485.84235  409.47498 
 596.55682  408.73639 
 615.92627  406.94638 
 352.0687  409.80951 
 400.25168  408.93018 
 504.96359  409.53702 
 522.30701  409.69385 
 734.95673  411.47446 
 408.93259  412.01047 
 356.63251  413.13089 
 362.02243  412.88211 
 391.43979  414.90891 
 432.54871  414.13577 
 449.2818  411.82928 
 509.55145  412.67426 
 488.7847  412.60211 
 233.97346  414.88083 
 599.07776  415.78531 
 634.2207  415.15692 
 210.30907  415.50638 
 423.2085  416.36453 
 483.44659  415.45801 
 257.80991  418.19891 
 472.52487  417.36749 
 639.57367  417.72784 
 349.16171  418.121 
 443.9147  418.08414 
 516.06812  416.76184 
 563.5683  416.75983 
 606.67432  418.50375 
 312.59308  418.70493 
 394.34802  419.19571 
 467.08481  418.7377 
 178.80713  418.79376 
 326.51563  420.42484 
 480.35562  418.17215 
 318.97198  422.30975 
 364.89621  421.50208 
 571.16559  420.13058 
 632.67163  421.25748 
 230.01035  422.46353 
 378.57248  420.92874 
 401.67291  422.18835 
 651.9408  421.76404 
 485.28262  423.73151 
 371.49625  425.03589 
 393.60446  423.91086 
 198.9348  425.33957 
 259.51028  423.29608 
 408.13614  424.88428 
 511.3269  426.56644 
 435.71964  427.09918 
 561.72589  427.03271 
 180.8374  427.84988 
 203.08797  428.03278 
 384.43289  427.67139 
 414.25748  427.60898 
 550.77625  428.33649 
 603.85101  428.00497 
 303.95612  427.14627 
 470.04514  428.84747 
 488.02603  428.78976 
 574.36627  429.91663 
 613.45911  430.15811 
 184.61798  430.66711 
 262.95737  430.67261 
 494.40457  431.10742 
 497.90149  431.17657 
 526.31335  431.18253 
 275.03503  431.84729 
 344.15607  431.74417 
 308.88904  432.4505 
 569.80927  432.95532 
 581.89136  433.31857 
 176.95671  433.69223 
 192.06976  433.54358 
 351.67645  433.55258 
 554.68671  434.71927 
 187.43318  435.19791 
 391.03577  434.38147 
 507.67111  434.92651 
 378.66296  435.58075 
 561.03925  435.49826 
 337.46542  436.77756 
 396.30112  437.18906 
 404.08188  437.01263 
 588.34467  437.22141 
 180.98  438.40649 
 281.46893  437.89951 
 358.03079  437.31439 
 419.57007  437.74707 
 365.66016  439.36758 
 384.17575  438.89224 
 344.5777  439.70145 
 372.27545  440.45261 
 198.45378  440.17758 
 557.71747  442.07327 
 579.78021  440.87152 
 311.47238  441.14316 
 565.11798  442.80112 
 409.05142  442.30023 
 584.06415  445.263 
 280.95193  445.46027 
 372.84885  443.15793 
 415.86014  446.07489 
 287.9852  445.52362 
 318.03925  445.70444 
 386.41766  446.11481 
 455.69388  446.56354 
 337.71625  448.2254 
 391.70721  448.14975 
 462.58182  447.80569 
 592.04095  447.19031 
 249.52162  450.10583 
 346.52853  450.91229 
 561.29047  450.233 
 330.56461  450.87393 
 377.96487  452.41129 
 472.22195  450.84872 
 567.67694  451.52988 
 310.70782  452.04739 
 341.19513  451.80609 
 484.15668  452.05789 
 580.88367  452.11386 
 203.71294  453.20554 
 384.75156  452.62302 
 453.90424  452.99829 
 573.25848  453.07278 
 357.49805  453.94934 
 458.74826  454.49493 
 232.81592  454.50964 
 251.0654  455.08209 
 319.27869  454.84848 
 554.05988  455.97803 
 595.31738  454.77829 
 311.81403  456.25043 
 365.69693  456.97632 
 412.01462  457.13913 
 479.51846  457.14352 
 516.5119  457.353 
 417.39465  458.35141 
 582.32977  458.24371 
 556.68878  458.97186 
 437.90958  459.98956 
 450.24277  459.80991 
 485.98621  459.87524 
 493.40753  461.52042 
 541.6944  460.112 
 565.41425  459.36777 
 588.31763  460.91882 
 206.27148  461.00977 
 243.40161  462.68747 
 329.82962  460.72751 
 372.19931  460.41562 
 257.35989  462.36646 
 456.90344  462.11768 
 308.92307  463.37769 
 443.93924  463.18488 
 499.85422  462.53793 
 573.85315  462.92819 
 316.86932  463.85284 
 337.16229  465.21268 
 425.29865  464.65973 
 554.68109  464.96741 
 250.327  466.36594 
 460.21939  467.76776 
 432.81476  467.14493 
 559.84271  467.09149 
 343.686  467.67023 
 403.7348  467.89627 
 474.00671  468.42224 
 508.06689  470.41531 
 375.20755  469.5842 
 395.32385  470.18927 
 521.83893  470.31705 
 589.35577  470.56064 
 360.39725  470.92236 
 479.18704  470.54388 
 606.26697  470.37451 
 219.74649  470.98441 
 307.92953  472.76559 
 353.15753  471.56903 
 412.33734  471.1958 
 441.34244  472.16687 
 508.00598  471.52921 
 514.92999  472.91974 
 283.95923  470.81015 
 527.35022  472.58508 
 574.55408  472.62842 
 614.93317  471.64496 
 316.29318  473.9805 
 326.96536  475.24911 
 342.1821  474.85867 
 384.25494  475.10284 
 472.93546  475.08966 
 559.64551  474.50394 
 581.85767  475.53189 
 292.79663  475.87451 
 417.97321  475.77881 
 483.77829  477.8877 
 499.12869  475.22104 
 127.97419  476.89819 
 258.45938  476.82162 
 333.50433  477.04086 
 347.10617  476.86505 
 424.20361  477.13751 
 553.19495  477.17801 
 568.02124  477.04709 
 504.27109  478.07938 
 283.83139  479.72079 
 361.86572  478.31442 
 480.12833  479.11279 
 565.47742  478.75247 
 374.70078  481.63284 
 431.00543  478.25153 
 492.94812  480.81848 
 105.90381  481.8421 
 402.79272  480.9386 
 610.74585  482.03696 
 541.11182  479.87445 
 549.82697  480.98581 
 112.66148  484.04733 
 329.02313  483.05713 
 515.29962  482.87262 
 321.21844  483.72382 
 266.15842  485.18677 
 426.61905  484.37451 
 437.91486  484.1362 
 141.64156  486.07504 
 247.07712  487.22012 
 253.17528  486.0061 
 291.59109  485.70691 
 471.92075  486.48755 
 502.62564  486.77026 
 582.51642  485.45355 
 235.30719  486.87988 
 364.73312  486.46814 
 535.50934  486.66104 
 609.34814  487.33575 
 259.3432  489.25491 
 332.65768  488.15009 
 372.65979  487.97684 
 464.60794  489.31311 
 485.95459  487.10272 
 575.01855  487.99152 
 297.60358  488.63953 
 358.17575  489.40164 
 381.47412  488.10196 
 397.86206  489.38583 
 622.56677  488.96539 
 492.7323  490.2146 
 587.95563  490.39224 
 619.18866  489.88239 
 421.79459  491.02084 
 602.29431  489.19641 
 302.0336  492.3457 
 339.18643  491.85208 
 412.83344  492.08807 
 443.39227  491.26627 
 540.26129  493.25266 
 547.55872  492.25784 
 308.93387  493.77591 
 579.00037  494.42874 
 402.69876  495.1749 
 460.3078  494.63812 
 474.53055  495.30392 
 610.47687  494.51169 
 359.01794  496.12833 
 395.49509  495.2774 
 429.22675  494.63184 
 516.06165  495.67166 
 284.15344  496.50031 
 321.43158  496.98972 
 260.10187  498.19513 
 364.41623  498.23737 
 418.5369  499.16281 
 522.01892  498.04959 
 440.3046  500.20538 
 502.5285  500.22769 
 526.9176  500.0827 
 390.0528  500.47772 
 478.12064  501.61478 
 486.03485  501.45367 
 57.484352  502.12329 
 272.20187  502.02435 
 430.84909  502.21896 
 517.00641  501.80872 
 584.14502  502.26685 
 287.58939  503.54489 
 369.21329  503.74454 
 405.80548  503.8074 
 496.9751  502.8833 
 62.424057  503.71729 
 326.32211  503.38248 
 36.809128  504.66364 
 344.81012  504.09839 
 395.9111  505.33331 
 336.86618  507.66724 
 402.20465  505.88919 
 43.416  507.55411 
 357.50894  508.31375 
 385.84778  509.44623 
 420.41425  508.44208 
 473.55447  507.69489 
 600.42419  508.43283 
 318.88214  511.34256 
 413.11765  509.84692 
 339.24652  511.03354 
 425.5629  511.79318 
 446.505  512.58771 
 460.67453  513.19153 
 470.02911  514.87616 
 433.83105  515.46906 
 380.10693  515.88568 
 391.24615  516.05597 
 497.1864  516.67926 
 606.18103  516.61426 
 421.7316  518.41943 
 344.34955  519.0094 
 395.93692  518.58777 
 427.01465  520.3913 
 385.38525  521.78394 
 351.19894  523.7879 
 439.10989  524.75104 
 456.35486  522.74615 
 398.98465  525.46881 
 364.05542  526.53186 
 425.76117  528.24133 
 485.29407  527.56543 
 450.65823  529.08032 
 494.91391  529.45154 
 389.12756  530.96301 
 431.81451  529.89819 
 402.20178  529.61859 
 410.48492  530.46082 
 478.11853  529.37378 
 605.67828  530.80945 
 354.82678  534.05176 
 613.03815  533.97443 
 370.68958  535.56799 
 420.84485  534.59381 
 414.82886  536.89307 
 364.96286  537.92487 
 382.05859  538.94299 
 345.78766  538.19385 
 600.05042  539.57117 
 420.89331  540.82709 
 606.04175  541.05096 
 479.37793  543.14886 
 359.55838  543.65198 
 405.48077  543.83234 
 374.63599  544.47369 
 367.75397  545.28473 
 397.44711  545.54608 
 455.7796  546.80475 
 473.44138  548.2113 
 628.49847  546.8634 
 347.62042  549.1275 
 378.39166  547.5144 
 386.77576  547.54535 
 445.37918  549.34552 
 463.29236  549.41559 
 521.84576  549.43146 
 403.04419  549.97198 
 423.2211  549.92297 
 475.89368  550.06586 
 635.84546  550.4527 
 413.19443  550.96979 
 527.28607  551.24402 
 376.00473  552.24445 
 381.13202  553.34448 
 483.44012  552.24072 
 614.31812  552.06726 
 392.00134  553.68964 
 407.95493  553.3457 
 450.15567  554.0011 
 440.82318  554.38135 
 369.61032  555.20581 
 447.38855  556.65479 
 505.77002  557.43109 
 357.39212  558.00647 
 515.24518  557.48688 
 695.19666  557.51868 
 421.74185  559.13104 
 471.16479  559.047 
 700.12964  559.42126 
 363.3725  559.64563 
 374.91898  559.78021 
 399.93472  558.70477 
 406.9613  559.87201 
 486.92545  559.8775 
 580.2663  559.78662 
 459.54712  560.81354 
 610.56311  562.10724 
 390.73047  562.65515 
 522.78284  561.93304 
 539.12683  564.45331 
 615.74603  565.25006 
 379.25281  564.28876 
 447.42053  564.49762 
 509.85782  565.16339 
 385.8844  566.23273 
 394.33066  566.6792 
 491.66296  567.56622 
 461.31824  570.54742 
 517.11224  570.16809 
 613.22375  569.05432 
 381.72021  570.65973 
 469.83087  571.07635 
 477.65924  571.54041 
 523.34821  571.97986 
 533.42365  571.80945 
 546.79285  573.37518 
 418.57617  573.75031 
 483.95535  574.35931 
 424.19534  576.92407 
 460.64633  577.46503 
 535.99329  578.81732 
 551.34918  577.80627 
 468.42206  577.99304 
 542.56915  578.0022 
 616.13513  577.52887 
 445.01971  578.86761 
 513.2674  578.35864 
 521.96149  581.44006 
 608.29675  579.30249 
 362.57831  581.7038 
 491.71121  582.42645 
 456.24414  583.54517 
 548.09186  582.42169 
 615.34393  583.72998 
 476.95511  586.20361 
 509.03806  586.28101 
 580.57037  586.73999 
 528.27386  588.55353 
 481.66965  589.48627 
 535.24744  589.42853 
 855.74817  588.88342 
 467.64355  589.90662 
 492.70963  590.64117 
 596.59155  589.89532 
 473.76224  591.51514 
 544.53455  591.46002 
 564.08588  592.12195 
 849.08624  590.49487 
 517.49689  594.25952 
 485.77289  593.67255 
 449.51144  596.41907 
 543.87903  597.23761 
 570.83026  596.72894 
 473.90936  598.22046 
 564.80109  599.14203 
 459.90155  600.35223 
 466.02911  599.57672 
 531.07977  600.40863 
 576.60547  599.60852 
 503.56354  601.5639 
 455.19739  602.49445 
 468.79938  605.20331 
 543.85229  605.70886 
 473.66949  606.74182 
 449.52902  607.67889 
 462.00635  608.10962 
 524.1004  607.99512 
 530.35809  608.99994 
 456.55765  610.40442 
 466.73999  610.46582 
 480.42148  610.72565 
 537.24878  611.27875 
 433.87308  613.06458 
 487.90436  611.90027 
 530.01733  611.83215 
 524.71893  617.64288 
 532.34192  619.80829 
 843.33093  619.69135 
 476.61816  621.04492 
 68.231041  638.67889 
 65.084206  639.1864 
 601.0163  641.13159 
 605.6994  642.6189 
 71.202255  646.34332 
 58.260326  648.69562 
 45.097759  649.47699 
 81.598305  651.79761 
 77.231827  651.03131 
 92.793854  652.03168 
 35.000916  656.39264 
 66.444199  657.44983 
 41.496208  658.71295 
 48.040813  662.69397 
 72.186447  662.81079 
 92.923347  665.72333 
 99.562485  667.75946 
 40.798607  668.93988 
 109.38202  668.83051 
 46.811714  670.12482 
 67.122414  669.84833 
 370.93469  67.702248 
 317.85248  87.813553 
 535.47424  91.724068 
 572.56439  96.771217 
 567.22009  108.46999 
 401.29315  113.23736 
 523.315  114.84749 
 748.4715  122.06579 
 311.22812  124.18919 
 540.18652  125.16824 
 458.51392  129.66789 
 264.94424  130.56772 
 435.62054  131.87326 
 332.88831  133.59375 
 753.06494  137.76079 
 253.55698  143.29637 
 445.57477  145.03481 
 765.25208  144.83882 
 778.61072  147.28677 
 349.04343  147.46646 
 223.84709  154.86432 
 312.34357  155.20869 
 775.63959  160.83382 
 230.02669  162.59354 
 205.01091  168.65544 
 814.64374  174.6665 
 245.24202  180.63747 
 210.28551  183.59212 
 828.73785  199.85307 
 231.88184  201.94571 
 316.46341  206.8535 
 466.84262  207.43991 
 202.01138  209.71748 
 256.57861  223.56506 
 271.32932  225.43248 
 496.24203  225.87317 
 527.18726  234.6817 
 238.01396  235.91867 
 360.33383  238.31082 
 491.16995  237.5639 
 516.44958  238.78625 
 159.8087  242.45988 
 249.78603  247.84358 
 483.89282  250.22176 
 463.58649  253.17017 
 330.74716  254.84268 
 474.24329  254.52185 
 297.39569  257.22336 
 423.16031  258.31671 
 248.30893  259.73175 
 157.87602  261.68222 
 157.71371  270.67422 
 293.08398  270.57413 
 305.06674  270.51547 
 565.11884  271.22531 
 485.89914  282.37698 
 558.72571  283.56552 
 275.26666  288.26697 
 166.26176  289.64651 
 274.46191  298.42236 
 580.31189  299.84079 
 267.49628  301.78134 
 281.06955  305.46072 
 368.9567  303.33273 
 212.70412  307.26547 
 451.42105  307.55856 
 541.59747  309.13791 
 181.60072  313.2627 
 263.48303  316.95123 
 379.62927  317.3924 
 289.49716  321.81186 
 251.55362  328.42307 
 175.7231  331.32013 
 299.84109  335.73914 
 174.27278  345.11359 
 259.396  344.70734 
 353.07892  354.21204 
 530.03271  354.27744 
 576.46832  366.4458 
 158.79002  368.07944 
 588.51788  367.6944 
 318.05719  369.20209 
 547.12653  373.28442 
 473.45245  374.29431 
 555.82184  374.26083 
 391.84763  375.72769 
 260.71698  376.73715 
 450.91235  378.02802 
 413.00455  383.61957 
 388.38919  386.1846 
 472.59494  387.99796 
 331.59393  391.43448 
 369.71402  391.46942 
 555.10547  392.55142 
 232.15901  397.04416 
 509.57111  397.38766 
 530.3822  397.68982 
 646.20911  399.00049 
 307.40213  401.4313 
 366.70511  401.35056 
 328.27231  401.97479 
 267.07248  402.86362 
 276.31366  403.02649 
 560.69128  407.16324 
 475.73215  407.76389 
 370.38715  413.61761 
 619.78143  415.41736 
 222.14104  418.03229 
 425.27985  423.37888 
 210.22519  428.07922 
 401.10016  428.05798 
 639.06171  432.22305 
 536.26086  434.63647 
 208.00296  436.52902 
 403.41687  444.97263 
 432.22351  449.97977 
 397.81757  459.36957 
 389.08728  459.59311 
 468.31418  460.99896 
 470.05161  467.99655 
 320.50467  471.2117 
 392.51398  482.41476 
 558.11084  485.16705 
 134.78522  489.01251 
 472.03802  495.12982 
 500.57422  495.93643 
 343.22318  501.71204 
 613.62097  503.15887 
 427.79776  504.01654 
 311.16452  504.64859 
 448.49347  505.37006 
 522.29559  504.6615 
 622.11969  519.33936 
 461.13992  535.08765 
 469.44992  537.26892 
 391.31277  542.90283 
 606.18024  550.02087 
 352.30276  566.38708 
 555.83252  568.53925 
 531.16882  579.91254 
 484.66187  583.16534 
 511.16159  598.8371 
 467.86414  619.39703 
 563.71918  618.59631 
 516.66986  639.99988 
 391.8259  60.939499 
 375.56342  64.942505 
 370.17273  76.751137 
 366.79486  80.288597 
 357.51736  83.375427 
 336.05707  87.655624 
 302.70776  96.562042 
 357.81808  97.378136 
 133.76733  107.03272 
 360.50208  107.58495 
 385.97742  108.52934 
 353.53949  111.71388 
 297.31088  123.08488 
 290.78622  125.1637 
 567.48767  128.70514 
 845.06628  128.95108 
 316.64368  129.75127 
 444.31473  131.26952 
 303.19009  140.11652 
 375.71735  137.94473 
 433.82346  139.85677 
 316.18445  141.57144 
 483.63708  141.5992 
 310.78568  146.55493 
 431.57254  147.12999 
 335.47726  147.57277 
 352.59238  149.267 
 368.29257  151.78252 
 440.95416  152.54691 
 462.39676  153.87749 
 272.08441  156.08331 
 331.46295  163.23778 
 276.93918  167.70407 
 504.63461  168.99826 
 461.33023  172.48662 
 821.64447  172.61087 
 322.7569  175.7464 
 231.1942  176.87996 
 366.18848  177.24852 
 300.00937  184.1519 
 241.24013  187.45943 
 265.14688  186.95119 
 305.71973  188.74062 
 292.47946  191.29893 
 442.58972  191.85809 
 239.33894  195.8084 
 474.71805  200.99802 
 450.41943  203.27171 
 371.49673  207.27353 
 484.965  207.23877 
 212.47037  209.64449 
 382.43326  210.07008 
 442.57104  211.47321 
 241.44763  215.91612 
 481.68655  217.88242 
 404.07101  219.30162 
 507.74564  222.67828 
 224.27562  228.26756 
 158.2587  227.75456 
 259.43384  233.04767 
 471.96301  233.62949 
 200.9099  238.58644 
 509.84784  242.08707 
 279.60883  247.67473 
 428.38101  249.01917 
 469.72495  248.76218 
 565.73193  255.3428 
 481.12714  257.24014 
 443.05856  259.47751 
 223.79366  259.8154 
 288.49039  262.02646 
 429.45071  266.16043 
 243.67252  267.69879 
 350.08243  272.3338 
 543.69775  275.69797 
 564.19501  273.63559 
 257.4838  280.54102 
 501.19092  286.40558 
 693.70099  287.55847 
 507.28644  288.48676 
 262.22488  290.06012 
 386.92404  290.57791 
 298.00769  292.3508 
 353.67038  293.45496 
 265.83029  293.569 
 418.36606  296.71225 
 484.60361  297.57803 
 492.98511  300.49454 
 475.15643  300.59534 
 518.70056  301.23999 
 190.88669  301.60394 
 524.24908  303.97229 
 447.85098  310.56152 
 458.91309  311.93948 
 520.93756  312.32965 
 453.0379  313.4953 
 510.48175  312.55704 
 365.2554  314.15338 
 464.73572  315.7662 
 527.50946  315.69263 
 533.31421  318.17529 
 372.92831  322.26703 
 399.5947  323.28394 
 411.53754  332.37408 
 499.09998  332.00146 
 535.367  333.00589 
 378.35742  337.46045 
 511.41708  338.95468 
 280.43021  340.04993 
 450.64438  340.13046 
 413.78671  343.82361 
 315.53928  349.37839 
 404.13651  351.95178 
 380.68964  353.68274 
 285.71497  357.00781 
 306.18396  357.77515 
 180.79066  360.67441 
 169.00386  363.52512 
 420.9097  363.17737 
 174.90395  365.99222 
 310.05603  369.11935 
 395.01791  374.12448 
 425.24283  375.76138 
 324.67032  377.46402 
 174.30756  378.29688 
 294.56088  380.05945 
 459.59378  381.02939 
 423.27963  383.54865 
 550.95093  385.50116 
 172.32912  385.58609 
 178.27071  387.76563 
 427.18961  388.11597 
 462.0563  389.72949 
 542.59283  389.98849 
 456.80215  394.10104 
 404.78571  394.61603 
 380.09933  396.16333 
 473.96295  395.85025 
 630.91089  395.56912 
 574.25281  397.94864 
 502.65198  404.65433 
 236.04977  404.81644 
 638.76654  405.18896 
 596.62537  408.72797 
 351.72205  409.957 
 504.42899  409.64542 
 362.01791  413.33902 
 348.58569  414.27722 
 632.8421  413.97745 
 423.01782  416.41391 
 443.85648  418.30612 
 633.39636  421.45892 
 198.12088  425.05222 
 408.93143  425.41977 
 487.9216  429.95364 
 526.5575  431.40771 
 275.70319  432.0188 
 176.43105  434.15384 
 397.35071  437.24872 
 403.83014  437.0155 
 384.65973  439.05289 
 288.03458  445.297 
 385.74759  446.21747 
 455.19699  446.34564 
 338.84192  448.11087 
 392.13739  448.34741 
 330.54034  450.25409 
 484.75177  452.2023 
 358.20673  454.50534 
 458.46005  454.82553 
 581.94843  458.0238 
 446.7804  461.18164 
 329.61127  460.88431 
 444.42184  462.83734 
 500.33936  462.71329 
 559.90442  467.30231 
 344.47171  467.60483 
 521.92529  468.88031 
 527.87933  472.74814 
 325.55869  474.72141 
 342.16592  474.91214 
 347.19073  477.44733 
 504.50842  478.26794 
 534.89032  486.77634 
 235.31712  488.24106 
 297.55283  489.13934 
 330.21613  491.16727 
 421.97385  491.37875 
 538.97302  491.28949 
 578.91083  494.87109 
 283.92273  495.70978 
 320.97223  496.7489 
 363.11865  498.94427 
 515.50671  499.05682 
 583.38519  499.66943 
 56.844326  502.37009 
 496.11041  502.71829 
 63.551384  503.94937 
 391.74673  514.52228 
 434.18045  516.17639 
 496.99774  516.17468 
 607.00861  516.89453 
 396.51669  518.16473 
 449.82544  529.50061 
 364.6391  537.12335 
 598.2746  539.03778 
 421.27585  539.97046 
 375.06702  543.95532 
 367.7352  545.24042 
 520.51453  548.61639 
 527.05725  551.19928 
 414.01135  552.3056 
 407.56641  553.3186 
 440.69009  553.36462 
 422.03741  559.39545 
 581.62921  560.03687 
 459.60846  560.64801 
 609.58948  561.67688 
 448.03058  559.67267 
 383.25415  569.81226 
 362.73886  581.96783 
 492.34753  586.17542 
 476.85248  585.81482 
 535.28503  589.32208 
 473.82092  591.40417 
 849.13232  591.03485 
 577.02386  599.84296 
 503.38779  600.96283 
 462.24945  608.58765 
 488.51425  612.27228 
 600.72864  640.91309 
 370.92941  67.419281 
 377.87347  73.194908 
 362.20178  74.013908 
 625.09344  79.529503 
 638.86627  84.738472 
 369.88803  87.150215 
 316.24609  88.811195 
 549.7688  90.077164 
 615.90863  90.847893 
 325.8793  93.632301 
 364.47205  96.425331 
 573.388  97.11113 
 334.27277  97.774979 
 541.93451  98.133301 
 311.53458  100.43982 
 342.54123  101.52271 
 552.79596  102.30818 
 322.36087  104.05556 
 505.44302  105.6349 
 514.17352  107.79652 
 330.48322  108.71438 
 393.76263  109.48481 
 566.47644  109.28835 
 286.13812  109.8664 
 376.84485  110.67973 
 532.17865  112.39194 
 542.89691  113.91201 
 578.62555  119.40277 
 318.78537  120.32982 
 645.21167  119.89796 
 356.24448  120.82728 
 747.8045  121.48234 
 273.98154  123.11766 
 282.12012  123.07372 
 653.48706  122.91096 
 338.63715  124.20632 
 448.39755  124.16611 
 250.47246  124.64364 
 529.69189  124.98465 
 304.07343  126.77104 
 325.7699  126.98174 
 380.95422  127.39162 
 540.24841  126.57755 
 292.74005  129.90512 
 460.07321  129.74336 
 265.40317  130.84215 
 348.06964  130.95995 
 434.99158  131.57941 
 237.25348  133.33078 
 253.06854  135.2061 
 451.64502  135.04721 
 298.90442  135.78526 
 357.50159  136.0237 
 237.51311  138.01427 
 310.55704  137.78212 
 753.27649  137.95435 
 564.68066  139.23708 
 253.39052  142.36198 
 284.97083  141.98412 
 231.26778  142.96899 
 382.79227  142.71503 
 391.58087  144.5826 
 322.32144  144.83467 
 343.12115  145.00383 
 292.80847  147.14726 
 488.71948  146.85112 
 776.63147  146.97791 
 376.19812  147.77908 
 787.08527  150.09071 
 328.62708  150.97906 
 510.17236  153.85492 
 223.36615  154.80656 
 253.72786  154.64153 
 281.07397  156.82736 
 263.44867  157.54691 
 308.39676  157.73459 
 501.14914  158.02283 
 775.67566  161.34763 
 231.02461  161.83383 
 293.38156  161.98334 
 436.54822  161.5359 
 365.992  162.52953 
 445.81937  163.80515 
 339.92038  164.7021 
 204.30894  166.9505 
 374.53387  167.19156 
 303.79691  167.70876 
 323.50101  167.57776 
 453.37183  168.66656 
 269.63379  170.78922 
 284.8436  170.61176 
 314.78635  170.50307 
 331.81546  172.89305 
 210.31091  173.68396 
 252.05049  174.59604 
 440.06573  174.59338 
 195.08696  176.13206 
 295.52136  175.7765 
 261.02548  177.27473 
 302.2261  178.37386 
 450.09875  178.30925 
 341.57407  179.25739 
 188.51526  180.41164 
 311.29608  180.84915 
 209.96724  184.51103 
 232.17958  184.6037 
 320.56357  184.61246 
 462.28369  184.7827 
 253.05003  185.94035 
 274.25525  186.34357 
 471.99197  188.83528 
 191.41006  190.36365 
 230.71603  192.72076 
 283.30774  194.2155 
 452.40912  194.08153 
 167.58975  195.05515 
 200.3033  194.80774 
 176.98804  195.88593 
 260.98849  196.09029 
 309.60388  196.72189 
 223.62856  197.95665 
 468.19696  198.6259 
 268.33609  201.24854 
 231.56856  202.35081 
 276.92346  203.17046 
 286.65753  203.85544 
 457.245  205.45329 
 239.79132  207.15273 
 466.79642  207.20476 
 192.0195  208.80309 
 323.93793  209.04468 
 271.68729  209.98198 
 364.55637  209.90562 
 230.5274  212.23911 
 474.75043  212.45778 
 166.67093  212.70145 
 332.46426  213.25618 
 278.12674  215.8488 
 455.40845  215.71054 
 498.98904  215.80707 
 155.75972  216.78036 
 370.56357  217.41315 
 466.2243  217.19386 
 520.51874  217.57239 
 175.48654  218.58875 
 192.99687  218.63008 
 392.65497  219.80846 
 256.15283  222.53336 
 284.54779  222.78799 
 213.5573  224.01949 
 520.19733  223.82762 
 148.89735  225.47029 
 240.80881  224.77504 
 383.52383  224.91277 
 469.68085  225.04919 
 195.71333  225.68303 
 204.35449  226.3392 
 271.34146  225.88773 
 460.54831  225.73181 
 177.82048  226.57985 
 544.29498  227.18288 
 165.75836  227.82982 
 261.8699  228.49123 
 184.33659  230.16577 
 231.80627  230.44775 
 247.67238  231.31609 
 381.69339  232.99045 
 172.00656  233.57018 
 333.12305  235.19769 
 353.43332  235.162 
 527.15771  234.88393 
 372.82114  236.06044 
 480.56522  236.13017 
 491.28137  237.233 
 180.0444  238.47067 
 406.58707  238.29605 
 455.04398  238.45518 
 517.72302  238.3723 
 153.62706  239.5312 
 265.50604  238.7708 
 340.59424  240.27509 
 464.44812  240.23361 
 223.6613  242.35138 
 233.81244  245.06572 
 327.5607  245.04547 
 547.71564  244.71638 
 447.81763  245.79012 
 249.27754  246.87077 
 556.06824  247.53374 
 261.79736  248.64462 
 334.90335  249.17133 
 350.56027  248.74747 
 223.5549  249.56653 
 311.54523  250.87624 
 483.71405  249.54646 
 493.71973  249.92413 
 375.62994  253.14606 
 453.72083  253.13705 
 463.67294  253.36842 
 232.51761  253.99529 
 282.6575  255.07552 
 415.52246  255.44754 
 296.59433  255.74789 
 473.47797  256.07224 
 572.63824  256.00085 
 357.80984  257.31174 
 386.04575  257.16016 
 246.0056  258.33859 
 423.64853  258.67911 
 581.97015  258.15952 
 304.80597  260.42865 
 316.59854  259.77625 
 274.62558  261.83435 
 158.60928  263.54141 
 233.87709  264.08173 
 474.60541  265.50366 
 504.00641  267.18268 
 569.93774  268.01035 
 459.42773  269.15536 
 226.99672  270.22528 
 292.11749  270.91501 
 305.46066  270.84088 
 450.89432  270.89932 
 485.64319  271.1409 
 579.56702  270.88309 
 277.30731  271.89917 
 316.33215  271.86099 
 513.74719  272.42035 
 252.56554  274.46677 
 268.56879  274.49539 
 496.0824  275.38348 
 164.61247  275.7085 
 236.28557  276.4838 
 532.69519  277.177 
 554.40125  277.01056 
 456.18921  279.61462 
 525.4751  280.03506 
 572.48004  279.81793 
 244.89729  281.47061 
 299.46832  280.86575 
 363.86496  280.57651 
 372.84253  280.96817 
 464.67178  283.3356 
 485.28278  283.491 
 559.27972  283.20029 
 381.18707  284.51709 
 543.68805  285.12158 
 272.53778  285.66574 
 308.56033  286.13885 
 223.40863  286.7988 
 253.94337  286.73734 
 532.32941  287.3902 
 232.17198  288.12683 
 516.89362  287.84256 
 166.22972  290.2207 
 364.07196  290.10254 
 474.50601  291.43906 
 554.23334  290.75964 
 242.01767  291.77515 
 373.24072  291.80551 
 155.22041  292.52771 
 218.9594  292.98279 
 457.74817  293.38699 
 522.44867  293.05066 
 383.10419  294.17926 
 530.93646  293.97238 
 304.37558  296.29538 
 253.15549  296.44406 
 235.25238  297.14468 
 274.86832  298.07834 
 549.52649  298.2684 
 580.45728  298.98312 
 178.89058  299.71915 
 224.73157  299.64471 
 359.47366  299.8634 
 435.32974  299.66541 
 204.28606  301.7659 
 267.36777  302.1821 
 509.60999  302.56012 
 443.51938  302.68097 
 461.01489  302.87878 
 558.09198  302.97101 
 393.35019  303.81543 
 290.4863  304.92245 
 420.98315  304.67294 
 280.41223  306.24359 
 162.78383  307.03058 
 249.49788  306.81107 
 258.61282  307.62833 
 299.56522  308.20395 
 377.42099  307.70782 
 485.29358  307.46317 
 551.99756  307.54504 
 309.96075  309.33438 
 153.88045  310.19534 
 185.22893  310.19897 
 540.06824  309.65637 
 494.49387  310.93854 
 386.36923  311.90137 
 409.97815  313.48459 
 432.6701  313.29138 
 254.08655  315.12323 
 422.55603  316.02695 
 168.53401  316.57095 
 264.11923  316.7515 
 457.28333  317.27841 
 302.67139  317.91983 
 379.92184  318.26422 
 503.11774  318.47025 
 158.47708  319.19498 
 346.58032  321.38055 
 173.96397  322.28101 
 520.44385  323.01312 
 419.22516  323.66956 
 411.18964  325.13647 
 426.14569  324.93802 
 295.42911  327.06747 
 250.50082  328.02374 
 531.94647  328.25327 
 285.22852  328.62155 
 174.46626  332.36008 
 417.01917  332.27701 
 451.41333  331.96176 
 260.08362  332.65326 
 269.29425  333.36694 
 521.01471  333.30081 
 436.11972  334.56305 
 300.25021  335.8414 
 542.05597  335.72778 
 423.97635  338.04385 
 459.14243  338.54205 
 173.64958  344.95724 
 281.00879  347.68182 
 290.74362  348.87372 
 537.44598  348.51767 
 422.74994  350.24301 
 323.00006  352.0585 
 389.41592  352.2926 
 353.16071  352.603 
 163.76117  353.76791 
 529.93939  353.8335 
 170.9622  355.25735 
 265.80115  354.7641 
 411.56433  354.76877 
 435.49118  355.81931 
 336.56229  357.05258 
 371.97824  356.8703 
 396.46072  357.07651 
 314.22128  357.75812 
 359.73767  358.55029 
 461.00537  357.65466 
 276.64859  359.28955 
 445.26706  359.82404 
 347.00784  361.7998 
 382.53784  361.66461 
 452.54797  363.88315 
 187.3842  364.71323 
 243.90611  364.99695 
 293.98016  364.617 
 576.06604  366.33676 
 159.98392  367.0329 
 407.85001  367.4136 
 542.97675  367.12659 
 586.66132  368.34918 
 326.6637  369.08493 
 390.80249  369.48431 
 209.05983  369.67511 
 252.01637  370.38593 
 317.90323  372.14084 
 416.33716  372.24347 
 556.44629  373.36884 
 157.81725  374.33328 
 183.78741  374.46692 
 346.8992  373.92389 
 166.46712  375.2995 
 375.2399  374.9696 
 450.12943  374.58823 
 474.99115  374.88394 
 237.78908  375.99805 
 259.89304  376.94299 
 311.23163  376.6225 
 402.31757  377.07098 
 358.59576  377.68967 
 332.84052  380.04996 
 382.76889  379.82401 
 571.03973  379.76288 
 467.02707  381.02057 
 584.53455  381.32825 
 301.66772  382.06503 
 347.15353  382.09583 
 241.50212  384.17624 
 609.31085  384.56223 
 443.10779  384.67279 
 388.31958  386.11359 
 453.12387  386.95026 
 273.05991  387.89911 
 358.87262  388.18326 
 480.96579  387.90649 
 249.8549  389.94016 
 306.19412  390.16122 
 433.89841  390.45877 
 419.50406  391.16776 
 572.73322  390.78772 
 331.74106  391.60873 
 397.32587  392.09122 
 610.65826  391.74808 
 554.16754  393.28421 
 619.3515  392.93912 
 170.14227  394.32092 
 370.39215  394.14734 
 580.31317  393.57071 
 282.12244  394.71036 
 349.9769  394.80145 
 181.02196  396.25281 
 320.69269  395.56226 
 231.55283  396.94919 
 295.78513  396.88306 
 485.75787  397.12689 
 510.7966  396.70071 
 387.01517  398.27463 
 562.20935  397.98572 
 306.75934  401.63092 
 328.65247  402.34741 
 607.74176  402.39603 
 365.755  402.90646 
 417.94366  403.05069 
 266.58734  404.29077 
 277.23547  403.7868 
 379.31937  403.4848 
 430.10535  405.42319 
 578.13727  404.4722 
 615.99493  406.11688 
 625.3634  405.28708 
 475.42911  407.15762 
 587.31909  406.56241 
 726.58484  407.37494 
 400.23706  408.11182 
 523.34863  408.52621 
 486.85294  410.41727 
 449.82071  411.20584 
 408.8855  412.14478 
 734.9278  411.6102 
 370.86417  412.97125 
 233.91141  413.53244 
 246.88902  413.75702 
 432.34747  414.77435 
 210.24886  415.50748 
 506.05289  416.3129 
 561.94891  416.14664 
 598.14905  416.00909 
 619.53394  416.13345 
 178.80069  417.45883 
 515.85956  416.74692 
 472.11935  417.89063 
 480.76904  418.00485 
 638.70813  418.38416 
 221.06999  419.27722 
 312.23996  418.75522 
 380.7182  418.80704 
 582.21307  418.53342 
 607.04773  418.55719 
 571.39191  419.5062 
 259.13492  421.12503 
 327.48636  421.02301 
 230.33122  423.42667 
 363.39337  422.41229 
 393.00562  422.6416 
 402.15875  423.0961 
 319.53659  423.66049 
 424.06076  424.13467 
 485.63818  424.12891 
 302.86948  424.78909 
 371.19083  425.56677 
 210.67563  427.26611 
 436.00436  426.98221 
 385.14114  427.48492 
 401.32898  427.59195 
 510.668  427.70895 
 550.17041  428.13245 
 561.1532  427.87891 
 603.98157  428.32773 
 469.76855  428.60272 
 613.53314  430.23367 
 498.26105  431.11008 
 309.28659  431.80164 
 351.94601  431.67636 
 571.12201  432.41507 
 208.1436  434.93222 
 378.70358  434.86874 
 391.61639  434.78568 
 423.48312  434.95901 
 536.41943  435.13568 
 582.00671  434.57764 
 335.62018  436.04962 
 554.22754  436.37439 
 357.9845  437.52917 
 365.61496  438.53516 
 197.67206  438.74481 
 344.439  438.85968 
 311.91907  440.93744 
 479.4838  441.53241 
 296.66003  441.96756 
 372.94586  443.43472 
 564.84686  442.85681 
 404.81006  444.79236 
 279.22076  446.10806 
 583.57257  445.90106 
 415.50931  446.85233 
 463.33862  446.86243 
 592.58997  446.78641 
 431.23196  451.15018 
 471.92593  450.64359 
 310.66174  451.93008 
 203.31035  452.93326 
 344.54819  453.43649 
 251.27863  454.83582 
 320.3421  454.56339 
 596.04285  454.66223 
 555.03839  456.11478 
 365.0097  457.41873 
 479.53491  457.41901 
 516.6593  457.19226 
 565.35352  458.19183 
 372.68845  460.03806 
 389.29544  459.60031 
 542.26746  459.8858 
 588.37494  461.06113 
 258.27063  461.89224 
 574.03644  462.31805 
 307.03076  462.84671 
 316.44812  463.81787 
 336.81177  464.69547 
 423.96381  465.10614 
 241.54681  465.71851 
 432.68631  467.16061 
 469.54077  466.53168 
 250.66318  467.47696 
 402.9761  468.27322 
 397.23486  469.24374 
 460.25854  468.90979 
 282.41568  469.86548 
 374.58636  469.94095 
 479.04233  470.39478 
 507.28607  470.08954 
 605.56622  470.32907 
 219.96623  470.88495 
 352.59583  471.3457 
 412.34619  470.60007 
 590.37268  470.73169 
 615.81268  470.79413 
 441.98282  472.04282 
 307.98846  472.7514 
 321.84116  473.01465 
 515.02625  473.02948 
 574.08893  472.70645 
 559.8703  474.43344 
 292.51474  475.30856 
 384.55386  474.82373 
 581.93909  475.73257 
 315.86502  477.43405 
 361.86917  477.12 
 423.96768  476.95828 
 430.78674  477.16733 
 333.16064  477.61002 
 540.97906  479.02158 
 566.02838  478.92755 
 282.12085  480.09625 
 403.03693  480.20181 
 482.53711  479.93936 
 105.26971  481.13956 
 415.59698  480.8757 
 550.43219  480.66254 
 516.6322  482.90729 
 611.15271  482.76712 
 113.69765  484.09607 
 319.57861  483.97565 
 392.38403  484.12411 
 426.56891  484.14365 
 437.54764  484.03403 
 582.99017  485.39297 
 266.79135  485.54211 
 484.79211  485.69153 
 558.14667  485.47296 
 290.34897  486.53174 
 364.38049  486.96503 
 373.1474  487.36658 
 382.8624  488.32043 
 502.75348  487.95352 
 601.11133  487.6972 
 134.60184  489.35254 
 259.22559  488.98465 
 619.91412  488.98502 
 339.57233  491.64798 
 444.00311  490.83813 
 463.14728  490.46799 
 492.18591  490.73056 
 413.40433  491.70071 
 547.95691  492.22992 
 309.09637  493.72729 
 429.37457  493.93304 
 610.17249  493.76361 
 394.2879  494.90472 
 501.1795  495.50314 
 470.32828  496.80038 
 259.86322  498.73923 
 419.23056  500.45154 
 438.63971  500.22232 
 477.82571  501.07098 
 271.61069  501.78842 
 344.21753  501.83047 
 486.92856  502.19067 
 326.58594  503.48227 
 405.65063  503.44363 
 286.27094  504.49283 
 309.87912  504.70804 
 369.24869  504.73563 
 428.76511  504.79971 
 449.44543  505.36868 
 611.87134  504.83908 
 395.94919  505.64099 
 336.91797  508.28397 
 357.26257  508.36395 
 600.57086  509.16348 
 386.18707  509.97189 
 413.05594  509.69962 
 318.58939  512.02612 
 378.89844  515.38123 
 470.4238  514.96741 
 421.68726  518.93414 
 621.58826  519.53186 
 385.66394  521.58582 
 456.1611  522.68115 
 351.75162  523.98383 
 438.55502  525.07513 
 363.70361  526.73657 
 400.22763  527.21527 
 485.17609  527.05176 
 476.38455  528.04901 
 494.67526  529.13489 
 410.39294  530.04333 
 604.02264  529.69141 
 389.60739  531.60675 
 485.17343  534.14795 
 613.11725  533.96838 
 468.34067  537.29089 
 346.07767  538.10846 
 414.2662  537.98627 
 381.86734  538.94098 
 606.5921  540.79132 
 358.25656  543.19861 
 391.02277  543.95679 
 405.21747  543.54132 
 455.68839  546.83209 
 627.22742  546.85706 
 474.00085  548.19586 
 347.71002  549.73138 
 423.17529  549.59406 
 463.55618  549.71191 
 605.03577  551.1748 
 636.29608  550.56305 
 614.53857  552.60907 
 370.02277  554.14514 
 380.612  553.80646 
 391.81134  554.12256 
 357.3367  557.47797 
 515.00964  557.19995 
 400.1683  557.57532 
 487.03729  558.98627 
 523.62592  562.34515 
 378.44009  564.63208 
 615.62402  565.41669 
 508.4982  565.73212 
 538.36877  565.81232 
 352.02731  566.50494 
 492.17261  567.94019 
 477.9295  570.66327 
 517.05396  570.78894 
 460.43854  572.20532 
 417.73053  573.4201 
 624.13831  573.68884 
 483.66827  575.26978 
 468.80188  577.5127 
 511.4776  577.70276 
 606.73895  578.29437 
 532.26611  580.07837 
 521.52203  581.3725 
 549.32764  580.54993 
 615.07965  583.505 
 508.51321  586.08856 
 580.21368  586.48315 
 467.51465  589.99292 
 597.00452  590.0473 
 544.61102  592.59949 
 563.75842  593.40686 
 585.71252  594.12921 
 515.78125  595.4187 
 618.2265  595.10962 
 449.11417  596.1098 
 571.0105  596.48999 
 460.38431  600.1272 
 530.66571  600.60907 
 541.22522  601.62421 
 523.72888  607.51331 
 480.03967  609.95612 
 537.47888  612.16797 
 433.89099  613.04236 
 528.8725  613.16156 
 524.8288  616.89233 
 466.35104  619.36475 
 549.8653  618.724 
 533.11823  619.46912 
 477.0784  621.70667 
 541.25195  627.79376 
 64.785347  638.16693 
 516.6123  639.2912 
 359.17883  82.821709 
 352.88907  110.54366 
 297.5553  120.11523 
 317.02545  129.63948 
 431.62466  147.79828 
 240.07921  186.82291 
 485.52872  206.71324 
 217.19681  222.09763 
 471.31775  234.7341 
 223.54512  260.0419 
 244.05183  267.58093 
 499.72598  285.55884 
 465.76419  316.87643 
 401.16626  322.1853 
 285.54779  325.48468 
 510.93369  338.82635 
 410.77594  426.0903 
 526.03986  431.07184 
 382.5932  446.55151 
 453.90683  446.97391 
 330.32565  449.26147 
 452.18835  453.41168 
 528.31262  472.78494 
 535.41711  490.00381 
 235.5818  489.84235 
 526.80042  549.85437 
 420.996  559.81879 
 384.70877  568.40179 
 489.17682  611.33221 
 370.80576  85.859161 
 325.36209  91.459267 
 336.4938  96.033676 
 363.47778  96.254654 
 542.16785  98.180267 
 573.62555  98.129967 
 309.11725  100.32243 
 555.38257  102.85532 
 514.76349  105.68455 
 285.4588  109.67392 
 528.53162  110.15093 
 375.10965  111.67837 
 543.52423  112.52857 
 315.92389  117.45858 
 576.42566  117.92028 
 644.57581  118.66775 
 358.60068  120.03358 
 335.97464  124.27128 
 278.53433  125.86378 
 293.05106  128.39084 
 380.74414  127.39177 
 347.16019  130.77014 
 450.40662  133.31177 
 307.46609  136.22792 
 234.52733  138.28229 
 252.21681  138.80615 
 358.75656  137.00807 
 753.6051  137.63684 
 280.43652  140.15297 
 566.34772  140.06952 
 380.02118  144.18056 
 320.68777  145.44325 
 487.93283  146.20764 
 291.20587  147.76073 
 453.60272  148.71248 
 353.88879  149.86424 
 787.09003  150.28133 
 265.4967  152.08154 
 253.3829  154.98923 
 280.01529  155.58014 
 306.1727  155.79646 
 234.56052  160.42023 
 376.54752  159.24065 
 292.61877  161.63283 
 342.5809  161.66173 
 364.85855  162.7988 
 445.50061  161.93188 
 458.46558  163.62457 
 317.5199  165.83253 
 432.50607  166.25829 
 271.5448  168.13647 
 247.64781  172.31375 
 282.07745  172.18713 
 330.38101  172.23827 
 192.11296  177.96494 
 296.1727  177.85434 
 449.35898  178.15779 
 259.43509  179.13454 
 309.86923  181.00909 
 461.28061  184.23853 
 210.88574  185.59877 
 273.74362  185.99788 
 321.41061  186.03319 
 473.0025  188.51395 
 286.20645  192.81795 
 439.2265  192.49994 
 226.20551  193.91615 
 186.70857  195.17679 
 257.20898  195.25778 
 200.68037  198.31331 
 267.79663  200.70741 
 454.82437  203.35277 
 468.72308  205.06487 
 187.55304  205.88853 
 286.41077  206.36476 
 238.42943  208.27295 
 323.41357  207.71451 
 364.74072  208.81253 
 166.34058  210.12198 
 200.91496  208.44116 
 232.52008  210.38715 
 497.48038  212.58318 
 266.17453  214.48233 
 278.13861  215.35347 
 152.51157  217.63562 
 175.67369  218.47345 
 369.56213  220.90834 
 454.08157  219.74594 
 519.65332  220.69592 
 239.94203  222.07013 
 393.54617  221.02295 
 468.59372  223.39442 
 161.01674  226.69159 
 249.48988  230.13937 
 381.5538  230.40652 
 229.60648  231.76532 
 353.89255  233.38817 
 404.8765  236.90503 
 480.14978  236.01048 
 370.61938  238.52411 
 450.02292  238.92143 
 492.88705  237.01125 
 521.27277  237.22412 
 339.33301  239.82913 
 152.70476  241.12766 
 462.198  242.34143 
 220.11243  244.65173 
 546.57214  243.76543 
 168.30966  247.41267 
 247.76399  249.92706 
 349.11887  248.48825 
 232.6093  249.21262 
 558.70282  250.62579 
 375.51926  252.6701 
 453.84045  251.84866 
 483.35794  251.52599 
 245.86732  253.81082 
 414.30063  254.93776 
 570.84924  256.50613 
 583.84216  256.72089 
 304.6842  257.60629 
 318.51428  258.27197 
 157.57166  262.48367 
 272.27679  263.85251 
 471.98645  263.33908 
 224.54141  266.10242 
 503.95764  265.22791 
 444.8017  270.66922 
 306.26849  270.73993 
 484.79755  269.99265 
 235.86121  274.47504 
 496.57349  274.86288 
 528.44476  277.62088 
 574.2406  277.40036 
 245.07201  280.07678 
 362.66965  280.00781 
 464.94876  281.44559 
 255.07159  284.11389 
 298.22992  282.94946 
 272.77554  286.44592 
 479.0097  285.99365 
 168.22459  288.37717 
 217.8569  287.23074 
 230.45956  288.35782 
 309.60574  287.51553 
 373.47546  289.68677 
 534.61926  289.8945 
 385.11609  294.35864 
 239.64951  296.43024 
 429.84238  296.51276 
 577.5022  295.69797 
 179.75323  297.95453 
 494.95303  298.3031 
 223.76195  299.23831 
 254.64703  299.70926 
 366.51813  300.50861 
 200.50792  301.53427 
 268.70102  300.96115 
 441.45828  302.64578 
 461.43381  302.26877 
 508.38531  303.5336 
 556.12219  303.4852 
 161.63329  306.12994 
 376.84045  306.48569 
 298.61102  307.34863 
 310.79388  310.29779 
 433.75107  310.71219 
 481.84564  309.22049 
 520.61859  309.83942 
 172.1317  312.19446 
 185.38864  311.17514 
 409.42371  313.13931 
 367.07309  313.88904 
 386.87021  313.90781 
 450.43594  316.8205 
 265.51376  317.77179 
 503.0191  319.05298 
 344.52011  322.69318 
 518.49225  322.87198 
 554.14685  321.53592 
 271.09222  328.68872 
 293.57977  328.41306 
 437.2049  330.43393 
 527.99078  331.16614 
 450.67068  333.31204 
 541.36176  334.52036 
 174.76048  336.7973 
 301.17487  336.67126 
 162.14581  338.8425 
 422.83765  337.76163 
 259.18869  341.17642 
 174.22324  343.35873 
 277.57788  346.79382 
 291.60632  349.08279 
 321.05478  352.26083 
 410.66956  352.97165 
 422.50839  351.80865 
 529.28119  352.92172 
 334.32205  355.38013 
 370.00223  356.45255 
 434.84921  355.39862 
 448.45648  356.29929 
 461.81747  355.94513 
 264.57077  357.76956 
 278.27618  361.02167 
 355.6665  359.33972 
 381.51471  360.06757 
 240.71675  361.3143 
 294.49719  362.70129 
 366.4848  365.08939 
 588.53589  365.82379 
 543.53687  367.33463 
 207.48723  369.68158 
 250.46187  369.23242 
 389.27502  371.0369 
 557.42847  371.89069 
 262.04642  374.76886 
 315.62967  373.43097 
 184.1129  376.07806 
 345.64584  376.21869 
 373.92545  375.29575 
 450.13312  375.93237 
 331.40848  378.73065 
 401.01297  377.14307 
 570.25952  378.64682 
 359.05942  380.22104 
 466.13611  382.01584 
 442.75607  382.41809 
 583.81604  381.78116 
 410.22241  384.24875 
 235.54378  385.25162 
 294.89667  386.69849 
 454.81659  388.49814 
 608.79913  387.19763 
 419.95245  389.86505 
 620.07574  389.92703 
 248.42329  391.10846 
 306.5072  391.80399 
 371.40933  391.40302 
 169.3484  394.46536 
 281.4718  394.75015 
 294.19577  394.3786 
 319.3757  394.75848 
 332.13135  393.52921 
 349.47272  395.84436 
 487.21591  396.5755 
 182.91609  398.19858 
 562.41632  398.17642 
 384.57825  399.71027 
 364.25793  401.20215 
 264.42563  403.27853 
 329.91068  403.57245 
 417.40338  403.35797 
 430.56378  404.79797 
 399.81586  406.71786 
 588.79932  405.51431 
 726.0672  405.96326 
 449.14307  408.53616 
 524.71826  407.51358 
 614.35046  407.19711 
 626.48962  408.48444 
 234.40359  411.56464 
 350.04791  412.84906 
 736.42554  411.7731 
 177.94955  414.91608 
 209.54817  414.125 
 241.52423  413.69318 
 370.73462  413.55862 
 487.91177  413.0007 
 557.55908  413.35959 
 515.4292  416.27823 
 596.10858  416.43564 
 607.55817  416.04428 
 620.17682  416.50323 
 311.89056  419.00757 
 570.39178  417.35098 
 636.76239  418.12659 
 257.95959  420.61774 
 390.76004  420.31073 
 299.25333  421.10602 
 310.26575  426.32471 
 357.42474  426.89044 
 436.44754  426.57428 
 469.92953  426.28296 
 559.2937  427.28705 
 209.90709  429.68289 
 509.54919  429.70947 
 613.42316  429.82648 
 571.03912  432.30984 
 421.5535  433.72235 
 451.87787  433.1124 
 331.13052  435.9668 
 582.37689  434.96756 
 482.44604  438.67538 
 314.17474  439.70102 
 344.37204  439.06387 
 551.19861  440.00455 
 186.16528  444.52005 
 372.78143  444.91278 
 402.89987  444.50223 
 563.30353  443.44205 
 415.08301  447.61597 
 340.65866  449.65695 
 472.05865  449.82855 
 309.84662  451.172 
 430.61554  453.20486 
 348.00897  455.72223 
 516.1712  455.62943 
 552.30688  456.16754 
 564.2049  456.89539 
 301.61169  460.86441 
 574.92664  459.98666 
 587.66071  460.05109 
 314.70355  462.68726 
 422.16061  462.59915 
 466.70929  462.95898 
 250.33885  466.09961 
 279.01657  466.13544 
 399.0231  467.02963 
 617.61096  467.75287 
 372.20984  469.45596 
 411.76007  470.53143 
 478.28311  469.70773 
 350.41888  471.38577 
 443.68542  472.06256 
 593.37708  472.41187 
 291.03934  474.32318 
 307.79877  473.06427 
 572.55499  473.14694 
 101.37719  475.0542 
 383.36288  475.72263 
 540.3797  476.35257 
 332.35678  477.67795 
 404.66275  477.6167 
 551.72992  478.5719 
 279.28641  480.44571 
 316.86407  480.56042 
 479.96335  482.99506 
 518.19104  481.91776 
 437.51535  483.29419 
 583.74121  484.75543 
 610.14349  483.53983 
 374.24698  485.23376 
 361.66061  487.36807 
 491.68094  488.12576 
 133.46156  489.29108 
 461.35815  490.19061 
 622.05798  489.24261 
 391.47803  491.87076 
 412.47293  491.04453 
 427.00354  491.95483 
 503.25314  492.28745 
 548.66125  492.32144 
 514.39014  496.61536 
 581.20099  497.52203 
 258.2439  499.73297 
 345.80109  500.96033 
 326.03381  501.5231 
 436.34021  501.72092 
 282.97348  504.98465 
 452.60834  504.73593 
 307.49548  505.58401 
 369.755  506.37717 
 486.59875  505.40359 
 612.96924  505.0881 
 356.93317  507.20233 
 337.30392  509.92871 
 413.13324  510.09683 
 318.0079  514.19775 
 470.32831  513.8429 
 386.06644  518.63666 
 621.03754  519.26544 
 456.45108  522.11469 
 350.92288  524.04437 
 364.51047  527.45367 
 496.45358  528.74878 
 599.1496  528.23352 
 483.94412  530.28723 
 391.16202  533.20313 
 611.38513  534.19043 
 465.10037  536.9209 
 379.75873  539.10883 
 391.57208  540.6084 
 404.72031  541.18573 
 346.21051  545.40509 
 625.93085  545.91675 
 475.13831  548.12659 
 367.31329  553.45941 
 382.612  554.60474 
 601.70044  554.52802 
 401.33688  556.52264 
 488.17484  556.66058 
 513.53235  556.31793 
 435.0437  559.92194 
 448.92004  559.92255 
 615.80072  560.76184 
 524.68243  562.0816 
 537.00812  565.53235 
 551.7735  565.59717 
 493.18503  570.09692 
 458.15067  571.31866 
 505.24249  571.0694 
 415.78949  573.08875 
 469.15152  576.82092 
 602.61658  575.76514 
 519.54443  578.16779 
 533.99261  580.71124 
 549.65155  581.06689 
 383.95313  584.72949 
 613.83484  583.21979 
 491.70999  588.8941 
 598.12909  589.69208 
 446.94785  596.55798 
 514.63708  596.79919 
 460.32791  600.52942 
 529.63397  601.05634 
 478.21786  608.08344 
 433.33517  611.11279 
 240.15663  188.71259 
 500.80234  286.04718 
 411.90039  426.34634 
 416.05499  558.65009 
 575.27094  116.41272 
 333.06042  126.05357 
 380.53931  126.72723 
 364.19833  128.75807 
 275.80643  130.77016 
 236.28569  132.52417 
 347.63336  132.29184 
 450.19421  132.33589 
 382.08487  137.80215 
 233.31126  139.51903 
 253.82191  139.28433 
 322.30002  145.66232 
 487.97433  146.41425 
 290.21011  147.28429 
 279.81677  154.76248 
 341.37332  155.02231 
 304.88345  156.24324 
 237.76855  160.80914 
 346.40277  162.98453 
 365.10635  162.54805 
 445.94116  165.2458 
 243.74719  170.92944 
 282.03162  170.60492 
 331.03723  172.0934 
 294.81384  175.88657 
 449.20355  176.37973 
 193.35774  178.63875 
 259.19833  177.19345 
 309.78732  178.78691 
 272.97006  184.13448 
 462.36133  184.45993 
 212.17963  185.80791 
 308.51019  184.77016 
 474.20905  188.54942 
 232.00031  190.35582 
 322.47769  189.18759 
 290.71332  192.71541 
 436.60413  194.1413 
 183.69493  200.72963 
 453.61502  201.83209 
 199.97183  205.62952 
 470.04099  205.62532 
 238.75409  208.44556 
 323.65817  207.48967 
 364.35062  208.47672 
 284.70499  209.01201 
 499.94684  209.67862 
 218.55652  217.43938 
 395.59735  220.31218 
 518.8255  219.39229 
 337.26437  223.76254 
 451.01538  224.03542 
 468.68973  225.73351 
 381.92648  230.28323 
 187.46971  234.35213 
 232.7377  234.22348 
 352.64612  233.99481 
 471.6492  235.39966 
 339.72949  238.7516 
 523.65167  238.64853 
 216.05217  244.99033 
 232.77827  243.74075 
 547.1012  244.04471 
 170.97661  248.13324 
 348.85562  251.68828 
 483.72992  252.05486 
 366.59253  253.82729 
 415.45837  254.64085 
 230.25989  255.01248 
 304.49612  255.50345 
 320.41931  258.203 
 156.79343  261.6853 
 472.73135  261.28268 
 225.06528  266.09802 
 270.73367  265.75348 
 307.01248  271.69385 
 575.56683  275.82263 
 244.33559  279.23114 
 445.73468  279.38474 
 463.92627  280.04263 
 526.17798  279.19098 
 170.12479  283.69974 
 213.50874  284.22186 
 297.45663  284.7594 
 311.7121  286.73636 
 481.88614  286.10236 
 230.02492  288.16568 
 272.65411  290.30078 
 538.53424  292.55154 
 225.43155  298.08774 
 574.51508  296.93793 
 239.31682  301.03955 
 462.50739  302.45172 
 509.75394  302.26144 
 556.17767  302.75085 
 254.83194  303.72345 
 161.29648  306.15768 
 299.10703  306.46747 
 433.96542  308.10999 
 375.26822  308.58917 
 312.7937  311.12817 
 367.19443  310.97928 
 179.20549  314.23743 
 408.22565  314.0556 
 385.69397  320.21719 
 502.8688  320.00726 
 555.68481  322.70276 
 274.50967  323.521 
 518.36224  323.84906 
 288.6467  336.14655 
 436.47504  333.72552 
 161.90767  336.33218 
 541.2832  335.42715 
 421.24442  338.29901 
 451.53403  337.71484 
 258.47992  339.96719 
 305.93878  339.76639 
 394.07028  340.2865 
 176.06938  341.5354 
 275.68408  346.30011 
 338.13513  347.11661 
 528.93945  349.88638 
 409.88293  351.50742 
 319.83466  354.24747 
 420.14221  355.51093 
 435.83646  355.2934 
 238.35677  357.63812 
 354.4111  358.96481 
 382.55948  359.55109 
 279.55869  361.99725 
 252.08768  363.58578 
 295.66248  364.26431 
 396.41318  364.13388 
 542.54297  365.47784 
 557.94867  368.81 
 205.66934  370.02271 
 265.91248  370.86456 
 243.11377  372.13477 
 377.54974  375.07361 
 314.80524  375.97849 
 345.23456  376.53009 
 387.49585  375.0368 
 401.0159  378.13113 
 569.97681  378.94312 
 182.13298  380.54053 
 329.94022  379.56702 
 447.95944  380.46985 
 232.4319  382.85706 
 586.1145  383.48703 
 294.59665  386.00391 
 357.82504  386.89783 
 421.27228  389.39969 
 464.75681  388.681 
 247.88367  393.0029 
 320.67142  393.72406 
 489.09851  396.07877 
 185.57306  397.08044 
 332.79013  398.34128 
 348.69406  399.00897 
 384.38324  400.28683 
 264.6427  402.72687 
 431.21777  403.39374 
 726.42993  405.85873 
 367.944  408.80466 
 404.60263  408.10974 
 453.54764  410.47281 
 614.18011  407.42938 
 350.09598  409.20645 
 210.0894  412.96652 
 486.39038  412.88849 
 553.72003  411.401 
 238.92891  413.66388 
 177.99187  416.90494 
 569.89362  416.58054 
 595.81567  416.56891 
 637.57391  417.14743 
 607.09924  418.38498 
 311.47372  420.88245 
 588.68848  419.22098 
 257.73935  421.51056 
 390.09644  422.62115 
 470.44122  425.8895 
 558.23505  426.33902 
 436.50836  427.24728 
 211.36725  430.24716 
 612.67468  429.95984 
 508.30319  431.38232 
 325.35165  434.71524 
 420.61313  433.52802 
 452.6716  434.25995 
 585.72632  435.93243 
 344.72842  440.55219 
 486.29379  440.30637 
 546.12268  441.35706 
 432.00543  446.75964 
 562.92505  445.43903 
 414.60809  447.69333 
 450.82919  453.8277 
 514.25659  456.17435 
 549.98083  456.51883 
 296.71198  457.67908 
 312.78531  458.54068 
 234.4407  459.82568 
 426.0177  459.92712 
 564.69647  460.30457 
 583.88153  461.35699 
 250.19839  464.37421 
 365.47562  464.41837 
 398.66852  464.39246 
 619.50928  465.34387 
 478.61179  470.03152 
 350.6955  471.64081 
 411.20154  471.8746 
 288.96375  476.73785 
 442.82718  476.24994 
 541.63788  475.52399 
 593.18243  478.79065 
 332.96783  479.09195 
 315.12683  481.43393 
 508.44604  483.3349 
 609.28326  483.92963 
 374.67825  485.08514 
 462.55228  488.50342 
 477.12003  487.08289 
 491.52188  488.98517 
 356.98178  489.35498 
 392.19086  490.85175 
 426.35458  493.45013 
 324.41681  499.92505 
 434.67737  502.83197 
 614.7381  504.9433 
 280.28009  506.6568 
 358.50464  506.577 
 369.56161  507.37357 
 413.08322  510.83994 
 386.20154  514.02551 
 471.01468  513.04889 
 455.0318  519.8313 
 349.94632  524.44623 
 610.53357  534.4314 
 391.1528  535.04535 
 461.62543  538.43158 
 406.71796  538.95538 
 345.87067  545.83923 
 477.01303  547.99115 
 364.79019  553.00891 
 491.21539  556.2489 
 513.46759  556.18658 
 384.26553  558.06573 
 598.54352  558.58258 
 523.41901  561.20258 
 615.31299  562.26172 
 538.57623  563.80035 
 499.90903  571.78998 
 598.59717  571.4187 
 488.41016  573.21906 
 468.98773  577.07526 
 518.51349  577.56421 
 534.89404  582.77911 
 551.18665  583.0163 
 613.69281  582.91998 
 445.68048  171.7682 
 212.89439  184.31638 
 237.2411  194.71608 
 175.75076  203.40933 
 197.27101  210.76727 
 519.02893  217.79523 
 270.46008  218.93393 
 440.96155  226.39703 
 464.85373  232.9209 
 177.10217  244.78911 
 230.51398  244.96101 
 455.78363  246.37773 
 250.67101  253.8783 
 478.48688  254.97775 
 572.43243  273.33429 
 174.89288  275.48096 
 437.49783  277.6337 
 462.8866  284.20633 
 486.4498  287.66278 
 273.06384  290.63229 
 509.50919  300.1145 
 438.11191  328.27698 
 257.61923  341.00287 
 319.0376  353.09106 
 358.66052  357.384 
 380.44928  373.86642 
 442.64569  377.36749 
 293.15097  384.72598 
 185.02705  387.0336 
 244.50945  391.00607 
 350.02158  395.74124 
 268.42816  401.17358 
 408.45908  401.34186 
 366.75137  410.8306 
 568.53046  414.86813 
 230.88057  421.65796 
 389.05374  421.92172 
 473.06442  421.96259 
 215.19252  431.15372 
 342.75647  442.75131 
 490.60748  442.57968 
 428.08035  448.91971 
 452.6405  451.1886 
 354.80048  468.2608 
 290.41714  475.6857 
 332.13632  474.46411 
 373.15091  483.8808 
 607.78174  484.00708 
 394.99747  488.99408 
 314.34796  491.41861 
 383.26675  516.41461 
 453.07288  515.26544 
 351.10303  524.74786 
 462.53226  286.08395 
 256.47318  342.37042 
 243.69188  392.09921 
 389.71881  421.78763 
 332.04514  460.63284 
