 633.46588  30.588367 
 374.27234  31.670815 
 348.93347  32.880505 
 415.07751  33.336571 
 355.31183  35.274113 
 421.0416  34.916248 
 380.69211  35.699135 
 631.56799  37.330841 
 439.3241  37.70557 
 360.41049  38.864143 
 339.11432  40.036526 
 371.47208  39.998249 
 600.82532  39.893837 
 393.64301  41.81757 
 377.70117  41.486618 
 330.08899  43.165466 
 295.03497  43.493198 
 345.34384  43.689365 
 437.1713  44.475838 
 593.12781  42.649509 
 142.32585  44.340855 
 399.61606  43.573017 
 414.7056  45.012512 
 446.30658  45.922832 
 465.29556  44.886421 
 379.34756  44.758732 
 148.63255  47.57143 
 600.18353  46.646011 
 615.40631  47.32336 
 325.61679  49.056889 
 428.29852  49.275414 
 454.71445  48.383156 
 361.89569  49.927696 
 400.53738  49.678726 
 407.92554  50.041489 
 366.46872  51.271191 
 624.34467  51.070213 
 375.92712  52.644779 
 434.59241  52.596691 
 601.81348  52.716385 
 633.53967  53.036572 
 345.6759  55.975163 
 306.62698  56.661171 
 366.29019  57.067986 
 620.56653  57.247215 
 758.22754  59.697456 
 452.0799  60.160561 
 626.22986  60.341003 
 681.38495  59.889446 
 375.33099  61.989445 
 522.4765  62.018806 
 310.89496  63.182224 
 367.23682  62.67091 
 408.35059  61.799072 
 767.76624  63.613396 
 619.46814  64.775772 
 331.75058  65.763954 
 339.27963  64.857658 
 283.99237  67.31617 
 519.7735  66.289871 
 347.06183  68.658203 
 373.41119  69.028679 
 362.44363  71.525475 
 440.04559  70.134087 
 327.12018  72.870468 
 664.38336  71.642365 
 334.616  73.106102 
 398.33353  73.339928 
 516.94684  74.083107 
 369.44241  76.394913 
 400.5715  74.235039 
 656.99951  76.705177 
 436.90771  79.331551 
 525.13098  78.785286 
 448.34882  79.539001 
 369.99414  80.59584 
 339.8869  80.476234 
 375.56653  82.567513 
 442.99429  81.889038 
 346.00436  82.511856 
 406.02109  83.611183 
 484.34912  83.963188 
 327.556  85.843353 
 504.07513  84.984215 
 394.81387  86.911598 
 260.03519  87.768326 
 334.57269  89.439323 
 362.67178  86.197487 
 411.30399  86.642014 
 436.95779  87.144363 
 509.70911  87.436096 
 565.01917  86.843887 
 572.28113  86.897629 
 659.87262  87.192818 
 378.3078  89.28492 
 355.42792  91.155281 
 442.51035  89.138733 
 370.07166  90.212448 
 451.22916  90.059814 
 536.15466  90.926201 
 571.72327  90.999565 
 385.4281  92.765923 
 433.61154  93.868904 
 540.93463  92.747093 
 501.07562  93.374451 
 590.23401  93.790276 
 567.46094  94.810089 
 392.31897  95.335075 
 285.98911  96.714935 
 376.04929  97.217827 
 441.53195  97.258331 
 408.02045  97.87764 
 424.83765  98.434906 
 505.10461  98.27372 
 251.57982  99.619286 
 381.53961  99.841553 
 529.93854  100.18106 
 595.91016  100.11321 
 431.4834  100.64572 
 511.70804  100.30314 
 537.79535  101.63917 
 317.6752  103.3859 
 546.9892  101.96083 
 287.55267  101.99269 
 368.09872  104.33008 
 501.74176  104.34447 
 309.75256  104.33793 
 585.1026  104.59582 
 293.75156  105.79755 
 428.78406  106.19479 
 441.75436  105.39482 
 508.84637  107.82922 
 317.03339  107.13581 
 417.14462  108.40851 
 351.33423  108.17146 
 422.52332  109.12345 
 297.82864  108.37753 
 291.87729  111.91074 
 400.90012  112.22646 
 307.16498  112.75999 
 334.87057  112.98154 
 380.67883  112.65058 
 518.44086  113.23576 
 314.63223  117.44492 
 555.12201  115.77542 
 574.8725  116.5079 
 325.43015  119.08395 
 388.54846  115.77023 
 347.93616  118.013 
 422.72195  118.13894 
 430.21338  117.98911 
 515.07904  119.27409 
 526.48285  119.29204 
 532.7016  119.40131 
 295.87024  119.45051 
 374.59314  119.2776 
 589.13385  119.58396 
 303.49771  121.24011 
 552.39258  121.16505 
 236.66675  121.71085 
 417.49631  122.36861 
 289.94272  122.63934 
 557.30292  123.44496 
 381.66095  123.82477 
 361.94601  123.80133 
 537.00537  125.1945 
 319.35513  126.01818 
 348.58853  127.52535 
 233.06523  126.14524 
 218.42665  127.2112 
 315.25912  126.88311 
 369.85181  127.64657 
 415.26389  128.25826 
 511.55756  127.27333 
 515.90417  128.23222 
 523.01141  128.09247 
 260.83182  129.15121 
 286.59863  128.61751 
 295.28357  129.79721 
 351.30307  130.26924 
 421.66666  129.60992 
 540.06757  129.69408 
 545.51825  130.17163 
 200.78171  131.06305 
 356.98199  131.39705 
 206.90854  133.63222 
 318.04321  133.22289 
 394.00568  132.59911 
 514.43915  133.5269 
 525.33258  133.82172 
 262.47949  134.44246 
 369.83319  136.33308 
 285.03113  138.0699 
 294.00876  138.37279 
 544.03418  138.33113 
 263.66006  137.69141 
 343.04559  138.52942 
 433.3111  138.71689 
 300.32791  140.77565 
 540.59033  139.10648 
 201.15269  141.38995 
 272.03583  141.30054 
 424.64185  142.20721 
 549.37866  144.21408 
 214.83176  144.6445 
 278.56128  144.15657 
 348.91803  143.57747 
 262.01193  144.86668 
 548.94153  144.65372 
 223.18997  147.45813 
 333.92026  145.93777 
 259.48849  146.77063 
 560.69586  147.42166 
 198.869  148.94615 
 269.57227  150.79745 
 321.66339  150.47966 
 421.95465  149.63728 
 519.88831  150.38193 
 279.83167  150.59448 
 352.65799  151.57922 
 252.70215  153.02609 
 526.31055  150.59688 
 533.03021  153.32829 
 283.55167  154.37515 
 298.12134  153.09276 
 220.89159  155.01942 
 260.19284  155.92358 
 545.44635  154.59625 
 248.36119  155.70795 
 305.00372  157.36462 
 517.12048  156.99802 
 325.82028  159.19803 
 552.59967  158.15283 
 569.69153  159.27069 
 524.1709  160.19885 
 508.95609  160.58804 
 180.75388  163.09012 
 262.52115  161.6292 
 436.09735  162.84666 
 514.63507  162.77289 
 556.78357  163.63803 
 224.93098  165.94556 
 226.63478  164.76875 
 371.5025  165.06949 
 429.77417  165.34061 
 520.70752  165.12392 
 531.23444  164.02493 
 249.91589  166.16382 
 269.8316  165.55978 
 564.46429  165.87616 
 419.61517  168.41533 
 215.25545  168.73402 
 236.96419  168.66304 
 441.5426  168.42255 
 522.8056  169.0616 
 257.92447  171.01453 
 371.13443  167.9102 
 513.10358  169.58684 
 451.53842  170.56914 
 241.91145  172.41368 
 386.17987  172.4232 
 222.51028  172.89098 
 272.90445  174.73193 
 317.55243  172.89664 
 359.52478  172.89944 
 530.60181  173.36806 
 302.63141  173.59509 
 209.88449  174.64117 
 364.56769  175.30724 
 553.11786  175.2762 
 607.63721  174.79504 
 182.1835  174.97093 
 310.42068  175.49146 
 424.38898  175.81702 
 455.96603  178.47595 
 483.84399  176.16467 
 541.26428  176.64667 
 194.99637  178.01341 
 280.10803  178.08127 
 560.30707  178.29572 
 214.09967  179.56041 
 315.82086  177.65582 
 441.31964  179.21083 
 474.14691  178.67192 
 585.45239  178.91295 
 191.9894  179.78664 
 468.832  180.50243 
 479.3241  180.68347 
 221.20541  183.55228 
 594.65289  183.24638 
 599.81769  183.72914 
 345.69727  185.49559 
 436.53131  184.56169 
 444.11316  184.85345 
 615.65436  184.63011 
 322.7955  185.1769 
 604.93958  186.0558 
 185.0545  188.26999 
 271.27197  188.29926 
 480.03796  187.59685 
 226.64684  188.47134 
 538.23468  187.88005 
 196.16539  188.51468 
 282.74814  189.53902 
 297.36682  189.02376 
 232.43307  189.63699 
 546.70184  188.57352 
 175.76466  191.52708 
 440.23764  190.71738 
 637.9408  190.69923 
 252.51431  191.36212 
 271.10825  192.70338 
 202.5901  193.27313 
 261.33005  193.88783 
 278.57462  195.61101 
 288.44748  194.7809 
 424.10355  195.34608 
 167.98051  194.35313 
 188.85907  196.15617 
 549.83655  196.93762 
 173.38954  198.26553 
 245.88602  197.9182 
 293.43903  197.83408 
 300.82849  198.20876 
 308.02039  197.79727 
 340.51163  197.83307 
 441.46732  198.79144 
 469.27667  198.86336 
 558.27521  198.99928 
 279.70374  199.76117 
 405.83344  199.84509 
 335.24701  200.76303 
 383.37061  200.44685 
 463.04147  201.92799 
 531.99896  202.35423 
 165.29509  203.3602 
 223.41158  202.60934 
 472.36249  203.103 
 184.20709  204.23676 
 253.49437  204.82147 
 273.77887  204.62747 
 391.05701  204.44116 
 540.98151  204.54668 
 561.17725  204.82985 
 595.93451  205.38979 
 188.93983  206.53674 
 376.46158  207.99272 
 447.89502  206.71841 
 261.96606  208.70267 
 548.95734  207.22035 
 364.07285  208.50197 
 641.47162  209.75661 
 369.31949  211.97484 
 540.91254  212.09221 
 554.15131  212.97157 
 649.03442  213.24965 
 296.96765  214.38849 
 317.56674  215.42558 
 373.33731  216.13489 
 389.73929  215.27124 
 485.14795  215.31259 
 496.86926  215.34335 
 545.75055  214.83177 
 593.3186  214.8636 
 357.89478  217.39903 
 437.95551  217.50998 
 669.46332  217.48471 
 168.44193  219.45346 
 404.7435  218.50082 
 252.18434  219.1852 
 511.48108  220.27022 
 355.98199  221.10434 
 432.07205  221.4393 
 493.56616  222.3645 
 320.30508  222.61975 
 447.95154  223.46106 
 476.82291  223.02556 
 524.86493  222.73154 
 665.88623  222.81108 
 398.87643  222.24678 
 482.51071  223.29976 
 498.62463  224.25648 
 259.91193  223.94633 
 348.57462  226.58568 
 641.70746  224.769 
 671.26129  224.62575 
 404.707  226.30922 
 439.94003  225.07312 
 560.18036  225.75041 
 249.80003  227.33894 
 340.64639  226.69231 
 411.84033  226.47701 
 503.59329  227.72433 
 515.10547  228.21036 
 312.69437  229.98433 
 488.69345  229.54128 
 418.27451  230.31148 
 328.80835  231.40181 
 260.07877  232.06273 
 468.09351  231.70268 
 310.68317  232.8712 
 473.08856  233.42123 
 92.564293  233.61247 
 264.68237  234.05609 
 344.00797  233.5136 
 662.48254  234.10304 
 670.0675  236.06964 
 498.69794  235.87245 
 519.71289  235.4099 
 247.12082  236.47752 
 532.39276  236.92635 
 563.53131  236.31276 
 254.72751  238.41144 
 552.32916  235.86278 
 588.2132  237.52312 
 274.47586  237.96274 
 348.98459  240.00537 
 524.33978  238.30273 
 506.06223  239.47682 
 583.07452  239.76973 
 673.22876  239.80753 
 679.35559  240.39095 
 313.96216  241.30319 
 528.6554  242.37523 
 649.90375  242.31656 
 252.67093  243.66011 
 534.69659  241.77666 
 403.03897  243.56766 
 566.79529  243.49005 
 599.59863  243.84224 
 268.93369  244.95245 
 585.85034  245.06189 
 305.41791  247.31218 
 636.84082  247.63797 
 284.66135  248.02721 
 341.60156  249.86124 
 354.85568  249.28362 
 413.10538  248.67352 
 176.97972  248.42355 
 266.4397  250.08351 
 624.03534  250.05009 
 649.54883  249.70027 
 657.42743  249.70073 
 531.35394  252.10483 
 540.12982  252.35539 
 599.48291  252.27286 
 428.91013  254.70305 
 670.20721  253.72522 
 276.72479  255.04192 
 290.33826  254.54221 
 419.56656  253.96518 
 342.64703  254.48758 
 523.48846  255.76488 
 453.86102  257.29935 
 444.75919  258.54169 
 538.63092  257.77725 
 529.43805  257.69577 
 574.62054  259.24719 
 441.27725  259.66061 
 621.37573  259.90671 
 253.39471  260.86923 
 411.78265  260.84955 
 585.3255  260.77621 
 815.20911  261.07208 
 288.30695  261.96198 
 261.45911  262.74835 
 419.14328  263.24338 
 448.29395  264.50113 
 591.99188  263.11371 
 606.91742  262.73965 
 296.15381  264.35507 
 454.71771  264.49747 
 313.30609  263.67682 
 429.79092  265.56763 
 460.25339  262.93256 
 535.75916  264.96945 
 648.875  265.12399 
 276.24783  266.17175 
 335.35034  266.06775 
 613.8092  266.00345 
 408.5755  267.83719 
 485.75964  268.19781 
 284.30945  270.51566 
 340.21176  268.41818 
 493.06177  269.45258 
 595.50226  268.53003 
 602.17804  267.80075 
 264.7951  270.75833 
 302.06082  270.50562 
 515.63489  272.47842 
 549.03949  269.85129 
 609.63763  270.49896 
 618.14191  272.1506 
 346.04086  273.53073 
 432.61179  271.9476 
 246.57349  271.91403 
 414.75244  274.23611 
 535.46783  270.99945 
 485.39172  275.03363 
 565.60706  275.22626 
 592.61377  275.1123 
 659.591  274.74847 
 197.29707  276.50253 
 204.16533  275.52603 
 553.27087  276.73944 
 573.63123  275.43945 
 251.79901  276.92145 
 414.20734  276.49014 
 646.21759  276.07599 
 422.04956  278.48181 
 507.36142  278.4642 
 663.97968  277.87921 
 209.89598  278.98306 
 224.77498  278.81415 
 247.97174  279.23212 
 498.20667  279.15439 
 597.65625  278.81686 
 605.88159  278.57721 
 654.1875  279.34671 
 318.87677  279.95142 
 458.51068  279.97433 
 535.8548  280.80402 
 515.11804  281.39529 
 589.98541  281.06326 
 612.68195  281.41357 
 431.01056  282.0856 
 559.41339  283.26508 
 583.3623  283.29071 
 283.62173  285.01144 
 291.88248  284.60281 
 337.00217  284.22101 
 487.91943  283.24829 
 569.52283  285.26941 
 342.33582  287.56699 
 645.11603  285.93909 
 208.54027  287.3873 
 356.0462  287.25827 
 426.27185  286.18765 
 461.08826  288.24567 
 469.78015  288.24823 
 169.02362  288.99844 
 177.29793  287.37323 
 579.58185  288.97153 
 609.76642  289.22345 
 339.51794  290.46591 
 433.70709  290.02203 
 446.32126  290.24008 
 475.99295  290.50833 
 520.69672  289.63538 
 577.46698  289.65475 
 619.66998  289.94193 
 487.43958  290.51288 
 501.27112  291.28683 
 534.04541  291.11578 
 596.31061  292.03372 
 414.17242  291.52658 
 526.98993  292.72675 
 192.28539  293.92047 
 422.17316  294.45288 
 185.14763  295.30838 
 288.13882  295.11765 
 175.65854  294.86819 
 540.24921  295.40952 
 465.28662  296.4176 
 496.12045  297.22644 
 576.12494  297.12299 
 590.84717  297.38989 
 616.51575  296.83743 
 447.69531  298.94913 
 472.92001  298.85733 
 502.34552  298.08701 
 623.04639  299.05157 
 344.42352  298.72382 
 394.5686  300.88828 
 422.87979  301.46725 
 399.57413  302.26038 
 535.22998  301.71411 
 430.86392  302.97009 
 468.85706  302.88623 
 601.60272  301.89642 
 610.02136  303.32895 
 182.23705  302.01236 
 333.14529  303.63699 
 406.4418  305.06561 
 486.17975  305.01114 
 189.75549  305.06299 
 291.65594  305.52405 
 461.05359  305.5542 
 476.5361  306.46603 
 338.83957  307.25378 
 422.09341  307.89575 
 528.98309  310.42346 
 604.19843  309.00208 
 523.9953  310.67328 
 327.51013  312.11942 
 392.8688  312.40958 
 344.1156  314.29514 
 529.24438  312.8251 
 633.68671  313.51923 
 335.00845  314.00052 
 609.1734  315.27066 
 477.54907  316.07162 
 582.32648  315.60205 
 491.66266  317.48599 
 524.86285  316.07407 
 177.96307  319.21747 
 628.33521  317.94684 
 485.63965  318.9198 
 532.2431  319.39993 
 390.07413  321.59219 
 437.4259  321.69879 
 519.9021  321.77515 
 633.75946  321.82364 
 443.90182  322.62186 
 480.28378  323.04855 
 491.54987  323.21146 
 597.06299  323.83682 
 374.8653  324.38113 
 524.59711  324.7883 
 318.9285  325.52203 
 513.42645  327.07516 
 380.8071  328.25839 
 444.28662  327.94083 
 650.60217  327.69556 
 303.66498  328.99039 
 480.078  329.51233 
 655.83405  329.52924 
 324.862  330.76205 
 425.29919  331.26138 
 491.60031  332.40079 
 475.10446  332.99493 
 527.32977  332.83459 
 515.7561  332.7269 
 331.91422  335.29245 
 362.27826  336.26105 
 379.38895  335.78006 
 370.61554  338.62131 
 440.01501  336.98697 
 523.65399  337.58255 
 627.08905  336.16318 
 170.35135  338.61288 
 326.88641  338.15472 
 427.00165  337.77481 
 619.604  338.17416 
 701.34247  338.45511 
 476.267  341.47998 
 178.90785  340.79675 
 509.88876  340.24896 
 528.30066  339.51883 
 632.06689  339.49048 
 468.04727  340.18051 
 303.85092  343.30475 
 449.42093  342.49902 
 186.89433  343.7569 
 326.08704  344.95615 
 361.93805  343.65094 
 407.29382  342.98691 
 439.92682  343.83304 
 505.4697  344.06363 
 312.26642  345.58597 
 178.73572  345.99747 
 350.06509  346.25455 
 429.00519  346.20776 
 620.13928  344.33798 
 332.4649  346.703 
 389.68637  346.82114 
 414.30997  347.63107 
 457.71881  346.61923 
 670.56818  346.80392 
 468.16904  348.13751 
 533.91119  347.20432 
 343.59839  348.76468 
 436.52509  348.73743 
 377.34937  350.88162 
 474.01465  350.043 
 520.63373  350.56357 
 539.75275  349.79797 
 174.88164  350.82132 
 398.17056  351.453 
 359.26755  351.91199 
 185.51526  353.2373 
 199.06985  351.58353 
 317.23386  352.18442 
 442.84213  352.13043 
 527.10309  353.81046 
 705.07513  353.46384 
 351.64999  353.35297 
 634.16992  355.82269 
 191.91901  356.17206 
 205.83014  355.93143 
 364.85818  357.32138 
 453.55875  356.90668 
 483.91647  356.78873 
 277.27304  357.46716 
 232.8784  360.62613 
 354.89978  360.3782 
 373.60095  359.83374 
 472.23444  360.50784 
 711.62238  361.31509 
 402.21884  363.15228 
 463.73633  361.56952 
 511.49854  362.24561 
 550.98895  364.21442 
 682.95166  361.53351 
 284.78595  362.66995 
 374.82907  363.68137 
 448.11328  363.59186 
 482.31296  364.26199 
 525.64447  363.9397 
 202.78041  365.41928 
 538.23663  365.65695 
 544.5954  364.90799 
 181.75076  367.14935 
 459.76804  366.73184 
 268.17322  368.50684 
 357.05624  368.68414 
 435.61319  367.15384 
 172.18326  368.45874 
 414.57285  369.24258 
 467.16272  368.75754 
 531.66754  368.69958 
 495.07074  369.62271 
 373.01834  370.64264 
 443.07016  371.74014 
 500.21365  371.31879 
 679.98633  370.66714 
 648.44556  371.64154 
 191.25148  371.81519 
 345.49902  374.41266 
 382.35233  373.69794 
 662.37726  372.90063 
 336.78793  374.02979 
 364.08408  374.31848 
 459.38815  375.76715 
 484.26239  375.69519 
 400.2619  376.09567 
 535.06946  375.04303 
 543.58185  375.77158 
 714.70862  377.14072 
 275.88132  376.50409 
 684.35321  376.27103 
 284.53976  380.07571 
 491.38721  377.53732 
 669.14569  375.49823 
 726.06744  379.94031 
 189.45628  380.02243 
 273.97131  380.28406 
 406.98804  380.2522 
 515.40839  379.23315 
 551.01831  380.76645 
 527.04474  380.39581 
 645.73431  381.31757 
 715.92377  380.79416 
 195.48766  382.25998 
 310.57281  382.62634 
 471.94681  381.51459 
 680.3186  382.44553 
 412.93942  382.86194 
 495.87817  383.19958 
 674.11639  382.75275 
 635.03131  385.37009 
 350.69275  384.00229 
 561.21729  384.93921 
 184.87178  387.91827 
 461.91675  386.23398 
 487.22595  386.41565 
 503.23462  385.89651 
 537.88336  385.54263 
 672.38788  385.82562 
 743.15045  386.27527 
 363.88812  386.97214 
 525.38788  386.98596 
 633.32257  387.06912 
 664.41272  387.23038 
 328.92596  387.85611 
 577.94604  388.27771 
 712.65009  387.86768 
 319.09915  390.02557 
 370.53812  389.6196 
 468.60385  390.16873 
 531.59259  389.9364 
 681.46478  388.95969 
 717.70245  389.06296 
 748.20508  389.39627 
 542.0885  389.62619 
 338.81635  392.76306 
 448.00009  393.24005 
 551.86041  391.66949 
 677.91571  392.25107 
 727.38098  391.20047 
 186.57994  391.87869 
 566.26971  393.08514 
 621.82629  394.12158 
 665.36475  392.55112 
 363.8782  394.3996 
 439.67419  393.47964 
 504.96512  394.42712 
 742.01917  393.68512 
 357.3436  395.18546 
 527.35614  396.36108 
 659.08997  395.22559 
 672.19537  395.20184 
 495.8602  397.8949 
 591.85718  397.90427 
 401.22266  398.83356 
 445.90283  398.05447 
 678.36456  399.88828 
 532.08807  400.28635 
 623.28906  401.1456 
 287.12091  400.94928 
 292.50354  401.30386 
 485.07834  400.3436 
 583.68903  401.04614 
 691.66479  401.02295 
 725.13684  402.05176 
 265.78778  402.58322 
 434.5686  401.59445 
 704.6709  401.93872 
 750.96826  402.99841 
 461.89008  403.06409 
 500.40567  403.55664 
 717.68567  400.73627 
 732.83496  403.00854 
 858.53204  402.69165 
 607.11499  403.72925 
 664.75726  405.13318 
 694.76581  404.98621 
 399.30817  407.00757 
 687.92932  406.30597 
 428.81372  408.27969 
 565.87067  408.28723 
 589.89301  408.40387 
 699.99353  408.02023 
 722.85504  407.42596 
 405.4006  409.2247 
 609.89478  409.58963 
 854.21069  409.50784 
 463.88968  408.87033 
 869.59625  410.26141 
 503.315  413.58505 
 618.08923  411.20798 
 411.09155  413.43756 
 417.3186  413.03473 
 452.32172  413.84509 
 473.78235  411.75104 
 459.96448  413.91956 
 521.95081  412.48364 
 662.68457  413.55328 
 564.32703  415.16995 
 570.72211  413.87656 
 866.94403  414.62161 
 262.77353  415.86688 
 704.15045  415.89813 
 745.87842  416.1011 
 234.46677  416.05096 
 490.93698  417.10931 
 290.73889  418.05328 
 712.31952  419.03339 
 751.76703  418.45465 
 401.92358  419.19852 
 515.94464  419.25995 
 550.76123  418.19876 
 661.1629  418.61249 
 196.7764  420.70502 
 357.84085  419.92719 
 410.8985  420.17517 
 455.53442  419.81113 
 544.91064  420.0499 
 603.02747  417.83524 
 365.40405  423.22021 
 373.76318  421.68576 
 557.94983  420.95203 
 669.03723  422.41458 
 257.97253  423.84122 
 422.04712  423.0592 
 722.72156  423.43222 
 743.41895  423.04276 
 464.57776  423.98233 
 766.20209  423.56186 
 436.66339  423.91202 
 449.23572  424.65225 
 566.81018  425.34396 
 429.12155  426.93707 
 293.39337  426.72134 
 455.49139  426.8125 
 472.83719  427.05881 
 546.37421  427.22614 
 561.76038  427.01138 
 221.25711  428.22269 
 597.68396  428.73679 
 657.81537  429.66492 
 479.94681  430.49905 
 505.87759  430.12738 
 707.79016  430.74011 
 226.12704  430.50049 
 443.92816  430.77731 
 645.42236  431.6394 
 736.38763  430.93729 
 199.18074  432.21204 
 568.94037  432.28522 
 347.93033  431.41867 
 547.65582  432.61038 
 719.93652  433.52341 
 204.03172  434.1377 
 297.34146  434.17834 
 577.64801  435.29715 
 583.40918  434.18341 
 672.71796  433.67545 
 615.37994  434.99893 
 312.729  435.71735 
 395.75668  435.582 
 195.20219  437.39328 
 212.56676  437.599 
 353.01797  436.87256 
 650.19635  438.30933 
 666.36548  437.59482 
 682.12756  437.0127 
 207.35905  438.9884 
 404.97827  438.45093 
 452.41882  438.81522 
 592.6532  439.38647 
 437.31699  440.47278 
 657.22058  439.85873 
 412.56186  442.16183 
 458.33008  442.15918 
 468.04474  441.73029 
 199.41599  443.99774 
 319.96741  443.29068 
 388.84839  442.13425 
 421.97348  444.08017 
 486.83597  442.58826 
 689.2113  442.48257 
 444.1813  444.14545 
 505.40073  443.86734 
 429.39264  445.06253 
 396.37622  445.53366 
 654.33923  447.45248 
 680.06799  447.18121 
 662.32343  448.49161 
 356.07422  447.3078 
 475.14838  448.37341 
 685.31494  450.10556 
 384.8891  450.12686 
 320.68097  451.90231 
 327.94888  452.09903 
 364.52307  452.39322 
 446.41534  452.75287 
 482.35806  452.09427 
 536.37  451.79865 
 430.43451  452.73248 
 489.92694  452.75024 
 529.76855  453.49313 
 387.80923  455.30377 
 452.78061  455.0918 
 537.41425  454.97141 
 694.02625  454.30237 
 420.89215  456.20316 
 263.21271  456.90869 
 353.06766  457.11847 
 399.91983  457.28864 
 539.76575  457.11319 
 558.1933  457.14026 
 282.60928  458.1214 
 288.08981  457.94583 
 436.99438  459.29642 
 657.07617  458.27133 
 379.33112  458.51132 
 392.67245  459.04416 
 488.28793  459.05685 
 550.35657  458.89996 
 444.93011  460.40637 
 564.29913  460.17532 
 680.94189  460.35852 
 226.85153  461.37839 
 355.31949  459.87015 
 528.16321  460.83255 
 671.59186  461.32953 
 221.03304  461.7475 
 412.2034  462.43387 
 261.81476  462.79489 
 283.54861  463.72211 
 451.10907  462.81311 
 511.66144  462.94897 
 521.28998  462.83423 
 533.67523  463.16373 
 364.63919  463.94379 
 647.04669  463.78036 
 697.23517  463.30206 
 477.33734  466.16473 
 357.04153  466.32031 
 422.39661  465.86258 
 603.31329  466.48856 
 326.25354  467.18069 
 483.82993  467.20374 
 517.70856  467.03714 
 559.58209  466.58481 
 682.06573  467.43335 
 708.78992  466.58115 
 267.97864  468.14166 
 633.60577  469.83429 
 508.62973  470.1413 
 566.00128  469.28885 
 651.40686  468.72397 
 689.80383  469.78207 
 278.01135  469.69699 
 378.61981  470.36975 
 523.35217  469.8902 
 576.33942  470.80124 
 229.85658  470.78186 
 235.04221  471.38492 
 290.57782  472.60104 
 429.3118  470.38068 
 662.23706  469.62872 
 531.13214  472.12967 
 709.31342  472.50885 
 583.20856  472.62173 
 672.13214  473.33603 
 355.05411  473.85507 
 363.12073  474.31653 
 516.02289  473.39099 
 686.80762  473.56049 
 494.79309  475.24533 
 243.93732  476.25717 
 388.11194  476.02792 
 535.82635  478.09372 
 648.70135  475.61557 
 282.45474  476.67538 
 249.21732  478.13733 
 467.75409  478.80679 
 502.40598  478.18433 
 655.43542  478.1492 
 395.48376  478.81451 
 595.95123  478.89835 
 540.70685  480.30539 
 553.20502  479.88165 
 456.49167  481.89789 
 415.36981  482.42053 
 433.22046  481.13528 
 558.75171  482.31784 
 609.4743  481.83182 
 689.9917  482.01791 
 711.50293  482.28824 
 238.98288  483.24747 
 512.68433  484.20566 
 601.07672  484.4917 
 245.41197  483.20462 
 351.95187  484.96341 
 406.94647  483.55362 
 421.21072  484.19647 
 593.13422  482.72333 
 672.9801  484.78363 
 477.91989  483.82187 
 616.43372  484.7572 
 324.92508  484.11633 
 361.47818  486.31598 
 671.41974  485.91995 
 720.30713  484.47757 
 393.30731  487.31073 
 443.3421  487.47986 
 681.65216  487.94525 
 374.59296  487.79388 
 484.52332  487.94891 
 500.15979  488.41931 
 334.02652  488.97968 
 383.04672  489.7067 
 551.28809  487.5759 
 582.43982  488.4772 
 654.60809  487.18231 
 135.36037  489.58176 
 292.65955  490.20731 
 399.26321  489.65799 
 647.53821  489.70633 
 663.72321  490.7879 
 492.50528  490.47949 
 588.5694  491.41373 
 250.98509  491.71555 
 557.73389  492.54333 
 574.65076  493.78333 
 417.05435  492.21976 
 433.6369  493.59448 
 500.63501  492.81607 
 508.12872  493.36215 
 545.78699  492.67624 
 636.00677  493.21957 
 660.32385  492.69843 
 109.49678  495.7121 
 296.814  493.67639 
 716.32092  494.88019 
 466.18961  495.32568 
 551.14941  494.97253 
 642.20581  495.44266 
 116.66994  498.0022 
 632.70526  496.69397 
 369.51645  497.95316 
 377.87411  496.87302 
 601.1615  497.23309 
 301.76962  499.66132 
 351.78036  499.51715 
 494.66394  499.16202 
 509.05603  498.9621 
 113.47738  500.44733 
 151.31767  501.23816 
 278.6694  501.82669 
 286.64029  501.16846 
 333.42047  500.37741 
 549.02948  501.36603 
 586.74268  501.32764 
 264.71744  501.96014 
 595.36646  502.13651 
 625.91693  501.76367 
 293.33582  504.35965 
 381.82394  503.99939 
 420.62964  501.57266 
 541.91821  504.30286 
 567.35071  502.53183 
 673.2937  502.80005 
 681.87421  502.64056 
 713.61975  503.18115 
 339.86844  504.10907 
 429.40677  503.3389 
 439.81125  504.02045 
 461.09851  504.44122 
 412.82446  504.90494 
 473.88113  505.00198 
 732.70386  504.80399 
 574.72864  505.88177 
 688.35376  505.7851 
 725.6897  506.40359 
 489.24963  507.37009 
 557.15405  507.17969 
 562.73108  506.74637 
 707.07355  505.65912 
 345.12555  508.00641 
 389.81229  508.31161 
 478.73502  508.44055 
 353.38107  509.98883 
 632.08527  509.83569 
 640.45428  508.76538 
 362.9873  511.10941 
 678.38202  511.14792 
 716.7074  511.31476 
 535.98993  510.80334 
 553.56927  512.06012 
 602.93866  512.8598 
 286.74585  512.90778 
 317.99945  512.73352 
 412.95654  513.02972 
 458.58746  512.87512 
 466.49292  512.26288 
 713.27197  513.26099 
 323.69989  513.05371 
 368.48456  514.02478 
 485.34454  516.61267 
 498.39682  511.77017 
 294.61133  515.25232 
 419.73749  515.81079 
 610.23468  515.52295 
 512.4256  517.61993 
 486.58716  517.63721 
 557.10071  519.47363 
 565.99017  518.74738 
 599.39545  518.43567 
 416.61542  518.71008 
 500.87601  519.19672 
 586.65045  517.63293 
 615.73114  518.7981 
 50.427639  520.38782 
 309.78375  520.27826 
 444.90024  518.65082 
 452.40799  519.00183 
 604.25897  520.1651 
 579.91217  521.3172 
 684.85376  520.98621 
 56.40284  522.02679 
 328.10046  521.30951 
 425.87555  521.75702 
 491.80884  521.85089 
 373.52701  522.33722 
 408.58591  523.25488 
 336.96722  524.00476 
 396.71582  523.60095 
 458.10602  524.26331 
 385.98679  524.89679 
 466.26938  524.63013 
 563.336  525.22742 
 583.07092  526.21045 
 33.512928  527.44171 
 411.81699  527.74933 
 445.49908  528.24518 
 550.85284  526.81146 
 704.04297  527.4054 
 486.74121  527.797 
 366.14032  530.24078 
 389.62262  530.74573 
 478.86896  529.79858 
 493.85916  531.76929 
 518.77936  532.45575 
 536.10767  533.60022 
 498.28125  534.38513 
 546.83398  535.29639 
 410.66345  535.87549 
 503.38675  535.97626 
 452.5592  537.44818 
 711.40265  537.57477 
 440.03116  537.10626 
 580.01483  537.65515 
 458.29507  540.08319 
 489.42096  539.72717 
 395.60477  540.61945 
 495.10336  541.91565 
 445.5253  543.88202 
 510.74213  546.82874 
 530.74261  545.36542 
 578.82513  546.86255 
 461.04889  547.89648 
 488.20724  547.91803 
 419.9718  549.38806 
 374.47168  550.44348 
 494.0506  551.10699 
 523.83875  552.2522 
 565.73798  551.24963 
 586.77667  551.71198 
 450.15979  554.43317 
 475.61429  554.31982 
 501.46124  552.9035 
 577.85364  553.41083 
 475.04282  554.36102 
 457.40094  555.04279 
 558.63873  554.25635 
 711.85449  555.64203 
 408.86774  558.539 
 468.09329  557.73334 
 474.09247  559.4325 
 487.63702  558.89441 
 719.58807  558.73334 
 427.28827  560.88135 
 517.94043  561.71985 
 526.65851  562.01837 
 481.22131  561.81744 
 573.36902  563.29779 
 421.03534  563.91498 
 565.65979  563.60303 
 441.24118  564.77954 
 587.19824  564.79584 
 459.84949  566.05603 
 475.32898  565.86072 
 487.81998  566.4259 
 497.91098  565.72864 
 703.82178  565.63312 
 397.13931  565.57343 
 479.97092  568.36951 
 711.46545  567.81061 
 415.26855  570.1618 
 469.98853  570.01001 
 521.96002  569.31561 
 424.15561  572.18365 
 432.62665  570.78107 
 530.02344  573.62689 
 399.85818  576.1521 
 437.02863  574.8053 
 708.91791  575.1037 
 738.30878  574.57031 
 447.10513  575.64832 
 491.47748  577.57959 
 497.65732  577.08954 
 517.69714  576.81091 
 538.88336  576.73236 
 466.67047  577.98572 
 479.37939  579.48975 
 608.93671  576.90765 
 746.79309  578.28705 
 616.08191  579.57397 
 434.83862  580.25494 
 440.94675  580.36865 
 563.75739  580.38623 
 692.30609  579.22363 
 721.24036  580.06348 
 524.28741  581.07538 
 453.20508  581.93811 
 472.37115  581.51318 
 511.86581  582.66736 
 636.91858  582.69055 
 680.2439  583.16876 
 479.93167  584.42346 
 426.34113  584.66406 
 519.37341  585.46368 
 631.59863  585.95544 
 641.57764  586.03497 
 412.194  587.30865 
 590.57825  586.81793 
 818.85004  587.06274 
 548.65765  588.61176 
 601.05072  587.29437 
 418.85638  589.07916 
 471.44971  589.37311 
 489.25168  588.65314 
 567.40503  589.82196 
 613.50879  588.50854 
 824.74304  589.29736 
 432.80319  589.18414 
 673.98254  590.44592 
 680.7572  590.03638 
 463.03925  588.59375 
 534.3905  590.65381 
 438.96439  592.11896 
 476.53589  591.91473 
 648.46112  592.21918 
 515.25269  592.41632 
 630.93719  594.29053 
 716.40887  592.52893 
 451.85794  593.5946 
 520.29846  594.81976 
 610.46716  592.81781 
 638.33118  595.10071 
 723.0481  596.1358 
 438.06006  595.04712 
 596.69519  596.08923 
 616.32233  595.98596 
 445.75284  597.80084 
 456.18097  597.32135 
 572.9386  598.71735 
 405.53549  598.01233 
 534.91016  599.26886 
 628.4212  599.24536 
 556.86249  603.60626 
 604.04187  601.56281 
 440.64627  602.33966 
 546.53271  601.49701 
 719.14899  602.42645 
 623.487  603.93005 
 564.09534  606.48309 
 639.55475  605.86987 
 553.9278  608.57819 
 644.90112  609.91791 
 492.30771  610.3335 
 626.56897  611.82355 
 634.61975  610.73352 
 723.2558  611.89514 
 535.83197  609.85211 
 544.9574  611.64966 
 517.23315  612.5141 
 600.75031  612.43976 
 609.85852  615.27734 
 417.94943  616.13275 
 714.76324  614.16956 
 573.15869  616.77808 
 632.88904  617.35394 
 700.55725  616.73328 
 530.89197  617.99774 
 639.72394  617.64734 
 722.35901  618.75458 
 593.71344  620.98578 
 680.2356  621.60101 
 555.7359  621.59479 
 616.64703  623.2395 
 642.0686  624.12823 
 519.79694  625.4895 
 561.00201  624.86401 
 625.2525  624.63708 
 646.8642  624.86639 
 699.22601  625.49951 
 544.65656  625.87451 
 573.49597  625.48993 
 634.95514  625.75732 
 660.573  626.14966 
 551.6828  627.55005 
 565.84332  630.07861 
 557.2522  631.90002 
 526.67041  632.74084 
 520.46161  634.22864 
 635.64496  634.41748 
 655.59308  634.32672 
 668.00757  633.83881 
 551.37732  635.38367 
 660.66656  635.98175 
 543.67603  636.73181 
 614.78882  637.11212 
 620.55206  637.75751 
 675.1424  637.13416 
 534.60242  638.52051 
 558.28949  637.87762 
 646.10461  637.85254 
 507.9187  638.86371 
 651.90533  639.09229 
 562.49304  640.00775 
 587.117  638.97363 
 528.63672  641.19391 
 608.57166  641.17584 
 557.56958  643.4447 
 545.49615  643.70715 
 635.66949  644.60156 
 551.55383  645.93488 
 587.96368  646.28687 
 612.13483  646.88293 
 619.3797  648.9978 
 522.67804  647.11017 
 525.98767  647.56879 
 537.70496  647.93854 
 583.28802  649.36554 
 531.1145  650.18475 
 543.23499  650.41754 
 562.83136  649.60986 
 612.74133  649.89606 
 627.42804  650.86829 
 568.9223  652.30841 
 620.27246  651.92554 
 503.71524  653.51703 
 557.7099  653.64227 
 600.8374  657.87335 
 612.71436  658.59265 
 593.34021  660.13666 
 622.55493  660.58044 
 555.18353  662.96191 
 68.841652  669.98529 
 665.44836  44.340248 
 660.08447  49.300674 
 419.54575  50.259239 
 464.98526  52.164837 
 610.93085  53.324123 
 674.13635  56.885899 
 632.58661  64.128578 
 390.71722  65.012337 
 356.03214  66.280869 
 676.14893  66.53463 
 532.0376  72.304405 
 299.83609  73.533951 
 267.56192  75.484146 
 505.84659  74.742798 
 352.67224  76.125084 
 288.54468  77.636429 
 411.75925  79.221237 
 354.24976  82.493736 
 287.00833  89.1903 
 517.6051  91.424706 
 401.07028  92.476578 
 269.27283  97.95121 
 326.09033  100.70686 
 359.84366  101.22975 
 538.61169  114.4856 
 295.37189  116.38159 
 228.47563  119.74796 
 245.52888  119.52229 
 337.25226  127.18205 
 523.89746  130.60416 
 275.93707  134.0215 
 236.94048  135.11609 
 311.38104  139.86029 
 209.93588  145.67203 
 308.89359  146.64597 
 340.26657  153.78383 
 231.65207  157.94273 
 354.35815  161.77354 
 310.9274  166.02542 
 362.86746  165.77988 
 543.74982  166.12082 
 381.47495  173.11197 
 345.45822  180.95209 
 352.59784  184.31633 
 290.82623  184.89648 
 236.24948  186.84148 
 308.73132  186.75569 
 579.07562  187.17119 
 160.09096  188.5618 
 317.13449  192.04732 
 398.95334  195.86823 
 616.13995  198.48172 
 432.28342  199.05759 
 267.88904  199.94058 
 414.43378  202.48071 
 573.15808  202.14146 
 197.0544  203.18889 
 602.60529  203.36598 
 173.43811  206.91423 
 402.29108  209.70828 
 564.00018  217.82204 
 539.29572  220.9035 
 379.15421  222.04486 
 552.34784  222.4377 
 360.70728  228.37476 
 567.23315  229.50768 
 281.60785  229.88945 
 170.42139  231.00847 
 524.69269  231.58336 
 553.31372  235.2592 
 264.74844  241.3096 
 335.0881  241.34302 
 525.53424  240.78722 
 661.89453  241.32494 
 168.97867  243.39941 
 365.99478  242.85472 
 577.39471  247.27606 
 613.00623  253.60049 
 566.93787  254.95241 
 653.66443  257.55811 
 354.60135  258.13242 
 170.7482  263.28168 
 182.76627  265.01297 
 509.03333  267.6434 
 168.28462  268.97141 
 440.7879  269.45444 
 440.14362  272.64746 
 524.84882  273.41217 
 312.76175  275.09256 
 625.19562  278.53485 
 680.10663  278.10461 
 237.1367  285.02008 
 525.33337  285.7261 
 601.61499  285.6283 
 435.71445  287.40567 
 634.82068  287.68262 
 198.94505  293.85837 
 493.06082  296.25119 
 437.72607  297.3356 
 298.83197  297.43109 
 481.05057  298.00122 
 532.40051  298.76877 
 588.36725  298.60684 
 495.03586  307.17453 
 285.2356  311.58798 
 484.57407  314.629 
 294.24866  316.58975 
 507.00461  319.00546 
 342.62543  321.75061 
 178.14525  324.82156 
 532.24457  327.45544 
 437.27853  330.64395 
 192.08475  331.88617 
 292.57053  331.57349 
 317.67987  334.2688 
 491.15253  334.90298 
 542.5957  343.80716 
 194.1835  345.18979 
 359.27029  346.70828 
 516.96045  348.59476 
 334.8808  353.50122 
 676.07214  357.50348 
 690.88672  358.08218 
 171.78328  359.3494 
 208.86588  363.71863 
 667.95117  366.28839 
 641.25  367.09772 
 551.00409  368.3425 
 649.80585  368.93884 
 687.6745  368.65326 
 296.72888  369.77661 
 452.60138  370.05618 
 524.61926  372.1586 
 420.33926  376.63248 
 448.96884  381.06982 
 549.10461  384.70633 
 403.6452  387.44696 
 426.66855  386.60254 
 283.2605  388.57437 
 760.12781  395.7056 
 424.6926  397.53314 
 303.09543  398.89871 
 376.87241  399.67319 
 538.66217  400.09851 
 313.80414  400.76498 
 305.04572  401.79453 
 612.84296  403.66086 
 657.34088  404.88126 
 856.37842  405.01666 
 400.8385  413.42337 
 594.87073  413.10526 
 427.10742  414.66827 
 444.61572  416.38779 
 727.61249  416.34439 
 249.89722  418.707 
 464.28946  431.19852 
 234.51366  431.79343 
 751.53461  436.15396 
 627.65594  439.23041 
 514.94708  440.00565 
 498.34067  440.66251 
 220.35373  445.94165 
 429.90524  447.44214 
 466.59705  451.19183 
 203.31122  454.29599 
 650.7359  454.07599 
 502.0412  457.21783 
 664.72144  459.79977 
 383.19778  464.26987 
 621.37567  463.93597 
 450.14929  470.57919 
 545.00189  471.32727 
 275.34708  471.74539 
 367.27524  481.81677 
 565.56824  489.52036 
 323.9288  493.13062 
 632.72571  494.52551 
 453.11859  496.15417 
 346.98218  496.70563 
 271.52008  498.00653 
 653.50726  499.86786 
 682.20416  500.3302 
 143.79126  505.03961 
 514.4115  507.60211 
 156.81816  510.96362 
 582.15814  511.19135 
 551.4599  511.80518 
 702.22736  512.71753 
 393.41531  517.09766 
 472.25681  520.77203 
 497.89246  521.92657 
 609.97192  523.34564 
 356.44662  523.67175 
 520.41272  523.8764 
 420.74979  531.28363 
 404.07803  546.24316 
 88.900124  546.97595 
 466.4476  554.87793 
 535.65424  559.59058 
 546.66559  562.07855 
 452.50018  568.49164 
 559.37469  568.32709 
 460.01837  573.47699 
 550.04053  574.69434 
 712.49799  577.83746 
 592.64099  593.34332 
 649.81085  600.00018 
 468.41354  600.84369 
 536.87012  601.55762 
 611.62701  604.42047 
 485.79984  606.46454 
 619.82819  613.51434 
 564.70715  617.19269 
 646.32703  627.60675 
 604.31104  629.49194 
 522.51556  634.30048 
 578.12122  635.92963 
 560.55499  650.72394 
 295.07925  43.295639 
 142.49385  44.510666 
 376.05157  61.824646 
 331.5687  65.84507 
 375.79102  82.587959 
 346.26456  83.063492 
 406.32477  83.871452 
 503.87653  84.85183 
 435.7142  85.868179 
 411.73428  87.129967 
 510.41934  87.873726 
 442.06845  98.334351 
 547.12378  102.3946 
 501.58789  103.96418 
 441.82687  106.20903 
 575.85614  115.98513 
 551.17719  121.5831 
 557.78546  123.76525 
 536.6413  124.63878 
 260.06885  128.91231 
 546.28864  130.08728 
 293.15469  139.69958 
 561.81427  147.45056 
 516.12018  148.73286 
 194.99226  150.94078 
 524.0578  160.56317 
 514.53387  162.71286 
 556.9649  163.85655 
 429.20187  165.40765 
 513.49341  170.01991 
 452.06778  170.58398 
 358.59158  172.64673 
 364.48254  176.22171 
 468.21677  179.86737 
 479.10077  180.2999 
 593.4068  183.79771 
 288.08353  193.6714 
 423.95392  195.36203 
 174.00616  198.34055 
 223.39262  202.75871 
 471.46255  203.01057 
 595.57507  205.82579 
 363.74112  208.14368 
 368.81494  212.06606 
 554.99139  213.20096 
 317.76648  214.77307 
 384.89951  214.9117 
 497.08252  215.39468 
 546.07379  215.36583 
 474.76685  222.62895 
 492.42105  223.16481 
 499.57373  222.92963 
 664.05981  222.97287 
 641.3183  224.97238 
 560.27454  225.74297 
 250.09192  227.91228 
 467.48517  230.46495 
 259.88068  232.23515 
 473.09399  234.38452 
 519.1662  235.51501 
 585.04144  245.55869 
 636.50964  247.88885 
 355.01431  249.00645 
 290.80475  253.96104 
 454.22098  257.28717 
 574.80334  259.33139 
 411.69534  261.00385 
 816.31787  261.5813 
 595.34338  268.94238 
 302.23892  270.19843 
 432.57504  270.62921 
 590.85144  274.26486 
 485.44165  274.50177 
 565.24127  274.86142 
 455.52719  281.59055 
 319.79288  283.67844 
 559.56897  282.0513 
 591.19489  281.7146 
 469.41046  286.68274 
 461.48444  288.64087 
 609.4718  290.13348 
 486.92056  291.13571 
 527.02692  292.7446 
 421.67114  294.12637 
 616.45813  296.65704 
 447.62906  299.5961 
 392.77173  300.87552 
 329.44824  303.40121 
 461.72958  305.10602 
 292.47122  305.92029 
 421.84299  307.64105 
 626.94507  317.36838 
 518.87238  321.04346 
 381.07144  327.71149 
 426.30341  329.27176 
 479.91418  329.67499 
 656.94415  329.75504 
 427.3717  338.41428 
 700.76996  338.72751 
 439.9899  343.45444 
 360.82907  344.26819 
 332.46933  346.98724 
 343.32874  348.92709 
 473.3027  351.24396 
 487.20993  353.81039 
 511.77835  362.83435 
 458.89111  366.56232 
 494.17334  368.98026 
 531.68909  368.63226 
 491.22409  377.46942 
 645.52002  380.63541 
 195.90938  382.47845 
 537.89075  385.27795 
 708.33044  385.01108 
 524.81525  387.88443 
 577.89343  388.34717 
 542.38928  390.21902 
 747.99255  389.7562 
 552.0506  391.99844 
 742.27997  393.44836 
 495.48471  395.50516 
 505.38638  394.72592 
 526.82654  396.44324 
 583.36493  401.15317 
 665.17566  405.76175 
 405.36157  409.09521 
 589.22992  409.20609 
 410.41245  413.07874 
 744.46564  415.14932 
 401.85886  418.89633 
 543.47803  420.25204 
 766.59515  423.51697 
 221.10498  427.49207 
 473.91296  428.08258 
 480.76929  430.32071 
 226.46706  431.42166 
 204.04196  434.14597 
 300.8204  434.51855 
 194.41696  438.08917 
 213.43153  437.68048 
 656.8219  440.68866 
 458.91623  442.09442 
 690.38965  441.82861 
 320.05826  442.94 
 679.20276  445.25027 
 453.19168  455.25049 
 388.12537  455.60013 
 280.67438  457.28061 
 657.74609  457.61938 
 392.06436  460.32053 
 564.61975  460.05258 
 444.2941  460.8399 
 261.49185  463.1004 
 709.01001  466.27545 
 484.01059  467.58051 
 523.75214  468.99722 
 567.22955  469.48401 
 229.96973  470.78638 
 378.45865  470.53708 
 583.56769  472.86166 
 551.53723  479.87762 
 415.40036  482.66205 
 484.50888  489.2887 
 292.32489  489.83313 
 399.52383  490.00348 
 151.69801  500.97665 
 286.19141  500.59827 
 264.72827  502.32864 
 550.00452  501.79526 
 673.45459  503.54324 
 412.4668  504.9827 
 689.36987  506.09769 
 345.16803  509.09723 
 632.24121  509.65018 
 368.38562  514.0661 
 616.33569  517.44464 
 603.79395  519.90417 
 684.99902  520.32037 
 579.39099  520.83496 
 57.206791  522.31537 
 488.24649  527.74976 
 518.93396  532.89923 
 535.69519  533.42474 
 452.65411  536.27979 
 503.83569  536.42145 
 396.26938  540.50696 
 495.96085  542.27527 
 523.62756  552.55719 
 501.02167  553.55695 
 488.34525  559.38873 
 420.75266  563.04401 
 488.19113  566.4646 
 424.15958  572.32709 
 466.76208  577.05029 
 517.1377  576.77478 
 562.99353  580.24158 
 433.29309  580.6803 
 440.13177  581.82806 
 818.8089  587.0293 
 419.05173  589.31427 
 471.20294  589.51794 
 825.03308  589.59637 
 451.70163  592.90753 
 456.41672  598.04645 
 441.37521  602.47168 
 638.83069  605.41248 
 530.48914  618.50153 
 555.37323  621.18219 
 574.35394  625.68182 
 636.53864  627.46924 
 659.948  628.12866 
 551.69666  627.60883 
 635.61902  633.87042 
 609.27429  637.2804 
 551.5282  646.2843 
 537.61243  647.98431 
 531.0694  651.33832 
 679.3775  59.957703 
 758.44806  60.113972 
 366.15353  61.414848 
 409.20221  60.92112 
 301.26251  62.513218 
 767.48364  63.396061 
 311.15686  63.527554 
 339.4704  63.749912 
 356.10254  64.89505 
 390.7576  65.018471 
 619.93585  65.175316 
 520.59827  66.03595 
 632.4726  65.842957 
 283.68289  66.900864 
 347.22571  68.591255 
 373.71603  68.762077 
 440.02994  69.595734 
 664.60992  70.940765 
 362.57339  72.023857 
 533.49792  72.293068 
 300.51669  73.08802 
 334.43246  72.689362 
 400.53586  73.92363 
 516.10815  74.282402 
 505.65466  74.827301 
 267.43396  76.091347 
 382.02924  76.153954 
 369.40881  76.631798 
 287.4556  77.74453 
 411.34464  79.037392 
 525.14624  78.794563 
 340.44232  79.481033 
 267.82013  82.043152 
 354.64001  81.720757 
 484.71292  83.863876 
 325.90814  86.497246 
 361.75174  85.822243 
 563.27594  86.080803 
 259.94565  88.503166 
 286.68829  88.294502 
 442.50693  87.958267 
 394.26685  88.756691 
 451.77057  89.476593 
 369.87903  89.866798 
 517.78998  90.78643 
 334.27975  91.432388 
 355.39981  92.054665 
 385.18814  93.364052 
 433.52695  94.172783 
 500.89441  93.524033 
 569.15887  93.53595 
 393.13596  94.830673 
 268.22488  96.853813 
 376.2771  97.12336 
 407.17786  96.966911 
 424.55661  98.037643 
 512.33936  99.882881 
 595.47015  100.67323 
 251.72527  102.12849 
 287.09091  101.81873 
 537.77795  101.66043 
 308.7048  103.21 
 318.31009  103.40749 
 585.12494  105.27579 
 297.88812  106.78669 
 351.59937  106.72758 
 508.33832  109.18151 
 258.52863  111.39294 
 422.37769  110.48228 
 283.27985  112.13238 
 308.19965  112.33846 
 335.1033  111.87086 
 380.56128  111.9474 
 518.32031  113.24712 
 389.3819  114.67455 
 227.78406  118.37373 
 347.4101  117.6357 
 372.80267  118.17886 
 431.13632  117.57368 
 526.43774  119.43972 
 589.00311  119.3486 
 245.20195  120.26691 
 324.62357  120.32176 
 305.11697  121.60903 
 362.41852  122.79443 
 381.32764  123.72883 
 233.31549  125.85424 
 318.16876  125.63029 
 217.48517  127.19364 
 285.94522  126.896 
 336.89557  126.85684 
 370.04666  126.86208 
 512.2453  126.74746 
 295.62143  129.0864 
 347.24384  128.80911 
 422.50568  128.63988 
 523.45831  130.52843 
 356.71216  132.19797 
 392.82748  131.88808 
 207.81738  133.02921 
 276.7417  132.76509 
 234.56844  136.85242 
 342.43295  136.99112 
 367.35892  137.48962 
 262.05408  137.57994 
 285.48883  138.76488 
 539.6062  139.31224 
 311.24005  139.99295 
 271.46429  141.13573 
 300.71823  140.85403 
 349.78009  142.72189 
 549.11658  143.89474 
 212.97392  144.81055 
 333.71179  145.10155 
 260.05066  147.19322 
 222.976  149.4465 
 184.00131  150.43333 
 321.92163  150.19965 
 526.5014  149.72873 
 269.70801  151.44676 
 296.96765  152.27411 
 353.62921  151.96252 
 250.61266  154.50743 
 339.95145  153.92654 
 545.12891  154.72629 
 304.87573  157.96368 
 552.70734  158.31165 
 260.27875  159.04372 
 326.20197  160.19119 
 313.84088  161.3391 
 531.78754  163.63872 
 269.93942  165.21828 
 362.52594  164.50362 
 248.98619  166.25269 
 543.08008  165.92287 
 565.17108  165.91362 
 309.75626  167.40858 
 213.92976  168.10861 
 224.81927  168.50652 
 237.68823  168.33632 
 371.26794  167.82655 
 419.5209  168.68877 
 442.15799  168.61838 
 258.18246  171.2075 
 205.15733  172.44926 
 381.29001  172.30212 
 181.95317  173.22696 
 530.43402  174.53395 
 552.50275  175.22916 
 608.42566  174.93758 
 271.60977  176.45064 
 425.72821  176.10191 
 316.16779  176.4617 
 541.76331  176.82639 
 585.20422  178.22789 
 192.52837  179.21069 
 561.26105  178.74184 
 213.99466  179.57738 
 453.73578  179.9893 
 345.53369  180.70087 
 323.12491  184.2943 
 354.29349  184.20392 
 219.70924  184.87077 
 290.07355  185.21313 
 434.5553  184.86066 
 443.88049  184.91676 
 237.46346  186.14163 
 606.06171  186.31252 
 308.10062  187.47922 
 160.05275  188.12022 
 195.86981  188.31801 
 227.276  188.16533 
 271.26266  188.00868 
 480.55255  188.43578 
 537.04407  187.76666 
 546.87537  187.92461 
 578.80573  187.83199 
 182.90321  189.39807 
 211.91678  190.08125 
 251.26198  190.12065 
 297.32706  189.79779 
 637.40546  189.92299 
 169.80717  190.77359 
 203.00282  193.1442 
 261.13254  193.35522 
 279.44418  194.63019 
 398.66174  195.02356 
 188.72546  196.20699 
 294.09308  196.02942 
 441.24396  197.99957 
 549.21674  197.54649 
 615.81769  198.20422 
 268.07178  199.81279 
 382.86819  199.85751 
 406.41696  199.70837 
 431.48804  199.47218 
 559.19006  200.12604 
 572.26471  201.99794 
 197.62305  202.91147 
 300.57474  202.98151 
 415.43704  202.86031 
 530.80261  202.79306 
 603.69568  203.16667 
 165.75749  203.82225 
 540.87964  204.22507 
 391.39575  204.81642 
 252.01642  206.18149 
 549.59619  206.1898 
 173.64624  207.79019 
 436.95914  209.10263 
 262.6752  209.70071 
 376.21964  209.70729 
 641.26569  210.20757 
 281.65121  214.5376 
 521.12183  213.80119 
 649.75494  214.06471 
 296.80353  214.76633 
 403.99774  217.00723 
 563.55817  216.65811 
 251.34238  217.61128 
 357.06226  218.27692 
 169.20097  219.92334 
 432.7966  221.10042 
 539.36206  220.78532 
 526.39752  221.91708 
 260.69476  222.7045 
 320.96545  222.83357 
 379.77847  223.11876 
 482.08835  223.14844 
 551.97803  222.88252 
 446.95847  224.4908 
 671.13745  224.22269 
 339.38824  225.11339 
 411.7901  225.67874 
 491.23007  226.38237 
 278.93152  227.66322 
 514.63184  228.34749 
 361.33682  228.6371 
 567.43524  228.70932 
 171.2144  230.51277 
 312.45154  230.67119 
 328.76749  230.94456 
 344.57803  232.55594 
 553.21521  235.18451 
 498.38962  236.08847 
 246.37509  237.01544 
 588.30878  237.42189 
 274.88483  238.1483 
 669.51398  237.81142 
 254.89142  239.82878 
 534.0849  240.17183 
 524.93408  241.1817 
 679.31152  241.04282 
 170.8484  241.84464 
 314.4725  241.96579 
 334.11102  241.52621 
 348.63821  241.71063 
 645.66028  241.79056 
 566.47772  242.63971 
 661.95679  242.69298 
 366.96817  243.65099 
 402.74911  243.65082 
 599.81519  243.79109 
 285.1026  247.1882 
 305.10925  247.05708 
 578.20258  246.95592 
 177.93887  248.03011 
 659.7724  247.62376 
 412.38492  248.39348 
 623.55573  249.44902 
 649.33643  249.26561 
 266.08209  249.54652 
 342.08792  252.77127 
 530.84656  253.05396 
 670.21863  253.2934 
 419.77097  253.64343 
 613.30902  253.70924 
 166.06824  254.56558 
 276.44031  254.71143 
 429.59583  254.81865 
 566.14587  256.19666 
 539.40332  257.23392 
 654.22998  257.02637 
 636.8255  257.70224 
 353.00287  259.42804 
 440.80344  259.06485 
 584.90216  260.05911 
 621.94983  260.45313 
 251.85368  260.88162 
 287.3295  261.35321 
 312.14709  262.38159 
 605.16034  262.3559 
 171.05449  263.40863 
 261.19553  262.62521 
 593.01202  262.65405 
 419.7211  264.12076 
 181.26323  264.61459 
 297.44031  265.17465 
 446.66104  266.3107 
 648.92163  265.68646 
 274.82474  266.7644 
 340.13147  267.46469 
 430.45428  266.67426 
 550.80713  268.25586 
 168.0005  268.509 
 534.05652  269.30807 
 245.42804  270.29529 
 406.79248  269.75125 
 441.3941  269.48477 
 610.15692  269.4938 
 263.87979  272.29236 
 285.42361  271.70538 
 619.1311  271.87814 
 347.01233  273.1731 
 526.01245  273.55402 
 311.46088  275.09491 
 574.46887  275.44537 
 644.53375  275.52841 
 414.31253  275.61685 
 680.45911  276.3941 
 196.72812  276.58044 
 251.69531  276.71613 
 506.64957  277.55582 
 211.11179  278.58875 
 226.69321  278.90756 
 303.36761  279.43213 
 553.42737  278.30545 
 596.34436  279.11816 
 605.96313  278.59454 
 654.01587  279.61215 
 515.56299  280.89389 
 536.177  280.81076 
 612.77966  281.84436 
 426.59592  282.87305 
 487.41034  282.90668 
 332.21027  283.79788 
 177.33073  285.96921 
 237.17612  285.755 
 282.87543  285.49554 
 292.54718  285.55103 
 524.98694  285.78494 
 567.17578  285.70782 
 645.32263  286.10233 
 342.43005  287.16037 
 435.83685  286.69772 
 206.97942  287.90982 
 354.37289  287.76007 
 632.96997  288.26389 
 167.88622  288.96405 
 519.85309  290.53812 
 577.04309  289.66235 
 412.04123  290.57416 
 446.01666  290.62598 
 533.9342  291.32056 
 200.30165  292.08521 
 476.1561  291.39124 
 596.08234  292.05344 
 287.64954  294.93753 
 501.95963  294.4837 
 464.20993  295.76913 
 491.87845  296.16528 
 541.15875  296.3577 
 172.92213  297.3403 
 184.02078  296.78625 
 438.52969  298.12067 
 532.37939  298.26648 
 345.07925  298.59433 
 588.15021  298.66037 
 623.46362  298.89948 
 600.0191  302.1723 
 399.13507  302.58188 
 430.31082  303.96002 
 609.172  303.92624 
 190.0791  304.56958 
 486.25641  305.06302 
 407.08044  306.28217 
 476.82443  306.76218 
 494.98767  306.93567 
 618.48218  307.82147 
 337.95877  308.92819 
 508.9577  309.25366 
 623.38202  310.42139 
 284.11264  310.99954 
 393.61826  311.64722 
 325.79944  312.54483 
 335.17004  313.78412 
 192.18466  314.85931 
 484.61731  315.38867 
 525.12091  315.14557 
 582.20471  315.44202 
 476.71957  315.86545 
 609.27826  315.79846 
 294.60788  316.78293 
 342.34415  319.12527 
 506.29886  319.01111 
 304.9024  319.63571 
 533.16809  320.86948 
 633.78278  321.33792 
 390.47937  322.26672 
 436.97031  322.20331 
 491.69171  322.80087 
 178.50031  323.53909 
 373.25198  323.53992 
 597.20233  323.82172 
 318.92197  325.0733 
 523.93237  325.45215 
 533.27728  327.5777 
 190.81624  331.02216 
 293.38602  331.39044 
 319.10904  334.45804 
 627.77618  335.15213 
 331.23346  335.5087 
 360.94849  336.36066 
 380.62555  336.00534 
 490.20724  336.24533 
 169.83453  338.42749 
 370.66504  339.49881 
 467.92072  339.20621 
 178.62814  341.26157 
 449.80716  341.55829 
 476.61685  342.18597 
 619.9071  342.15915 
 186.98845  343.41608 
 302.31729  343.01761 
 406.47318  342.39267 
 506.00803  344.09882 
 325.05334  345.82672 
 350.0101  346.31592 
 388.81726  346.45621 
 430.07944  345.83304 
 458.13229  346.05298 
 194.89659  346.82361 
 313.37939  346.99405 
 414.55771  347.55679 
 534.92096  347.00217 
 517.37097  348.45456 
 199.17722  349.60019 
 350.77588  350.8978 
 398.76056  351.80734 
 442.59082  351.61304 
 184.62041  353.55563 
 334.87363  354.3717 
 526.82513  353.83612 
 206.29332  355.47647 
 276.15161  356.35452 
 192.08427  356.50439 
 452.93253  357.3316 
 634.44208  356.78616 
 675.29614  356.94495 
 172.98605  358.39105 
 689.73004  358.61722 
 472.39838  359.35391 
 354.76941  360.14594 
 364.55966  360.5253 
 373.75314  360.32135 
 233.24702  360.64322 
 685.15503  360.54993 
 285.04346  362.15793 
 449.09058  362.87869 
 402.46014  363.66757 
 482.16904  364.20822 
 524.75775  364.40857 
 202.59721  365.97693 
 650.633  366.24469 
 181.48647  367.56784 
 434.40359  366.88916 
 552.13739  366.55963 
 171.59602  368.64627 
 268.23334  368.69196 
 295.02402  369.26086 
 355.8909  369.21701 
 466.74118  368.96756 
 372.31274  370.19507 
 413.31415  370.0863 
 191.32031  371.01889 
 442.69128  372.32935 
 335.78387  372.95139 
 382.39099  373.50024 
 534.87091  374.20172 
 669.25861  374.29071 
 364.18164  374.84567 
 543.71259  375.19318 
 345.15555  375.50455 
 400.53445  376.2417 
 460.28729  375.64633 
 685.1767  375.73965 
 274.21341  377.09985 
 482.07947  377.08066 
 715.05707  378.00064 
 515.52649  379.1525 
 188.75813  379.97678 
 472.36847  380.43262 
 337.94128  381.12363 
 449.00562  380.72733 
 527.10272  380.78229 
 725.70459  380.97107 
 284.06903  382.21622 
 310.7149  383.00113 
 413.33368  382.86841 
 495.73355  382.95984 
 551.14441  382.49127 
 560.30292  383.96484 
 350.08313  384.77515 
 634.43976  385.23276 
 503.61426  385.80276 
 672.03967  385.85922 
 380.65277  387.06128 
 486.88156  386.66827 
 426.27017  387.46378 
 460.04211  387.51526 
 402.98108  388.72079 
 650.57672  388.88361 
 680.79443  389.23138 
 717.40662  388.40091 
 186.19853  390.07672 
 727.06824  390.26248 
 201.13708  390.83905 
 320.4007  390.68689 
 369.74194  390.41568 
 468.82364  391.12164 
 531.52075  390.43228 
 196.33037  392.21606 
 438.8519  392.43213 
 338.26129  393.20428 
 566.6087  393.4071 
 260.73297  393.81821 
 365.39471  394.07816 
 595.91132  393.54282 
 673.29742  394.36777 
 447.70255  394.8992 
 619.9989  394.62213 
 658.78015  394.66797 
 759.97931  396.36035 
 401.38943  397.57672 
 351.50577  399.05069 
 376.33167  399.96652 
 716.04791  400.41208 
 303.05023  401.39948 
 314.69635  401.01147 
 422.16019  400.65134 
 484.54132  400.49185 
 678.04968  401.2861 
 435.46735  401.85913 
 265.78214  403.12628 
 598.73492  402.89822 
 733.75568  403.51285 
 499.81848  403.77274 
 750.65002  404.02176 
 687.76312  405.61038 
 723.56006  405.95621 
 554.07953  406.58075 
 656.83636  406.64166 
 463.25833  407.96066 
 610.52576  408.88885 
 699.95099  407.80777 
 566.7403  409.23245 
 427.93945  411.34695 
 522.53754  411.51053 
 619.37518  411.16318 
 473.67099  411.85199 
 417.26709  413.39948 
 501.76379  414.5173 
 262.89392  415.2525 
 401.08224  415.40787 
 235.19205  415.93207 
 452.76331  415.57944 
 592.67596  416.05542 
 727.97058  415.91223 
 443.59146  417.33368 
 490.71024  417.20145 
 602.73706  417.20117 
 702.43427  416.43689 
 550.43079  418.41006 
 659.71844  417.83865 
 515.93378  419.3353 
 560.18311  418.84616 
 751.59387  418.66629 
 196.9476  419.62527 
 248.45389  419.71866 
 347.521  420.09787 
 357.47906  419.86371 
 711.88611  419.74948 
 374.78082  422.07144 
 437.38623  422.39911 
 669.42645  421.7337 
 420.41391  423.18219 
 465.18268  424.16229 
 258.14661  424.70474 
 293.89218  424.86722 
 365.58731  424.61078 
 455.18625  426.26965 
 493.60263  425.88754 
 565.65356  425.89777 
 428.63739  427.51031 
 347.00482  429.46622 
 597.1637  429.3591 
 234.89198  430.21335 
 506.16409  430.05722 
 658.02637  430.37482 
 444.29269  430.70959 
 464.39218  430.87997 
 644.63281  431.42657 
 708.6825  431.10272 
 547.36108  432.01425 
 568.8949  433.72916 
 719.84009  433.58438 
 581.76373  434.76379 
 615.50836  435.19849 
 313.62164  435.94772 
 353.27728  436.34891 
 395.90833  435.5235 
 751.073  436.24792 
 404.76602  437.31024 
 668.31055  436.88873 
 682.42926  438.23325 
 452.1803  438.76801 
 627.22534  439.24576 
 231.8293  440.36633 
 437.34674  440.09158 
 593.00861  439.68698 
 649.40497  439.55075 
 387.29807  441.3898 
 488.32718  441.34286 
 412.56055  442.1489 
 466.87869  441.99512 
 444.61945  444.32605 
 200.21153  444.86197 
 220.83879  445.41345 
 396.33875  444.93625 
 421.4632  444.69281 
 337.81216  447.02866 
 356.36642  446.88715 
 473.44183  448.19379 
 430.36874  449.16983 
 652.7995  448.66214 
 662.14594  448.84305 
 319.02478  452.38831 
 327.99841  452.2247 
 467.14157  451.71289 
 684.37567  452.23715 
 445.50299  452.90637 
 481.97693  452.9469 
 529.20776  453.11572 
 694.17023  454.03281 
 538.43274  454.79181 
 379.33908  457.82898 
 501.92291  457.60165 
 397.83255  459.24863 
 549.8548  458.52539 
 355.46799  459.96716 
 226.91344  461.1532 
 436.33429  460.69873 
 412.91693  462.978 
 533.46881  463.31073 
 697.90228  463.17789 
 283.32523  463.55038 
 366.05963  463.56201 
 649.68536  465.25317 
 421.27451  465.96442 
 558.60309  466.19476 
 603.31934  466.49622 
 681.74738  466.90427 
 662.03107  468.41843 
 449.87982  468.86252 
 460.5571  468.94131 
 508.9299  469.30389 
 429.69711  469.94421 
 633.55109  469.81708 
 545.63959  470.72354 
 575.53839  471.15439 
 689.46631  470.53595 
 291.17358  472.38821 
 516.63177  472.94174 
 672.25714  473.06488 
 273.67844  473.90164 
 352.84152  473.69608 
 362.80524  474.29886 
 492.96008  475.22995 
 387.01303  475.84079 
 647.1189  475.85977 
 282.53766  477.53561 
 502.47281  478.10571 
 655.48163  478.33603 
 396.25717  478.6608 
 467.41125  479.15213 
 535.74072  479.08292 
 546.59198  479.17715 
 609.59052  479.89017 
 433.23706  481.147 
 322.5741  482.39722 
 457.73596  481.52722 
 558.64111  482.28018 
 592.7699  481.64728 
 690.71582  482.17136 
 710.99573  481.98422 
 246.12244  482.62073 
 367.59427  483.41403 
 406.38794  483.3602 
 477.83273  482.91647 
 512.87134  484.16553 
 722.02374  483.53384 
 352.17871  485.20309 
 601.26837  485.06244 
 616.93225  485.03223 
 672.80615  484.68771 
 362.4086  486.43274 
 372.62164  486.72263 
 655.13208  486.95599 
 393.38229  487.60727 
 444.15161  487.73956 
 582.3075  487.74191 
 681.65863  488.08707 
 333.70569  488.68109 
 134.90407  490.44214 
 383.1095  490.25009 
 492.13037  490.26532 
 417.28137  491.46631 
 500.44568  490.55383 
 706.88867  490.96265 
 563.6394  491.70853 
 588.69427  491.56711 
 662.35565  491.8497 
 482.5686  493.73035 
 632.71631  493.25122 
 322.81262  493.79605 
 466.29279  494.75815 
 574.96936  494.89581 
 643.48682  494.78638 
 108.6583  496.06375 
 716.9751  496.28223 
 454.09195  496.5177 
 602.11194  497.15262 
 367.87253  498.19717 
 508.59708  498.48456 
 117.19213  498.67053 
 495.04279  499.06522 
 302.08237  499.95096 
 653.11145  499.68872 
 682.38007  500.03195 
 332.16473  500.70587 
 420.37653  501.42245 
 278.983  502.32495 
 566.34845  501.9212 
 586.32129  501.9794 
 625.26483  502.04044 
 430.07297  502.94757 
 440.82886  503.13129 
 143.28809  504.49976 
 705.92615  503.94266 
 293.82684  504.78812 
 339.74194  504.66177 
 380.67181  505.2789 
 460.40277  505.07687 
 727.60046  505.46945 
 540.93488  505.23602 
 574.55707  506.01834 
 489.28415  507.44943 
 515.26147  507.17294 
 389.86383  507.77014 
 478.46594  508.12973 
 640.79962  508.21432 
 537.48279  508.3056 
 353.59299  510.15219 
 498.10483  511.0462 
 716.28497  510.77789 
 323.33057  512.17047 
 549.27051  512.15161 
 678.52917  511.65558 
 456.98715  512.80304 
 584.00684  512.57709 
 294.75772  515.46021 
 418.19012  516.77618 
 485.33527  516.93933 
 511.11035  517.78137 
 566.65222  519.53027 
 309.21689  519.9585 
 556.81458  519.5799 
 327.55118  522.12866 
 374.4921  521.8194 
 396.0415  521.79071 
 426.10287  522.15692 
 469.6969  522.45337 
 719.79071  522.0647 
 496.49686  522.65729 
 610.65833  523.40765 
 355.60425  523.45105 
 521.36975  524.02704 
 337.83154  524.56049 
 458.05646  524.65173 
 387.36841  527.81927 
 411.66388  528.00592 
 704.25861  528.01849 
 446.18057  529.39246 
 478.6264  529.32623 
 365.43442  531.65961 
 547.28809  535.55377 
 438.80222  536.56879 
 579.78906  537.35211 
 712.77582  537.69006 
 458.9433  539.55731 
 489.01425  539.73334 
 730.92194  541.16431 
 445.37149  543.91785 
 530.67426  544.75269 
 404.31628  546.23077 
 509.71039  547.21283 
 419.41809  549.53302 
 462.24298  548.86261 
 493.8089  551.51453 
 565.57318  550.47034 
 556.27612  552.38641 
 577.07312  553.2381 
 475.42783  554.12744 
 449.84604  555.08295 
 710.50592  554.79089 
 412.50604  558.27686 
 719.80164  558.3833 
 536.72754  559.70062 
 480.39828  562.09967 
 546.38318  562.58246 
 397.85995  563.54175 
 441.49371  564.60736 
 702.01141  565.0376 
 522.526  568.19324 
 711.54486  567.71326 
 414.09451  570.04865 
 452.26788  569.79376 
 433.2298  571.18518 
 469.50992  570.83533 
 460.02588  572.08112 
 529.91595  573.91376 
 738.11597  574.18878 
 446.97604  574.7442 
 551.20062  575.28137 
 607.70404  576.04553 
 400.32996  576.9682 
 539.14191  576.979 
 490.3714  577.53918 
 711.54016  578.46875 
 615.82416  579.4436 
 747.4035  578.70825 
 479.87308  580.71851 
 511.89041  581.2868 
 721.45099  580.59717 
 453.30145  582.18054 
 471.85501  581.67657 
 522.54968  583.33875 
 426.47968  583.65808 
 520.18945  585.51239 
 411.43735  587.30017 
 601.77844  586.89526 
 462.97876  587.68152 
 489.46252  589.10193 
 549.03058  589.23145 
 567.47467  589.3208 
 534.60577  590.40509 
 682.15576  590.68347 
 610.89288  592.21759 
 715.32568  592.25659 
 520.83539  593.84558 
 438.07297  594.6413 
 595.03534  596.32574 
 630.3783  595.71844 
 405.40677  597.34454 
 723.13739  596.60071 
 573.26593  598.77026 
 444.41159  600.08777 
 650.66193  599.95459 
 536.71704  602.41125 
 603.85907  602.35699 
 556.29822  603.44678 
 485.10153  606.17334 
 536.41748  606.02588 
 563.78656  607.26489 
 732.88348  607.2038 
 492.79669  610.97461 
 545.49512  611.38318 
 598.80634  611.62854 
 644.25311  611.50201 
 626.66699  612.54205 
 713.23676  612.73254 
 620.55176  613.68634 
 609.56909  615.20593 
 641.24817  615.21838 
 417.9617  616.4812 
 564.44165  617.89191 
 573.44751  618.43884 
 722.23334  618.41315 
 593.97681  621.31616 
 679.92444  621.75989 
 617.01331  623.99756 
 625.27338  624.56787 
 715.68347  624.6629 
 544.09888  625.97729 
 699.33716  625.67285 
 603.71143  630.48065 
 685.03833  630.70349 
 725.31989  632.60828 
 522.64069  633.59277 
 667.76306  633.64142 
 596.47131  635.81238 
 551.88184  635.84961 
 675.51184  637.37006 
 534.95935  638.38531 
 587.15167  638.4325 
 620.22528  638.00824 
 434.12296  81.800598 
 536.32715  122.8756 
 522.0257  160.29567 
 427.18478  164.68591 
 467.75815  179.3867 
 594.39258  206.93172 
 497.27789  215.9259 
 250.29292  228.27332 
 816.52203  261.56125 
 563.91083  273.28265 
 608.27032  290.72595 
 420.28134  293.31418 
 463.04541  304.25479 
 643.70404  379.18997 
 742.26678  391.72025 
 587.04028  401.47867 
 193.51244  438.00583 
 460.98376  441.43851 
 584.0199  472.21567 
 264.46179  504.40707 
 600.09631  514.56091 
 681.90326  514.62683 
 447.39453  529.89801 
 521.07343  552.73383 
 420.08612  561.89886 
 488.2261  564.0304 
 423.72614  571.1228 
 440.67297  88.341248 
 368.02676  89.75058 
 394.77478  90.653801 
 454.13913  89.078041 
 569.12634  92.09549 
 332.21835  94.006042 
 405.92514  95.44207 
 501.68707  95.038452 
 526.08942  95.680969 
 250.75954  100.01045 
 286.42758  101.97691 
 299.96536  102.14616 
 352.2869  103.99908 
 433.51974  105.92773 
 261.24353  109.26257 
 569.88574  107.78481 
 333.80243  110.19547 
 392.16858  111.91014 
 421.2002  111.06844 
 503.82144  112.64519 
 517.6629  112.09912 
 346.88153  116.94918 
 433.64044  115.64182 
 366.6066  116.87328 
 528.53577  117.28419 
 306.87308  119.94563 
 321.6088  122.4755 
 234.40681  123.71285 
 282.03943  124.16956 
 379.61105  123.19143 
 212.31705  129.82899 
 294.43594  130.74042 
 341.07388  130.55518 
 522.46722  130.9808 
 354.74991  134.35968 
 234.34596  138.21802 
 367.62964  138.58195 
 536.69684  137.79564 
 270.10489  140.62831 
 311.40387  139.87357 
 549.93915  142.66039 
 209.60014  146.59489 
 511.88873  145.96242 
 255.86755  148.53052 
 324.27499  148.27283 
 293.30365  150.59424 
 525.34021  149.9528 
 222.28687  151.87933 
 303.4277  157.90509 
 314.97195  160.84779 
 326.742  162.86191 
 530.18726  162.94667 
 543.54498  163.98201 
 209.78801  165.68143 
 243.91806  166.35468 
 269.3941  165.4389 
 371.03665  166.59471 
 565.40192  165.97971 
 223.71811  168.63156 
 420.77676  167.40913 
 181.61447  169.75858 
 259.9538  170.34134 
 551.93549  169.869 
 300.49957  175.27319 
 382.78922  172.78468 
 316.32025  174.69682 
 579.8407  173.56639 
 167.53227  176.10341 
 192.53505  178.41513 
 528.66168  177.60664 
 428.2941  180.39676 
 454.4754  180.61057 
 607.65417  182.14854 
 240.86255  184.71602 
 270.31003  183.28334 
 160.05923  185.19086 
 545.82074  185.42833 
 308.39612  188.12369 
 533.40308  187.79082 
 635.3103  188.78468 
 175.3031  189.53102 
 214.91573  189.52921 
 258.90546  193.76596 
 280.07037  194.17191 
 440.65402  194.66772 
 188.3791  197.39926 
 407.12125  197.38754 
 559.59619  200.55022 
 573.21301  201.19858 
 198.45813  202.94247 
 469.43115  201.73045 
 606.73291  201.59004 
 165.27823  203.92978 
 391.01736  204.77744 
 526.45081  202.97552 
 539.28809  206.73572 
 248.29308  209.53731 
 640.01361  209.72462 
 279.79031  212.50621 
 374.81265  211.66345 
 402.13022  214.33566 
 652.64099  214.77571 
 182.99362  216.98225 
 261.98499  215.04916 
 296.26871  216.07014 
 563.08398  216.6635 
 433.70898  219.89194 
 527.47626  219.4191 
 322.33801  221.65987 
 480.64767  222.67856 
 276.56879  224.45383 
 413.39651  223.71733 
 669.53546  224.28979 
 682.52655  226.01039 
 348.16687  227.66847 
 363.86627  227.22226 
 492.12909  227.0253 
 171.27353  232.88713 
 310.74667  231.52657 
 550.14752  235.46162 
 588.18622  236.01439 
 275.97205  238.24207 
 663.60803  241.14867 
 252.85895  242.10832 
 349.51245  241.66592 
 565.22278  241.4563 
 304.53268  244.4413 
 578.7132  246.62729 
 179.60818  248.68004 
 265.13101  247.24493 
 619.67944  249.26404 
 646.82819  249.10364 
 670.90973  251.72121 
 276.00076  254.04843 
 341.31161  254.8167 
 418.58496  253.04829 
 541.08832  256.16403 
 287.64417  259.91193 
 309.00937  259.08734 
 583.97864  259.68848 
 246.71031  261.85532 
 259.61511  262.38159 
 353.29977  261.31915 
 599.61896  262.14703 
 554.00281  264.04236 
 623.06366  263.50055 
 182.3441  265.02606 
 419.33691  265.92438 
 430.73093  266.48373 
 271.1221  268.83755 
 529.7959  268.7251 
 443.63367  270.38089 
 609.56323  269.5076 
 286.83929  274.1582 
 313.21506  272.7049 
 501.96103  273.50995 
 640.59723  273.23404 
 678.61639  274.20279 
 196.51714  275.56476 
 250.94501  275.9093 
 575.79169  276.05722 
 225.65384  278.55984 
 303.73154  278.96149 
 413.81628  277.45352 
 424.49667  279.34885 
 455.62076  279.9556 
 488.5954  280.4892 
 514.20874  278.93268 
 536.32971  279.66675 
 593.85083  280.65765 
 651.31073  281.50122 
 435.37985  284.97379 
 176.27927  285.00134 
 279.15475  285.4639 
 292.04709  285.41571 
 341.35089  286.0929 
 563.91998  286.44568 
 163.30626  287.64435 
 354.89539  288.53369 
 203.69637  289.56088 
 575.74927  289.86722 
 446.58499  292.14713 
 474.51099  292.58716 
 502.76035  291.0589 
 186.18427  292.9787 
 529.0603  296.47592 
 300.11731  297.65375 
 346.30258  298.35614 
 586.55475  299.40201 
 397.46075  303.03592 
 648.20758  301.80374 
 606.27252  304.51532 
 323.77203  307.47076 
 335.82458  310.03882 
 619.17328  311.9155 
 306.77661  314.09949 
 507.91861  313.80548 
 190.65817  316.6084 
 294.17404  316.97977 
 524.3717  316.1554 
 609.50659  316.6376 
 633.23328  318.65729 
 343.30307  320.84702 
 491.47937  322.29755 
 535.5957  322.87372 
 177.54678  324.03839 
 293.99921  328.70227 
 190.0903  330.12997 
 318.79279  334.00519 
 331.9285  335.95413 
 490.30542  338.19901 
 369.22702  339.13303 
 476.49622  342.27155 
 619.28046  341.09048 
 300.50552  344.06494 
 384.11398  343.93036 
 427.98584  344.40488 
 459.01862  344.73264 
 505.13751  343.68417 
 537.29303  344.95609 
 519.50287  346.81241 
 413.08734  347.44965 
 315.004  349.14957 
 440.89255  350.06052 
 273.36346  352.76978 
 208.02962  353.47104 
 335.27921  352.94556 
 421.98013  356.50989 
 472.86453  357.51175 
 674.67822  355.14688 
 172.66449  358.40408 
 301.40189  361.89481 
 636.11981  358.50488 
 688.55811  357.68442 
 232.31714  360.49277 
 284.28278  360.42337 
 451.21744  361.94617 
 483.14111  362.77866 
 363.58505  364.13464 
 652.49951  364.62582 
 182.1429  368.34927 
 203.0128  367.46967 
 266.14307  367.6976 
 397.86978  367.62885 
 431.18896  367.14191 
 522.93445  367.57556 
 294.72656  369.14127 
 464.14847  370.10178 
 381.30371  372.54395 
 413.45193  371.91461 
 668.24817  371.69208 
 440.63684  374.02383 
 543.4903  373.10214 
 683.49048  374.87076 
 342.61215  375.83334 
 476.11975  377.85458 
 514.52386  377.22806 
 268.75467  379.33774 
 309.20505  382.06876 
 526.65704  381.88412 
 715.45996  382.98868 
 281.3103  385.58044 
 350.7337  386.21118 
 485.96091  385.97903 
 727.79175  385.86334 
 380.90637  387.6463 
 428.21713  388.3284 
 460.56982  387.52805 
 670.6524  387.31607 
 185.73987  390.27487 
 321.41785  390.65439 
 336.60577  392.58667 
 366.26865  391.72351 
 402.272  391.65735 
 200.39272  394.44223 
 567.02802  393.38055 
 658.43274  394.92392 
 255.64131  395.86261 
 446.01257  395.72748 
 377.76813  400.6088 
 420.2691  399.60361 
 301.26489  402.73083 
 484.51718  401.13348 
 677.36511  402.49481 
 499.17044  403.46301 
 690.08246  404.59711 
 462.82669  405.65186 
 553.48346  405.6821 
 722.50299  405.01083 
 736.24274  406.30899 
 612.56628  407.08847 
 522.58582  409.10529 
 567.56293  409.73413 
 262.68314  411.4913 
 401.45169  413.96637 
 427.56329  413.54132 
 655.51147  415.03564 
 196.28734  416.17892 
 234.15979  414.98395 
 439.68005  416.89084 
 501.25961  415.24893 
 602.14038  416.92035 
 700.20947  416.42484 
 712.84735  417.93643 
 726.99823  418.35858 
 356.82153  419.69958 
 668.82013  419.39471 
 682.3194  420.2692 
 748.59991  419.69879 
 245.71547  421.83023 
 292.25427  422.02179 
 376.58408  422.50284 
 453.1178  421.4826 
 343.90549  423.96878 
 567.91321  424.58765 
 258.2735  427.05371 
 427.83203  428.02374 
 477.18875  429.88693 
 506.51437  429.39517 
 546.92389  430.65915 
 656.13086  430.70331 
 234.45566  431.57755 
 405.99945  432.69791 
 595.388  431.78433 
 707.10651  431.72632 
 353.74411  433.56958 
 580.94757  433.64624 
 614.74823  434.75009 
 719.79132  433.50055 
 315.92215  436.3533 
 668.90234  436.29892 
 489.97836  438.86966 
 382.55585  440.29132 
 681.98279  439.24777 
 218.67915  441.7312 
 395.5972  442.88718 
 411.50519  442.68066 
 421.74582  442.01443 
 647.58563  443.78308 
 357.48972  445.73486 
 560.08972  446.5936 
 205.90837  449.43719 
 430.2258  450.15564 
 467.23584  450.98346 
 540.52435  450.04898 
 660.48865  448.98676 
 442.30469  454.46808 
 481.09369  454.0087 
 683.87128  455.12213 
 379.80109  457.4801 
 549.30975  457.74249 
 225.97853  459.75684 
 354.65945  459.15329 
 366.71414  461.99789 
 500.01715  461.35156 
 525.21362  462.2251 
 283.46835  463.34088 
 399.06317  463.14212 
 603.3559  464.9574 
 648.20007  464.46228 
 661.34082  465.81445 
 419.18024  467.95285 
 430.66888  468.49158 
 521.19794  468.14944 
 672.3689  470.49561 
 689.2417  469.91 
 293.6037  471.37714 
 347.74548  471.85278 
 361.19196  473.56375 
 386.49655  473.25418 
 489.91638  474.34027 
 545.21747  473.83658 
 270.05121  476.55038 
 282.76691  478.4411 
 462.95123  478.93909 
 501.70093  477.81784 
 318.97363  479.55203 
 723.8302  480.71964 
 245.99754  482.34052 
 404.86169  482.70914 
 429.94955  481.55276 
 477.42566  481.69537 
 557.44196  481.60202 
 589.7854  482.03207 
 693.72607  482.45694 
 351.90921  484.70361 
 514.07184  484.13928 
 600.36853  484.64172 
 671.01263  484.75714 
 617.55048  485.23468 
 332.22507  487.2157 
 416.17703  488.3389 
 443.71829  487.28653 
 681.6402  488.10638 
 381.49634  490.57019 
 631.90851  490.70987 
 106.01583  491.41876 
 467.28336  492.39389 
 317.70056  494.2793 
 363.7081  494.01682 
 480.55371  494.43997 
 644.11426  493.14917 
 561.7262  496.29849 
 604.69995  495.97946 
 119.08768  498.57477 
 507.72128  497.99493 
 716.83057  496.90842 
 683.40216  499.5062 
 702.80804  499.71002 
 329.97305  501.84131 
 418.64569  502.57162 
 430.98608  501.08542 
 573.55536  504.86365 
 729.28992  504.36591 
 142.74406  505.29071 
 479.61426  507.04254 
 516.56573  505.20474 
 537.61743  506.36478 
 627.11951  505.5918 
 390.40652  507.08856 
 497.15723  508.84045 
 641.40973  508.19128 
 453.94403  510.4722 
 585.97253  509.33441 
 293.06351  516.87146 
 486.3707  518.18762 
 508.10361  518.18445 
 546.26062  518.71027 
 307.85245  519.10138 
 396.97885  519.36053 
 374.23187  521.18988 
 567.46429  521.45923 
 323.23083  523.24927 
 352.46283  524.06464 
 425.80484  524.06946 
 524.14532  523.27179 
 718.43945  523.76642 
 411.13284  526.59705 
 457.1821  525.23712 
 386.90579  528.30579 
 478.47812  529.41418 
 364.20441  533.13129 
 547.4574  535.06573 
 488.23563  540.51892 
 445.89526  542.63409 
 728.56854  541.59937 
 530.69012  544.51141 
 404.47302  546.45422 
 508.39798  548.68536 
 419.57193  549.76074 
 460.7352  550.78229 
 577.89795  552.3642 
 705.71039  551.90253 
 476.02014  553.00336 
 451.05801  556.21301 
 564.48486  555.02771 
 718.59808  558.67694 
 542.01392  561.35431 
 440.11713  564.51904 
 397.65808  564.95703 
 712.70715  565.41638 
 468.66699  568.67987 
 452.8869  569.44354 
 528.55182  573.00439 
 734.8266  573.85236 
 399.07187  575.87659 
 491.39651  575.79633 
 552.2973  575.09021 
 615.84033  577.39386 
 426.16602  581.51575 
 439.34714  582.48004 
 707.89844  581.56335 
 722.16992  582.58752 
 450.88181  583.64404 
 413.02493  585.72961 
 464.73788  585.08807 
 480.30331  586.68359 
 567.82678  586.79425 
 600.14948  585.71362 
 521.39606  588.38257 
 487.6915  589.34467 
 613.07855  592.7337 
 627.88733  596.91571 
 722.73633  595.42041 
 591.49878  598.40228 
 445.81271  600.30414 
 574.2489  600.45026 
 557.3866  601.48517 
 482.5296  604.99506 
 533.96606  603.81567 
 732.61151  605.65924 
 545.67181  609.73608 
 593.43958  609.0144 
 709.10156  610.43652 
 252.1433  236.38336 
 508.19016  321.4292 
 500.96219  115.65187 
 308.76434  117.803 
 278.37143  122.72511 
 321.2291  123.09661 
 379.49948  123.33657 
 212.71384  130.59517 
 337.78784  129.30592 
 523.43042  129.98663 
 293.51572  131.45604 
 354.55948  132.37117 
 536.44458  138.59178 
 236.1971  139.45198 
 310.50665  139.31631 
 352.93677  138.45859 
 270.21396  142.91873 
 368.70062  141.6456 
 550.90546  143.68623 
 255.67828  147.77071 
 326.71756  148.1524 
 509.70987  148.66077 
 205.39964  160.48265 
 290.33261  151.97849 
 527.8465  156.47214 
 304.41064  158.27888 
 323.63275  164.7359 
 546.5968  163.12508 
 222.70892  166.32704 
 371.013  165.88713 
 267.99619  167.48935 
 420.06638  167.16922 
 261.24994  169.05936 
 581.24774  170.76082 
 316.29816  176.22145 
 163.93355  177.99973 
 192.52237  180.73268 
 244.01196  182.01192 
 456.52063  182.5614 
 527.59259  182.33344 
 606.82928  181.04254 
 270.90387  183.86922 
 425.54279  183.26582 
 545.75879  186.11354 
 282.82141  192.12415 
 441.03513  192.95261 
 258.48193  195.76999 
 406.75513  197.03551 
 426.2742  202.66173 
 523.39807  202.44391 
 575.49854  202.22032 
 609.54974  202.54402 
 389.79938  204.03319 
 245.34329  211.03577 
 536.19336  208.86366 
 640.13934  210.0562 
 184.49161  213.92241 
 261.07254  216.24382 
 401.79282  216.48723 
 277.65588  219.5869 
 654.39941  217.91504 
 433.09528  220.13213 
 528.60986  219.12094 
 562.41583  219.07652 
 481.20493  222.87668 
 348.19684  224.44331 
 366.54523  226.15327 
 668.27515  225.15715 
 169.87025  231.57504 
 549.41254  232.27567 
 588.44489  234.09692 
 308.05035  235.83031 
 519.19318  240.02458 
 350.52524  242.15227 
 565.35522  241.15291 
 266.1683  244.95892 
 580.36401  246.50235 
 673.78424  249.32195 
 277.08191  251.92859 
 616.18506  251.00156 
 418.11581  253.36542 
 522.14514  253.30112 
 541.06494  254.36723 
 288.7608  257.76758 
 340.40326  257.40146 
 184.67163  260.81076 
 242.43053  260.44638 
 558.70758  260.08789 
 309.56882  262.23157 
 355.30441  262.27359 
 258.13333  263.76688 
 627.61426  265.50623 
 446.22  269.85385 
 498.56125  272.09625 
 673.09149  271.86765 
 198.19354  273.76682 
 269.80356  274.74228 
 251.81174  275.608 
 306.28677  276.37817 
 221.80821  278.2583 
 288.33917  279.02902 
 536.95007  280.48642 
 595.46301  280.46078 
 651.43872  281.08057 
 175.82881  284.72336 
 511.77859  283.66083 
 341.42651  285.88 
 434.81808  285.82217 
 503.42944  288.81006 
 356.2959  290.36185 
 195.57539  292.42886 
 205.40675  291.53583 
 424.35199  291.48196 
 473.81122  292.79813 
 524.2915  295.98901 
 302.96262  298.79361 
 445.84595  299.49368 
 588.14886  300.14911 
 606.27374  304.65683 
 648.62213  303.32071 
 319.6994  306.18506 
 395.97406  305.15497 
 309.65768  309.16254 
 334.54187  312.11719 
 507.88638  312.95157 
 525.22107  316.90079 
 616.79907  316.94531 
 327.11218  320.99731 
 633.0481  319.27713 
 346.01663  322.37598 
 490.12781  322.87036 
 176.12236  322.94812 
 193.1949  326.31549 
 293.69934  325.31726 
 312.55768  332.94296 
 385.98154  336.71548 
 618.66699  338.52982 
 475.31577  339.91003 
 489.86661  340.24414 
 367.55215  341.51566 
 505.17914  343.58957 
 523.03766  343.82883 
 383.62708  345.66769 
 408.80527  348.33994 
 270.77686  349.48544 
 317.12723  350.61218 
 441.29117  349.1608 
 422.74414  355.16656 
 338.90271  354.53671 
 691.06628  356.01584 
 282.54376  361.14795 
 635.68439  357.31274 
 229.41449  361.14484 
 652.73877  362.59265 
 449.04202  363.00043 
 361.25977  366.0816 
 397.73856  368.86383 
 432.46417  368.0817 
 203.67329  370.43695 
 464.53424  370.03134 
 380.11142  371.59354 
 668.08478  371.8812 
 413.82617  374.70514 
 543.35321  373.74655 
 514.41797  375.84232 
 684.77039  376.09073 
 264.54034  379.06161 
 714.74261  380.79831 
 336.34531  381.56628 
 488.17969  384.89261 
 729.59918  384.60443 
 281.21002  387.36401 
 349.8385  387.69293 
 184.82275  389.83066 
 319.85526  390.43433 
 366.07034  390.61975 
 335.67935  391.14868 
 383.13443  391.28894 
 202.59538  394.88675 
 401.22098  393.50293 
 569.62402  393.50171 
 420.17728  398.82941 
 444.39932  397.82275 
 299.1059  400.76929 
 380.23462  400.83804 
 483.92932  401.81976 
 500.23019  403.10315 
 463.9249  406.4118 
 520.26868  406.58994 
 721.93951  406.77988 
 736.62842  406.99033 
 263.95636  410.92551 
 714.94208  410.12888 
 403.71432  411.52631 
 234.08675  413.77521 
 271.96597  413.66254 
 428.70581  413.63132 
 569.37915  413.56815 
 651.71936  413.30316 
 196.10449  415.66101 
 602.17688  416.98407 
 699.17554  416.88199 
 668.06256  418.07309 
 712.1778  418.69025 
 728.41949  417.00839 
 748.57965  418.63037 
 451.67133  422.10461 
 291.81903  423.08945 
 355.80865  425.69925 
 477.69229  428.53229 
 547.97058  427.91876 
 506.85208  429.8851 
 654.76898  429.84888 
 235.08183  432.8208 
 594.88092  433.95688 
 719.83972  433.36591 
 488.52695  437.30243 
 526.53314  437.61157 
 669.92938  437.36014 
 683.55243  440.6969 
 379.02698  440.7832 
 564.14679  443.84567 
 396.62103  445.16888 
 643.74133  446.66226 
 500.5632  450.42026 
 659.6698  450.53284 
 205.64433  451.73138 
 430.05679  451.88693 
 481.26248  454.5246 
 391.74158  455.94876 
 354.72986  459.20013 
 500.60565  460.76041 
 401.26849  464.64291 
 602.83252  463.99072 
 645.86792  465.60043 
 265.83676  470.20313 
 342.2012  469.30258 
 659.98737  469.06131 
 674.7663  470.03586 
 359.93774  471.26282 
 489.73776  471.98511 
 685.64105  471.17273 
 282.26334  474.68747 
 461.31631  476.66309 
 726.35236  478.46341 
 429.77289  480.37592 
 557.60699  481.87662 
 402.59882  483.60129 
 476.89679  483.526 
 517.16779  484.10278 
 330.564  487.65988 
 632.12103  488.76498 
 696.17511  487.49606 
 381.85941  491.33548 
 646.47675  491.4866 
 319.10812  493.51712 
 362.54813  494.07892 
 432.43454  499.87964 
 557.35852  499.42795 
 684.25708  499.13943 
 715.63611  499.5979 
 414.42783  503.24155 
 573.08368  503.61343 
 588.25043  508.54236 
 731.88501  504.79596 
 536.94922  506.22586 
 451.91879  507.61942 
 494.86816  508.05844 
 680.49713  515.06537 
 601.62531  515.54803 
 373.53235  517.88708 
 398.46558  518.66083 
 504.86752  520.32544 
 321.53741  524.14417 
 527.99945  523.99689 
 720.07593  524.7467 
 350.96744  524.95569 
 412.07031  526.13507 
 427.62738  526.81952 
 387.89703  530.37738 
 479.05109  530.1817 
 547.54443  534.00848 
 446.40134  535.72095 
 531.02881  543.3205 
 403.34128  546.58722 
 420.91385  550.9577 
 701.28595  552.40961 
 717.7616  558.66705 
 453.86511  559.33063 
 539.28204  563.86157 
 469.9725  565.48792 
 397.901  571.34412 
 554.47491  575.66003 
 421.14917  581.90619 
 304.16537  178.45288 
 605.31494  178.87097 
 517.57751  188.67487 
 543.11426  195.56815 
 259.96228  207.26894 
 190.62852  211.82368 
 531.27618  212.66702 
 281.7764  221.37035 
 255.69666  222.33531 
 555.53528  223.18617 
 307.08887  232.43118 
 671.91901  245.63177 
 188.34021  251.72432 
 513.16052  250.60898 
 539.65436  254.61948 
 311.22015  264.54153 
 564.47638  262.51572 
 536.36798  271.59488 
 675.02551  273.00903 
 594.77551  276.0351 
 648.51428  278.66824 
 174.79762  283.64032 
 263.99881  284.76117 
 288.12189  283.89151 
 339.62277  284.20782 
 505.21329  284.19183 
 470.47873  293.9845 
 199.22316  296.56329 
 523.89758  296.55771 
 505.45499  313.91904 
 292.13208  323.43042 
 195.37222  326.7012 
 479.62201  328.10474 
 264.42856  339.18076 
 365.13754  341.30377 
 505.36395  344.06705 
 408.35651  346.69119 
 394.06866  368.2095 
 514.97076  369.86005 
 437.66782  370.1611 
 200.22617  376.37271 
 255.48827  374.94565 
 334.62717  380.50772 
 277.77231  386.97104 
 404.66162  388.50436 
 444.5155  393.18967 
 303.33691  399.24951 
 470.39554  399.43015 
 238.36946  407.39349 
 424.06039  407.53809 
 527.21753  410.12781 
 667.07947  414.05127 
 263.72598  418.25558 
 290.85641  424.63861 
 449.81604  424.73285 
 549.37878  424.85309 
 506.61975  427.65109 
 239.63699  433.52988 
 394.46118  448.81201 
 500.49173  453.30032 
 525.07861  461.11642 
 406.78833  481.95221 
 332.61823  489.10416 
 381.80457  490.50995 
 688.46246  492.27512 
 432.07712  496.66919 
 713.90472  497.94507 
 572.23804  501.23166 
 360.99121  505.38446 
 455.0643  506.21011 
 501.96207  521.58832 
 539.02203  259.5228 
 511.85077  312.01266 
 292.68616  323.97687 
 276.29947  387.57468 
 451.06128  421.02866 
