 708.59711  18.391645 
 685.48749  135.50941 
 985.89941  138.97264 
 793.185  180.04747 
 464.09106  189.92465 
 818.67084  210.64667 
 829.55334  211.84021 
 733.50208  216.34431 
 452.79816  219.50783 
 450.83099  229.41461 
 440.57281  232.70058 
 825.11163  234.84172 
 433.53003  238.97226 
 741.19135  239.06229 
 1283.4396  281.52911 
 1268.9701  284.56845 
 554.09686  307.24371 
 525.65582  313.5556 
 118.13759  329.54263 
 441.83627  353.52332 
 768.73193  359.54849 
 35.194603  458.83749 
 28.888639  464.16934 
 208.29614  508.52505 
 362.02023  510.31528 
 799.09167  551.17737 
 752.13507  587.50433 
 420.36337  591.50513 
 566.90179  595.17944 
 179.47131  716.03009 
 765.24542  885.91919 
 1285.6185  960.24054 
 61.982471  1010.1392 
 676.43878  1042.9669 
 658.51556  1046.7736 
 660.67169  1083.2224 
 1270.0371  1117.5884 
 735.35291  1125.8406 
 663.40143  1151.9893 
 648.99146  1159.4165 
 660.31427  1221.9972 
 1301.4792  1224.0194 
 660.07843  1228.7679 
 677.20099  1258.468 
 673.90259  1273.873 
 680.06555  1328.9993 
 665.4162  1337.3416 
 700.08978  1353.5092 
 665.23273  1379.7625 
 1303.4103  1385.8026 
 1295.6072  1392.3235 
 728.52393  1425.7727 
 1275.906  2.8400779 
 194.32292  6.3943791 
 541.46808  10.56499 
 708.58337  18.213596 
 1206.8019  17.9741 
 745.16797  23.381042 
 683.91406  28.579458 
 659.6087  29.604479 
 750.82727  33.776714 
 653.38654  36.161312 
 668.56891  37.97086 
 1198.2379  45.324314 
 207.64957  53.231312 
 464.71606  54.920631 
 504.2312  55.655159 
 943.54944  56.908035 
 92.540779  60.379009 
 801.17224  69.501297 
 373.37238  70.939445 
 603.34064  84.318771 
 504.17139  89.140457 
 947.67297  107.50157 
 481.76382  109.02422 
 1015.6237  108.6422 
 1166.2173  126.3439 
 226.54747  133.84984 
 319.35992  133.80173 
 685.26569  135.41388 
 985.90576  138.80966 
 977.43939  140.48044 
 162.86809  145.46733 
 549.76086  145.45485 
 367.23499  151.19215 
 284.76984  153.50751 
 1230.9573  155.45311 
 454.1485  166.25668 
 800.95111  170.12675 
 477.13022  176.29872 
 802.49194  178.31514 
 793.05432  180.17433 
 330.34595  190.05124 
 383.98203  189.91232 
 464.55936  190.41295 
 320.9256  190.7253 
 713.85608  190.51042 
 848.96204  191.45016 
 570.013  192.98634 
 387.76965  196.83282 
 806.46014  196.40025 
 471.72632  197.98167 
 743.33667  198.0813 
 815.63336  200.06079 
 739.3761  210.73926 
 818.79639  211.3439 
 441.03918  212.06891 
 829.55646  212.19038 
 577.70276  213.935 
 732.79718  215.745 
 452.96298  218.87584 
 1230.5607  227.95781 
 450.32428  230.41071 
 735.0224  230.14778 
 440.26849  232.52182 
 520.4364  234.54553 
 824.73785  235.50073 
 433.28018  238.96117 
 750.10809  239.0276 
 181.09326  239.9933 
 740.57977  239.83444 
 542.90265  249.50194 
 368.91586  252.61092 
 168.14142  257.87909 
 894.74628  260.69742 
 104.59325  264.15506 
 1010.0084  270.86536 
 794.72955  275.97003 
 844.75421  277.48221 
 1413.6155  280.13321 
 1260.9025  280.61597 
 1283.3495  281.53992 
 1269.3461  285.00851 
 804.04102  286.87549 
 762.74768  287.67886 
 779.12518  287.96359 
 1261.6434  289.70813 
 40.879726  294.35629 
 333.69809  293.50385 
 563.36188  293.96777 
 842.98572  294.30417 
 184.94174  296.94165 
 1086.9172  302.07068 
 1214.3162  304.94638 
 553.92896  306.97305 
 525.66248  313.52704 
 1269.3036  319.63129 
 144.54097  328.26816 
 118.06104  329.24591 
 501.73657  330.20511 
 864.13416  332.43649 
 397.1871  335.32901 
 372.85559  338.84476 
 498.52176  342.0152 
 142.6891  344.76385 
 191.49458  349.07391 
 730.82837  348.74091 
 442.30954  352.58514 
 430.0278  354.08142 
 775.78033  354.73203 
 186.40709  356.14883 
 798.49841  359.3894 
 768.59363  359.48105 
 849.53339  361.60809 
 753.13916  362.54733 
 765.77167  366.97891 
 631.06091  368.89719 
 1321.7144  368.4971 
 134.86385  370.20102 
 701.28955  370.98059 
 169.28331  380.38065 
 482.59479  381.24274 
 255.47118  382.54916 
 705.41516  386.28265 
 414.5553  389.75842 
 771.84875  393.74762 
 811.25983  395.54922 
 1194.8387  397.755 
 546.93402  400.42667 
 1419.0171  410.01004 
 281.4631  413.5986 
 795.54572  414.71487 
 299.41977  421.33142 
 672.68524  431.08594 
 629.07404  441.26422 
 894.93585  442.87665 
 821.40491  447.00494 
 1212.4965  448.93878 
 140.11906  452.203 
 813.43506  457.62662 
 35.529392  458.96545 
 28.73868  464.46161 
 407.24167  476.55618 
 141.3824  477.67169 
 128.4668  481.7084 
 803.72791  485.73703 
 186.96432  487.48584 
 843.10339  502.40277 
 9.207202  505.69568 
 829.43164  506.57544 
 208.53766  508.6272 
 362.01172  510.61462 
 808.79578  511.57953 
 196.15378  517.62897 
 193.54184  528.08563 
 725.53461  528.37445 
 794.50775  529.17432 
 512.44952  533.18408 
 129.21321  543.09753 
 1350.5726  546.53003 
 313.22815  551.00067 
 799.80127  551.06091 
 550.62891  558.80609 
 794.56793  559.19702 
 728.05139  562.12695 
 744.37054  564.71509 
 833.41937  567.43451 
 11.986208  572.47699 
 819.20563  573.88141 
 802.53235  577.47998 
 792.39496  578.4295 
 641.18213  580.0575 
 834.38477  583.55835 
 814.93372  586.25793 
 752.12646  587.51666 
 420.09067  592.09985 
 742.80072  592.54797 
 926.51636  591.6731 
 567.07678  594.93951 
 265.13562  597.23175 
 258.67227  603.63342 
 1286.6561  604.7674 
 168.46928  607.02454 
 1151.9211  612.32996 
 1164.8755  612.14038 
 743.21564  616.40094 
 1337.4093  616.9303 
 772.94116  621.28595 
 170.4017  623.4566 
 993.39636  623.7583 
 472.48788  629.66473 
 248.75598  635.96472 
 303.8241  637.71991 
 118.81847  645.95953 
 129.12856  649.7533 
 108.60244  662.29456 
 220.40811  672.98138 
 337.13687  679.4173 
 713.31067  678.6347 
 167.02357  682.71985 
 399.11911  683.96167 
 800.13287  689.81934 
 1386.4301  689.77728 
 154.19075  692.76239 
 715.72687  694.95404 
 743.9599  700.8847 
 1183.12  711.49091 
 159.71931  713.32391 
 169.06862  715.09802 
 179.06383  716.24298 
 424.84924  723.77832 
 1187.5979  723.59473 
 1195.1971  726.6582 
 1169.788  729.55072 
 1338.2417  728.98511 
 24.904051  731.3067 
 165.44524  741.42188 
 716.92963  741.93268 
 1270.8059  743.90436 
 724.88629  749.13055 
 987.51929  756.42926 
 749.86517  762.67566 
 776.27222  769.42773 
 1143.0548  774.35675 
 718.25244  776.02423 
 768.53973  778.9516 
 175.52454  780.21417 
 1350.1719  781.47589 
 725.46417  783.88519 
 708.75885  786.48706 
 771.81842  787.00916 
 666.95154  788.10596 
 620.93536  794.32153 
 131.53757  800.27747 
 753.8725  806.73993 
 793.31427  813.47266 
 77.79808  814.15247 
 725.05078  818.79065 
 1406.8136  821.36261 
 781.06439  824.17053 
 1316.3595  823.39966 
 758.98761  832.88593 
 869.74719  835.90649 
 270.99167  843.02045 
 758.67035  868.63202 
 702.49237  876.2746 
 1398.4249  882.47205 
 765.33826  886.40436 
 288.13342  892.46942 
 223.45668  893.0415 
 1051.8827  895.96399 
 947.27271  901.37006 
 732.93158  911.77179 
 765.00616  914.45935 
 745.0874  914.85748 
 176.15765  916.42072 
 564.54425  918.48346 
 171.35507  924.38391 
 145.40726  927.11475 
 176.86357  932.60583 
 16.556919  934.13904 
 756.12244  933.44031 
 409.09415  938.6095 
 1309.4634  939.36584 
 665.44513  939.38922 
 1300.9014  941.84326 
 654.00586  942.96124 
 1067.3125  942.8941 
 1031.6512  948.8623 
 660.47925  951.43726 
 1291.7037  952.02942 
 681.60077  953.758 
 125.27473  959.49158 
 655.57538  959.41248 
 688.13141  960.39929 
 1285.377  960.45831 
 229.28465  963.35065 
 819.33673  962.94421 
 1062.7711  965.909 
 685.63556  967.67139 
 328.63019  968.64227 
 712.30115  970.8681 
 675.60291  978.15735 
 767.75824  979.94781 
 1137.5074  989.41016 
 1254.8761  991.89209 
 1185.5232  1004.4547 
 777.74817  1004.9083 
 72.575729  1007.1602 
 1168.0156  1007.4433 
 734.49396  1007.7417 
 1148.8789  1008.3367 
 1399.7681  1008.6589 
 62.577118  1009.796 
 404.54114  1009.8586 
 659.7677  1017.6271 
 170.70042  1018.3206 
 733.64355  1022.0994 
 1392.2432  1022.6094 
 654.64185  1028.3519 
 1418.5  1032.6493 
 733.49878  1036.5253 
 676.78668  1043.3167 
 658.23273  1046.8291 
 727.66296  1047.6249 
 561.23669  1050.7686 
 92.900162  1053.668 
 728.53857  1056.4893 
 689.24725  1058.8301 
 71.837082  1067.549 
 689.67657  1071.9902 
 1205.4442  1073.6051 
 747.08868  1076.825 
 680.12177  1078.2878 
 660.3504  1083.4171 
 741.35016  1089.1794 
 222.61459  1093.9685 
 595.5542  1093.8051 
 810.44965  1098.2598 
 1112.3684  1101.1262 
 670.09937  1106.228 
 729.39563  1105.6381 
 604.59052  1111.4962 
 42.114433  1114.2999 
 21.235958  1116.4407 
 668.11902  1116.118 
 1269.9905  1117.7008 
 678.39856  1122.2236 
 539.6568  1124.7061 
 735.50635  1125.3723 
 1263.3877  1124.8323 
 682.48401  1130.9731 
 670.41431  1133.6985 
 1306.9608  1133.9202 
 728.4231  1138.5242 
 680.27899  1143.0723 
 339.04791  1144.4557 
 668.0896  1144.9734 
 456.85159  1150.1187 
 674.39777  1149.5455 
 662.79962  1152.2628 
 308.40146  1155.4425 
 719.40417  1157.4938 
 911.99994  1158.0774 
 648.97076  1159.4943 
 668.02374  1158.8527 
 822.36365  1161.0353 
 438.03082  1162.6752 
 660.46991  1162.2554 
 653.31128  1165.7941 
 677.71179  1165.4845 
 488.04825  1167.2655 
 728.89832  1166.5668 
 710.65881  1168.1616 
 982.5929  1167.4178 
 668.04358  1169.6499 
 651.97369  1175.1425 
 717.16333  1178.9814 
 244.58656  1181.0995 
 1051.2008  1181.0181 
 658.90222  1181.6113 
 1193.1443  1187.1964 
 1369.3042  1197.7755 
 675.6059  1199.6732 
 661.09259  1201.9969 
 748.48041  1203.5889 
 659.97186  1211.129 
 1369.6  1217.504 
 274.7099  1219.413 
 659.68994  1223.5548 
 1302.1754  1223.4994 
 680.51086  1236.1992 
 741.85181  1236.496 
 1356.2334  1240.0952 
 721.84613  1245.4911 
 676.57568  1258.4185 
 744.40063  1261.8989 
 733.01105  1266.5564 
 679.81757  1268.5015 
 673.17139  1274.2294 
 668.10718  1279.0869 
 728.4989  1285.6866 
 737.8681  1289.7578 
 106.82104  1293.0361 
 675.12305  1295.4106 
 733.19489  1299.2345 
 741.44824  1302.6722 
 659.98669  1304.4419 
 31.54701  1306.2776 
 668.30994  1310.8951 
 8.2584839  1312.7854 
 568.29675  1312.5304 
 733.53558  1315.632 
 234.22305  1322.2831 
 9.5562  1326.5028 
 680.06555  1329.1656 
 1210.0946  1329.4335 
 720.5379  1330.9369 
 527.01141  1336.4064 
 665.1886  1337.2333 
 242.74289  1340.349 
 1006.2715  1340.8804 
 670.96381  1342.0406 
 685.2168  1347.4949 
 1149.6458  1347.3588 
 709.85864  1349.4858 
 667.32751  1350.7319 
 700.10114  1353.0198 
 666.83154  1364.5342 
 16.540079  1372.7046 
 1140.121  1375.6512 
 1303.844  1376.7817 
 452.49515  1377.9526 
 677.4126  1379.5354 
 664.90704  1380.5217 
 1245.0111  1379.9172 
 1170.8071  1382.5189 
 384.39279  1385.8773 
 1303.6136  1385.7161 
 1208.4109  1390.2183 
 673.12103  1391.9115 
 682.78009  1392.0988 
 1295.4236  1391.8027 
 1200.4482  1395.3987 
 675.87891  1405.2704 
 738.47699  1413.468 
 728.15942  1425.7076 
 111.35868  1436.8132 
 684.08002  28.213881 
 659.93274  29.50289 
 653.43237  36.753716 
 668.66382  37.991104 
 683.35577  39.568882 
 1197.8981  45.157757 
 207.91766  52.904842 
 464.63016  55.118187 
 801.44232  69.372971 
 373.85657  70.929008 
 398.72107  77.585243 
 603.44934  84.696312 
 482.13394  109.339 
 1166.4043  126.51224 
 549.47052  145.60628 
 163.06227  146.20651 
 367.65561  151.06235 
 1230.5927  155.48636 
 477.19095  176.20128 
 792.65228  180.37759 
 739.74084  184.93275 
 848.91852  191.58717 
 807.013  196.19971 
 1227.528  204.83211 
 740.10522  211.37988 
 441.17166  212.38562 
 829.4989  212.09142 
 453.1991  217.90727 
 1230.5219  228.14429 
 449.9978  229.87759 
 439.77023  232.17073 
 520.14911  234.70717 
 433.0387  239.12659 
 181.2606  240.40587 
 740.02118  240.47827 
 759.21509  248.76898 
 104.06277  264.61273 
 1010.3543  270.55945 
 844.5968  277.75305 
 1413.0612  280.06064 
 779.48633  288.19415 
 1220.5858  296.84039 
 1086.6749  302.12552 
 885.62585  312.17349 
 525.7619  313.62527 
 842.39404  317.05865 
 501.9259  331.01553 
 498.16922  341.86356 
 142.95627  344.93692 
 191.32024  348.41925 
 776.97137  355.3367 
 849.63434  361.82208 
 753.75757  362.87463 
 1321.8772  368.34097 
 134.55634  369.63901 
 483.07971  381.43872 
 807.29694  386.57889 
 1194.8853  397.59155 
 546.91663  400.1608 
 1418.8406  409.77322 
 795.70642  414.8566 
 1436.1145  423.18564 
 672.53961  431.35309 
 612.88818  433.34827 
 894.86621  442.58957 
 820.87866  446.60129 
 35.943516  458.91354 
 28.360977  464.57739 
 141.40953  478.13773 
 129.94984  482.25549 
 292.42981  507.29434 
 196.19115  517.80792 
 789.61603  520.92908 
 193.61481  528.7511 
 512.33429  533.65607 
 550.74426  558.92059 
 794.80676  559.85925 
 728.3017  562.16907 
 823.45679  564.39685 
 833.8064  566.80414 
 12.402689  572.31317 
 819.50867  574.08704 
 802.98706  577.52258 
 814.66608  585.30219 
 731.28595  592.11475 
 926.91687  591.69073 
 1151.8208  612.35052 
 1164.4812  612.56549 
 1337.4231  617.3822 
 128.6264  649.38995 
 1386.3964  689.89038 
 715.2464  694.87817 
 900.3313  699.22583 
 743.89569  701.17151 
 1183.1838  711.30304 
 313.20142  711.86218 
 169.2937  715.1015 
 1195.1957  728.23993 
 1169.7009  729.39587 
 1185.9484  737.71185 
 222.20569  740.95367 
 165.00641  742.56989 
 716.28571  741.80334 
 986.71033  756.30774 
 749.48309  762.51971 
 766.54071  766.38611 
 1142.9835  774.46039 
 485.08075  776.62146 
 768.9903  778.25549 
 174.58803  779.77612 
 909.31952  781.35016 
 1349.7672  781.47406 
 725.78491  783.53931 
 707.82764  786.21484 
 772.75891  787.35272 
 666.71436  788.09796 
 761.33392  790.63464 
 620.9339  794.09052 
 873.7948  797.19519 
 131.69925  800.16516 
 1150.2533  800.47119 
 753.48584  806.82684 
 793.39056  813.8266 
 1315.3262  823.80615 
 747.67853  829.47522 
 869.89258  836.11957 
 741.10992  837.61346 
 709.16144  837.7196 
 270.45074  842.92255 
 1398.9994  881.63013 
 341.94995  884.66565 
 765.60944  886.27722 
 1403.9463  892.26392 
 1051.4934  896.41541 
 947.36365  900.76501 
 760.9093  903.31464 
 176.3002  915.67621 
 744.68066  914.50543 
 171.53886  924.61688 
 409.19809  938.95599 
 229.3329  963.10248 
 1062.078  965.90186 
 328.69836  968.89642 
 712.21881  970.94916 
 767.7749  979.18536 
 347.57617  988.81085 
 1254.7451  991.6037 
 1185.824  1004.4108 
 777.79138  1004.7937 
 72.423256  1007.1547 
 675.90845  1009.6159 
 1384.6857  1015.9078 
 733.58783  1022.0441 
 654.00433  1027.9187 
 733.61963  1036.8491 
 387.16733  1037.7615 
 657.92255  1046.4932 
 668.71649  1050.218 
 728.16156  1056.7861 
 689.1521  1058.8654 
 745.52148  1063.2631 
 747.22687  1077.0679 
 1112.6133  1101.6355 
 594.5448  1103.9866 
 574.71411  1105.9279 
 604.96851  1111.5953 
 1330.3571  1114.7725 
 735.77185  1124.7067 
 1261.873  1126.1067 
 683.18317  1131.4722 
 706.95935  1131.5636 
 1307.7899  1133.5408 
 728.70441  1139.318 
 338.62479  1144.0337 
 456.7207  1150.0699 
 911.31244  1158.5076 
 822.3573  1161.2465 
 678.49158  1164.6326 
 651.3197  1175.4337 
 1050.7743  1181.1663 
 748.23621  1203.7581 
 274.50961  1220.0194 
 907.94446  1221.2151 
 722.198  1245.1215 
 744.61151  1262.2103 
 733.33289  1267.0127 
 680.3017  1268.5133 
 728.03778  1285.835 
 738.53503  1289.3899 
 675.62225  1295.4795 
 733.22083  1298.8936 
 741.84357  1303.5604 
 659.56744  1304.6071 
 1097.8031  1308.3455 
 233.59035  1322.4293 
 1209.9845  1329.4128 
 715.24927  1332.1755 
 667.07513  1350.5665 
 699.63062  1352.8488 
 666.14764  1364.0078 
 1140.4218  1375.0284 
 1303.8331  1375.7125 
 664.51282  1381.6105 
 1170.6178  1382.4452 
 1304.1189  1386.1473 
 1209.7217  1390.0042 
 1295.3511  1391.5093 
 1200.4023  1395.254 
 939.47247  1409.0677 
 738.84369  1412.916 
 1012.6235  1417.4922 
 727.80786  1425.8499 
 1228.6326  1428.3706 
 112.02135  1437.6149 
 305.76105  1439.0497 
 1173.3885  46.282528 
 231.13199  78.774612 
 676.06134  97.418816 
 723.66962  147.98358 
 801.52698  172.51889 
 742.70032  197.54906 
 814.42944  199.66301 
 728.13867  211.183 
 818.3233  211.89214 
 803.57104  218.47702 
 739.37091  222.24666 
 823.16656  236.38718 
 751.5968  238.37077 
 784.04633  238.35933 
 866.69275  239.35094 
 802.92102  240.9147 
 706.42633  261.25745 
 794.45068  272.33398 
 718.88202  274.06253 
 1282.0383  282.00912 
 1258.8705  284.71674 
 803.36633  288.11346 
 843.37756  297.04144 
 856.25433  310.4248 
 786.76337  331.12198 
 850.48181  332.06531 
 784.84589  336.9039 
 858.57568  348.89795 
 774.92523  368.16422 
 702.52417  369.66031 
 901.93982  377.86014 
 764.2619  379.55652 
 357.86853  386.7334 
 845.5451  387.73703 
 852.58643  406.01196 
 766.73914  421.97296 
 837.98169  433.41751 
 851.31055  435.08731 
 799.86023  443.94046 
 838.08124  450.21631 
 768.48492  455.2724 
 813.97443  456.60962 
 322.14236  473.07498 
 870.6153  479.89142 
 805.06366  486.56467 
 1411.0443  488.48749 
 757.42987  494.2811 
 843.85059  503.55966 
 829.77307  507.58231 
 796.48822  511.94461 
 809.40063  512.49023 
 816.19476  520.30664 
 726.84479  529.06805 
 801.31757  550.82111 
 827.96368  553.63043 
 742.87146  565.07855 
 791.81885  577.44806 
 736.76331  579.77826 
 779.37872  589.25873 
 742.96387  593.40796 
 806.5509  600.49219 
 788.43896  607.29572 
 741.19531  616.10864 
 770.17853  619.54419 
 790.76764  621.42102 
 759.00592  640.15759 
 782.84686  653.90564 
 484.59238  696.46747 
 1170.8822  709.73865 
 1325.3912  720.31995 
 726.22968  749.90881 
 1336.0446  753.05365 
 704.5578  760.58496 
 717.59772  775.76556 
 201.54895  779.23291 
 717.49249  795.43726 
 721.75916  796.15564 
 118.87452  798.90533 
 1377.4388  818.84662 
 725.01227  820.53387 
 747.2207  850.24115 
 767.26428  855.98212 
 1109.0137  864.02191 
 757.38879  865.36646 
 835.56189  880.59442 
 753.47522  885.47168 
 747.77979  904.12738 
 766.2973  913.55811 
 756.52692  928.71851 
 665.42633  940.19281 
 652.16101  942.10675 
 1067.5813  943.84314 
 734.60089  952.93262 
 762.85022  955.28772 
 1074.3561  955.60394 
 686.7312  962.55707 
 743.17511  966.13104 
 689.57629  978.66852 
 739.36285  980.06415 
 673.10175  982.47876 
 749.92993  991.81976 
 675.15436  994.26465 
 737.03473  1006.5608 
 1144.9331  1006.9152 
 490.06342  1009.6281 
 660.93463  1016.8679 
 628.62445  1021.8978 
 667.06677  1034.9143 
 49.720905  1037.8044 
 731.38635  1044.1595 
 680.15375  1047.7933 
 740.25867  1053.9067 
 521.99939  1055.0784 
 689.02783  1071.2607 
 675.71869  1077.2648 
 659.58905  1083.9274 
 741.14722  1087.6245 
 668.34589  1096.9397 
 670.17651  1103.528 
 730.71527  1107.7051 
 666.86127  1117.826 
 680.01398  1119.0872 
 657.67041  1129.077 
 670.10126  1135.577 
 674.80524  1149.429 
 718.90735  1157.4686 
 680.93561  1161.4905 
 708.14484  1166.5554 
 729.67169  1166.7546 
 717.98016  1178.2542 
 660.00104  1185.2249 
 662.02179  1201.0162 
 671.41534  1209.3015 
 726.17212  1209.0842 
 718.90198  1217.9296 
 679.24451  1219.5798 
 658.78424  1225.6884 
 683.0918  1235.2882 
 741.07178  1236.4409 
 668.55756  1239.0503 
 684.56323  1248.4788 
 740.91309  1250.8191 
 673.25757  1257.6866 
 685.1568  1268.5547 
 669.03271  1277.3403 
 682.7135  1283.8243 
 732.21863  1315.1134 
 672.1275  1317.1962 
 668.10303  1324.1385 
 21.292009  1326.797 
 676.58221  1340.5793 
 661.2027  1342.7372 
 735.1579  1349.2454 
 679.10193  1357.1118 
 671.20923  1373.7646 
 677.71619  1380.4945 
 685.55359  1390.0742 
 726.3324  1413.8201 
 651.9588  51.816963 
 799.1449  169.54344 
 817.02356  206.97423 
 803.49384  219.19193 
 849.48712  330.99167 
 763.47882  380.98047 
 870.3949  479.6185 
 845.23907  504.56796 
 788.52856  606.43225 
 794.81329  621.71057 
 724.36719  800.4184 
 1378.1272  819.02386 
 767.49939  854.97003 
 757.83563  889.84161 
 747.69385  903.75244 
 734.53308  952.75519 
 766.19958  965.56689 
 743.41003  965.7738 
 689.63074  979.13739 
 670.32214  986.42889 
 650.09106  990.04126 
 751.28845  992.68463 
 660.84448  1015.6465 
 731.76514  1043.8712 
 655.12396  1047.8035 
 677.38135  1049.2178 
 675.57031  1077.2294 
 656.31177  1157.569 
 705.72125  1165.0629 
 684.4613  1225.7333 
 684.91876  1248.674 
 683.16254  1284.9127 
 689.80103  1306.1035 
 672  1317.3571 
 714.89636  1333.1761 
 660.62775  1353.1844 
 677.67877  1379.8096 
 1247.6995  159.33205 
 755.91223  239.66173 
 803.04724  240.79245 
 733.91797  240.93486 
 845.99042  301.83304 
 786.54083  335.37912 
 860.6391  346.28629 
 775.4328  365.37759 
 804.98529  491.37161 
 815.23578  519.27905 
 729.43616  529.18744 
 748.45294  565.28961 
 794.54944  569.77197 
 733.55066  581.78674 
 783.75647  650.20178 
 1188.2084  713.72046 
 706.89453  757.12469 
 747.61163  855.71063 
 759.37659  867.41418 
 674.02582  880.37006 
 767.32031  906.30042 
 757.96564  923.32813 
 685.75879  961.46259 
 677.23438  992.48706 
 669.71191  1032.4282 
 1313.9779  1058.4758 
 752.6521  1068.2261 
 741.92737  1082.4109 
 689.57568  1094.0392 
 669.40387  1100.5503 
 660.07819  1119.6222 
 668.47382  1139.1409 
 675.1463  1146.356 
 681.4483  1189.3525 
 745.0376  1202.1132 
 723.86157  1205.1968 
 671.0036  1206.1139 
 732.36548  1206.6931 
 654.31598  1223.3309 
 742.23645  1240.1752 
 668.57263  1237.9027 
 685.72083  1279.082 
 665.13959  1276.4213 
 724.15375  1292.8127 
 653.3205  1306.9578 
 695.67432  1353.7223 
 833.44208  423.05981 
 789.6167  624.21136 
 660.57751  968.81421 
 715.59674  1003.9108 
 738.96521  1008.7545 
 730.44537  1012.1858 
 667.3548  1021.0608 
 735.55591  1048.2109 
 664.755  1063.1335 
 728.63104  1115.1021 
 736.74841  1117.7646 
 650.23212  1159.1292 
 659.32367  1186.9843 
 726.01074  1182.7233 
 667.21698  1319.9021 
 679.04504  1345.2898 
 671.30737  1379.1954 
 801.69128  196.27823 
 810.26385  210.06071 
 740.44269  213.98871 
 447.30667  228.98982 
 727.33496  241.52409 
 869.88428  249.79375 
 781.48651  335.92007 
 792.96979  336.94437 
 841.17285  394.06583 
 784.01575  395.88477 
 758.43774  452.32648 
 817.33899  471.7027 
 731.69305  522.8493 
 816.61328  523.3089 
 798.93927  632.88849 
 757.28149  676.54944 
 758.5177  676.0946 
 750.67017  866.61993 
 744.08832  902.95129 
 770.93274  904.24951 
 666.7594  925.59998 
 640.03326  1018.4043 
 742.68701  1086.8875 
 672.83936  1109.9913 
 747.16223  1196.4591 
 671.59088  1268.0647 
 656.73004  1350.5405 
 697.94519  1363.7162 
 753.49805  221.80711 
 849.31885  309.11972 
 795.79285  394.27325 
 845.66565  406.68463 
 756.51532  564.39075 
 787.23407  638.84241 
 715.8938  783.28119 
 724.58411  810.19586 
 743.21106  851.24664 
 753.14209  912.37439 
 660.94244  1022.0352 
 730.82947  1049.2076 
 667.5722  1074.2776 
 687.02655  1247.6506 
 677.59247  1282.3485 
 722.33734  1299.2081 
 677.74524  1354.9573 
 861.08368  331.54785 
 779.88416  343.54425 
 764.04987  501.13641 
 816.19342  551.00824 
 647.71503  984.35095 
 729.79498  1027.6342 
 661.34351  1189.8794 
 721.0271  1178.777 
 668.62128  1321.1681 
 677.72565  1339.0204 
 788.80139  393.23422 
 721.12195  527.45056 
 742.19879  860.02515 
 759.52039  866.41382 
 675.87329  1017.5231 
 668.29004  1085.9845 
 679.36517  1122.4181 
 668.92194  1152.238 
 704.02722  1184.4283 
 679.98273  1187.2517 
 729.26556  1209.6056 
 672.86273  1229.8992 
 695.69501  1250.7485 
 677.79034  1293.7844 
 678.7934  1363.1093 
