 836.52618  91.613663 
 827.6908  103.3649 
 517.21613  173.76752 
 227.42326  259.66565 
 395.73849  329.05469 
 445.06018  330.06665 
 435.23318  336.12393 
 455.59503  350.48779 
 284.75861  364.16541 
 373.00714  387.38632 
 373.29199  395.0918 
 393.94479  407.60117 
 492.53122  482.47543 
 150.03778  548.38092 
 160.4314  577.97748 
 294.49869  580.11407 
 165.66898  587.14777 
 159.62279  595.91486 
 277.05551  603.39709 
 158.34535  605.31213 
 639.09119  609.776 
 626.35168  667.47729 
 176.55107  721.00354 
 1363.9524  740.85345 
 277.95099  859.33698 
 374.84082  884.06097 
 828.36493  887.93384 
 159.07928  956.7323 
 861.10138  1065.049 
 274.56979  1074.7875 
 849.93616  1079.5353 
 959.46808  1090.6713 
 874.97498  1106.0892 
 15.324755  1115.4547 
 889.82404  1118.8657 
 901.90991  1125.8384 
 270.28149  1134.2831 
 921.36896  1157.0526 
 915.12787  1171.9847 
 957.70929  1204.7855 
 967.97485  1217.699 
 1000.7573  1230.2054 
 1007.6072  1243.5281 
 1047.9034  1282.168 
 1078.8362  1287.799 
 1042.0898  1298.0459 
 1052.2561  1305.7711 
 1090.205  1329.2902 
 1069.0454  1330.193 
 230.26779  1362.3459 
 142.7291  1367.6288 
 129.06033  1393.1429 
 369.41559  1434.8301 
 935.43665  7.3928213 
 1125.4045  7.5405064 
 1364.5303  16.118143 
 444.38898  21.915771 
 27.128914  25.225698 
 1365.9208  25.075359 
 715.47534  28.76523 
 17.93972  38.432842 
 1189.5062  46.115707 
 647.18933  48.095417 
 1088.282  48.627094 
 1399.089  51.443752 
 1274.276  54.517967 
 341.73074  59.296051 
 761.6427  84.878487 
 820.24335  84.720161 
 300.87039  86.110641 
 153.64809  86.655899 
 836.53632  91.669296 
 1130.1102  100.34338 
 828.13263  103.484 
 1023.1725  103.06305 
 818.95428  105.18727 
 1121.3535  104.68311 
 281.772  106.1046 
 825.01453  111.75729 
 86.79277  114.33364 
 318.98499  119.05492 
 222.52022  125.64945 
 850.26984  129.91075 
 276.50909  133.55157 
 922.03571  133.60851 
 432.18686  137.9534 
 1396.1421  138.73318 
 798.87567  154.13283 
 168.78296  154.61958 
 467.64835  173.93544 
 517.04199  173.58705 
 511.63599  180.42651 
 1381.9315  179.93231 
 108.74055  187.06206 
 1263.5619  186.64485 
 1375.1429  188.13974 
 906.73193  192.11768 
 240.79198  196.77113 
 865.70276  203.33948 
 1415.4531  208.11739 
 1212.7428  217.19948 
 1339.2313  220.36792 
 225.91602  220.51552 
 1330.8232  223.29984 
 1405.094  228.75195 
 699.50049  233.73941 
 843.56757  237.71564 
 331.18835  239.51137 
 258.33539  239.9238 
 9.4188356  240.50473 
 269.42673  244.39531 
 1417.1295  245.97823 
 120.17136  256.0546 
 620.44147  259.32715 
 227.27293  259.60587 
 889.93036  265.45679 
 214.89961  283.48428 
 1299.6761  285.46503 
 1356.0846  288.96506 
 197.15814  299.68423 
 209.06076  300.54639 
 446.10361  302.12918 
 6.5099416  305.0755 
 196.16626  308.6781 
 1093.5631  313.95065 
 395.45255  316.51682 
 402.10867  321.78009 
 388.86554  322.42099 
 525.64691  325.68945 
 395.73682  329.30673 
 426.13919  329.96286 
 444.63779  330.11942 
 416.72421  333.12476 
 435.56497  336.55078 
 1046.866  337.15787 
 1178.0596  338.21945 
 455.85349  351.4473 
 1437.3292  354.09854 
 94.278053  361.0097 
 284.64343  364.24634 
 357.54712  367.02539 
 441.84653  370.13943 
 498.19543  370.4115 
 369.63715  374.66943 
 188.9771  377.73105 
 507.5687  384.44162 
 374.53769  387.02615 
 341.96069  388.1001 
 372.41293  395.23749 
 381.51663  396.82443 
 1166.2352  399.15366 
 548.15649  400.41339 
 401.33307  401.76648 
 458.84915  401.70435 
 522.16553  402.36807 
 473.05423  404.03308 
 383.71915  404.76974 
 1360.4371  408.33267 
 393.87521  408.55173 
 16.194366  414.2886 
 1359.8276  418.21878 
 94.536087  419.5145 
 541.20691  420.10202 
 454.4234  420.74228 
 958.41797  421.20288 
 623.89252  424.14587 
 1278.1819  425.93515 
 948.49493  429.45721 
 441.86908  431.06799 
 555.77631  431.89145 
 1209.1598  431.87646 
 63.895302  444.36414 
 116.13633  445.15582 
 1124.2244  453.97772 
 187.20969  459.01309 
 515.1922  463.13831 
 642.93555  464.97241 
 494.81778  474.12585 
 1311.0197  477.90558 
 492.54654  482.46176 
 548.36517  482.64282 
 843.76569  483.18997 
 1036.1804  485.60471 
 1210.1943  485.97141 
 1055.4165  489.73334 
 495.21481  490.05591 
 1047.5004  492.04675 
 252.64908  493.56674 
 482.62354  494.56104 
 1054.0609  503.59351 
 517.26917  506.54877 
 548.6333  507.51526 
 1037.5658  507.88632 
 589.27142  515.44366 
 589.79681  528.62946 
 151.47682  529.34241 
 448.30548  534.19293 
 127.57946  536.43549 
 248.96207  543.08789 
 461.2428  543.50421 
 641.65216  544.1106 
 222.15611  546.15375 
 150.76291  548.32263 
 633.78326  555.87994 
 600.54639  556.41003 
 762.65924  558.62811 
 1046.1052  559.49738 
 621.41467  573.41187 
 1068.8147  574.34076 
 1393.3953  573.9339 
 160.19904  577.52478 
 1279.3921  578.97845 
 146.86102  580.01971 
 294.3338  580.24213 
 1422.9407  580.30139 
 50.775249  580.92926 
 1274.4574  586.14465 
 165.58311  588.13544 
 807.01941  589.93353 
 1396.3999  589.72632 
 175.30458  592.1759 
 159.22128  596.0415 
 621.42474  595.51105 
 147.49083  596.84479 
 465.0105  598.75781 
 88.936752  599.53448 
 675.79724  599.88385 
 1274.171  600.1579 
 276.89853  603.19037 
 158.15807  605.50568 
 639.53131  609.17834 
 1274.6792  610.68396 
 686.72467  611.62 
 668.97546  614.02289 
 640.90881  618.52728 
 673.77368  626.35645 
 269.35123  631.43256 
 48.187084  634.44904 
 438.11758  634.58405 
 651.60663  634.70386 
 720.54565  637.4126 
 568.03772  639.23639 
 41.064278  640.69696 
 274.26208  642.64929 
 915.21478  645.53943 
 1271.3728  654.26636 
 605.93195  654.97333 
 348.70694  656.19147 
 811.05243  658.07941 
 591.69012  663.68567 
 626.38184  667.56116 
 622.51086  677.27417 
 663.88977  680.32092 
 287.39023  682.92175 
 238.08022  686.66449 
 638.11749  695.4986 
 229.57529  695.82648 
 1226.4386  708.39764 
 116.82806  711.24963 
 1054.4241  711.19763 
 728.85632  715.28223 
 176.08614  720.88196 
 1214.9744  722.02319 
 1179.7979  727.73401 
 1402.8337  729.61786 
 240.64487  733.13513 
 1200.3108  734.77966 
 1096.559  736.7793 
 1364.0397  740.97595 
 1286.2327  748.50854 
 1363.564  750.35809 
 1107.6252  757.71509 
 693.12122  759.88934 
 655.39984  762.45569 
 1072.9044  764.8078 
 667.43402  773.2113 
 453.69717  775.07611 
 407.88599  779.90088 
 876.29401  782.08307 
 977.77203  782.44586 
 489.50235  792.18042 
 761.86053  791.53644 
 737.31873  803.31024 
 290.81967  804.40002 
 762.16919  803.73718 
 698.58618  808.61737 
 769.54828  807.55212 
 709.46735  808.79236 
 803.0614  814.06409 
 800.6449  830.39001 
 1232.597  829.49231 
 172.73659  831.23761 
 721.43646  833.63721 
 768.90247  834.49915 
 732.04572  834.97772 
 154.06931  836.89581 
 1349.6448  843.57495 
 43.797886  845.25598 
 721.22272  848.10822 
 789.33545  851.12982 
 44.36129  853.84076 
 778.89459  855.63098 
 278.16479  859.39856 
 754.34723  862.15332 
 690.05151  875.8974 
 812.03796  878.75964 
 439.29062  879.73999 
 374.96384  884.55762 
 828.51117  887.99878 
 13.790906  897.78455 
 836.19794  904.80615 
 846.72052  909.5824 
 658.88263  910.453 
 919.17413  911.95752 
 773.86072  920.86719 
 266.50369  922.20496 
 831.61157  923.00409 
 820.20068  928.4566 
 851.86469  930.13776 
 1237.0212  930.01556 
 129.35896  954.20746 
 159.30359  956.64441 
 890.56256  958.33734 
 1175.7618  963.75476 
 155.49371  971.50403 
 914.29028  970.8573 
 87.969826  976.13568 
 160.4707  981.0578 
 463.38452  982.38074 
 542.97369  983.9306 
 62.485607  984.69165 
 80.523575  987.37579 
 842.34479  987.03278 
 259.68845  988.06476 
 786.08105  993.07104 
 807.87311  993.65271 
 1419.4061  994.06415 
 1354.8905  997.32172 
 882.92792  1001.175 
 819.87976  1001.4012 
 1115.6802  1002.3768 
 779.66425  1003.0131 
 367.42981  1004.7308 
 790.04132  1005.491 
 891.62439  1012.4977 
 791.09094  1014.5823 
 999.47809  1021.2452 
 1430.3757  1021.9099 
 900.74896  1023.5591 
 271.87354  1028.4888 
 129.15005  1028.8324 
 120.7049  1033.9312 
 903.3761  1035.9341 
 695.62103  1041.6511 
 909.85748  1041.8419 
 936.99231  1045.7089 
 832.19067  1056.4216 
 191.72195  1057.5645 
 940.88922  1059.2621 
 1049.0309  1061.8088 
 861.71289  1065.2083 
 834.59192  1067.9969 
 881.31036  1069.1212 
 274.04102  1074.8798 
 890.42303  1078.9623 
 941.89514  1079.1516 
 849.84052  1079.7175 
 1305.2383  1081.3959 
 886.64105  1089.7837 
 959.32526  1090.1775 
 962.58337  1105.0165 
 874.94971  1106.519 
 888.89459  1111.2358 
 15.493952  1116.092 
 188.57718  1115.7771 
 239.32185  1116.609 
 897.22931  1117.8903 
 889.98529  1119.5333 
 179.02617  1119.7023 
 913.88165  1124.2345 
 968.1853  1125.2694 
 901.77661  1126.391 
 980.7832  1126.213 
 922.5592  1128.6832 
 49.850475  1131.9921 
 236.00246  1132.5126 
 270.16226  1134.5569 
 1359.111  1135.563 
 914.54077  1138.5214 
 181.53209  1138.5551 
 967.73132  1138.8556 
 261.77155  1140.1641 
 1019.4622  1141.7349 
 980.17419  1143.6761 
 253.67111  1145.016 
 777.93805  1145.162 
 928.00391  1147.9915 
 920.60254  1149.0016 
 831.94232  1156.1743 
 589.43732  1157.2909 
 921.02545  1157.6725 
 940.91315  1158.2743 
 929.48962  1159.3704 
 276.17465  1162.5884 
 850.11853  1163.7858 
 926.4693  1167.3741 
 936.37311  1167.6482 
 1035.818  1171.2988 
 915.09174  1172.0103 
 422.12875  1172.6718 
 922.50696  1174.1501 
 1297.3893  1175.5748 
 823.0528  1178.0865 
 927.42981  1182.213 
 936.78442  1182.5803 
 308.66437  1186.04 
 961.41248  1185.7939 
 1054.0745  1189.2727 
 1026.3123  1190.925 
 28.110413  1196.4553 
 951.73303  1196.8314 
 466.90219  1199.2906 
 1048.2701  1199.7607 
 956.90082  1204.7278 
 988.52356  1210.4464 
 964.30511  1213.7795 
 631.64008  1214.8235 
 1066.889  1214.8087 
 808.98206  1215.6299 
 1057.3539  1217.5652 
 1077.8918  1222.4458 
 1069.2959  1224.8909 
 1377.9012  1228.276 
 287.87604  1229.4666 
 999.94983  1230.3022 
 546.98938  1232.0067 
 574.41064  1235.7793 
 1008.7908  1235.4532 
 1079.9095  1237.3357 
 417.74033  1241.502 
 1007.2881  1244.4115 
 161.88229  1245.1021 
 1006.7042  1251.4019 
 1022.5374  1259.6455 
 255.35405  1274.5062 
 1016.6465  1276.3365 
 1026.9757  1275.63 
 1083.9207  1278.5647 
 796.87506  1281.37 
 1047.6772  1282.0107 
 1026.6333  1285.9154 
 1035.4609  1286.0826 
 1325.9047  1286.3422 
 761.9613  1288.2296 
 1078.5524  1287.4752 
 396.74069  1289.9233 
 467.42325  1291.506 
 1063.6849  1292.8546 
 137.90706  1297.8112 
 1041.839  1298.15 
 1049.5181  1297.9093 
 398.11157  1298.8926 
 129.18774  1301.7551 
 152.72067  1301.7836 
 407.5293  1301.7683 
 1052.0325  1306.6179 
 1146.8843  1308.9553 
 755.68695  1310.2711 
 43.291668  1311.8195 
 379.86502  1317.7896 
 1060.6111  1317.8334 
 1068.8983  1320.7542 
 1078.1445  1322.5834 
 1146.8107  1325.2437 
 1090.3394  1328.4612 
 1069.2765  1331.0455 
 1275.2928  1332.6248 
 1082.9536  1334.5447 
 1193.6111  1335.903 
 951.69818  1341.1088 
 1093.6992  1342.9778 
 169.31839  1349.2452 
 385.43475  1355.5938 
 667.87952  1359.4491 
 230.54561  1361.8865 
 87.653114  1367.4609 
 142.45955  1367.4888 
 231.45967  1369.558 
 457.93488  1371.3556 
 1237.7081  1374.3074 
 1216.3115  1374.9578 
 110.71527  1377.3265 
 1295.9462  1382.423 
 84.327278  1383.7523 
 935.35992  1386.0339 
 651.64197  1387.7151 
 128.87411  1393.2894 
 546.39099  1395.9635 
 933.05164  1401.2649 
 260.26566  1402.2334 
 285.9491  1405.7877 
 1330.394  1410.2256 
 268.78891  1416.707 
 184.16946  1422.6622 
 269.24976  1425.6547 
 375.50299  1425.6785 
 369.48813  1434.3596 
 261.11545  1436.0168 
 420.99796  1448.0426 
 619.42303  1447.8571 
 935.05817  7.8515644 
 1125.2778  7.8602467 
 1364.4448  15.005882 
 715.04163  29.077175 
 647.53687  48.059738 
 1088.9333  48.997322 
 1399.1752  51.563179 
 246.23114  65.074471 
 744.47473  68.544624 
 761.73737  85.008514 
 300.81058  86.043335 
 836.31512  92.324638 
 1131.5601  101.1731 
 1044.7053  102.28012 
 1022.7727  102.97501 
 1120.4636  104.65455 
 86.435951  113.64286 
 222.73874  125.84208 
 850.0354  130.16235 
 314.42947  131.50729 
 921.83331  133.166 
 276.8316  133.77357 
 1396.3256  138.82106 
 798.07977  144.00525 
 168.19579  155.42024 
 1393.4506  157.63231 
 1382.6068  180.65271 
 1403.9996  186.4594 
 108.55528  186.69206 
 1375.4636  188.162 
 265.93076  195.41489 
 226.0695  220.37912 
 699.43732  233.93697 
 843.617  237.59293 
 331.08478  239.07628 
 620.49976  258.9267 
 214.83984  282.9603 
 1355.9592  289.03622 
 221.66959  292.15759 
 197.27609  299.41577 
 209.06857  300.62 
 446.23141  302.1124 
 196.61615  309.52579 
 1094.3268  314.11508 
 525.15826  325.17386 
 444.45401  330.09592 
 1178.0282  338.08499 
 358.26215  367.30872 
 498.43335  370.48846 
 189.3829  377.78687 
 1355.4626  382.96097 
 375.3017  386.88116 
 393.90771  390.07193 
 548.00635  400.35986 
 521.78662  402.2771 
 413.72946  403.68701 
 1360.9601  407.61591 
 394.0993  410.15823 
 16.552704  413.79373 
 1359.7104  418.28476 
 454.73444  420.74585 
 958.435  421.5997 
 623.82111  423.40985 
 948.17969  429.51996 
 1407.8929  431.17673 
 1208.8259  432.21317 
 64.004326  444.42627 
 381.95102  446.61435 
 399.77289  448.4722 
 187.17133  459.19879 
 642.6676  464.88742 
 112.24436  474.43896 
 495.75293  473.862 
 1310.9282  477.08923 
 1321.813  481.93832 
 1209.8431  486.73953 
 1056.6896  490.7601 
 483.20996  494.59735 
 869.07257  495.80209 
 27.982138  504.07483 
 1037.3969  507.94 
 588.84015  515.54584 
 151.41019  529.19867 
 221.97626  546.37787 
 762.8443  558.474 
 1046.1267  559.62726 
 1068.1077  575.06989 
 50.879753  580.38519 
 146.9043  579.94666 
 613.78949  581.63977 
 164.88702  588.05237 
 1386.4774  589.30969 
 612.19336  592.59711 
 158.65866  596.08148 
 146.77766  597.40802 
 465.17755  598.95197 
 675.80884  599.46161 
 277.11041  603.34052 
 665.78638  604.25897 
 158.08646  605.88708 
 669.42523  613.88922 
 641.47168  618.9397 
 673.11194  626.10114 
 658.77826  626.72534 
 269.88214  631.65356 
 420.43213  638.88397 
 273.9549  642.97528 
 914.73987  646.20447 
 1077.5601  649.71442 
 517.36176  652.54608 
 648.08563  650.51349 
 1270.9481  653.96362 
 348.56726  655.89337 
 811.76324  658.00629 
 592.18707  663.76965 
 287.73328  682.5929 
 613.2865  684.46991 
 1408.25  699.68732 
 1226.5114  708.12219 
 1054.3942  711.78619 
 728.36908  715.27222 
 1403.067  728.98541 
 1304.9478  746.81909 
 854.81372  750.06305 
 1363.0771  752.75714 
 1106.911  758.01929 
 693.30304  760.05219 
 666.82281  773.64972 
 453.95386  775.13251 
 408.08432  780.29669 
 876.46631  782.27771 
 977.65656  782.12366 
 761.55005  791.75043 
 752.54114  795.51031 
 736.95459  803.16809 
 761.89087  802.98248 
 770.42529  806.95935 
 697.94916  808.74792 
 803.19189  814.26135 
 763.28381  817.58813 
 1232.955  829.72522 
 732.33112  834.51935 
 768.25305  834.93365 
 42.872856  844.62372 
 720.54181  848.06665 
 779.3808  855.27307 
 778.64886  866.26807 
 689.86218  875.93842 
 754.95428  886.81036 
 828.47675  887.83075 
 13.088732  897.68005 
 292.20853  900.0675 
 223.14096  901.86182 
 836.40277  903.86682 
 658.58264  910.28497 
 831.0849  922.90985 
 1236.7542  930.22626 
 913.93774  970.86499 
 155.72694  971.49438 
 88.547523  976.44482 
 161.29068  981.81824 
 543.49835  984.16589 
 82.203598  986.79132 
 842.23163  986.93347 
 785.66296  993.47028 
 1354.5035  997.76727 
 891.44171  1012.715 
 1430.4075  1021.3965 
 901.20349  1023.4443 
 917.70306  1033.9529 
 927.24884  1036.6476 
 839.505  1040.25 
 370.16888  1044.9098 
 937.18829  1045.5446 
 1153.1044  1052.8361 
 1049.3035  1061.8077 
 833.88635  1067.9777 
 881.27795  1069.0801 
 859.7002  1075.9479 
 849.59045  1079.9436 
 959.16913  1089.5273 
 963.50018  1105.5179 
 941.68695  1113.7285 
 188.17984  1115.9625 
 15.676345  1116.4883 
 897.53357  1117.1901 
 319.02771  1126.0679 
 902.25226  1129.3354 
 923.37292  1128.7202 
 1359.5125  1136.2493 
 1019.2919  1141.9735 
 928.13446  1147.8395 
 941.12714  1154.0365 
 590.22223  1157.5803 
 503.10098  1158.6906 
 276.62299  1163.7177 
 850.52307  1163.5712 
 838.09052  1164.7144 
 421.78073  1172.7742 
 1297.95  1176.4482 
 823.5578  1178.8219 
 927.18323  1182.7583 
 307.62958  1186.2311 
 1054.374  1189.272 
 1026.1578  1190.5234 
 1048.9725  1199.9269 
 989.76788  1209.1422 
 1067.1044  1214.1255 
 1056.8879  1217.7135 
 1078.8267  1223.0931 
 1068.6333  1224.6674 
 287.84326  1229.4659 
 574.4259  1235.1403 
 1009.194  1235.0022 
 636.25793  1247.2699 
 1016.2523  1276.644 
 1326.2474  1286.3149 
 761.72717  1288.2666 
 1078.1752  1287.7777 
 396.478  1289.2769 
 467.33911  1291.2644 
 1063.687  1292.5009 
 398.24863  1299.1666 
 152.7906  1301.6353 
 1051.8174  1307.2996 
 1146.6938  1308.4236 
 43.212395  1311.9109 
 1146.5946  1325.5922 
 1069.9916  1332.1007 
 1275.1371  1332.4287 
 1082.5076  1333.9194 
 1193.5516  1335.962 
 385.42017  1355.5098 
 667.72473  1359.7258 
 1237.553  1374.3378 
 1215.9645  1374.8098 
 110.59991  1377.2094 
 1295.9034  1382.4497 
 84.416634  1384.3584 
 1330.2809  1410.0719 
 183.68143  1422.064 
 268.29105  1426.3409 
 375.17834  1425.9316 
 282.48926  106.14852 
 819.27295  107.74859 
 1384.1072  149.93552 
 1067.3274  168.35077 
 1265.2905  182.50262 
 395.40637  317.57593 
 202.718  322.75891 
 489.93826  326.17688 
 395.73471  330.117 
 423.0239  330.32556 
 434.73276  337.69366 
 252.76868  341.54489 
 321.94388  349.48172 
 427.74185  352.03793 
 455.10263  353.11038 
 441.00266  370.4888 
 368.2381  375.08301 
 426.1264  379.77158 
 510.5578  386.6001 
 527.77209  388.25836 
 382.08087  395.65701 
 456.28888  399.11053 
 1151.1368  400.35172 
 474.50797  404.81287 
 537.52448  409.19672 
 606.33533  411.56104 
 554.10547  415.36057 
 1179.7837  418.94885 
 579.22034  443.05762 
 1254.8547  444.45584 
 490.23953  452.91809 
 569.60498  454.48666 
 585.86389  464.04327 
 502.85352  484.5867 
 1036.567  484.93259 
 586.87463  487.80789 
 604.56775  487.73138 
 1025.8823  491.95966 
 593.87683  495.58743 
 502.76019  499.9353 
 518.66321  502.86996 
 1055.8301  503.79269 
 604.09888  507.34836 
 647.05121  508.91177 
 570.77771  527.45026 
 589.68433  527.06207 
 531.31433  531.35175 
 448.4248  532.91309 
 642.45734  544.55951 
 554.39868  556.57361 
 602.33795  556.39978 
 635.12628  556.49268 
 622.00067  573.15002 
 160.41974  575.22119 
 631.13782  575.76306 
 570.59796  592.51819 
 663.01508  592.81152 
 641.21454  607.55493 
 650.57635  634.39648 
 569.92139  638.61163 
 676.18042  643.90106 
 604.84351  656.36609 
 667.19403  659.85364 
 677.8855  668.29999 
 609.24725  671.65894 
 624.20294  678.03326 
 660.64008  681.84137 
 635.81006  696.75116 
 692.4823  698.29272 
 665.61493  703.72491 
 870.03442  715.39893 
 1196.7106  735.90118 
 1097.193  737.65424 
 1109.8275  743.17285 
 195.05855  767.84509 
 710.77466  808.85162 
 701.37714  830.32324 
 720.78033  834.37 
 878.26532  838.539 
 733.59711  848.62201 
 223.11035  856.44135 
 810.20508  863.40894 
 755.56946  863.96466 
 791.62482  872.63458 
 807.60516  877.70691 
 802.41852  892.62262 
 819.31207  895.49329 
 825.7124  897.71991 
 846.92963  908.44257 
 826.23578  911.73627 
 1397.3911  920.24548 
 845.69482  924.32813 
 872.44989  945.3421 
 889.25702  957.94067 
 862.58777  963.32123 
 869.05908  976.62714 
 884.02777  979.71216 
 815.21948  997.09735 
 884.4223  998.8374 
 777.83197  1003.3654 
 1114.8722  1002.6866 
 830.37482  1007.4768 
 819.90485  1021.1507 
 829.37592  1029.6315 
 816.46393  1035.9502 
 832.83539  1055.0848 
 938.84412  1058.1343 
 848.86511  1064.8826 
 866.53345  1067.7977 
 271.36179  1074.7737 
 888.78717  1078.787 
 811.31055  1080.3868 
 944.22278  1080.1678 
 874.60022  1106.6017 
 890.00336  1111.8929 
 913.32617  1121.7695 
 981.29254  1125.1172 
 967.79407  1126.1163 
 964.84491  1139.7406 
 1000.8715  1139.9453 
 916.16083  1140.9 
 981.3653  1141.1501 
 901.97498  1142.9252 
 1005.7026  1160.865 
 697.04712  1159.7225 
 327.48874  1168.6813 
 1005.4235  1171.8501 
 1035.3793  1171.9341 
 750.74304  1173.7886 
 1044.2441  1183.2644 
 940.24164  1184.3237 
 949.80713  1194.2826 
 963.32043  1195.035 
 977.92645  1198.5438 
 965.21069  1216.5247 
 998.79626  1217.5934 
 981.24512  1220.4033 
 997.01245  1232.0258 
 276.41077  1236.6848 
 1079.321  1237.6311 
 1020.9802  1244.9205 
 1006.9071  1249.1591 
 1077.5594  1260.8158 
 1103.1428  1262.0371 
 1035.6572  1279.6599 
 1052.537  1294.4817 
 1043.157  1302.2026 
 1080.8867  1303.6442 
 1064.2946  1305.0564 
 1137.9137  1317.1212 
 1072.8026  1321.6661 
 1078.7972  1323.3831 
 1090.7727  1325.2939 
 399.82886  402.05942 
 394.63235  317.07047 
 204.63214  320.84995 
 491.74182  326.16852 
 396.01666  331.36346 
 428.09436  353.27402 
 443.95401  369.24393 
 511.66907  386.40451 
 381.54526  393.15829 
 473.46408  404.90887 
 536.5993  408.57391 
 553.34448  414.57458 
 1254.7592  443.96912 
 1040.6685  485.34927 
 592.21356  489.77277 
 502.30347  500.83963 
 519.93805  502.85007 
 647.08435  508.43021 
 571.20349  592.3963 
 604.69958  656.49414 
 666.96783  658.95007 
 609.1723  673.19757 
 734.34094  849.26453 
 807.8432  861.87439 
 807.09204  877.71228 
 819.78845  896.47223 
 868.94952  978.15118 
 884.97119  979.4848 
 814.21167  997.3371 
 884.58685  998.47253 
 830.32684  1008.1014 
 814.16174  1036.3749 
 832.00531  1054.7207 
 849.1225  1065.0464 
 866.56488  1067.5647 
 883.47717  1092.1013 
 873.97339  1106.5656 
 913.76263  1121.135 
 931.6933  1128.9539 
 897.18237  1135.4741 
 982.14532  1140.9196 
 916.98059  1142.8479 
 1002.6888  1158.3099 
 916.17725  1169.6827 
 983.72498  1199.3132 
 998.64374  1217.5127 
 1013.8397  1230.7133 
 1076.6719  1261.92 
 1033.0308  1280.4902 
 1064.4017  1304.8856 
 1072.8448  1324.8021 
 731.23419  21.555847 
 427.54089  333.83328 
 416.66534  335.71448 
 519.755  384.34314 
 393.70303  414.25244 
 492.84067  451.09906 
 567.75562  459.29251 
 499.1756  480.83643 
 629.565  575.10211 
 666.18561  596.22327 
 638.33063  606.18738 
 668.21808  631.96625 
 572.02063  638.17169 
 684.91193  665.48279 
 1359.1129  667.32343 
 678.36963  668.58386 
 699.98364  778.58167 
 704.57703  825.44519 
 798.32471  878.11871 
 846.87677  925.3783 
 754.52405  942.81421 
 786.2923  995.53503 
 802.23035  1014.3693 
 887.53174  1014.5059 
 829.34747  1026.7104 
 909.3714  1029.0551 
 935.80914  1037.6307 
 866.93677  1089.8441 
 903.58545  1095.3912 
 905.24524  1113.066 
 894.26978  1115.3654 
 1012.561  1144.8683 
 1029.0082  1174.7585 
 944.93884  1186.7745 
 963.93433  1192.8314 
 982.22607  1219.2793 
 1060.283  1223.8184 
 1023.6469  1248.7389 
 1040.5118  1258.9399 
 1018.8519  1259.949 
 1099.2402  1261.5757 
 1012.9108  1281.4968 
 1043.4045  1305.162 
 439.30215  314.69354 
 499.75885  336.05115 
 381.20712  388.68277 
 581.96857  484.11005 
 747.89978  852.62097 
 722.97534  857.6416 
 878.47784  950.88586 
 807.62762  1044.0074 
 960.30151  1173.3827 
 1019.8771  1228.2047 
 1038.5696  1276.2924 
 414.95819  343.69189 
 527.95349  506.95505 
 496.82178  509.5611 
 566.11548  522.63525 
 544.8031  561.85303 
 623.27435  577.81335 
 165.86757  589.00317 
 677.57446  634.47675 
 692.04938  670.85602 
 635.84875  681.42664 
 600.83466  679.05811 
 680.90515  736.37976 
 727.41174  836.94971 
 753.75452  857.93536 
 798.25061  873.49835 
 823.61047  893.2981 
 845.80365  895.51471 
 839.43567  926.48236 
 881.95465  1004.8521 
 800.85925  1029.8429 
 914.91809  1027.217 
 940.24872  1032.1735 
 903.35657  1035.0217 
 924.18713  1053.5508 
 938.19409  1054.085 
 842.29425  1058.1102 
 878.34601  1086.4646 
 978.53107  1144.1064 
 928.12372  1147.428 
 988.43518  1148.9897 
 1029.3296  1168.2881 
 935.92053  1176.0509 
 943.25946  1190.5566 
 955.14355  1220.8479 
 1020.194  1239.0182 
 996.7406  1243.3849 
 1056.9672  1293.4395 
 1042.9886  1315.1693 
 1067.6543  1320.8054 
 436.34702  349.08484 
 389.36575  382.23489 
 551.36975  410.21902 
 574.96973  466.12024 
 506.80539  476.16534 
 609.03699  532.14648 
 593.24609  531.36163 
 575.30505  598.52765 
 638.31976  608.17981 
 613.57269  645.32574 
 647.0119  666.60675 
 719.16241  831.17883 
 898.26361  1014.3867 
 806.94629  1058.8363 
 910.39697  1117.0189 
 1006.0897  1163.0175 
 1024.0643  1181.9181 
 1069.8334  1235.7816 
 1018.2323  1246.8768 
 1028.7643  1280.6616 
 1060.8804  1309.5911 
 511.74796  389.7374 
 531.85327  391.03168 
 537.16895  492.85022 
 520.89764  509.88638 
 624.16608  536.80701 
 538.88647  555.64532 
 629.44733  590.91541 
 593.14465  583.05493 
 564.5672  638.2735 
 620.46112  661.0545 
 731.03583  849.21436 
 812.25732  876.79266 
 850.43549  890.92212 
 826.38635  915.5874 
 795.01453  1039.6741 
 847.53778  1046.0938 
 906.51093  1096.9788 
 912.47852  1139.114 
 899.09674  1148.9329 
 1011.6155  1223.6418 
 1047.1487  1296.012 
 1037.4089  1320.1007 
 396.64844  382.93631 
 518.18811  463.36353 
 646.15808  595.50409 
 614.61987  639.42395 
 665.70587  640.37811 
 791.72766  875.52661 
 854.31647  941.67218 
 816.89404  996.38379 
 859.91687  1086.5126 
 884.98792  1089.3872 
 965.32422  1145.483 
 996.30273  1145.0992 
 941.37506  1169.1064 
 960.55756  1192.3402 
 995.06958  1221.7935 
 988.97302  1259.0493 
