 959.58752  109.23177 
 948.70721  119.2492 
 630.80353  134.60699 
 364.77841  154.96793 
 330.29529  168.8165 
 514.16479  272.86725 
 531.65216  275.82175 
 521.96259  280.53101 
 368.78381  281.86969 
 539.29993  297.96149 
 451.60394  320.06442 
 450.77783  327.82703 
 468.84146  343.84692 
 552.92993  434.23346 
 204.22314  439.6842 
 209.28638  470.82993 
 212.80956  480.91501 
 205.42073  488.51376 
 340.88437  496.30981 
 202.56148  497.49692 
 319.47162  515.86182 
 652.59198  639.94153 
 1300.9075  696.02563 
 496.05719  739.17889 
 276.11108  768.22937 
 367.16653  809.30505 
 1366.1262  840.09387 
 142.12909  843.53241 
 813.14288  891.91339 
 1446.6671  916.65033 
 220.96373  1037.6786 
 814.81915  1072.2776 
 801.13812  1084.3817 
 821.11407  1115.0676 
 907.18732  1114.627 
 844.1568  1139.0073 
 849.25018  1186.7877 
 885.09747  1226.3453 
 890.36053  1235.1409 
 893.41852  1241.2625 
 54.629776  1245.3695 
 141.96342  1255.3314 
 922.98065  1258.4552 
 36.874069  1268.4796 
 928.04059  1273.47 
 960.87817  1318.2603 
 990.48737  1329.4142 
 952.34009  1332.5483 
 960.70532  1341.9775 
 266.20996  1351.0977 
 994.35919  1372.0251 
 1051.0057  1377.6844 
 1366.451  1405.558 
 217.38907  2.7868819 
 433.01077  10.68794 
 851.05835  26.348701 
 410.69421  27.216816 
 366.35638  28.017277 
 116.007  29.496052 
 780.52148  33.560413 
 348.92609  36.148209 
 1071.6489  42.984192 
 445.08627  46.408588 
 400.73169  53.204765 
 1385.428  59.500355 
 45.916973  65.861374 
 1258.7603  75.72583 
 226.21553  76.590721 
 14.945883  79.868805 
 553.17084  84.701279 
 1383.8751  85.447868 
 886.95245  89.490425 
 90.395065  107.92316 
 354.51013  109.30106 
 959.50903  109.29535 
 1214.8324  110.68526 
 119.23785  112.5026 
 939.73981  119.59116 
 949.19482  119.44164 
 581.90295  126.34077 
 1315.0371  125.62592 
 944.77026  127.24113 
 335.55423  130.08598 
 630.67896  134.48587 
 624.20642  140.31784 
 966.33606  149.42566 
 1397.0142  148.55499 
 1141.4126  152.84801 
 364.46078  154.89906 
 374.51056  161.14302 
 436.04764  166.94376 
 330.23608  168.73241 
 1246.7749  168.37465 
 314.05042  190.12881 
 293.73175  203.10924 
 305.26498  205.89682 
 33.662319  208.77588 
 290.741  211.68495 
 1011.2111  220.21629 
 968.89905  224.28862 
 799.76654  225.35406 
 59.646244  226.51207 
 135.6993  228.93204 
 717.54675  236.94658 
 181.86278  245.55389 
 538.48669  248.57915 
 486.09738  254.24365 
 941.16357  254.29468 
 478.46228  258.87283 
 491.42813  260.39349 
 484.29858  266.67975 
 513.85406  272.67325 
 504.2146  274.07416 
 532.11865  276.09125 
 1363.1542  277.34039 
 272.12381  278.55844 
 522.20319  280.85565 
 368.64368  281.90799 
 95.582756  284.46069 
 612.62177  285.70789 
 981.93335  289.68356 
 1308.1667  298.27573 
 539.45319  298.83249 
 171.86221  303.36646 
 1150.3751  305.34375 
 450.44312  307.05908 
 420.9472  315.37204 
 453.13098  319.98907 
 137.32498  322.42621 
 1432.1698  323.18243 
 577.91797  325.02402 
 1423.3873  324.71616 
 471.07864  326.74387 
 449.86905  327.65775 
 188.62383  332.31512 
 459.14969  339.06952 
 476.45856  339.22009 
 468.65482  344.72388 
 533.70831  348.89569 
 547.26776  353.73056 
 256.2374  358.3624 
 179.20987  360.76538 
 595.91913  360.7247 
 621.85071  363.10825 
 526.06006  366.98172 
 1174.2123  372.95795 
 511.87875  375.02786 
 1381.9568  380.4877 
 66.349167  381.99918 
 1123.9188  387.59464 
 1437.0104  393.48175 
 624.008  395.53046 
 692.30939  400.11697 
 314.62625  403.6445 
 1253.024  411.33542 
 578.60364  419.19788 
 208.86859  421.16034 
 183.98645  424.16397 
 556.60687  426.4621 
 552.89386  434.27582 
 204.91203  439.84091 
 554.14294  442.23502 
 214.93304  442.75876 
 703.97418  443.30637 
 607.77814  444.26099 
 540.96161  444.6506 
 275.45663  450.18491 
 302.47015  451.82608 
 100.89465  454.44519 
 1022.3786  454.9075 
 572.81268  462.33032 
 1010.9828  461.61212 
 50.902531  463.32318 
 603.74066  468.75989 
 195.32153  470.4357 
 209.12086  470.36954 
 500.20367  477.85861 
 135.02243  479.68021 
 342.29782  480.08829 
 212.53699  481.66199 
 141.7153  483.8772 
 642.32031  483.65186 
 221.4115  487.40402 
 204.90802  488.45569 
 511.46616  489.09299 
 340.60419  496.24622 
 640.66675  496.78357 
 30.806839  497.80737 
 202.35069  497.54074 
 88.741585  506.83359 
 1267.4784  509.00208 
 80.590569  512.00134 
 1420.5214  511.93655 
 1336.3771  515.17999 
 319.44141  515.75183 
 1179.822  516.08044 
 689.00494  521.04865 
 1418.0999  521.68488 
 259.82968  526.03925 
 646.37396  526.05371 
 679.09723  531.22314 
 1087.748  531.92987 
 1105.8639  539.16809 
 1097.744  540.08514 
 307.04306  542.33148 
 505.52118  544.19086 
 663.75134  546.18488 
 879.74951  550.79456 
 310.15521  554.39783 
 1085.2433  554.14453 
 805.71533  556.39783 
 1259.022  562.52191 
 660.23315  568.01971 
 1418.4689  569.25482 
 1359.7283  572.15295 
 472.80716  574.9118 
 381.20865  580.42694 
 712.91876  581.72662 
 675.69049  584.44904 
 266.8331  591.39447 
 675.14667  594.25476 
 143.0753  594.45386 
 703.79657  594.6369 
 721.60876  595.25854 
 316.05414  596.13727 
 219.05479  599.06702 
 256.81223  598.88184 
 600.11023  601.78815 
 691.25568  605.94098 
 1084.5864  606.33136 
 706.37378  607.47614 
 682.94739  611.99524 
 199.68405  614.24658 
 619.0329  630.09924 
 261.32477  637.50726 
 652.53174  639.93976 
 647.00769  648.83685 
 687.3363  658.9173 
 1311.0985  666.07574 
 940.71948  668.42822 
 659.22467  669.48181 
 16.01276  671.92395 
 1304.8278  672.34064 
 1424.1089  680.86475 
 1302.1733  686.1012 
 1414.9127  695.4397 
 1300.8112  696.34186 
 1424.4341  696.82465 
 745.26514  704.52441 
 120.02467  710.65833 
 417.8273  712.52789 
 47.861515  713.7406 
 298.33594  716.49292 
 463.76523  715.8631 
 47.027454  722.39764 
 177.32428  722.47253 
 158.00079  724.69495 
 664.53955  738.25647 
 496.04834  738.92261 
 1289.9907  738.79932 
 702.19653  742.39728 
 674.52203  751.1972 
 1066.4465  757.20636 
 9.326704  760.31134 
 276.29114  768.41736 
 1236.321  784.35828 
 764.41522  785.44739 
 1103.3331  789.96075 
 699.25525  791.34021 
 738.1886  792.59674 
 709.83136  793.49579 
 1187.1146  795.4566 
 878.59412  796.3194 
 1222.6613  795.70135 
 762.47668  797.56976 
 769.26465  802.82019 
 1206.1971  805.70154 
 367.25732  809.93524 
 1110.723  812.44714 
 1075.2897  813.11731 
 978.56366  814.23462 
 801.26904  814.84888 
 431.48621  816.30151 
 717.36212  820.04736 
 727.63849  823.38043 
 700.64417  825.92438 
 254.12341  828.07092 
 763.72528  828.71698 
 795.82947  830.56354 
 714.62451  834.22382 
 1288.0757  834.35638 
 113.17773  835.95941 
 1306.899  836.22906 
 1406.399  835.81573 
 1366.1559  840.29614 
 142.39565  843.5351 
 1364.1143  849.60028 
 68.760109  850.36578 
 42.098953  854.26868 
 744.64063  853.55817 
 678.92841  856.19098 
 136.02072  857.46887 
 59.543343  860.05054 
 139.03352  867.77521 
 798.52051  880.08649 
 642.31982  884.6449 
 235.73389  891.87433 
 813.35931  892.20044 
 395.01794  899.9826 
 1221.5004  904.6131 
 289.43301  907.66327 
 100.09154  909.38977 
 817.95569  910.10901 
 90.908722  912.94885 
 753.9035  914.84918 
 827.39612  916.19385 
 1446.793  915.7757 
 437.26654  921.6084 
 339.08307  927.09924 
 809.97449  926.94666 
 797.89954  930.37189 
 898.41425  931.43915 
 829.04108  937.72308 
 1334.2728  938.78729 
 156.70824  948.6767 
 166.52672  962.11163 
 862.29828  971.84534 
 234.53738  979.92627 
 753.25836  988.3573 
 883.3736  988.73792 
 809.71649  991.88892 
 774.59229  992.66827 
 783.31293  994.60132 
 745.22119  996.81757 
 755.09338  1000.9958 
 785.1015  1002.1237 
 1208.3514  1004.3987 
 144.00342  1005.4429 
 133.42128  1007.3082 
 754.61169  1010.4027 
 847.26642  1012.9762 
 193.29393  1015.0545 
 655.69202  1020.4457 
 853.87531  1025.4749 
 132.61736  1026.5469 
 1142.1583  1027.0021 
 187.30289  1030.1251 
 220.69971  1038.0222 
 860.87085  1038.2346 
 211.31441  1041.9443 
 202.54239  1045.3579 
 861.23553  1050.8401 
 958.46979  1053.1401 
 1076.2725  1054.5026 
 1420.222  1053.5264 
 866.63721  1057.837 
 787.58911  1058.4117 
 221.62691  1066.5833 
 892.75305  1066.2646 
 788.33099  1070.4692 
 815.18933  1072.3695 
 833.69507  1079.697 
 894.14447  1079.6876 
 800.92096  1084.5073 
 841.26166  1090.9834 
 1312.6747  1091.2249 
 249.52397  1095.4393 
 1376.6941  1099.1633 
 892.26465  1100.307 
 835.43713  1100.9377 
 363.60303  1101.8032 
 1000.228  1101.6239 
 907.06702  1114.0142 
 820.98651  1115.3942 
 531.1377  1115.6431 
 1444.5944  1115.4886 
 1412.5023  1119.1873 
 833.64514  1122.111 
 94.738342  1127.9771 
 907.56049  1129.0616 
 1382.7273  1128.5203 
 840.80255  1130.3574 
 221.4924  1134.4382 
 403.18491  1136.1534 
 718.84302  1136.5538 
 844.00214  1139.5831 
 856.53528  1139.5171 
 864.09705  1145.4437 
 909.34625  1149.9368 
 921.98376  1153.27 
 854.93335  1153.7717 
 770.04089  1156.77 
 906.79895  1163.4725 
 858.48883  1165.0027 
 1249.254  1165.4089 
 866.26984  1165.5502 
 786.57336  1167.5397 
 347.40704  1168.8414 
 918.03491  1169.9606 
 181.81711  1173.4099 
 857.63416  1173.9169 
 957.42938  1175.2571 
 61.99234  1175.8457 
 757.72534  1176.9874 
 865.72955  1177.1709 
 52.755653  1178.083 
 877.29706  1177.4486 
 562.72278  1179.6732 
 75.773903  1182.2607 
 476.33575  1181.9976 
 849.2229  1186.8674 
 502.71918  1190.4252 
 856.18164  1190.1705 
 859.56409  1199.0804 
 868.89069  1201.052 
 968.31  1207.1526 
 892.45465  1208.4763 
 737.16101  1211.4545 
 318.2522  1212.9272 
 881.09686  1217.614 
 317.95346  1222.1388 
 955.44592  1224.7648 
 326.79959  1226.5374 
 884.59601  1226.3079 
 387.63422  1226.7996 
 983.06024  1227.9142 
 1292.9845  1228.0192 
 83.927414  1231.8348 
 890.45758  1236.575 
 296.83615  1237.4525 
 914.72742  1237.5253 
 975.3725  1237.4766 
 54.405598  1245.2549 
 21.492638  1249.2753 
 142.27608  1254.9056 
 991.33936  1255.3507 
 981.15125  1256.3947 
 1225.1641  1256.8125 
 922.52832  1258.8074 
 1000.8563  1264.67 
 930.47656  1265.9115 
 991.92206  1265.7346 
 36.58709  1268.3727 
 927.5011  1274.4362 
 678.27832  1274.8677 
 295.66998  1275.6733 
 1188.369  1276.2883 
 1000.316  1279.8258 
 925.7113  1280.828 
 939.95648  1291.5967 
 296.66058  1295.077 
 668.2337  1295.3394 
 164.49718  1299.7429 
 364.39352  1303.6924 
 85.821541  1306.7955 
 931.22595  1307.1255 
 189.05179  1307.88 
 941.60077  1308.3877 
 951.44275  1311.5446 
 939.29602  1318.3889 
 960.77148  1318.2992 
 947.55212  1319.7892 
 997.02942  1320.9189 
 1295.3204  1322.7139 
 169.00014  1324.5314 
 990.216  1329.0031 
 974.5155  1331.4979 
 159.20972  1333.1829 
 952.18054  1332.8885 
 959.68744  1333.9895 
 273.92368  1343.0084 
 447.29163  1343.4298 
 960.57886  1342.9281 
 266.47287  1350.5194 
 552.34808  1353.6975 
 967.20575  1355.5381 
 855.90179  1359.8186 
 974.98535  1360.1503 
 1053.7177  1361.9495 
 983.87488  1363.2191 
 53.145126  1366.1389 
 973.38843  1370.1866 
 1374.1818  1370.3948 
 1234.1577  1370.8553 
 994.6814  1371.3635 
 314.57193  1373.3279 
 44.272202  1374.121 
 986.19141  1375.8213 
 1050.7969  1377.8563 
 1437.9875  1378.4565 
 1447.6864  1381.9031 
 995.40417  1386.2369 
 205.01346  1387.4899 
 106.51755  1388.2031 
 113.60969  1393.7625 
 303.46436  1395.8564 
 1095.2783  1396.5323 
 832.03741  1401.1411 
 61.409557  1403.0718 
 1366.4673  1405.9042 
 509.83435  1407.7211 
 1176.1636  1407.7369 
 15.945083  1416.9056 
 555.0293  1426.0125 
 17.382353  1435.5986 
 1110.4567  1439.1033 
 86.834351  1440.374 
 1131.8651  1441.9208 
 432.94077  10.509627 
 850.59662  26.508095 
 115.88846  29.310696 
 780.96533  33.534481 
 349.16989  36.294743 
 1071.1138  43.315983 
 400.97354  53.446259 
 290.19067  55.934563 
 438.42603  58.065769 
 872.75311  70.489487 
 226.08412  76.461136 
 1383.75  85.128693 
 18.648935  89.253105 
 886.98132  89.652451 
 958.99127  110.0021 
 1215.304  111.09212 
 379.69601  112.2237 
 949.94287  119.43582 
 335.81638  130.08348 
 966.06848  149.43127 
 1141.0277  152.68803 
 912.53729  154.2773 
 1162.7621  155.79704 
 1036.3417  165.12215 
 436.04855  166.64383 
 1247.8962  169.3253 
 1236.6581  171.23962 
 314.08292  189.70541 
 318.95425  199.93352 
 293.86133  202.79083 
 305.26874  205.93486 
 291.17856  212.54031 
 799.65381  225.61803 
 717.68884  236.56984 
 538.49896  248.59337 
 484.00266  267.05292 
 531.98077  276.06256 
 272.33804  278.66418 
 96.269287  284.14639 
 612.27289  285.12375 
 440.55304  297.64117 
 453.79437  320.05075 
 137.25977  322.44421 
 578.21948  325.15546 
 471.87418  326.34186 
 630.35718  334.78879 
 476.77112  339.14334 
 488.78226  343.11069 
 468.4357  345.84607 
 256.21033  358.39618 
 179.65909  360.6171 
 595.5733  360.62241 
 526.53839  367.0921 
 1174.719  373.16162 
 91.577003  375.27893 
 450.25824  379.91772 
 67.071663  381.5773 
 467.3364  384.98956 
 1436.7963  393.56702 
 1253.0282  411.30469 
 208.84535  420.98145 
 557.56274  426.40604 
 599.83679  438.84341 
 703.72162  443.12497 
 541.51373  444.76962 
 275.20132  450.27261 
 101.06614  454.06778 
 1022.3021  455.28296 
 1010.755  461.58624 
 195.351  470.36868 
 211.98935  481.51724 
 641.81702  483.45074 
 204.30191  488.31467 
 202.10161  497.88901 
 1267.1307  509.2207 
 1421.0464  511.51675 
 319.53912  515.94299 
 1418.1372  521.69617 
 1106.8779  540.41644 
 307.69769  542.68414 
 505.55856  544.36951 
 655.04419  553.17334 
 1084.9587  554.1214 
 309.87051  554.58167 
 805.90302  556.2041 
 1258.5292  563.15131 
 651.59076  563.65076 
 1359.7063  571.38202 
 472.9577  574.99323 
 454.45782  575.98291 
 1369.4417  577.88202 
 381.01178  580.24487 
 713.02197  581.31201 
 702.31927  584.3299 
 675.78625  594.6886 
 704.18738  594.55035 
 316.45618  595.91809 
 691.49207  605.45258 
 547.80457  606.18372 
 1084.561  606.58881 
 705.73596  607.07758 
 1103.7291  625.45105 
 619.52246  629.96765 
 636.5249  654.35016 
 836.79846  662.66235 
 940.18695  668.87817 
 1414.7291  694.8457 
 1099.7246  700.78101 
 744.71252  704.54254 
 46.941601  712.95422 
 417.95944  713.07123 
 463.97473  715.93451 
 885.48413  729.06152 
 1289.6279  738.62524 
 702.24951  742.47833 
 673.92615  751.59949 
 1066.2733  757.62677 
 8.9201765  760.12268 
 863.13641  760.77344 
 1236.41  784.11023 
 754.32947  787.96179 
 698.52625  791.3598 
 737.85284  792.62036 
 762.50916  796.82043 
 878.76324  796.45551 
 770.26215  802.28638 
 1416.9033  807.26752 
 282.89008  810.93671 
 761.73468  811.32928 
 978.51379  813.75 
 801.44196  815.30872 
 727.97845  822.86224 
 763.2738  829.35803 
 713.86987  833.97357 
 1406.6859  835.28107 
 1307.1093  835.92462 
 69.081284  850.74677 
 1363.7668  850.83344 
 770.60791  851.79236 
 678.71106  856.27722 
 136.36568  857.47577 
 61.162556  859.72607 
 767.95251  861.99713 
 139.75766  868.63422 
 740.77411  878.19714 
 642.05682  884.50446 
 813.36926  891.9895 
 1221.6702  904.93549 
 818.27283  909.32123 
 809.54388  926.89404 
 515.90125  937.29669 
 752.9101  988.33734 
 883.11121  988.69696 
 809.59363  991.86102 
 143.30074  1005.5279 
 1207.988  1004.5412 
 853.53925  1025.8248 
 270.25461  1038.0121 
 861.28009  1038.0771 
 797.72223  1043.7948 
 875.85999  1051.553 
 1420.0653  1053.7284 
 892.98596  1066.0654 
 221.79987  1067.8225 
 787.50061  1070.3739 
 833.76038  1079.6107 
 811.42981  1082.7628 
 800.61914  1084.7816 
 1312.2246  1091.5244 
 248.49782  1095.3584 
 363.34525  1101.8418 
 445.69858  1102.4487 
 1000.5002  1101.6224 
 1104.3329  1110.8481 
 907.02136  1113.4874 
 531.534  1116.0753 
 1444.8704  1115.6547 
 1412.4443  1119.0449 
 1382.8213  1127.8473 
 841.30688  1129.5537 
 908.25116  1129.677 
 885.53931  1134.1976 
 221.50946  1134.3977 
 864.87817  1145.7301 
 774.60266  1166.3149 
 787.0166  1167.4485 
 957.12915  1175.4581 
 758.07776  1177.7137 
 75.941376  1182.0001 
 476.40591  1181.9258 
 502.72556  1189.7242 
 941.88953  1191.3271 
 859.20776  1199.7272 
 318.02548  1212.1954 
 561.49463  1212.3893 
 318.17789  1222.3918 
 955.37213  1224.4547 
 387.50443  1226.5554 
 983.37036  1227.9763 
 1293.2595  1228.7599 
 916.22845  1236.2109 
 975.90839  1237.7509 
 21.396193  1249.0596 
 991.70227  1254.6482 
 980.68524  1256.5093 
 1225.6311  1257.8647 
 930.81836  1265.4663 
 991.48865  1265.3848 
 678.06854  1274.8713 
 85.471451  1306.0095 
 930.83032  1307.1228 
 960.86761  1318.2275 
 168.02736  1325.283 
 572.88629  1328.4882 
 989.93976  1329.0911 
 273.54901  1343.2542 
 960.40851  1343.4261 
 966.37506  1355.6342 
 1053.729  1361.3398 
 1043.906  1368.2117 
 973.99664  1371.3066 
 1234.4264  1370.8434 
 985.74487  1375.2521 
 1050.78  1378.1763 
 269.00433  1380.8335 
 1095.1455  1396.7319 
 1366.1866  1406.29 
 1176.042  1407.4662 
 16.171185  1416.5251 
 555.11035  1426.46 
 162.96837  1429.8866 
 1110.1532  1438.8817 
 1131.7242  1442.0194 
 411.38309  27.287752 
 1259.2214  75.731659 
 939.48969  122.61003 
 1173.6479  225.06631 
 341.28659  253.85352 
 487.24121  255.67705 
 510.27216  272.42743 
 1365.7946  273.16367 
 408.00378  274.00906 
 577.65515  280.12106 
 521.2757  281.91162 
 512.08289  294.8298 
 538.48505  300.2178 
 449.37698  306.95511 
 521.10181  315.97931 
 505.27429  321.68146 
 459.30148  329.3696 
 586.78351  342.78918 
 531.64648  346.10046 
 604.30804  347.90671 
 547.81055  355.15115 
 609.77661  369.91989 
 625.22607  379.42654 
 677.2655  384.54327 
 554.57367  400.86914 
 556.1709  405.83658 
 633.36346  420.25223 
 648.37012  432.4884 
 562.63025  437.81409 
 559.39294  453.47427 
 574.82123  459.01382 
 662.07306  458.936 
 650.41779  464.85257 
 1215.6218  467.98367 
 209.34772  468.37988 
 500.76721  476.38168 
 658.40704  478.12338 
 1419.6165  486.36377 
 700.33844  487.26093 
 582.46216  488.86636 
 1240.7747  491.35214 
 622.38599  492.34641 
 1259.1808  491.72147 
 640.73663  495.09601 
 600.80768  517.81659 
 689.84875  521.65106 
 647.99518  526.30121 
 1310.0557  528.76721 
 1088.9847  531.2262 
 680.08289  532.04431 
 1076.4033  536.45972 
 664.49451  546.31555 
 673.40698  549.77863 
 1103.9655  553.0083 
 610.48737  556.48871 
 701.80011  572.71191 
 677.14355  583.42657 
 601.80658  601.98547 
 681.90338  611.39508 
 633.20001  625.34332 
 706.37811  624.9613 
 676.91687  627.09631 
 694.09698  639.21167 
 635.27075  640.66382 
 702.87384  649.79181 
 648.23059  650.12164 
 684.03766  659.55328 
 210.52855  663.76385 
 656.94482  670.05273 
 684.95544  682.14294 
 712.16528  681.73462 
 222.75307  756.0542 
 1103.8511  790.66406 
 711.22937  793.66852 
 1115.2622  798.25378 
 1202.3032  806.35486 
 1109.9133  812.7514 
 698.04572  813.54547 
 716.45337  820.95581 
 726.70953  836.81799 
 736.87048  840.57678 
 871.0108  852.08472 
 745.50757  855.68127 
 799.46564  865.35388 
 779.52014  870.19336 
 794.49164  877.83783 
 786.77386  892.05573 
 802.67474  897.86676 
 808.94318  901.02887 
 807.02673  915.24786 
 827.61188  915.59155 
 846.10022  954.50726 
 861.65851  970.81647 
 833.83301  971.86243 
 231.88113  979.31543 
 852.36694  990.9953 
 743.03387  996.83337 
 782.57062  997.70917 
 794.12805  1010.2879 
 849.48383  1010.3625 
 781.63672  1022.1205 
 789.21588  1030.644 
 1075.3025  1054.786 
 788.43152  1057.0752 
 802.16101  1070.3657 
 820.36584  1076.187 
 763.14313  1078.5566 
 892.39294  1078.8158 
 271.14264  1081.4613 
 822.31592  1082.1969 
 839.22693  1090.6187 
 893.97443  1101.421 
 831.26532  1102.813 
 820.62164  1115.3895 
 835.41687  1123.7499 
 636.50922  1136.9646 
 856.06067  1136.6906 
 209.04897  1139.6012 
 843.91064  1142.3777 
 909.20837  1150.9384 
 922.68988  1152.4399 
 841.65759  1155.8569 
 855.76404  1156.6051 
 687.15289  1159.9674 
 903.74792  1163.3591 
 866.52936  1165.0245 
 918.37195  1167.8905 
 878.13605  1173.2266 
 856.07898  1178.4728 
 938.27661  1202.3912 
 871.45868  1203.5756 
 549.82031  1206.6593 
 967.29651  1208.0406 
 880.85504  1214.8429 
 893.71594  1218.4174 
 974.57581  1219.9934 
 906.23401  1224.1255 
 891.04175  1239.5613 
 905.80469  1245.9813 
 923.76508  1246.0748 
 919.05621  1260.0764 
 935.29041  1262.2218 
 1002.9431  1265.1979 
 940.27319  1276.4771 
 925.97137  1278.907 
 999.40308  1279.9587 
 1018.8063  1308.3016 
 943.54907  1310.0947 
 949.33093  1313.4768 
 948.5329  1319.4979 
 962.77673  1331.0919 
 954.65009  1339.3865 
 973.60712  1343.1902 
 990.09711  1345.2019 
 986.78693  1348.7277 
 975.36157  1360.426 
 984.64166  1363.7887 
 996.30017  1368.4656 
 295.94955  225.54373 
 485.36472  254.32715 
 514.03491  277.72888 
 512.35822  295.77676 
 523.9895  314.67432 
 459.49872  328.55484 
 479.65009  335.58478 
 588.89063  342.23941 
 603.92578  348.41592 
 547.57312  355.01813 
 608.77161  368.95953 
 624.81879  378.04092 
 558.7608  454.40375 
 576.28644  458.94998 
 700.67603  486.89157 
 1310.2346  528.63092 
 1093.5909  531.93231 
 611.00824  556.46692 
 632.96954  625.69067 
 694.0575  638.38226 
 634.20111  643.42969 
 715.97418  820.42566 
 730.32294  838.302 
 797.20294  863.37537 
 794.078  877.73566 
 802.83234  898.83801 
 809.34302  901.44714 
 834.21277  971.41864 
 854.29871  990.9353 
 780.37567  997.2262 
 849.77081  1009.1093 
 794.09906  1010.9788 
 781.40021  1026.5208 
 773.28937  1035.7036 
 787.84973  1056.7192 
 802.23877  1070.8441 
 819.58496  1075.3928 
 831.48785  1103.0894 
 819.92383  1115.1598 
 874.43695  1147.9088 
 856.07867  1159.2197 
 902.81268  1163.299 
 918.42688  1170.2662 
 854.80554  1179.2018 
 966.1358  1208.4513 
 885.87964  1211.3779 
 923.76923  1245.7183 
 918.73737  1260.4607 
 941.27112  1273.4053 
 992.22351  1303.4622 
 945.11926  1314.7399 
 974.20117  1343.3741 
 867.83142  22.249168 
 485.2562  273.17175 
 452.49194  311.09512 
 467.87735  350.40021 
 556.8913  402.53293 
 631.51599  424.64655 
 560.35687  434.1095 
 672.39508  549.48132 
 703.073  574.04614 
 604.47198  601.3717 
 702.9234  650.73438 
 704.55261  762.18225 
 1374.069  767.63281 
 820.75238  892.21222 
 801.99292  907.36078 
 825.5166  932.00616 
 731.41144  933.75122 
 851.1734  961.5788 
 752.4527  990.65356 
 789.83228  1027.9357 
 868.763  1043.8022 
 893.53076  1058.3263 
 814.75891  1097.0366 
 853.86591  1108.6332 
 848.31354  1132.182 
 856.58923  1134.9872 
 838.90747  1147.4125 
 865.05011  1162.9126 
 948.68701  1175.0605 
 877.63647  1209.3179 
 912.90411  1227.0634 
 886.99835  1238.2299 
 908.341  1242.2168 
 983.33325  1263.5206 
 921.59125  1280.7987 
 936.48987  1290.5604 
 957.79968  1293.6582 
 1015.6449  1307.4192 
 926.98914  1312.6355 
 953.29395  1342.0901 
 1000.7139  1363.3914 
 982.86133  1363.7186 
 532.8515  261.74457 
 461.40173  324.2934 
 480.48535  338.89401 
 596.97595  343.15881 
 639.65466  450.16141 
 684.17883  584.93738 
 710.27362  845.396 
 807.06061  895.00781 
 827.62915  903.89209 
 763.245  1020.8591 
 852.57166  1014.4608 
 767.18256  1040.2151 
 802.58276  1063.8837 
 883.94708  1076.6526 
 826.26038  1078.5667 
 850.29816  1185.0052 
 875.30939  1211.8516 
 970.77521  1210.4835 
 966.12305  1328.8008 
 988.19763  1341.0175 
 585.91797  290.94836 
 467.84576  334.79996 
 457.43973  351.86301 
 551.98639  408.93481 
 584.6286  462.88449 
 553.68268  464.35394 
 212.07204  481.78934 
 590.47711  521.93524 
 602.99432  599.83844 
 707.24268  618.20789 
 696.15546  619.24078 
 714.20398  651.3222 
 701.77045  714.33771 
 738.83813  841.30591 
 795.60059  875.92444 
 802.0838  917.2901 
 791.42548  1062.7296 
 825.67535  1097.8165 
 894.12659  1194.2858 
 968.12756  1205.1145 
 888.83569  1212.217 
 893.00299  1216.3302 
 912.87378  1245.8303 
 990.44415  1277.4081 
 934.72791  1279.9141 
 504.02005  274.43161 
 518.97791  288.19315 
 468.53629  319.65909 
 621.86707  369.95041 
 653.85651  498.74261 
 627.04419  526.40192 
 618.67651  556.77692 
 630.66541  562.8949 
 651.9425  587.55634 
 656.7149  613.26135 
 659.19299  648.79907 
 683.44183  654.32782 
 707.87262  663.38629 
 717.00867  825.07361 
 726.27252  840.41187 
 913.33234  1149.3112 
 917.92218  1171.8448 
 930.96344  1172.6981 
 955.45123  1215.2738 
 946.88495  1256.4093 
 967.22015  1346.3577 
 996.56561  1350.4816 
 524.82477  251.70975 
 606.63855  368.76288 
 586.19305  511.77695 
 684.90796  571.15033 
 594.23596  600.39703 
 646.84265  627.62628 
 777.74982  871.30817 
 812.36438  924.92767 
 826.8631  926.15497 
 778.5556  998.23529 
 851.09723  1027.2629 
 758.61096  1029.2853 
 789.96185  1046.0067 
 835.56256  1100.1686 
 833.63147  1123.1167 
 853.16888  1127.9741 
 843.72296  1195.5978 
 925.80078  1233.718 
 933.81714  1270.1976 
 938.06226  1287.8251 
 947.84064  1319.8641 
 587.87219  436.51813 
 580.23096  471.43546 
 601.297  476.56598 
 703.92462  578.82764 
 692.40424  610.76147 
 670.84827  655.34784 
 807.27777  898.21509 
 833.20233  955.05804 
 896.2912  1218.5299 
 980.54535  1289.7271 
 966.77716  1317.5376 
