 81.100006  110.87181 
 562.96497  123.16039 
 30.740583  128.44725 
 101.33818  130.50697 
 35.585251  133.45789 
 44.47575  137.29446 
 53.40258  137.82855 
 66.761406  144.52806 
 57.201588  146.47542 
 126.38879  146.00468 
 72.439323  152.2639 
 137.53745  153.12971 
 85.008972  154.04004 
 77.599236  155.6765 
 88.678894  161.78166 
 96.253792  161.37196 
 104.57525  165.33574 
 99.00502  167.08487 
 106.19712  170.31953 
 111.86906  170.30429 
 178.33359  168.91341 
 112.34248  176.36589 
 117.04962  179.87306 
 124.22076  181.17818 
 123.61319  186.60574 
 129.14177  187.8501 
 223.22139  186.4025 
 128.01498  193.23845 
 136.8553  195.57417 
 165.20488  199.25502 
 135.91119  201.02629 
 253.81139  200.68593 
 142.42694  203.45862 
 145.75945  205.27138 
 139.9093  209.37752 
 155.64323  211.07565 
 148.44618  214.98596 
 160.66953  217.60788 
 167.20082  218.44217 
 87.640671  223.12514 
 175.62636  223.82579 
 183.34398  222.80678 
 185.76868  230.70749 
 193.88647  231.65254 
 195.15436  237.77263 
 204.60318  237.50905 
 207.9785  243.91223 
 306.58273  245.30206 
 213.48253  248.60233 
 224.1236  249.14456 
 309.81268  253.28091 
 226.84683  250.22821 
 224.12759  255.29813 
 233.76965  259.133 
 241.82547  258.39407 
 326.80905  263.57428 
 243.22336  264.78128 
 249.20361  264.97751 
 252.24205  271.0462 
 330.14182  271.28104 
 260.03619  269.78687 
 267.09332  279.47943 
 268.99124  279.81512 
 277.89523  282.95718 
 356.58093  282.94089 
 279.29922  289.00381 
 295.43045  294.00745 
 302.76282  292.4967 
 310.17407  295.02106 
 305.11841  297.4664 
 314.88828  299.93918 
 321.50839  298.53287 
 329.83078  303.30423 
 408.19101  309.44012 
 333.05341  310.0083 
 341.20789  311.85779 
 344.67188  312.34256 
 420.13336  312.55707 
 430.92261  315.93698 
 353.74753  322.57141 
 365.89731  323.54721 
 456.48697  327.01602 
 382.88181  332.27762 
 376.47122  333.74359 
 486.18033  332.20865 
 490.51785  338.77359 
 386.97528  339.81616 
 395.70996  340.90823 
 399.25479  341.07965 
 530.99548  342.79971 
 542.59753  345.53961 
 405.51251  349.29886 
 426.84418  352.0871 
 452.48297  354.09219 
 443.52249  357.32993 
 456.439  360.96588 
 477.86337  363.76163 
 470.16385  366.86084 
 484.67752  369.62366 
 498.60431  367.81036 
 512.77765  371.06598 
 505.01721  374.39938 
 523.56903  374.71634 
 517.06549  376.70667 
 530.78748  376.60339 
 542.8313  378.28223 
 424.09488  381.68246 
 536.34741  381.75323 
 549.59863  383.69946 
 561.36871  383.67084 
 553.9256  384.68509 
 566.00757  388.198 
 156.76585  418.87393 
 63.223232  426.99686 
 49.373558  91.492317 
 67.435844  102.58295 
 73.740936  154.35776 
 146.76895  162.18448 
 237.87958  192.42938 
 245.37421  201.69298 
 274.69281  216.99628 
 289.8559  229.84418 
 338.29706  271.25058 
 290.46249  286.2428 
 376.01917  289.75882 
 367.27838  292.53281 
 388.89185  295.90652 
 300.26917  299.08765 
 405.58755  302.12534 
 448.11832  319.68527 
 473.22214  326.79208 
 555.7373  352.59708 
 82.922798  110.73994 
 98.524353  167.61273 
 115.2934  169.39282 
 105.75048  171.00653 
 126.02771  181.16432 
 128.87405  183.6701 
 136.31674  194.10292 
 164.92677  200.60008 
 138.0069  209.88461 
 208.23938  244.9323 
 249.65834  264.52866 
 303.23526  291.69794 
 308.64011  293.48874 
 329.66565  302.70105 
 517.12463  377.13525 
 535.6723  382.43118 
 63.512268  427.10599 
 71.651321  101.08227 
 72.887352  111.40655 
 90.253296  126.44444 
 102.58387  130.96205 
 115.45463  146.37842 
 126.70164  145.71193 
 137.73769  152.69089 
 88.556831  161.86673 
 145.90552  162.57889 
 177.66814  168.43388 
 183.09579  178.28333 
 198.45168  179.05525 
 115.53836  179.81041 
 208.58118  182.80986 
 224.67526  184.96397 
 245.05855  202.33733 
 155.75737  210.8084 
 174.77147  211.61665 
 275.24231  216.21432 
 146.6678  217.40378 
 162.16284  218.13297 
 87.726395  223.39882 
 174.10843  223.58492 
 272.5701  226.2411 
 184.72726  230.97264 
 194.56349  231.28931 
 292.73285  233.40051 
 295.70535  244.05406 
 306.86456  244.71257 
 309.63739  254.4695 
 243.23399  257.20413 
 233.58693  259.73047 
 326.20102  262.37363 
 330.15985  272.02988 
 339.83798  271.66412 
 278.52835  282.63629 
 357.84012  282.97757 
 288.51788  287.15103 
 325.82556  295.3013 
 389.88403  295.92554 
 299.83658  299.91257 
 332.09225  310.32071 
 407.91248  309.93854 
 436.70087  322.88559 
 472.29211  326.58389 
 485.87958  331.91409 
 375.78595  333.93118 
 500.31555  336.65341 
 386.40729  340.63373 
 491.0235  339.63403 
 416.65305  344.6156 
 405.88638  349.73834 
 453.87054  352.28867 
 443.20557  358.03693 
 466.91638  360.8493 
 457.76663  361.90915 
 477.53235  363.28445 
 497.26468  366.73718 
 484.95306  370.37552 
 513.55469  370.97162 
 527.21722  375.55359 
 156.89737  418.90536 
 100.34234  171.11014 
 249.43892  263.22012 
 255.33946  265.72546 
 315.37286  302.17355 
 86.327347  124.44789 
 103.41709  129.74704 
 87.578957  149.83971 
 136.06923  149.85828 
 176.67337  165.68175 
 131.92966  180.07089 
 184.24707  179.94266 
 203.95509  179.63516 
 114.86703  181.52777 
 150.05388  206.01884 
 245.97862  207.62663 
 179.05753  210.30725 
 166.40161  220.66051 
 176.16727  229.94263 
 200.85255  227.54025 
 273.62054  230.32669 
 291.26651  230.54468 
 306.30472  243.39859 
 210.4857  248.51984 
 227.02962  247.26392 
 308.64603  255.61469 
 249.70682  257.49454 
 324.88095  258.75342 
 232.70905  260.46115 
 264.31552  279.52618 
 283.82349  277.87485 
 357.80286  281.50848 
 304.55255  291.86346 
 306.48209  291.78217 
 328.93005  292.80975 
 390.66687  294.66946 
 296.57672  295.60596 
 296.71121  301.37857 
 328.68854  310.2695 
 345.09418  309.64325 
 423.58078  311.63284 
 447.58649  318.14334 
 366.78287  321.34781 
 351.76437  323.82388 
 434.8678  325.95639 
 456.91031  328.64944 
 377.0686  335.83453 
 501.81522  335.69785 
 398.76416  338.68665 
 406.87982  350.42963 
 425.80832  350.26318 
 456.61133  349.84662 
 443.5932  360.44077 
 474.49081  361.659 
 496.4447  365.60043 
 484.88937  370.93121 
 505.26697  375.49612 
 135.23457  148.02086 
 156.02931  166.18073 
 175.84239  165.31706 
 131.81552  174.47281 
 204.53009  179.96059 
 181.93219  210.15076 
 167.45816  222.12491 
 291.77853  231.09146 
 273.40594  233.33286 
 208.75511  250.50208 
 325.72751  258.8656 
 232.90828  260.52487 
 308.50305  283.98441 
 330.2186  290.7486 
 293.16974  294.3226 
 293.98645  303.85764 
 371.81775  303.38684 
 345.44833  306.78223 
 324.29773  311.28238 
 367.53806  323.00833 
 473.6637  326.21893 
 378.44037  338.87466 
 397.71024  337.96716 
 423.91638  348.92685 
 459.37125  348.01819 
 408.22482  351.46902 
 471.39551  360.43994 
 458.55923  363.34058 
 482.7623  377.80524 
 226.26633  244.34834 
 260.66199  280.00253 
 316.20813  309.14694 
 349.99301  324.91656 
 456.05618  330.94748 
 208.71962  178.53995 
 244.77306  208.84833 
 197.06432  227.10847 
 201.93576  258.51489 
 250.18414  259.1694 
 328.91974  259.24905 
 218.73512  268.45874 
 356.38013  276.62848 
 284.60892  280.64075 
 343.2525  307.40308 
 424.93356  308.21567 
 375.39465  310.9064 
 364.19287  319.50125 
 398.28796  335.90457 
 373.88275  339.54709 
 419.14157  344.99606 
 254.79285  283.84711 
 248.69215  258.59488 
 294.88611  265.77875 
 284.17682  281.14145 
 361.66251  315.7872 
 362.39014  352.08023 
