 15.113161  155.88011 
 6.8291593  202.37201 
 13.806565  203.09827 
 15.286613  209.09225 
 22.190662  212.54579 
 21.903271  218.47644 
 31.829571  220.48602 
 53.240417  229.64784 
 57.979427  237.62346 
 84.009415  246.22878 
 87.899261  252.2121 
 98.722153  258.41763 
 111.61607  261.42563 
 177.89783  260.90213 
 105.79684  261.68137 
 112.09693  267.88617 
 142.04216  294.22009 
 138.79573  299.9122 
 154.6189  302.00919 
 148.5051  304.38779 
 159.09438  307.42432 
 166.24315  308.84076 
 175.13033  313.92477 
 181.90276  313.66434 
 192.36151  322.42361 
 204.0786  328.73514 
 305.19031  335.83893 
 308.83478  342.582 
 223.02267  345.72061 
 232.87248  348.57645 
 240.15009  349.05579 
 325.62381  354.39468 
 248.31506  354.9599 
 263.897  366.10318 
 269.80374  370.21939 
 302.401  382.5079 
 314.46722  389.54367 
 329.47287  393.44907 
 408.81866  399.24564 
 333.77884  400.00958 
 353.73889  411.39682 
 487.74164  423.46002 
 377.69275  423.95294 
 387.43475  429.58517 
 453.93851  445.9527 
 590.10626  447.69296 
 515.87036  463.07339 
 546.92468  470.43466 
 540.20746  473.40054 
 570.65662  480.1246 
 584.55096  482.44269 
 594.63043  483.48563 
 589.37366  486.73895 
 155.4926  511.5665 
 60.45126  520.13519 
 242.21626  354.9469 
 15.57655  155.86674 
 5.7260551  202.61432 
 83.854385  203.56367 
 14.239131  209.18582 
 22.706907  220.13287 
 101.82374  223.00877 
 37.354355  226.85593 
 45.296604  229.45264 
 54.380123  229.83208 
 57.659  238.33455 
 126.14486  237.6218 
 136.97185  244.50923 
 98.227318  258.95361 
 177.19421  260.03238 
 125.66555  272.2413 
 221.97029  277.08844 
 236.11444  283.25375 
 163.78633  291.52051 
 244.14398  292.5593 
 137.1312  300.27643 
 154.80356  301.37555 
 147.43204  305.70572 
 273.12585  307.37027 
 160.04265  308.10834 
 87.047874  313.59399 
 174.35159  314.06665 
 184.60779  320.98819 
 192.98087  321.78183 
 207.34288  335.31143 
 305.44421  335.37625 
 223.1851  339.19809 
 308.50568  343.5914 
 240.8902  348.43311 
 232.7345  349.35547 
 325.87674  353.49448 
 329.29779  361.47815 
 277.18542  372.96848 
 356.24167  373.06155 
 288.27338  376.94913 
 375.68137  379.83636 
 303.02792  381.7482 
 388.79663  386.18692 
 299.86771  389.29843 
 332.87268  400.35968 
 431.54691  406.25479 
 474.40039  417.25882 
 487.75659  422.6806 
 377.00449  424.35117 
 492.23877  429.52032 
 533.20868  433.49493 
 545.07825  436.22256 
 406.71603  440.19128 
 454.58185  444.97083 
 583.14557  444.87805 
 445.48386  448.42291 
 591.15057  447.93088 
 480.45416  454.87805 
 501.62546  459.07071 
 487.50302  460.9054 
 516.11304  462.33359 
 527.3681  466.08054 
 546.79279  469.7236 
 426.40656  473.17606 
 539.35229  474.18298 
 565.53864  474.34372 
 583.35645  481.2579 
 594.96277  483.17264 
 155.65889  511.63812 
 60.730896  520.2774 
 88.611923  253.10677 
 129.06299  277.65891 
 182.32979  313.10049 
 248.64948  354.58636 
 259.1618  359.8952 
 251.43933  361.16266 
 329.66394  392.96555 
 398.25702  394.77161 
 408.53253  399.68976 
 520.48523  468.54453 
 73.337067  204.54781 
 54.875793  229.76259 
 114.89297  238.00389 
 137.20377  244.22675 
 85.112625  245.55383 
 145.15096  254.03473 
 115.22694  259.57877 
 223.23367  273.8447 
 134.32848  291.27811 
 163.99869  291.04831 
 154.84697  301.27502 
 164.38445  309.40298 
 172.87926  313.85107 
 305.64972  334.81973 
 338.97852  361.64996 
 278.03104  372.70715 
 289.36319  375.17822 
 366.76993  382.83694 
 331.94122  400.63559 
 387.21451  431.39236 
 407.19098  440.50296 
 558.67328  447.4368 
 445.11102  449.22855 
 508.20703  465.77948 
 570.44104  481.38474 
 22.495131  171.66075 
 89.045837  218.3161 
 55.854118  219.98337 
 103.59984  223.12189 
 41.158363  228.74109 
 68.750343  235.95082 
 87.545151  242.14076 
 176.48587  259.0784 
 99.9235  263.25839 
 104.65092  264.73608 
 129.82077  268.18451 
 182.6496  270.41959 
 197.98813  270.40781 
 114.5179  271.49472 
 204.0816  272.21863 
 130.95398  274.15643 
 242.86064  293.73758 
 175.26216  300.8681 
 184.98949  307.40924 
 271.43381  318.78619 
 291.5582  322.9689 
 203.75549  327.84561 
 293.88602  335.79361 
 210.24741  338.99258 
 244.98622  345.75574 
 262.18121  354.82877 
 327.74356  385.39105 
 298.58945  391.41537 
 436.93369  416.97726 
 473.08716  417.1037 
 377.34415  424.85434 
 400.69833  431.44821 
 419.48312  433.85419 
 457.59509  441.40466 
 460.19504  453.20648 
 500.31381  454.20374 
 519.46039  457.84332 
 488.47406  462.15433 
 532.20819  462.20929 
 547.33295  465.21872 
 564.54089  473.27029 
 536.15369  478.29376 
 582.60388  480.08792 
 51.424385  183.87679 
 4.71696  203.201 
 73.207367  205.08331 
 56.307098  226.16154 
 73.476997  246.32857 
 115.92862  258.89111 
 133.36073  290.9212 
 144.99724  295.19366 
 182.78325  320.62601 
 226.93275  336.10971 
 308.52649  345.41684 
 339.98981  362.26486 
 329.33914  363.65634 
 265.53006  369.83459 
 358.146  373.33572 
 390.41708  386.34525 
 407.64755  400.07544 
 448.92853  409.74304 
 353.52377  413.34723 
 581.47693  444.08804 
 595.86603  448.06155 
 445.48022  449.5376 
 16.942915  157.67406 
 5.7037334  159.05974 
 69.141571  192.13988 
 87.62674  217.81482 
 99.730415  266.03165 
 183.35106  270.32858 
 114.99738  274.70044 
 132.56979  274.76682 
 166.30713  310.47327 
 162.69754  310.47818 
 272.64719  320.29013 
 209.55923  339.89438 
 323.83066  347.56778 
 283.61914  367.31482 
 302.06189  381.85617 
 323.88678  396.26102 
 297.94217  391.59042 
 315.39658  391.61838 
 346.02533  398.65469 
 422.11069  399.3808 
 367.75259  410.66159 
 435.80908  417.54181 
 377.68478  425.21164 
 400.64041  431.58566 
 458.13992  441.16327 
 406.92288  446.11777 
 479.23148  449.03308 
 500.67783  453.2735 
 533.68311  459.79431 
 23.160315  173.5726 
 22.054255  193.99977 
 7.8085079  208.18936 
 76.874542  208.87456 
 60.133217  220.74019 
 74.236732  230.18739 
 37.836433  235.60822 
 63.958481  234.88789 
 69.507782  254.15572 
 119.44629  254.05042 
 91.78878  256.54886 
 201.42859  271.08429 
 220.25816  284.28268 
 149.62372  290.88257 
 151.25177  298.70761 
 187.67802  302.97864 
 173.91373  323.65796 
 290.45331  322.69809 
 248.84068  347.67963 
 224.99809  356.62518 
 232.45801  355.64117 
 258.46774  374.26038 
 309.20715  375.17853 
 316.51944  377.44931 
 335.46783  382.98154 
 371.58087  385.27567 
 393.41315  416.04706 
 458.91364  418.90042 
 518.9328  435.99094 
 470.20844  443.15909 
 560.51324  445.02325 
 442.7941  456.173 
 523.91034  456.85626 
 544.80927  462.50461 
 510.59653  467.35968 
 485.8215  469.32065 
 530.2204  472.2135 
 584.93298  480.52176 
 32.555153  185.76094 
 46.963444  237.30746 
 49.902031  245.7836 
 170.25743  252.37437 
 154.61902  257.24243 
 223.14839  255.66127 
 192.32465  313.85934 
 214.42255  320.63089 
 398.61261  375.87711 
 292.47699  384.91718 
 349.10052  390.15286 
 304.36127  389.86417 
 287.73404  396.01871 
 373.56589  400.61862 
 427.68646  397.68027 
 399.08224  420.08868 
 425.38113  439.05478 
 407.74731  454.92459 
 503.17081  459.41202 
 593.52808  470.80237 
 555.32391  480.30621 
 494.37292  464.72791 
 61.266716  189.85902 
 105.11174  211.96982 
 7.3849216  218.60663 
 93.702835  231.90282 
 135.80305  234.87621 
 82.153412  235.83173 
 110.7067  252.27249 
 64.575676  256.80276 
 75.151657  262.36865 
 112.27197  277.1463 
 246.02887  302.76563 
 232.94379  328.06873 
 204.48714  335.33875 
 258.24869  344.25659 
 293.95059  343.42224 
 212.53291  355.37955 
 201.88759  352.40137 
 268.59344  349.01306 
 256.12277  357.33566 
 232.77998  360.81491 
 356.035  372.17407 
 379.68994  357.63516 
 303.62967  358.88205 
 316.66565  403.82278 
 544.01672  423.66779 
 424.63791  424.13992 
 589.33594  456.53912 
 443.66199  451.96628 
 30.127516  201.36598 
 31.025738  215.19026 
 72.665733  227.98419 
 116.09397  228.82997 
 43.979397  252.24303 
 90.363777  274.18884 
 131.66927  265.1676 
 232.97968  266.64334 
 178.83203  268.18881 
 142.49681  277.35126 
 231.31923  290.28833 
 144.52898  295.65201 
 290.91959  306.40729 
 222.63893  322.58578 
 291.30499  323.40491 
 167.56566  328.0419 
 249.39447  354.24109 
 288.6257  376.32385 
 347.04855  391.14874 
 447.36218  388.93631 
 301.40598  402.42258 
 417.56085  421.99435 
 446.78384  429.73553 
 468.5329  435.46069 
 361.05469  442.22495 
 494.15833  443.18665 
 442.95877  451.56821 
 546.44781  455.00354 
 559.27802  457.88409 
 576.98676  462.24167 
 519.11823  471.07959 
 573.51898  499.83517 
 14.945952  177.59015 
 37.171288  196.82512 
 53.05051  218.22453 
 17.96245  228.81149 
 163.35239  229.7587 
 195.47621  243.30429 
 83.439735  245.58693 
 153.92429  248.98523 
 96.653511  251.66563 
 58.723183  261.01483 
 161.70421  283.40994 
 200.49759  309.14008 
 265.59982  322.77829 
 249.46986  337.78015 
 185.79996  339.09015 
 344.51895  346.26727 
 363.34433  367.5928 
 241.08588  373.66333 
 381.09036  393.98618 
 313.85397  381.69992 
 390.81613  381.28821 
 364.93872  401.35959 
 430.83398  403.5722 
 464.78864  412.638 
 330.18637  416.15024 
 362.27927  422.35025 
 547.87848  435.5376 
 564.52655  452.74677 
 468.5163  477.76843 
 55.002388  167.45197 
 126.97559  220.54062 
 107.41974  283.36606 
 202.306  326.63519 
 325.57462  334.53311 
 277.06137  355.17963 
 340.07077  370.21228 
 423.70587  376.08243 
 264.37589  382.76657 
 505.92224  405.69693 
 275.09476  402.4863 
 587.13239  424.05002 
 422.30484  448.30371 
 563.25995  471.45688 
