 11.930265 
 21.853277 
 81.481461 
 48.145924 
 4.8210592 
 23.057076 
 74.218719 
 203.09312 
 29.735867 
 234.51862 
 345.37103 
 63.470055 
 224.78688 
 258.54797 
 20.742043 
 51.096828 
 24.8472 
 22.759264 
 195.02338 
 26.44598 
 200.71323 
 42.539135 
 54.131241 
 110.7194 
 320.51251 
 338.25281 
 221.97191 
 40.503075 
 53.237278 
 330.52774 
 237.33852 
 32.32859 
 53.852711 
 56.698719 
 218.45689 
 71.764664 
 350.47531 
 227.31432 
 28.803108 
 192.09404 
 351.09833 
 24.407429 
 41.770866 
 39.503551 
 17.726145 
 18.271587 
 17.97682 
 243.05223 
 184.7858 
 247.60931 
 249.32716 
 70.43412 
 176.6795 
 359.30875 
 63.187744 
 22.160582 
 38.410427 
 3.4322712 
 347.95059 
 63.170662 
 38.539497 
 37.688686 
 67.321388 
 43.620377 
 39.202423 
 187.12697 
 204.13463 
 356.38016 
 172.83336 
 190.92943 
 14.967553 
 203.11217 
 165.47055 
 217.18597 
 5.2009048 
 286.97705 
 43.294647 
 240.71236 
 56.288986 
 218.07674 
 8.6003551 
 353.89828 
 349.35602 
 210.7299 
 169.82129 
 347.01288 
 346.40967 
 6.8961554 
 213.37695 
 26.873402 
 211.32901 
 83.908295 
 31.101299 
 24.23337 
 30.0965 
 205.48006 
 20.652012 
 179.41698 
 37.56673 
 357.11475 
 41.624435 
 193.08536 
 118.45245 
 23.5119 
 177.49326 
 224.17957 
 354.71921 
 18.762035 
 16.928617 
 10.986623 
 4.4613032 
 39.702244 
 196.22046 
 9.3988276 
 73.287506 
 27.422787 
 196.98808 
 201.97511 
 216.55701 
 40.468075 
 336.14178 
 220.29672 
 48.902962 
 6.7318144 
 87.826035 
 192.96909 
 353.02722 
 0.94218963 
 356.73721 
 50.867615 
 10.346346 
 207.03499 
 211.54445 
 14.718129 
 204.15544 
 13.620728 
 212.67586 
 20.728685 
 21.466869 
 0.80102706 
 21.66107 
 172.27727 
 30.180567 
 196.09399 
 182.10988 
 182.9319 
 44.904976 
 173.37552 
 31.821833 
 22.219028 
 195.66295 
 206.64742 
 196.94003 
 29.104874 
 57.447964 
 25.306679 
 39.095558 
 50.734367 
 65.192772 
 31.286875 
 151.78964 
 338.2807 
 191.39699 
 47.978928 
 355.02332 
 223.1078 
 175.22351 
 33.559467 
 216.31989 
 48.712582 
 48.908504 
 204.51932 
 201.58302 
 44.600086 
 199.07504 
 82.780891 
 204.59047 
 36.962765 
 62.996521 
 345.37207 
 40.015121 
 210.23448 
 156.72537 
 7.2466731 
 167.60112 
 0.88067478 
 29.281412 
 181.39723 
 7.3311381 
 221.81946 
 236.1918 
 4.4734187 
 202.25839 
 27.193272 
 32.809654 
 31.607559 
 249.2197 
 198.12907 
 221.55963 
 57.924759 
 6.1460104 
 75.413147 
 192.12872 
 40.637066 
 184.64529 
 89.378372 
 329.81805 
 61.163776 
 201.59399 
 331.53687 
 233.97607 
 48.204193 
 204.18567 
 6.1929255 
 69.794945 
 203.05603 
 23.109394 
 205.66876 
 244.49948 
 33.146732 
 21.114082 
 182.6716 
 5.7678561 
 10.061992 
 26.28553 
 186.46005 
 209.64835 
 288.86105 
 191.58371 
 45.531151 
 198.23039 
 180.89766 
 160.30237 
 211.02924 
 193.22618 
 5.3289804 
 16.580996 
 238.02837 
 207.60565 
 42.954906 
 9.345952 
 224.33331 
 40.943981 
 72.587967 
 229.64815 
 219.91106 
 245.82889 
 83.81871 
 46.582623 
 53.380547 
 35.271187 
 177.71475 
 345.89148 
 212.12881 
 18.733829 
 69.745636 
 354.32211 
 14.272033 
 207.70882 
 6.7140808 
 228.2067 
 41.632648 
 40.430439 
 50.714958 
 46.368767 
 15.604808 
 38.429325 
 204.03999 
 37.657787 
 27.034447 
 204.40483 
 13.436309 
 189.32138 
 178.03357 
 207.90125 
 13.28134 
 210.83641 
 171.79268 
 232.25623 
 263.68503 
 207.34848 
 199.29706 
 32.412285 
 228.1226 
 65.492455 
 188.83315 
 213.35233 
 352.55606 
 346.6702 
 223.66096 
 23.960951 
 8.3480015 
 212.39497 
 197.13432 
 32.726986 
 226.54167 
 210.28951 
 219.26303 
 221.53087 
 36.779045 
 42.057434 
 187.42505 
 62.11832 
 214.19366 
 214.71431 
 198.36804 
 217.60405 
 350.51114 
 76.774872 
 198.70737 
 200.69492 
 29.595093 
 225.39243 
 219.95473 
 209.66357 
 34.671822 
 31.262352 
 206.66051 
 211.93556 
 38.434032 
 194.03798 
 83.45459 
 14.735329 
 42.076237 
 207.43335 
 225.0394 
 200.74551 
 220.9223 
 49.33247 
 338.26245 
 356.03165 
 174.39296 
 207.77118 
 68.215912 
 0.76529282 
 228.01729 
 50.080166 
 206.56848 
 216.86401 
 45.902493 
 135.00087 
 190.81174 
 176.79381 
 18.525331 
 41.14946 
 23.721313 
 199.22183 
 23.161526 
 200.89287 
 37.954514 
 44.31797 
 17.30435 
 23.372046 
 16.49008 
 21.89016 
 18.306709 
 9.1496887 
 164.54475 
 201.53819 
 52.351715 
 331.75525 
 134.73897 
 191.61862 
 52.390034 
 224.47389 
 220.06274 
 40.049507 
 55.90049 
 342.24341 
 51.768688 
 60.438004 
 224.34125 
 19.468876 
 65.575401 
 344.0777 
 165.67377 
 31.897646 
 215.63663 
 212.17392 
 185.87912 
 24.771185 
 14.498203 
 11.443827 
 163.18172 
 346.39844 
 169.06653 
 35.540874 
 321.66675 
 196.8067 
 219.3593 
 27.833467 
 331.06116 
 38.827686 
 192.60992 
 193.68068 
 149.10995 
 352.61346 
 16.062815 
 229.37547 
 25.778826 
 134.33929 
 19.180145 
 48.336842 
 39.563484 
 30.11022 
 206.25114 
 14.806769 
 9.3751669 
 170.47095 
 9.2880783 
 192.30122 
 179.71071 
 205.4781 
 201.71172 
 203.43399 
 211.45168 
 30.24375 
 353.65546 
 211.52008 
 27.810818 
 60.735725 
 62.476051 
 212.3176 
 42.819027 
 218.92714 
 56.154858 
 200.32574 
 192.11015 
 22.550009 
 52.475998 
 348.98007 
 215.03621 
 24.774384 
 41.885223 
 34.963707 
 210.60043 
 17.052631 
 24.184 
 352.95892 
 62.995071 
 19.593338 
 67.270592 
 188.80162 
 30.211967 
 203.29265 
 244.47408 
 341.06964 
 80.3228 
 53.659054 
 8.5384645 
 9.3241711 
 179.41467 
 241.57365 
 27.220453 
 345.79944 
 62.722 
 189.44194 
 208.21037 
 171.97556 
 159.62282 
 224.59254 
 215.02768 
 5.2442298 
 51.856316 
 24.957394 
 341.55609 
 0.8768366 
 40.350212 
 23.12916 
 191.82928 
 214.24361 
 232.15869 
 226.22214 
 39.074219 
 44.21719 
 29.889553 
 33.852055 
 25.820473 
 220.27945 
 342.64484 
 30.307671 
 26.782032 
 18.327927 
 50.756939 
 189.58363 
 219.52371 
 20.333935 
 41.072109 
 20.350897 
 191.79332 
 331.36914 
 185.19766 
 208.73724 
 41.690453 
 326.91245 
 6.8016329 
 226.03972 
 227.38631 
 34.045918 
 336.77203 
 65.121246 
 188.57867 
 42.525032 
 350.81171 
 168.97997 
 224.69785 
 50.329208 
 3.7413909 
 184.47682 
 0.36854374 
 227.97523 
 213.38612 
 235.31096 
 352.11731 
 13.24197 
 218.28304 
 41.266529 
 60.319351 
 214.32018 
 222.07927 
 1.5071439 
 45.095734 
 63.376389 
 239.55539 
 218.41795 
 52.843769 
 228.74979 
 179.28621 
 214.39415 
 221.17114 
 356.18146 
 12.105881 
 213.89816 
 6.6891394 
 53.978882 
 234.8885 
 21.451982 
 234.03038 
 56.887325 
 237.61003 
 39.363602 
 357.20837 
 58.932404 
 242.91721 
 48.229511 
 52.204647 
 215.63849 
 199.93857 
 250.08702 
 237.62346 
 189.77773 
 34.281994 
 65.981712 
 352.64655 
 58.857368 
 42.890701 
 58.736122 
 227.67206 
 67.641899 
 10.768132 
 44.355572 
 224.22563 
 233.81012 
 77.579185 
 204.68086 
 76.842613 
 58.744987 
 217.22862 
 227.78543 
 342.32071 
 31.291224 
 24.546869 
 199.12331 
 5.7857947 
 4.3131118 
 20.125547 
 40.754055 
 59.5014 
 67.914978 
 218.99332 
 29.640274 
 28.543062 
 69.297523 
 351.26761 
 207.96068 
 51.953156 
 188.66608 
 196.11288 
 191.09119 
 242.49184 
 219.24248 
 17.903748 
 212.29688 
 358.72702 
 41.672459 
 195.86502 
 48.186184 
 41.697956 
 19.399803 
 181.28004 
 1.4181597 
 26.068344 
 83.741455 
 207.84036 
 185.55098 
 213.15866 
 40.426876 
 4.9084101 
 3.482007 
 196.10445 
 189.95766 
 233.79202 
 21.949999 
 52.375916 
 203.60889 
 19.659828 
 246.81581 
 8.6509495 
 43.878036 
 207.53268 
 11.779351 
 251.00761 
 211.23405 
 21.764503 
 355.7338 
 23.804356 
 71.910568 
 2.6234732 
 240.78502 
 65.174629 
 180.51216 
 22.302174 
 27.522192 
 211.03366 
 206.65524 
 64.863289 
 209.93892 
 15.38436 
 348.22525 
 27.461649 
 61.599888 
 198.43149 
 30.199171 
 348.82544 
 254.74068 
 6.4587741 
 47.508915 
 16.281994 
 25.974545 
 212.73479 
 10.452813 
 202.43205 
 226.1149 
 38.876019 
 187.63037 
 37.867516 
 350.95987 
 241.61136 
 40.911797 
 214.55708 
 21.692465 
 207.75647 
 55.278511 
 36.01725 
 28.918804 
 62.792583 
 204.33954 
 216.29402 
 225.17291 
 40.01786 
 19.772409 
 199.90836 
 42.808445 
 192.81912 
 356.94958 
 208.96805 
 214.26096 
 47.072006 
 342.75342 
 29.276779 
 169.40239 
 220.1393 
 1.4507838 
 216.89717 
 176.91647 
 167.95456 
 170.33337 
 31.121763 
 2.9765141 
 29.205023 
 201.83031 
 43.665565 
 221.51253 
 193.0358 
 216.60979 
 202.00865 
 232.45898 
 235.11975 
 1.0480617 
 23.498413 
 216.2789 
 3.1624036 
 216.37428 
 225.48465 
 67.914268 
 225.45984 
 355.64371 
 196.35127 
 166.37698 
 38.114952 
 228.22478 
 235.56947 
 177.80415 
 355.80109 
 233.87326 
 42.680328 
 353.4841 
 213.58862 
 75.021217 
 6.6194239 
 48.384594 
 228.87778 
 48.948696 
 213.69644 
 329.19125 
 17.255625 
 205.80464 
 353.69891 
 33.40757 
 208.51852 
 186.92152 
 349.13354 
 346.75153 
 43.500874 
 163.47768 
 182.50949 
 17.133945 
 168.68108 
 18.08831 
 170.90451 
 180.30896 
 221.95349 
 69.101364 
 343.44275 
 31.132751 
 43.904968 
 176.2043 
 31.272013 
 17.783913 
 7.0647297 
 17.946651 
 227.77158 
 214.96086 
 168.51527 
 211.03331 
 226.77666 
 47.827042 
 214.61584 
 84.773804 
 266.29037 
 359.95175 
 11.386216 
 220.89326 
 212.23062 
 53.952694 
 20.869265 
 24.755495 
 16.560749 
 181.33586 
 29.678829 
 192.37175 
 354.8689 
 88.488457 
 173.69211 
 355.74438 
 33.025673 
 229.2552 
 55.626312 
 27.928097 
 354.75693 
 75.920547 
 35.966339 
 207.73438 
 175.04536 
 40.282101 
 227.01155 
 165.20601 
 40.445415 
 197.92493 
 18.175514 
 218.11302 
 228.48087 
 176.82045 
 39.385372 
 218.94406 
 28.973726 
 12.758844 
 179.76958 
 8.8831749 
 58.407154 
 190.7043 
 15.95138 
 227.72484 
 47.962521 
 232.3092 
 36.917252 
 62.508667 
 46.686092 
 6.9895477 
 223.84497 
 35.46846 
 219.51295 
 23.348183 
 46.199982 
 20.564619 
 29.872917 
 205.27847 
 178.07466 
 41.11092 
 215.48849 
 208.30501 
 8.5963984 
 224.02692 
 197.95851 
 256.18961 
 219.74271 
 44.381443 
 355.48572 
 17.859135 
 12.808702 
 356.0578 
 11.763494 
 3.9383628 
 37.452457 
 42.149364 
 33.802105 
 14.855199 
 223.33894 
 237.26259 
 224.16422 
 8.7344685 
 6.3973384 
 17.783613 
 9.0690517 
 221.67421 
 359.14539 
 222.27753 
 213.33305 
 35.522701 
 23.384295 
 195.89142 
 214.61116 
 210.99982 
 21.228745 
 209.80899 
 17.772881 
 169.19986 
 14.093129 
 14.49825 
 237.80467 
 41.22121 
 321.90253 
 208.43736 
 236.81462 
 33.220551 
 211.09793 
 202.78246 
 177.53467 
 36.576336 
 221.21266 
 41.56987 
 205.97415 
 205.6282 
 239.10442 
 199.62624 
 12.419086 
 343.04999 
 220.58223 
 96.428108 
 198.32262 
 3.1595318 
 205.62614 
 348.79901 
 193.57869 
 6.9848008 
 42.493877 
 65.302544 
 39.306217 
 39.559486 
 40.472061 
 278.12973 
 210.00696 
 15.756901 
 208.95381 
 199.6366 
 232.48346 
 206.17236 
 84.674324 
 0.47532818 
 348.94507 
 11.278015 
 2.318789 
 163.51631 
 240.42152 
 15.152685 
 29.844646 
 57.056477 
 28.655573 
 208.5954 
 342.17682 
 212.00165 
 224.13289 
 36.258232 
 199.02982 
 194.37807 
 217.22685 
 193.01674 
 22.639418 
 210.42148 
 214.07578 
 38.947948 
 234.24182 
 228.5556 
 174.38805 
 222.19228 
 337.30368 
 58.748203 
 220.57767 
 202.62869 
 203.04297 
 345.70282 
 236.06456 
 84.472015 
 21.006109 
 22.187902 
 10.180793 
 60.326668 
 20.809584 
 58.267609 
 35.860191 
 33.438148 
 39.318367 
 220.44644 
 20.695385 
 49.935284 
 210.13217 
 220.00769 
 37.752964 
 352.65091 
 338.0181 
 185.64948 
 342.33167 
 90.087967 
 36.055145 
 63.185524 
 199.46892 
 331.34274 
 210.54646 
 22.967972 
 49.889378 
 236.42599 
 36.521999 
 236.34842 
 36.228844 
 215.40086 
 66.088036 
 218.41116 
 3.2835813 
 203.07591 
 195.80046 
 31.392317 
 207.88448 
 352.35074 
 195.92061 
 19.622974 
 210.87697 
 35.036369 
 216.81691 
 68.358772 
 46.530361 
 206.93423 
 44.543076 
 357.8248 
 31.927135 
 21.53764 
 207.24747 
 179.13519 
 353.35852 
 6.0906415 
 42.121796 
 207.8185 
 218.93819 
 230.08025 
 192.89888 
 223.08687 
 23.690962 
 218.75031 
 64.568115 
 22.066898 
 63.934868 
 355.3642 
 185.03432 
 18.507395 
 204.59593 
 38.642235 
 183.99866 
 210.81911 
 204.22694 
 184.81032 
 33.923241 
 196.91499 
 192.09004 
 4.3127546 
 58.580631 
 194.90163 
 15.763631 
 212.37375 
 11.482222 
 205.34608 
 31.546871 
 22.149847 
 1.5464691 
 57.919804 
 359.43289 
 17.262051 
 2.4301922 
 35.632332 
 39.640793 
 214.12126 
 194.79144 
 214.37073 
 47.906151 
 27.657719 
 63.946781 
 191.5619 
 29.019222 
 229.15154 
 215.011 
 201.6618 
 41.489117 
 209.78761 
 38.825054 
 203.36394 
 197.36244 
 27.958454 
 184.23906 
 50.161079 
 5.5058651 
 52.719982 
 194.93109 
 57.162521 
 64.037643 
 357.05847 
 204.86203 
 221.91177 
 221.19803 
 223.01506 
 31.403664 
 8.1262302 
 57.036194 
 203.03822 
 19.114689 
 352.63391 
 6.2284288 
 357.66446 
 18.536232 
 27.191666 
 223.14262 
 188.09152 
 224.78168 
 196.08829 
 195.62827 
 16.720243 
 52.954548 
 191.49599 
 43.712723 
 32.255806 
 214.30522 
 12.108823 
 211.9389 
 218.55757 
 178.92433 
 19.927874 
 358.89908 
 320.4632 
 336.21881 
 43.638351 
 37.502655 
 211.438 
 39.095608 
 209.95978 
 325.92596 
 50.805935 
 39.104057 
 352.13885 
 58.701885 
 31.997643 
 35.437042 
 45.45911 
 65.286751 
 187.61697 
 203.75926 
 234.45506 
 211.34935 
 210.60982 
 32.503868 
 2.2385886 
 194.90982 
 205.49333 
 203.15195 
 233.6682 
 38.420364 
 16.292135 
 15.369631 
 56.317772 
 4.6739278 
 189.24913 
 54.581154 
 33.000538 
 192.96205 
 211.25244 
 210.40581 
 31.307966 
 218.74849 
 257.21875 
 13.972806 
 206.89064 
 58.886497 
 28.654715 
 175.76526 
 347.228 
 41.106949 
 23.363279 
 189.09277 
 185.61423 
 333.87881 
 47.949535 
 209.03419 
 182.44911 
 204.9632 
 39.51255 
 189.96086 
 226.26347 
 5.5663643 
 34.800709 
 358.4451 
 29.926819 
 66.048401 
 18.565676 
 196.5029 
 23.930901 
 199.85567 
 196.89714 
 180.59134 
 199.08217 
 359.57693 
 44.72266 
 30.101908 
 203.07693 
 83.461784 
 165.31364 
 195.74406 
 217.70589 
 200.80647 
 179.22055 
 31.077629 
 204.63245 
 187.12386 
 184.44452 
 217.9481 
 24.654871 
 189.96327 
 43.981754 
 206.48677 
 75.440865 
 197.84433 
 336.15445 
 201.01154 
 3.8070867 
 339.94186 
 207.36087 
 19.38343 
 157.17699 
 183.37013 
 333.24103 
 54.549213 
 194.33525 
 212.85771 
 14.050534 
 37.406971 
 200.5687 
 232.36961 
 177.28712 
 39.37254 
 227.24492 
 39.343201 
 38.339245 
 27.445494 
 243.91109 
 24.488605 
 67.579247 
 31.629116 
 152.02557 
 226.53683 
 356.48416 
 343.82513 
 219.54985 
 223.78802 
 32.44191 
 199.22263 
 60.335861 
 207.15752 
 46.15073 
 190.94548 
 184.04483 
 20.84511 
 228.0157 
 344.37479 
 228.03653 
 7.0221519 
 29.84733 
 35.142693 
 23.021439 
 241.54593 
 189.08549 
 218.18521 
 156.88248 
 235.08905 
 221.54538 
 206.18063 
 142.48778 
 188.85945 
 3.8298368 
 333.33261 
 41.044296 
 11.196823 
 336.22067 
 16.963995 
 202.98959 
 188.41405 
 18.856466 
 173.11391 
 188.27316 
 15.961175 
 143.19742 
 134.34444 
 1.7889352 
 190.0899 
 43.272499 
 177.20589 
 178.5764 
 339.68463 
 215.35797 
 18.037254 
 61.152172 
 342.5162 
 2.4891224 
 227.05591 
 215.90143 
 215.40628 
 346.62445 
 204.22806 
 192.6861 
 189.23555 
 203.99057 
 201.97737 
 358.0676 
 8.474617 
 40.169018 
 246.40808 
 345.75882 
 37.065155 
 10.648657 
 188.05551 
 54.411419 
 199.50623 
 30.837551 
 193.68115 
 355.66064 
 201.60899 
 189.83644 
 210.50443 
 210.55168 
 194.5083 
 346.47339 
 57.007233 
 50.473328 
 18.975636 
 201.83366 
 69.561066 
 12.769857 
 57.26601 
 219.2455 
 185.59656 
 194.33368 
 209.65689 
 74.538071 
 45.669395 
 348.5087 
 4.7734418 
 76.185783 
 222.29231 
 355.73071 
 202.98656 
 337.78464 
 211.81068 
 230.5416 
 206.101 
 35.248249 
 14.712476 
 228.0386 
 203.522 
 168.75082 
 4.4180865 
 211.46468 
 194.76266 
 53.012878 
 59.009289 
 196.72534 
 350.27344 
 211.99969 
 204.42433 
 26.766037 
 70.081467 
 46.465824 
 214.37569 
 214.39923 
 56.975384 
 211.19658 
 66.951019 
 65.266441 
 35.213402 
 50.093407 
 198.54018 
 14.222556 
 60.763508 
 50.608868 
 15.499548 
 199.41454 
 16.272039 
 210.41956 
 183.18344 
 339.59344 
 210.16235 
 240.24901 
 359.09247 
 207.57072 
 34.810421 
 180.33218 
 180.77931 
 19.46126 
 224.61566 
 346.64505 
 217.53426 
 221.43356 
 185.87985 
 195.21962 
 27.683622 
 42.798145 
 225.92677 
 343.05811 
 359.42392 
 168.53088 
 236.4966 
 207.38493 
 357.00723 
 13.835947 
 358.02695 
 37.682983 
 19.682415 
 15.501014 
 34.660809 
 42.994381 
 210.94293 
 0.22776072 
 172.86417 
 1.0179598 
 41.013031 
 171.67665 
 221.20953 
 39.265114 
 185.75151 
 43.145107 
 43.934109 
 50.483852 
 9.1366968 
 167.52921 
 173.8252 
 173.84528 
 217.76321 
 3.4965582 
 226.22256 
 8.0545664 
 225.52788 
 56.847862 
 43.371655 
 214.65674 
 8.2835379 
 49.448227 
 217.46899 
 58.310574 
 351.72861 
 51.782051 
 215.4715 
 48.146442 
 348.4801 
 236.49197 
 54.495285 
 14.495144 
 53.091496 
 223.36678 
 230.9241 
 63.079594 
 55.568153 
 220.18423 
 205.56421 
 44.709423 
 211.94814 
 200.77818 
 78.36869 
 349.96878 
 205.61029 
 212.43495 
 53.033955 
 47.246437 
 15.263241 
 197.29562 
 202.3419 
 27.090034 
 228.72885 
 10.28532 
 16.230545 
 241.85919 
 195.75946 
 19.65361 
 24.480358 
 214.22833 
 193.55022 
 192.10704 
 355.71606 
 204.48434 
 33.342644 
 30.453138 
 187.8649 
 189.43213 
 16.918118 
 207.73067 
 233.71951 
 17.810772 
 45.374771 
 213.32472 
 4.9847565 
 359.1199 
 15.875704 
 62.029514 
 28.389189 
 25.70713 
 28.42211 
 8.7573824 
 221.36476 
 176.35732 
 64.871933 
 209.63081 
 25.728073 
 204.95808 
 183.49197 
 11.911656 
 54.423359 
 232.17162 
 215.05669 
 1.2523547 
 185.42471 
 199.79887 
 31.946907 
 70.271187 
 40.482365 
 208.63223 
 41.564987 
 3.9110785 
 231.51526 
 211.97882 
 212.84848 
 44.065075 
 49.428715 
 50.611046 
 358.39166 
 204.31923 
 351.19833 
 212.69777 
 5.0965843 
 216.85936 
 170.09625 
 207.48125 
 196.79208 
 198.86679 
 216.93788 
 357.39078 
 18.599976 
 49.792576 
 219.30945 
 38.03545 
 12.68557 
 22.512852 
 230.48959 
 170.60255 
 9.4165401 
 16.459961 
 220.60199 
 213.1996 
 25.171856 
 20.013283 
 217.54619 
 26.582809 
 201.99849 
 352.96497 
 176.06039 
 175.36127 
 29.642204 
 13.785606 
 357.82538 
 204.17516 
 179.15018 
 5.7932386 
 225.06631 
 184.48119 
 34.600307 
 358.41949 
 46.290924 
 225.28098 
 59.507595 
 352.63007 
 173.37848 
 176.6221 
 214.53789 
 28.59971 
 213.19138 
 18.872715 
 205.75949 
 53.163147 
 180.86131 
 357.34305 
 174.96521 
 178.0582 
 27.281527 
 225.19493 
 174.97148 
 21.05147 
 21.265394 
 220.6331 
 215.7408 
 219.2254 
 45.095654 
 1.281063 
 32.353359 
 355.60941 
 14.790718 
 215.7901 
 217.37726 
 49.842918 
 213.20755 
 208.84271 
 200.40175 
 209.53125 
 358.01639 
 29.601694 
 9.8265972 
 180.85847 
 10.617135 
 62.480518 
 51.871269 
 203.31346 
 218.81142 
 8.4369564 
 12.386084 
 184.18265 
 13.760412 
 7.8832121 
 216.3611 
 27.270412 
 22.802383 
 213.9798 
 354.28186 
 16.181364 
 37.634396 
 28.976276 
 209.11418 
 32.749634 
 202.89894 
 31.8542 
 224.8485 
 196.53767 
 213.70506 
 206.48598 
 194.95114 
 210.65112 
 212.62125 
 218.4576 
 207.94704 
 7.9654951 
 193.27425 
 345.37375 
 47.589478 
 95.035034 
 11.41671 
 211.93158 
 25.985495 
 33.475845 
 355.06137 
 345.53796 
 340.29553 
 238.68051 
 210.06996 
 208.19188 
 208.99231 
 7.0249834 
 209.12273 
 35.18602 
 216.43959 
 210.26126 
 210.11279 
 202.99904 
 201.41003 
 216.93811 
 58.987347 
 43.382214 
 232.11552 
 21.806437 
 210.05927 
 177.32933 
 229.46321 
 22.071815 
 232.1012 
 193.87477 
 206.96841 
 21.515564 
 216.39348 
 211.87436 
 338.17444 
 96.122917 
 210.6192 
 34.885303 
 208.04407 
 337.7424 
 50.405994 
 197.62831 
 234.0446 
 210.03517 
 209.86792 
 16.590004 
 354.52725 
 230.85036 
 35.853073 
 218.96225 
 214.55232 
 358.07983 
 207.02853 
 208.16763 
 211.14973 
 208.93732 
 208.95187 
 32.182152 
 62.676037 
 18.74217 
 8.3566504 
 212.01718 
 330.78409 
 62.301819 
 211.48596 
 210.22791 
 13.511124 
 45.732975 
 218.48233 
 200.47331 
 17.352076 
 218.45895 
 32.022179 
 43.597111 
 60.832783 
 18.08713 
 186.24301 
 2.3854289 
 199.81627 
 29.303082 
 61.276474 
 209.43259 
 26.383549 
 27.183357 
 208.61591 
 222.45604 
 50.515957 
 12.590314 
 39.336838 
 222.42647 
 26.505514 
 36.690277 
 217.4913 
 46.208374 
 175.11794 
 43.814968 
 46.344986 
 218.66177 
 28.066114 
 5.6453967 
 213.05702 
 6.9616432 
 202.42416 
 212.04012 
 22.835939 
 357.29385 
 5.0993919 
 39.715813 
 47.213112 
 211.68921 
 30.177877 
 211.22032 
 210.46544 
 28.10154 
 218.14481 
 7.0052166 
 334.57239 
 212.55565 
 220.87119 
 190.38956 
 206.09132 
 4.9825954 
 17.360622 
 226.98146 
 215.20998 
 212.87677 
 43.751511 
 201.37988 
 199.20317 
 38.277725 
 34.415352 
 5.8786044 
 182.73808 
 222.37437 
 44.445473 
 193.0195 
 209.57906 
 205.06274 
 358.28162 
 29.831776 
 201.48878 
 194.86607 
 183.924 
 342.48804 
 197.30437 
 206.13602 
 14.264027 
 214.01738 
 49.678249 
 194.62001 
 57.409786 
 202.15039 
 198.97992 
 40.646515 
 218.81059 
 66.314781 
 205.0341 
 208.29579 
 39.748775 
 39.917995 
 206.52206 
 187.86302 
 28.320396 
 251.82098 
 42.858887 
 32.243237 
 207.67085 
 211.3987 
 197.38968 
 199.14272 
 189.97826 
 182.30342 
 183.74606 
 190.29649 
 74.477104 
 197.40189 
 202.65852 
 8.9839067 
 184.08798 
 161.62985 
 221.47902 
 20.793346 
 34.746048 
 192.28195 
 42.682247 
 41.337494 
 213.82835 
 23.314224 
 356.58237 
 328.38959 
 230.38948 
 28.102467 
 40.326412 
 356.79379 
 32.064907 
 193.13072 
 195.60329 
 53.579262 
 33.708984 
 24.413376 
 21.457115 
 170.15134 
 213.72511 
 209.92746 
 191.91029 
 221.47147 
 346.66452 
 179.5963 
 21.259106 
 230.44785 
 340.15466 
 212.44604 
 188.07967 
 29.62652 
 191.4937 
 197.20512 
 172.5089 
 157.78265 
 35.705811 
 202.12515 
 141.43968 
 342.62494 
 46.058575 
 3.4254825 
 347.05789 
 182.0421 
 192.11264 
 187.30345 
 187.41022 
 3.4272749 
 338.99451 
 10.100244 
 210.50052 
 50.791191 
 192.37828 
 202.40764 
 182.99788 
 11.335637 
 204.05896 
 349.10553 
 46.689102 
 38.036823 
 212.63908 
 230.4173 
 202.77963 
 26.001297 
 52.487476 
 48.268299 
 6.923697 
 82.839211 
 54.975777 
 203.36731 
 208.55977 
 252.63034 
 209.17731 
 5.8987675 
 211.78835 
 74.230141 
 23.904278 
 7.9217429 
 228.51068 
 214.43904 
 213.71217 
 222.48653 
 227.62921 
 225.86258 
 220.01566 
 225.7551 
 346.44714 
 223.33238 
 233.22328 
 177.41682 
 205.63953 
 226.44363 
 223.23407 
 54.485374 
 222.60651 
 40.300156 
 231.27878 
 69.49572 
 227.39435 
 216.59648 
 33.390915 
 220.02605 
 38.425457 
 216.65576 
 10.108383 
 14.226362 
 62.132549 
 229.11079 
 53.806118 
 223.86523 
 15.568522 
 215.36298 
 21.31266 
 25.676987 
 38.484058 
 26.634113 
 204.97649 
 241.95435 
 19.984497 
 61.086456 
 24.526564 
 14.92385 
 225.5363 
 194.55426 
 56.415363 
 71.481956 
 208.00018 
 28.64864 
 199.64355 
 59.042664 
 29.778076 
 197.64426 
 166.03928 
 3.8958502 
 13.033672 
 222.01453 
 197.97922 
 188.24792 
 58.50206 
 206.1241 
 21.154665 
 54.847862 
 216.2805 
 47.030205 
 213.6037 
 355.65845 
 28.531706 
 226.40964 
 187.43001 
 180.55391 
 38.090942 
 24.748304 
 6.5700111 
 216.05551 
 27.83231 
 351.47021 
 220.58633 
 207.11113 
 193.81427 
 21.452324 
 8.1952534 
 199.78113 
 356.33618 
 185.40132 
 26.091541 
 191.10617 
 202.60794 
 17.946287 
 221.95085 
 31.103724 
 221.70988 
 30.133755 
 358.85141 
 188.99579 
 230.53519 
 357.67889 
 217.5968 
 5.521872 
 12.861455 
 220.42476 
 33.93795 
 358.29352 
 25.420408 
 34.200474 
 355.53357 
 29.14196 
 11.941996 
 186.7588 
 191.33768 
 44.867176 
 218.2822 
 26.452032 
 183.62816 
 49.453083 
 202.53239 
 217.33801 
 206.47647 
 8.3299599 
 216.37337 
 187.80156 
 204.29669 
 225.61259 
 34.333088 
 46.108578 
 195.69154 
 61.163654 
 209.99268 
 25.740685 
 13.204886 
 11.432551 
 185.4021 
 8.1626043 
 33.663448 
 213.5217 
 22.057119 
 27.499075 
 220.17763 
 37.352852 
 18.370157 
 40.261185 
 211.25932 
 199.20848 
 207.49219 
 215.77077 
 35.299789 
 209.41689 
 199.30064 
 10.446261 
 2.5494633 
 110.22621 
 357.44324 
 211.83456 
 207.47888 
 20.300091 
 201.6736 
 341.24438 
 224.29105 
 27.508713 
 220.19385 
 217.19296 
 216.19557 
 208.02409 
 45.289524 
 232.65967 
 185.13576 
 210.93674 
 221.41377 
 192.96693 
 230.17703 
 204.95738 
 336.99869 
 7.1979094 
 32.903824 
 20.484921 
 203.79211 
 335.49191 
 25.157724 
 23.486908 
 25.413479 
 214.46609 
 68.384285 
 24.673672 
 229.20107 
 29.580801 
 209.62129 
 36.313972 
 187.89861 
 34.051533 
 65.735062 
 203.66701 
 23.490337 
 59.460911 
 61.142097 
 26.509871 
 208.79291 
 229.2498 
 336.12216 
 238.94075 
 201.0009 
 226.70665 
 221.38405 
 18.607735 
 212.61104 
 19.005812 
 52.876728 
 24.041809 
 30.645378 
 217.70006 
 39.286663 
 195.52061 
 54.520363 
 41.834465 
 53.385635 
 216.649 
 202.10915 
 192.44147 
 30.467257 
 217.60919 
 18.969364 
 50.547955 
 214.60545 
 24.728806 
 36.116096 
 6.0504594 
 53.455585 
 211.90263 
 11.836035 
 212.00996 
 29.006432 
 6.0964208 
 229.5976 
 53.651791 
 216.6449 
 46.516937 
 208.19304 
 32.505531 
 174.99928 
 190.18166 
 198.39726 
 203.12291 
 38.007034 
 183.01694 
 31.559721 
 42.800583 
 11.82946 
 30.753672 
 215.23485 
 251.71747 
 215.07776 
 195.93155 
 35.393356 
 205.18829 
 238.53922 
 46.27943 
 214.20013 
 215.70625 
 24.48192 
 356.67798 
 209.80231 
 195.2809 
 191.84193 
 0.11219793 
 199.63881 
 229.07478 
 17.842308 
 186.59059 
 203.95667 
 188.84694 
 205.64684 
 31.013758 
 221.22461 
 199.87898 
 172.09328 
 197.5638 
 210.88152 
 207.32767 
 192.22205 
 223.78539 
 199.62337 
 219.45482 
 17.707947 
 183.25443 
 188.1823 
 171.98244 
 178.7282 
 37.379791 
 252.88226 
 29.773001 
 171.21552 
 44.420586 
 180.31071 
 223.82301 
 198.61526 
 202.58678 
 209.25511 
 196.13849 
 12.437873 
 188.8125 
 186.34549 
 9.7403755 
 17.029203 
 207.63274 
 212.43303 
 179.29373 
 202.71199 
 20.391445 
 7.7186551 
 41.521122 
 199.55502 
 213.92245 
 217.0473 
 214.63266 
 356.98483 
 181.94536 
 184.37929 
 195.64546 
 34.929867 
 212.71922 
 357.35184 
 211.37186 
 31.823828 
 3.0058918 
 14.887493 
 221.21365 
 185.60828 
 29.803848 
 29.245541 
 223.2634 
 36.664677 
 21.072479 
 210.92978 
 344.3772 
 238.49615 
 22.590084 
 35.881081 
 34.216244 
 211.91444 
 226.17538 
 15.77667 
 65.723061 
 218.34312 
 231.14981 
 220.75841 
 63.356106 
 245.33534 
 206.32077 
 224.40901 
 25.188591 
 42.658161 
 24.953562 
 197.94305 
 205.22398 
 37.572849 
 30.329847 
 24.794653 
 176.14244 
 46.681477 
 166.28406 
 206.86383 
 46.893417 
 221.25919 
 32.202049 
 27.466036 
 27.333469 
 3.9972792 
 31.228657 
 12.969904 
