 396.44452  43.217026 
 334.47482  46.727715 
 233.26968  52.433018 
 262.5722  54.282013 
 384.62906  57.357254 
 360.80835  57.764439 
 508.99054  57.84713 
 243.64616  63.603722 
 304.01123  66.329262 
 593.89423  65.563103 
 341.00195  66.735886 
 220.75214  72.099686 
 274.20328  74.977859 
 259.54828  75.99543 
 532.2149  81.293961 
 218.26028  86.435295 
 199.84373  86.952019 
 228.04065  88.852104 
 316.50189  94.777458 
 328.69476  94.637009 
 516.52716  98.487648 
 250.53496  102.32036 
 288.6944  108.17808 
 502.1712  108.30865 
 533.75549  107.80399 
 179.08138  114.78072 
 285.47125  116.03864 
 319.72067  123.1894 
 334.66788  131.69795 
 288.5372  135.79311 
 343.88992  136.35918 
 538.04413  136.45686 
 273.89627  140.93417 
 363.8465  144.22713 
 443.76224  149.257 
 325.11682  152.07426 
 438.6792  153.86624 
 266.69824  156.36555 
 332.38376  155.90453 
 286.13342  158.26965 
 207.34267  159.10098 
 575.62494  158.77534 
 126.25546  160.41629 
 294.7926  164.32315 
 382.5098  168.58975 
 615.48517  171.34767 
 398.90405  175.27936 
 569.50787  175.09381 
 165.99527  176.25655 
 600.6095  176.50194 
 226.74487  177.54364 
 140.95026  180.03984 
 385.43027  182.32167 
 135.17523  193.46227 
 503.26608  194.51271 
 532.93616  195.17337 
 361.05981  196.1483 
 546.95642  197.01817 
 341.42496  202.69775 
 256.73431  205.05577 
 562.82007  204.56792 
 137.27003  206.25557 
 517.2774  206.41597 
 549.71899  209.27646 
 238.65265  216.14139 
 664.2052  217.05405 
 346.72974  218.34744 
 135.62949  219.14259 
 573.74982  223.53397 
 397.90448  225.17628 
 612.008  229.99568 
 133.3772  230.80678 
 335.30405  234.6337 
 655.35516  234.68399 
 137.76164  240.44847 
 334.34286  239.82213 
 135.17084  247.35011 
 227.03419  247.02658 
 517.17554  251.09656 
 426.23419  251.74687 
 290.32556  253.26558 
 569.77637  253.73807 
 624.82611  256.80792 
 683.92523  256.91104 
 267.45258  263.51709 
 209.01363  263.53986 
 599.76984  264.50769 
 299.15179  264.90976 
 144.84421  266.3335 
 421.65344  266.93539 
 635.79401  266.77014 
 574.12274  268.77264 
 399.3735  271.05533 
 167.83371  273.65167 
 483.9324  276.0766 
 423.43573  277.01874 
 274.75125  277.28802 
 470.57712  278.03452 
 585.7879  278.29727 
 525.4339  278.67435 
 485.44363  287.70856 
 260.77219  292.54962 
 323.68179  294.70596 
 474.14728  295.30353 
 270.23846  297.62451 
 498.36011  300.35483 
 615.46222  301.65778 
 373.01755  302.82709 
 322.27216  303.77219 
 145.32088  307.27722 
 525.08014  309.20029 
 423.543  312.90082 
 268.2757  313.8707 
 160.92683  314.56232 
 294.97845  316.56125 
 481.46997  316.67734 
 280.78897  326.37961 
 536.45709  326.84039 
 162.75238  328.18158 
 372.76962  330.21674 
 508.65723  331.96164 
 313.71741  337.12561 
 418.80713  338.92285 
 679.72717  341.86075 
 695.57385  342.20993 
 138.76047  343.48944 
 374.50357  346.70734 
 179.10298  347.99728 
 435.07089  348.23691 
 654.49536  347.8627 
 531.90363  350.27753 
 670.51941  350.1326 
 642.6673  352.61343 
 692.18152  353.31012 
 545.30487  353.72159 
 672.12183  361.32748 
 436.0719  367.18921 
 330.61133  370.10266 
 675.00775  372.39255 
 387.68436  373.49258 
 412.34183  372.69931 
 643.8089  374.49869 
 685.77582  375.05615 
 258.37885  376.1091 
 503.10464  383.83905 
 279.27368  385.2832 
 410.51526  384.48901 
 359.01297  386.85477 
 532.32745  387.46457 
 290.89597  388.04294 
 282.42133  389.62991 
 740.23944  390.33331 
 611.8139  390.90613 
 659.74994  392.07068 
 452.34705  396.89636 
 384.38443  401.62143 
 592.68774  400.75143 
 735.66815  402.69949 
 412.66608  403.04547 
 734.5224  405.8363 
 223.10808  407.64716 
 422.66489  413.17447 
 654.08936  412.95105 
 595.72443  417.90964 
 713.35077  420.01581 
 206.03595  421.30276 
 452.4415  420.91721 
 760.71075  425.87503 
 590.19727  429.39163 
 506.6756  429.88913 
 489.00922  430.80197 
 168.45464  434.14456 
 190.82915  436.71091 
 184.78886  442.04416 
 454.92682  441.96616 
 172.70566  445.16611 
 652.67651  445.54703 
 530.5694  446.08548 
 667.73322  450.90613 
 365.42557  456.17615 
 634.15845  462.06937 
 437.59103  463.44742 
 250.25157  463.79642 
 538.9173  464.1326 
 529.15466  470.84161 
 694.26306  475.14209 
 504.64355  477.24826 
 561.55847  482.90686 
 302.33862  486.93655 
 439.89117  490.2757 
 326.69022  490.8848 
 245.59602  492.66635 
 686.12646  494.98621 
 584.21356  495.7048 
 109.0172  499.87726 
 505.91235  502.85516 
 641.33746  504.05991 
 122.65475  506.39166 
 578.32013  506.04056 
 489.26453  507.33936 
 723.34125  506.57071 
 707.89661  508.0282 
 497.96353  511.45493 
 377.08481  513.85596 
 461.51489  516.60889 
 411.27118  517.71045 
 608.58356  519.35645 
 315.76334  520.14362 
 336.86145  520.08667 
 512.41718  519.95795 
 405.40302  528.35132 
 388.14563  544.05908 
 50.122341  544.745 
 455.04236  553.64905 
 529.02228  558.19861 
 540.51538  560.29388 
 384.39981  561.30493 
 457.22153  563.13104 
 555.14758  567.42096 
 439.95743  567.65295 
 627.15436  567.91724 
 447.89838  573.35327 
 544.22479  573.97632 
 548.57513  577.77332 
 411.83829  585.37427 
 451.17496  589.66711 
 590.09766  594.19385 
 622.01947  597.59418 
 651.30389  601.50232 
 552.34259  605.10022 
 610.31427  606.43738 
 475.63776  608.7149 
 529.24811  612.86835 
 619.11639  616.16107 
 560.0423  620.04266 
 602.75763  632.92749 
 514.90765  638.64026 
 357.6012  46.794548 
 396.02145  51.541153 
 501.82162  52.389172 
 523.12012  65.751663 
 492.53967  69.852867 
 428.4054  71.83448 
 400.22162  74.06057 
 267.88364  79.062492 
 571.84125  82.806923 
 546.03601  88.594261 
 552.57513  91.021912 
 399.89398  95.931557 
 233.65073  96.57531 
 540.18164  97.878014 
 236.1321  105.71523 
 269.10287  107.87115 
 556.76788  116.35604 
 164.64342  119.72101 
 255.34602  118.55293 
 259.04819  124.6531 
 551.98804  133.80562 
 415.03055  135.64093 
 512.4776  136.29607 
 505.09598  140.38126 
 339.43054  143.52914 
 279.45239  144.8998 
 345.52533  146.95084 
 255.14929  148.93256 
 468.4949  151.72444 
 591.29169  155.22392 
 285.15417  170.4642 
 141.05957  170.97307 
 194.23886  175.63622 
 460.40082  175.94528 
 593.43597  179.21938 
 344.89066  181.49739 
 350.17648  185.65263 
 533.84589  185.87091 
 549.36829  186.7355 
 295.27823  188.87633 
 540.05072  189.09169 
 424.09381  191.37535 
 672.79364  191.63802 
 464.49692  197.06342 
 482.96887  197.27727 
 667.31116  197.26506 
 489.97751  197.98401 
 642.53314  199.3315 
 456.09607  205.77649 
 233.22694  207.28467 
 238.5909  209.118 
 462.09073  209.27544 
 665.44666  208.93869 
 511.53067  210.74487 
 559.3739  212.25328 
 650.74615  217.3869 
 582.43188  221.40314 
 637.28619  224.071 
 335.21494  225.3978 
 441.51044  234.15611 
 829.6474  238.59534 
 313.84286  242.76126 
 527.84656  247.36829 
 593.18518  246.5508 
 278.83594  248.11455 
 418.79459  248.96959 
 662.32709  251.7941 
 475.16043  252.87979 
 445.89352  258.25385 
 297.5535  262.06915 
 588.12122  260.12643 
 554.70496  260.77798 
 314.71878  262.979 
 449.39459  267.7081 
 608.14288  269.14368 
 618.81592  269.19415 
 519.80566  272.12201 
 376.3299  280.76529 
 308.58124  283.33398 
 449.56665  285.51535 
 511.34097  302.75351 
 431.1474  304.08389 
 471.12997  304.24042 
 363.09906  309.93555 
 658.7644  311.72672 
 519.88763  316.16324 
 412.9014  320.71075 
 706.2876  321.42773 
 632.77258  322.79721 
 339.62064  330.23837 
 426.45044  326.78418 
 311.14517  330.19247 
 673.64923  330.34509 
 338.57129  333.42972 
 462.52377  334.26089 
 476.74936  337.8399 
 503.33301  347.14346 
 546.30536  351.05618 
 484.91394  354.25977 
 524.7962  353.56232 
 491.15393  356.78009 
 481.52838  362.95142 
 646.94214  366.62259 
 164.66463  368.33972 
 685.03717  368.87943 
 714.9671  371.35233 
 517.5943  373.85062 
 574.35895  374.67947 
 756.92761  376.03906 
 536.15826  376.50479 
 668.19922  378.94708 
 750.5069  380.24945 
 496.39636  381.50549 
 519.84308  383.3042 
 589.95251  383.56131 
 382.53937  394.27371 
 586.67969  396.90808 
 385.60495  407.60846 
 776.64508  412.34238 
 191.97136  416.66385 
 168.2805  420.28143 
 469.68173  419.7601 
 197.34981  420.62881 
 173.39104  423.94098 
 274.08463  424.17337 
 163.31015  427.8974 
 176.98457  429.96942 
 659.23206  430.47922 
 446.59235  432.31415 
 694.64124  432.26627 
 683.22498  436.53708 
 366.54581  441.05399 
 256.13223  448.90024 
 659.74854  449.25314 
 431.25797  452.224 
 520.65588  453.04059 
 675.07727  453.01639 
 502.49945  454.14612 
 714.95831  458.29022 
 473.53598  459.51804 
 201.20914  463.04736 
 580.354  465.24353 
 406.56976  476.76501 
 268.12952  483.65594 
 383.03387  483.52191 
 664.61664  485.67154 
 538.82471  485.99664 
 261.5174  495.24817 
 238.4911  496.69931 
 592.93805  497.31812 
 552.00922  500.72653 
 324.84607  503.66653 
 261.94098  508.58243 
 349.67868  509.58176 
 689.16992  516.44635 
 486.86646  518.46497 
 576.14978  516.99286 
 483.13107  517.81543 
 392.18036  518.81854 
 483.99609  528.63123 
 511.0849  529.44855 
 529.23242  530.38385 
 494.78586  533.31433 
 379.47629  537.85126 
 486.14075  539.67212 
 355.72403  547.07953 
 516.25562  550.75909 
 478.08221  557.87164 
 413.43393  559.28003 
 405.84244  562.54181 
 464.34912  565.0899 
 423.06354  574.86511 
 455.07166  577.42981 
 509.48849  576.82733 
 419.83041  580.81885 
 426.81769  582.05231 
 587.40601  587.28857 
 403.97058  590.07404 
 460.06107  590.28839 
 427.69714  604.34991 
 639.94763  607.66119 
 634.34985  613.92896 
 523.64111  621.3277 
 556.47461  628.42358 
 570.0686  629.46442 
 647.98859  630.06042 
 662.26776  631.50427 
 546.27362  631.27704 
 561.50525  633.70813 
 636.25861  638.00732 
 662.99951  640.87793 
 607.83478  644.20776 
 653.84363  643.98883 
 553.3407  648.12201 
 539.76721  649.07959 
 546.10065  651.16583 
 524.19556  656.44897 
 537.35828  656.14606 
 360.11545  58.256344 
 367.81732  58.299469 
 385.5914  58.254864 
 419.48904  59.253857 
 491.77292  58.541542 
 564.60394  59.044132 
 375.85303  60.603146 
 242.58522  62.436054 
 357.88657  62.617142 
 391.71667  62.780251 
 410.14737  63.554878 
 429.74356  64.576508 
 503.79422  65.609207 
 593.24304  66.067802 
 224.88167  67.542336 
 531.32928  67.409615 
 262.5892  67.531685 
 285.91873  69.416313 
 295.47644  69.370773 
 349.48306  70.867325 
 582.14844  70.872574 
 273.93881  73.240059 
 331.49292  73.313538 
 500.04733  74.895317 
 407.61295  76.287521 
 231.67915  77.896416 
 258.6778  77.884079 
 284.97052  78.921928 
 314.03412  78.71743 
 362.85098  78.647873 
 385.19238  78.557449 
 510.62253  79.579155 
 371.8421  81.54348 
 271.46643  83.195938 
 416.55716  84.570587 
 327.37891  84.52076 
 355.04474  85.367119 
 199.20906  85.697205 
 519.02728  86.326805 
 586.38043  86.410477 
 217.6754  86.615799 
 302.96216  86.967834 
 338.29825  87.408371 
 281.41412  88.61367 
 343.2439  90.42939 
 363.70206  90.941559 
 530.01825  91.355019 
 204.78813  93.256203 
 294.65683  93.685951 
 315.89011  94.301704 
 351.33633  94.408638 
 504.26578  94.417648 
 188.40831  94.467644 
 261.42191  94.964233 
 327.59576  95.945274 
 407.4563  96.371536 
 271.61832  96.832176 
 516.20996  98.311592 
 337.35294  99.683861 
 376.3898  100.10555 
 177.39688  100.84306 
 251.1413  101.09061 
 206.89212  104.11456 
 321.85062  105.97559 
 349.17413  105.54489 
 260.68683  106.90097 
 533.73199  107.60508 
 288.42834  108.29766 
 171.10728  109.23611 
 277.01428  109.40974 
 245.96507  109.61819 
 329.47125  111.5171 
 183.59424  113.56322 
 543.48431  112.65932 
 312.66312  113.90572 
 233.3831  115.75523 
 194.052  117.80287 
 508.91736  118.00508 
 519.26794  119.00597 
 243.69147  120.42329 
 299.9971  119.51059 
 151.55418  120.979 
 333.5863  121.0566 
 273.45822  121.78027 
 319.31168  123.29004 
 223.53616  124.00134 
 539.26202  124.1069 
 202.77966  126.42269 
 281.64905  127.46739 
 556.83051  127.08351 
 547.23688  128.01208 
 233.92108  128.48143 
 291.73483  130.30222 
 304.27084  129.64444 
 516.26941  130.71632 
 334.64603  131.94917 
 422.60376  132.22707 
 524.72137  133.9267 
 343.60059  135.11287 
 244.08586  135.51717 
 537.04608  136.2731 
 560.43243  136.2114 
 221.99188  136.57834 
 287.28918  137.06294 
 195.7308  138.69194 
 352.70877  138.2496 
 184.48303  138.79703 
 209.11668  138.97522 
 404.37411  139.14381 
 428.50674  138.92511 
 231.43275  141.80093 
 363.47195  143.15575 
 174.10936  143.91095 
 149.88712  144.53326 
 523.6825  145.05449 
 547.17255  146.4312 
 606.92139  145.69905 
 246.5697  146.50526 
 410.78671  146.73032 
 293.47791  148.17094 
 535.31812  147.79233 
 556.15021  149.83272 
 582.38928  149.74023 
 161.03937  150.57306 
 184.06201  150.96469 
 441.35419  151.01895 
 456.4032  151.14117 
 325.13602  152.29436 
 190.80563  155.90459 
 300.89246  156.16795 
 334.10269  155.79208 
 421.31351  156.48744 
 430.82227  156.39413 
 265.87201  156.97441 
 208.84998  158.13991 
 604.02576  158.02167 
 285.05038  159.1333 
 575.164  159.41228 
 126.23447  160.12149 
 164.75734  160.18413 
 198.14043  160.13452 
 245.36223  160.30937 
 469.84247  160.06242 
 531.00024  159.71373 
 541.06183  160.07971 
 151.59926  160.91068 
 273.56085  161.50078 
 638.34991  162.29472 
 224.53856  162.58406 
 135.7704  163.96968 
 172.23438  165.44461 
 234.80383  165.68268 
 254.06134  167.37376 
 382.22787  167.78378 
 157.08546  168.54578 
 269.43881  169.60915 
 543.7381  169.88969 
 427.85672  170.90144 
 615.00342  170.77185 
 277.42725  172.48318 
 417.73331  172.0126 
 242.08971  172.52988 
 365.34567  172.84164 
 390.26657  172.53317 
 553.93622  172.49069 
 568.38843  174.90408 
 166.3318  175.9039 
 399.56802  175.74081 
 524.35126  175.61121 
 601.70929  176.32507 
 132.2814  176.71732 
 534.69507  177.32341 
 374.28714  177.82388 
 225.37042  178.90125 
 543.82294  179.91565 
 140.63411  180.85936 
 423.79129  182.48174 
 236.15092  182.76305 
 358.33511  182.46211 
 642.40472  183.54195 
 272.95056  188.42024 
 367.37762  188.44058 
 513.89636  188.0256 
 650.87018  187.82498 
 256.58835  188.64194 
 355.62634  189.25826 
 487.70462  189.12755 
 559.02991  191.11583 
 224.47971  192.19612 
 337.79672  192.28365 
 388.03244  191.57301 
 135.97733  193.79797 
 532.98224  194.92175 
 418.47678  195.5547 
 234.00467  197.48802 
 298.56717  197.17618 
 361.66833  197.05551 
 471.77792  197.49718 
 518.55322  196.61945 
 546.78101  196.89278 
 434.48251  198.62262 
 674.41748  198.89159 
 319.09518  200.02429 
 396.45596  200.21948 
 555.5802  200.18666 
 481.22174  200.83817 
 223.14496  203.29904 
 341.8671  202.97742 
 506.78314  203.04486 
 255.53659  203.62378 
 563.005  203.68355 
 289.81061  205.40691 
 138.0457  205.7043 
 307.27435  206.01605 
 324.01627  207.86975 
 517.24585  207.41455 
 548.01617  210.36261 
 489.17609  211.31992 
 219.22786  212.24078 
 585.47327  212.91924 
 672.96979  212.96872 
 249.27792  213.50072 
 227.98834  214.9873 
 497.96771  215.57961 
 527.40167  216.25232 
 291.61194  217.44318 
 313.19095  217.20435 
 328.35205  217.3058 
 517.86115  216.67439 
 683.14392  216.50069 
 647.24799  217.87137 
 664.60181  217.82977 
 137.10458  218.79424 
 347.97812  219.36855 
 386.64868  219.45226 
 562.21283  218.69267 
 597.74542  219.67357 
 281.94754  223.38187 
 574.14215  223.11897 
 145.04037  224.43201 
 260.2525  223.69383 
 397.06049  224.68811 
 661.33508  224.73743 
 240.1391  226.0488 
 623.44696  225.91484 
 651.00275  225.70998 
 321.43869  228.58876 
 267.05386  230.25133 
 404.77173  230.30678 
 523.86957  229.75529 
 596.74353  230.12857 
 673.31628  230.02069 
 132.90253  231.16457 
 251.18616  231.43924 
 612.23492  230.44331 
 415.07239  231.62029 
 561.88098  232.44803 
 532.56061  234.373 
 637.80109  234.29222 
 655.9519  234.06537 
 333.50333  235.98326 
 427.49249  236.28305 
 582.02667  237.33945 
 621.3255  237.2549 
 225.31754  237.98622 
 395.83456  238.21663 
 263.11539  238.79861 
 604.06873  239.43787 
 234.85275  239.90167 
 289.9397  239.99133 
 448.92972  240.27869 
 590.3183  240.07603 
 138.20348  240.69127 
 404.62387  241.15381 
 149.60706  241.75993 
 273.08945  242.2809 
 245.66716  245.58867 
 434.28735  243.04475 
 650.36151  243.02347 
 250.01207  244.14496 
 415.97787  243.89775 
 319.67429  245.37535 
 499.08984  246.2529 
 544.7464  246.39087 
 134.89661  246.74359 
 391.51144  246.8632 
 427.6658  247.1002 
 608.68671  247.68195 
 218.18066  248.57782 
 260.39404  249.28813 
 237.46202  249.96909 
 617.95581  250.1515 
 326.26367  251.56194 
 518.36133  251.82245 
 560.53162  252.3615 
 586.66266  251.45674 
 288.47925  253.28275 
 399.08411  253.06978 
 570.34625  253.53088 
 646.39984  253.98897 
 165.80571  254.79271 
 224.96848  254.63046 
 684.3924  254.90045 
 498.24426  256.31931 
 548.05701  255.93066 
 180.57735  257.02335 
 196.5193  257.20786 
 410.13815  258.18011 
 604.35333  256.89594 
 280.17252  257.76035 
 594.58777  257.466 
 656.03613  257.96625 
 529.51373  259.46307 
 507.3945  259.8493 
 611.49133  260.33868 
 477.33282  261.62161 
 412.36795  262.61957 
 208.82617  264.32437 
 258.33206  264.47754 
 268.12387  264.04483 
 457.23914  264.2988 
 563.63446  264.38129 
 600.19183  264.10446 
 144.86444  264.95514 
 517.52338  264.83768 
 646.51563  265.10315 
 321.85593  266.31381 
 422.01746  265.91437 
 177.26315  266.84207 
 334.78381  266.6221 
 634.07214  267.11877 
 135.18456  268.15765 
 512.38727  269.29605 
 573.4599  268.85736 
 397.38794  270.15778 
 432.77426  269.80606 
 465.44598  270.27322 
 492.61377  271.17975 
 527.30695  270.40961 
 168.67749  272.44601 
 593.99213  271.50595 
 406.4454  273.46619 
 263.13095  274.64169 
 452.84744  275.47833 
 152.41217  275.45227 
 482.5936  275.83353 
 493.26733  276.08661 
 534.52386  275.52179 
 615.73584  275.78677 
 424.76962  277.57779 
 462.01483  278.12964 
 525.55194  278.42331 
 324.38522  278.45721 
 585.47333  278.46521 
 623.05444  278.95325 
 598.77368  282.03967 
 382.77808  282.83966 
 416.36487  283.8338 
 608.25012  283.84433 
 158.3932  285.07062 
 476.08405  285.30704 
 390.94409  286.20612 
 269.15985  286.89847 
 466.02136  286.96597 
 317.71231  288.58148 
 485.42499  287.51492 
 617.48315  288.08554 
 500.80066  289.64511 
 279.39682  291.3522 
 259.82654  292.40155 
 521.28259  292.12677 
 376.34512  292.91254 
 304.26578  293.81799 
 313.79553  295.13394 
 161.34755  295.38348 
 474.34579  296.29559 
 466.17688  296.97562 
 517.48108  296.80777 
 579.04187  296.5484 
 608.08234  296.569 
 270.49829  297.97818 
 625.81104  298.07419 
 321.50311  300.99597 
 497.70853  300.26462 
 526.02887  301.59183 
 634.26617  303.16721 
 373.13034  303.69461 
 423.38834  303.65695 
 481.87775  304.46146 
 145.79974  306.25659 
 355.36224  305.51526 
 595.0108  305.52844 
 296.72641  306.96558 
 516.67987  307.03757 
 526.06866  309.68506 
 412.30328  311.20334 
 469.00555  311.83826 
 159.6256  313.36008 
 269.03864  313.76428 
 301.72876  313.65622 
 508.31549  314.50192 
 296.30719  316.95963 
 309.91211  318.06436 
 480.52777  318.34146 
 627.59131  317.802 
 342.17096  318.99622 
 362.34521  318.57101 
 136.87209  321.26663 
 352.18817  322.09235 
 609.50061  321.83932 
 456.42209  322.51501 
 146.23552  324.29337 
 436.78687  324.94064 
 465.62488  324.92136 
 619.49988  325.69791 
 279.35605  326.13983 
 390.85089  325.6572 
 155.15631  326.55603 
 497.26767  327.26196 
 303.53244  328.79547 
 416.19412  329.2226 
 445.79276  329.31198 
 163.20065  329.74561 
 290.18921  329.66116 
 329.9678  329.58609 
 371.91714  329.9436 
 399.13242  331.08078 
 527.8089  330.53131 
 509.25409  331.88388 
 168.35519  333.8349 
 359.89359  334.50287 
 330.94775  335.81049 
 382.07202  335.51047 
 429.4003  335.55637 
 152.89529  337.29166 
 313.58221  337.97983 
 519.71429  337.71521 
 160.66327  340.47763 
 175.68088  339.63715 
 634.79865  340.50342 
 251.1209  340.76443 
 440.31802  341.12579 
 679.02417  341.15277 
 139.45671  343.26141 
 694.86707  342.61343 
 345.64957  343.71988 
 461.21136  344.14206 
 204.73695  345.04135 
 335.04196  344.64462 
 355.24176  344.5712 
 688.40576  345.28455 
 260.30927  346.81055 
 386.52219  347.91714 
 435.6637  347.56604 
 471.62885  348.85306 
 517.63037  348.84781 
 171.98546  350.47101 
 641.65979  350.08783 
 445.28192  350.88443 
 149.28575  352.51144 
 420.85547  351.58624 
 652.09741  351.68011 
 440.24265  353.17682 
 138.81911  353.50616 
 242.24634  353.69852 
 271.45239  353.983 
 336.25278  354.15582 
 455.41357  353.73688 
 692.13416  354.4151 
 354.11026  355.32407 
 159.80479  356.30396 
 429.508  357.22363 
 517.17468  356.48859 
 315.11288  358.47162 
 664.078  357.6626 
 364.73703  358.82504 
 345.1366  359.97543 
 465.94479  362.97849 
 528.23175  359.92163 
 672.37799  360.01294 
 325.01816  360.63705 
 447.76602  361.22659 
 537.65961  360.82388 
 689.07819  361.47107 
 249.24394  362.39044 
 384.18237  361.85159 
 405.40207  362.19391 
 472.50406  362.36435 
 721.32635  363.19345 
 507.5914  364.8118 
 157.32971  365.83615 
 519.83289  366.32825 
 732.45758  366.47614 
 259.58081  367.21863 
 317.08762  367.19949 
 436.10248  366.5538 
 461.0242  366.53671 
 287.88409  368.95837 
 397.78503  368.72235 
 486.18875  369.11948 
 545.29907  368.75562 
 330.19754  370.55573 
 531.60071  371.03659 
 555.67291  370.44955 
 635.10394  371.35849 
 494.56302  371.97144 
 675.58936  371.95132 
 362.81418  373.31223 
 411.91064  373.45273 
 448.71674  373.39362 
 476.84674  372.8526 
 652.40991  374.86862 
 386.91956  374.62451 
 685.00995  375.45029 
 724.10736  375.0105 
 154.33658  376.43292 
 170.403  376.81912 
 297.95239  376.98904 
 351.66617  376.55469 
 457.27966  377.27328 
 524.56952  376.62943 
 734.22009  377.0994 
 164.43719  378.70911 
 425.4809  379.37296 
 547.03265  378.81711 
 234.9118  380.0683 
 317.56638  379.73917 
 562.23425  379.96655 
 345.80371  381.32162 
 434.83728  381.46649 
 486.34659  380.68945 
 593.1748  380.67026 
 619.96466  381.34619 
 661.20453  381.38681 
 676.46698  381.2547 
 769.54138  383.12405 
 385.20743  384.95062 
 331.97614  386.10764 
 358.15601  387.02896 
 407.95764  386.57269 
 532.20007  387.06183 
 279.77951  388.05246 
 291.79358  388.04623 
 474.3436  387.57657 
 580.3053  388.28726 
 681.92419  388.03787 
 723.07684  387.65378 
 421.1239  389.04575 
 623.31128  389.16 
 239.64798  390.23795 
 596.8454  390.21027 
 731.68555  390.96313 
 490.94943  391.18744 
 741.13257  390.83905 
 759.71948  391.09787 
 692.15283  393.397 
 659.18732  393.65424 
 730.39362  394.16217 
 549.13568  394.55933 
 451.54694  395.98148 
 705.26532  395.75882 
 389.25494  397.14966 
 561.84363  396.48239 
 609.10309  396.98572 
 414.05301  397.81134 
 618.35394  399.07562 
 462.71393  399.79453 
 514.78369  399.76764 
 394.31906  400.56485 
 402.1514  401.42307 
 565.97992  400.60721 
 493.0423  402.42664 
 751.99536  402.49747 
 206.86221  404.24203 
 236.51912  403.86386 
 384.689  403.84094 
 440.10999  403.57336 
 591.24762  403.53931 
 735.23596  404.18896 
 430.66162  405.37552 
 708.33569  404.68137 
 480.89648  405.53989 
 601.07788  405.75656 
 545.05054  406.80246 
 662.47339  406.7525 
 760.76617  407.0228 
 221.56715  407.92969 
 267.40259  407.02325 
 327.87955  408.42587 
 338.12869  408.40463 
 507.94894  407.92786 
 535.68427  408.29218 
 555.06219  407.59286 
 718.15576  408.07916 
 165.91399  408.5701 
 356.21509  410.6644 
 672.39233  410.68103 
 405.89178  411.87491 
 423.3945  411.75986 
 752.08978  412.01587 
 231.36511  413.4639 
 346.5542  413.11188 
 453.28693  412.9718 
 269.7738  414.83716 
 484.45844  414.6615 
 561.24945  414.81885 
 442.84683  415.75555 
 414.41336  416.40668 
 462.5083  417.14255 
 595.18945  418.43506 
 327.07095  419.42645 
 497.34448  419.49295 
 430.75714  420.05698 
 452.65265  420.32434 
 660.26392  419.6424 
 714.39868  420.35336 
 206.35152  420.59723 
 646.07446  421.00977 
 541.72626  421.7695 
 564.64758  422.75824 
 726.50525  423.21487 
 578.85992  424.43085 
 674.25696  424.26404 
 379.23514  425.26962 
 614.67981  424.81363 
 290.49008  425.62595 
 333.37888  426.27072 
 760.17438  426.07538 
 670.25177  427.23663 
 686.34564  427.49304 
 388.63892  427.71478 
 439.56079  428.66159 
 627.276  429.19879 
 651.22076  429.16107 
 423.53162  430.38461 
 590.50391  429.73984 
 203.43381  431.44214 
 488.71594  431.03372 
 507.28607  430.64404 
 370.47314  431.84534 
 397.05121  432.3493 
 456.33835  431.92612 
 477.49826  432.14407 
 168.98575  435.00327 
 379.67596  435.62155 
 406.67911  435.21408 
 431.31302  434.65768 
 191.53142  436.08817 
 316.77338  437.23901 
 336.53531  437.61505 
 462.87396  438.69363 
 655.2981  438.90454 
 664.78522  439.47208 
 416.10654  439.84137 
 455.18652  442.42953 
 297.28574  443.14923 
 306.41693  443.12335 
 688.69202  443.0556 
 432.80786  443.80267 
 471.65509  443.5965 
 522.29034  444.30688 
 698.88605  445.24023 
 172.86151  445.7431 
 531.74573  446.00095 
 371.84882  446.60236 
 440.99805  446.5152 
 493.37433  448.70154 
 361.36951  449.45844 
 382.06137  449.96262 
 544.38715  450.05695 
 335.65341  451.19318 
 422.42328  452.13431 
 560.50647  451.77713 
 198.00395  452.87625 
 375.29596  453.19003 
 234.13  455.41364 
 258.46756  455.36899 
 346.49606  455.49704 
 397.28656  454.55936 
 526.85181  455.09076 
 702.69336  454.96365 
 650.77948  456.93753 
 406.6987  457.73868 
 553.73645  458.20041 
 601.54858  458.522 
 685.79852  459.20404 
 436.98087  461.12024 
 448.61142  461.26669 
 516.48804  460.4921 
 563.61615  461.0936 
 664.4458  461.1033 
 415.35242  462.35989 
 500.03397  462.03641 
 633.89911  462.12292 
 360.29758  462.97729 
 539.70917  462.71225 
 694.00708  462.70065 
 572.08752  463.4863 
 248.82841  465.26251 
 266.52484  465.0759 
 523.56287  464.65469 
 333.83286  466.33719 
 508.26529  465.73434 
 675.42126  465.69662 
 343.82468  466.90875 
 483.77106  467.79468 
 369.84406  468.6568 
 649.20935  468.60287 
 257.46365  469.90305 
 493.50348  470.8884 
 657.57629  471.13239 
 379.32391  471.69772 
 456.04553  471.87592 
 529.02069  471.77203 
 539.12842  472.73999 
 544.11548  472.56046 
 419.24786  474.08112 
 608.19495  473.70609 
 400.76157  475.18176 
 445.05063  474.88153 
 553.77716  475.42758 
 590.51239  475.00668 
 694.97577  475.21045 
 717.19238  475.21609 
 218.39151  475.98331 
 301.10587  475.94904 
 348.59555  476.10519 
 467.06442  476.40613 
 390.61923  476.63046 
 728.29297  477.02762 
 504.39645  477.61218 
 599.3576  478.25699 
 616.04297  478.22742 
 676.21552  478.02554 
 332.2262  478.58948 
 342.83667  479.7955 
 656.99292  480.44839 
 355.05106  480.71674 
 376.33054  480.94467 
 430.75284  481.32092 
 685.60168  481.54279 
 578.96002  481.59387 
 312.60602  482.47342 
 99.460632  483.84979 
 365.59808  483.73383 
 482.50079  484.06589 
 713.04449  484.39377 
 491.30658  484.98471 
 559.87689  484.57013 
 585.81934  485.38776 
 402.04465  485.61487 
 472.80362  486.34775 
 554.0993  486.74469 
 301.25006  487.62494 
 571.08838  488.52118 
 633.17242  487.55902 
 454.60013  489.08759 
 644.37  489.05457 
 71.494484  490.21539 
 441.68158  490.39627 
 723.29071  489.98743 
 600.02307  491.29697 
 246.1093  491.72482 
 349.78305  492.29257 
 80.066338  492.93634 
 500.1853  492.89944 
 278.44305  494.28125 
 485.38434  493.50931 
 655.02826  494.0592 
 117.5648  494.96463 
 311.2244  494.9494 
 686.23962  494.50928 
 405.52951  495.90262 
 544.99683  495.86307 
 583.28394  496.2988 
 625.38165  496.49921 
 253.71768  496.81223 
 562.13104  496.90347 
 415.61374  497.76083 
 426.90561  497.8616 
 108.54321  499.2207 
 318.98669  499.21838 
 363.71912  499.33752 
 448.68903  499.49548 
 711.95056  499.13315 
 269.70206  499.56091 
 396.26544  499.95007 
 534.62292  500.1091 
 570.90729  500.78793 
 734.38281  500.76102 
 506.96396  502.23801 
 372.62646  502.86664 
 467.71313  503.26154 
 479.4119  502.44846 
 641.64215  503.25424 
 530.3952  504.10397 
 632.63983  504.34592 
 333.72067  505.29242 
 488.71725  506.49847 
 722.83942  506.12271 
 455.32935  507.2894 
 544.19891  507.07251 
 580.22638  507.33667 
 682.12317  506.8569 
 301.4657  507.90027 
 707.21906  508.41473 
 445.18564  508.42075 
 270.73712  510.92841 
 403.82864  511.85056 
 474.95441  512.26447 
 616.10254  512.28339 
 439.88309  513.2962 
 503.35266  513.50879 
 561.93414  515.1604 
 601.75464  514.89044 
 286.49194  515.95874 
 551.81152  515.53491 
 726.96643  517.49139 
 306.19574  517.84015 
 356.00748  517.85181 
 411.56744  517.89557 
 458.76968  518.28723 
 379.60715  518.67883 
 336.14688  519.84296 
 513.33295  520.11011 
 609.22437  519.50586 
 722.60358  519.789 
 316.60632  520.4375 
 445.7804  520.91071 
 368.98706  522.47589 
 544.06396  522.21838 
 396.27631  524.34143 
 709.67877  524.29211 
 432.94348  525.67407 
 467.92343  526.01642 
 346.64313  528.12177 
 440.41791  532.28656 
 541.33392  532.4845 
 425.59979  533.82294 
 576.44617  534.51453 
 718.59943  534.59509 
 446.49158  537.14001 
 479.04294  536.99066 
 738.54602  538.5636 
 432.17563  541.53027 
 523.71167  542.53107 
 387.93326  543.9386 
 501.3674  545.03369 
 449.80289  546.31287 
 404.54153  547.46735 
 561.24774  548.90442 
 484.24399  549.4856 
 551.88068  551.16583 
 454.39215  552.20593 
 491.99805  551.87115 
 573.6391  551.63464 
 436.91861  553.29358 
 464.50482  552.61493 
 717.02087  553.67523 
 396.66086  556.84277 
 726.48273  557.0741 
 529.63599  558.34778 
 470.00339  560.6947 
 540.93872  561.52539 
 381.16739  562.68005 
 428.03006  563.75598 
 478.55969  564.6651 
 708.09637  564.35535 
 717.61304  567.00867 
 514.95862  567.85175 
 553.80292  568.46191 
 439.83316  568.76459 
 399.06085  569.67224 
 418.9631  570.33771 
 458.297  570.15753 
 409.61893  571.62402 
 448.06165  572.24048 
 522.90723  573.63458 
 746.34601  574.11389 
 433.72763  574.86475 
 545.3233  574.96204 
 606.72711  576.3053 
 383.80875  576.64825 
 532.711  576.888 
 480.60806  577.66284 
 717.95398  578.22528 
 697.2475  579.19745 
 755.92188  578.74963 
 615.01239  579.78461 
 469.20819  580.64618 
 728.19623  580.56226 
 440.73679  582.41571 
 460.94092  581.74298 
 503.44046  582.06421 
 516.12097  582.36487 
 411.98251  584.57428 
 512.15167  586.22467 
 395.97281  588.17004 
 599.95697  587.69006 
 451.23343  588.72516 
 418.87674  589.98602 
 479.56454  589.67859 
 543.27374  589.67877 
 527.87018  591.4801 
 563.16022  590.51685 
 685.79218  591.41229 
 609.53564  593.32159 
 722.10217  593.38055 
 513.07202  595.42542 
 424.63132  596.02594 
 630.81396  596.72107 
 593.43073  597.63922 
 730.1051  597.93829 
 389.59619  598.73547 
 444.17523  600.06152 
 569.17365  600.29279 
 456.61319  601.73169 
 651.99158  601.71881 
 530.41327  603.90417 
 602.18048  603.98944 
 623.92944  604.99957 
 551.1333  605.69824 
 475.10504  608.38348 
 559.36951  609.13196 
 482.94284  613.14294 
 646.08929  613.10638 
 539.5033  613.99377 
 597.44464  614.39471 
 626.64636  614.75391 
 509.19931  615.54596 
 619.74707  616.25421 
 719.99744  615.55511 
 608.49994  617.99902 
 402.79532  619.19568 
 641.45679  619.08972 
 560.18225  620.40588 
 569.42224  620.48187 
 729.19092  621.55219 
 550.04828  624.02936 
 591.6441  624.56177 
 683.87476  624.96283 
 616.0791  627.0069 
 625.13507  627.97955 
 704.38672  629.11469 
 538.25726  629.56281 
 637.08264  630.67773 
 602.27264  633.96405 
 688.55536  635.04272 
 515.15436  637.85516 
 670.70935  637.79504 
 546.33826  639.86981 
 574.49487  639.97723 
 593.9798  641.04932 
 413.50912  134.87184 
 506.18271  140.44321 
 589.46149  154.89769 
 592.33307  180.21597 
 540.74921  189.05028 
 663.85999  197.40205 
 830.09583  238.61848 
 606.97784  270.64587 
 450.83359  284.60745 
 426.07687  324.9512 
 645.36908  365.14621 
 164.68781  368.05408 
 749.81616  377.50095 
 585.57977  395.69232 
 189.79356  416.00732 
 162.04379  428.04617 
 448.28741  431.68271 
 580.71967  464.82327 
 238.18175  498.47574 
 686.13519  510.27307 
 514.02197  550.86639 
 405.00049  561.00488 
 429.71173  602.10846 
 342.39685  85.795204 
 520.47955  85.119095 
 283.39426  87.320969 
 205.91116  90.991417 
 299.78946  89.304283 
 362.12637  90.304993 
 258.00589  91.774551 
 181.73073  97.882614 
 270.6915  97.771866 
 321.70807  98.484726 
 515.03851  98.620377 
 335.45621  101.83083 
 205.71574  106.16106 
 348.59454  106.47517 
 530.29016  105.99551 
 288.54105  108.37383 
 244.62332  109.09264 
 544.05505  111.42352 
 180.32721  114.57868 
 504.26132  114.65264 
 230.12344  116.93063 
 301.73511  117.38239 
 518.09082  118.69664 
 163.47879  120.76677 
 193.00075  120.4644 
 269.93741  120.00768 
 223.45511  121.47243 
 538.4892  125.44807 
 233.37395  128.0764 
 280.1384  127.64994 
 292.08289  130.51396 
 304.98373  132.13326 
 523.57172  133.13252 
 180.61052  136.42703 
 216.67291  136.72641 
 243.6779  135.32269 
 536.99066  134.72025 
 561.21692  135.9758 
 352.53983  137.19939 
 405.98129  137.78552 
 149.46046  140.71954 
 194.6185  139.42358 
 283.29514  140.26875 
 429.1315  139.81271 
 546.77783  140.86665 
 233.12376  141.29948 
 364.53937  143.42827 
 293.80264  145.58974 
 576.82831  144.98909 
 133.92763  147.76328 
 521.7243  147.85738 
 160.96535  149.75235 
 414.11301  150.75916 
 441.78516  151.68915 
 126.25572  157.19293 
 606.27087  154.37875 
 211.91235  156.64583 
 244.7182  155.53308 
 302.634  155.81226 
 220.49492  157.90076 
 540.16168  157.54129 
 185.61232  160.77351 
 285.12335  159.67004 
 527.39465  159.3325 
 636.21472  160.73071 
 143.32973  161.86548 
 198.23347  161.36693 
 172.84692  164.54269 
 272.66833  162.69835 
 232.78961  165.6703 
 254.65556  166.64581 
 427.19342  167.52357 
 156.53099  169.69304 
 363.76431  169.89212 
 390.95145  170.30579 
 542.60236  172.19691 
 614.25922  171.38139 
 458.83853  174.44403 
 554.58386  173.17807 
 568.8772  174.10672 
 604.35388  174.52814 
 131.86003  176.85213 
 167.46306  175.70276 
 520.16687  175.63327 
 374.04501  177.8316 
 533.23956  179.45636 
 221.55708  182.09784 
 641.06647  183.25153 
 236.05356  186.78596 
 255.1225  186.09123 
 356.78439  184.82132 
 386.06601  188.03522 
 653.64001  187.57835 
 272.38266  189.57858 
 558.54547  190.24677 
 419.84097  193.96552 
 520.23993  193.8353 
 299.952  196.26587 
 397.56619  198.60371 
 470.35251  197.00261 
 672.89551  198.632 
 251.40718  199.93102 
 433.84229  199.31226 
 686.1333  200.79575 
 344.36646  202.192 
 482.04254  201.53801 
 222.92668  204.0798 
 327.62653  203.22668 
 288.17087  206.17236 
 138.56116  208.56442 
 545.21564  210.88927 
 585.40314  211.66609 
 250.02393  213.61742 
 527.56592  215.00285 
 667.39716  216.2137 
 226.17995  217.65048 
 329.10825  217.36285 
 560.87372  217.28822 
 681.38397  218.99191 
 281.17426  220.70882 
 293.63181  219.9913 
 575.09735  222.76672 
 238.98451  223.7771 
 146.76315  225.00378 
 619.81976  225.40712 
 648.91064  225.23148 
 416.73911  228.61748 
 521.80243  227.31242 
 673.86017  228.34151 
 250.50665  230.78134 
 320.8194  230.93205 
 403.71982  229.64246 
 656.74225  232.56111 
 534.61737  233.4102 
 559.80347  234.70432 
 286.10678  236.10388 
 580.76971  236.5985 
 220.41862  238.43555 
 262.58487  237.40971 
 333.21274  238.07393 
 233.29637  239.49655 
 598.55219  239.23149 
 622.4696  240.02577 
 149.68005  242.77489 
 547.89801  242.55563 
 133.74803  243.87596 
 404.33392  242.97339 
 416.39508  244.18237 
 523.29956  246.65482 
 608.54926  246.35133 
 429.86325  248.02339 
 261.78  251.50832 
 290.07123  251.20453 
 494.33362  252.71236 
 642.31696  251.68494 
 682.73773  252.80019 
 165.28238  253.93112 
 224.19666  253.71159 
 571.57184  254.81764 
 398.42584  255.31099 
 196.46768  256.94058 
 280.01062  257.58563 
 442.92609  258.86005 
 506.40451  257.49673 
 529.67938  258.21603 
 591.57623  258.7218 
 478.47906  259.46844 
 653.51367  259.81213 
 143.94524  263.98669 
 254.72118  264.22992 
 267.99359  264.66888 
 421.53198  264.12704 
 130.71295  266.89905 
 320.73303  265.22168 
 559.80316  265.10324 
 172.94264  268.423 
 334.85797  267.59363 
 433.45154  270.9425 
 493.48901  270.73151 
 572.38629  269.12247 
 463.56424  272.02112 
 153.75214  273.44571 
 262.16025  273.94321 
 523.38  276.67804 
 138.22401  278.67511 
 276.02557  277.06659 
 325.78391  278.07083 
 426.332  278.58286 
 536.90015  277.79053 
 583.62445  279.01663 
 159.44971  281.69843 
 650.05182  281.06168 
 380.86945  283.47604 
 605.27393  284.69284 
 475.53781  285.45627 
 302.02951  289.42715 
 315.15421  290.23819 
 619.2569  292.08026 
 283.21756  295.88025 
 499.23212  294.49808 
 517.18958  296.90332 
 158.96408  297.31683 
 270.25256  297.76932 
 607.7403  297.82889 
 633.80225  300.08029 
 322.53491  302.14401 
 421.36395  303.66858 
 481.74551  303.86368 
 145.22577  305.80142 
 528.25732  305.05688 
 594.07581  305.64966 
 498.32892  307.47321 
 158.4122  312.50534 
 269.84286  311.77591 
 297.00571  316.40933 
 310.32632  318.33557 
 630.55029  318.24347 
 390.72943  320.52051 
 437.68896  319.80258 
 480.33481  320.52286 
 350.84601  321.978 
 618.69849  324.01907 
 155.48868  326.75201 
 277.21265  326.42093 
 465.75568  325.54257 
 496.41403  326.91394 
 366.69006  327.48947 
 413.94089  327.71234 
 446.54575  327.87958 
 530.56879  328.49634 
 398.12875  330.66852 
 292.12482  332.17508 
 510.15015  331.8009 
 383.45724  334.45477 
 427.60175  333.9437 
 478.15536  335.04953 
 177.12903  337.76624 
 248.18921  337.46991 
 314.29565  337.66815 
 678.13452  339.63211 
 140.11752  342.03638 
 406.66095  341.1037 
 461.29077  341.34595 
 636.54266  342.50458 
 692.48602  342.25534 
 204.02917  344.72687 
 259.6138  345.16974 
 438.66507  346.2525 
 344.78061  348.35114 
 472.35651  347.51846 
 654.01703  349.48532 
 149.57204  352.7305 
 172.16103  351.93591 
 240.46109  352.60739 
 381.35254  351.63879 
 417.46802  351.87778 
 515.26569  352.38098 
 270.40503  354.17111 
 397.7533  356.19763 
 452.49146  355.20398 
 671.32733  356.91135 
 363.74677  357.95847 
 427.73047  358.58151 
 537.52753  358.66995 
 381.71942  359.0899 
 687.65808  360.05453 
 322.88907  361.06628 
 244.15334  364.46237 
 506.40973  363.17017 
 286.34216  368.20944 
 397.73651  368.31464 
 519.42615  367.59555 
 556.49768  366.92105 
 722.16681  369.8132 
 256.62317  371.44095 
 330.505  372.02652 
 475.75342  372.30753 
 494.86768  371.48007 
 673.5827  372.75549 
 734.85034  372.44348 
 363.01926  373.51666 
 447.97971  373.86154 
 153.86259  376.58755 
 299.43109  377.07809 
 413.45529  375.40015 
 648.79144  376.13498 
 347.71295  378.32947 
 386.02979  378.03271 
 168.94852  380.5943 
 315.90732  379.71124 
 562.34509  380.17404 
 229.61613  382.08173 
 433.39319  382.18747 
 660.58398  381.48825 
 359.26096  387.57623 
 405.64938  387.37906 
 474.22849  388.28513 
 717.59686  387.02386 
 278.10706  390.12717 
 489.80258  390.89294 
 583.73096  389.37589 
 680.79028  390.0657 
 694.159  392.15668 
 729.83057  392.14084 
 743.99579  392.13599 
 451.0582  393.50183 
 548.19745  393.14108 
 611.04932  395.00034 
 515.03253  397.45923 
 563.03992  397.34995 
 236.18507  399.759 
 384.70001  402.08884 
 412.97018  401.8266 
 165.32932  405.02451 
 206.00223  403.33817 
 492.41205  403.43915 
 658.35486  403.98987 
 705.94611  404.69537 
 426.52805  405.92017 
 600.38727  405.36078 
 719.05817  406.60901 
 734.41003  406.4458 
 337.34424  408.17886 
 543.61194  409.10687 
 671.935  408.45358 
 686.15851  408.69287 
 758.01556  407.93823 
 218.52596  410.02789 
 268.20215  410.93448 
 441.08911  410.28842 
 358.02832  411.26892 
 324.13309  413.47836 
 562.71552  414.54782 
 231.53212  415.62912 
 347.62915  416.17874 
 413.42569  417.10513 
 481.09381  415.54776 
 453.47891  418.3244 
 497.6503  418.73279 
 206.44705  420.05292 
 466.15924  419.06537 
 541.04309  420.29443 
 593.26648  420.80624 
 644.40088  420.37183 
 658.47491  420.26373 
 713.46674  420.75995 
 389.49167  422.78015 
 333.80191  423.86542 
 577.60461  423.53812 
 614.0351  424.49203 
 726.3775  423.08835 
 292.86389  426.12735 
 671.9505  426.02954 
 365.88257  430.28668 
 480.35837  429.14255 
 685.83655  429.16049 
 189.2187  432.1106 
 396.16318  432.62973 
 406.68411  432.51279 
 378.92426  433.10159 
 649.62018  433.13748 
 337.53381  436.46286 
 174.28047  438.36603 
 554.62628  437.70248 
 317.73932  439.28583 
 415.9082  440.63486 
 663.27997  439.44516 
 305.52994  442.81207 
 455.98538  441.78342 
 533.92316  441.32291 
 292.6004  443.07309 
 470.48923  444.82489 
 687.83459  444.96191 
 699.4165  443.22141 
 428.72617  445.19092 
 361.79752  448.29132 
 334.91815  450.74823 
 543.59637  449.25702 
 197.01009  451.50287 
 490.77216  452.36026 
 518.56458  453.53497 
 259.13208  454.54987 
 347.99811  453.96216 
 380.59393  454.22888 
 704.29663  453.77872 
 650.33716  456.13751 
 601.43738  457.20792 
 663.98785  458.04709 
 404.59537  459.54764 
 416.16437  460.89362 
 512.44537  461.74496 
 693.68518  462.32001 
 268.6907  463.8356 
 328.64206  464.53946 
 675.46826  463.18356 
 342.17117  466.29184 
 369.19748  466.30728 
 480.40509  467.52551 
 539.83063  467.07019 
 244.90561  469.22177 
 492.6051  470.52362 
 257.84106  471.3866 
 451.97696  471.83731 
 297.39911  473.25497 
 416.09894  474.60269 
 466.60718  474.86716 
 587.92151  474.72855 
 730.30432  474.33948 
 218.32037  475.55927 
 389.00793  475.62003 
 552.42804  474.87546 
 697.35376  475.3732 
 331.92166  477.94421 
 505.53394  477.25772 
 598.64435  478.03439 
 616.82068  478.59738 
 674.43201  478.00641 
 311.26331  480.83643 
 430.5795  480.56137 
 401.16348  482.3905 
 685.42114  481.63083 
 363.8642  484.30542 
 481.5304  483.56662 
 455.24298  486.71591 
 632.33087  485.04834 
 664.71948  486.37833 
 295.75964  488.04666 
 470.15958  488.47781 
 645.10236  487.40271 
 345.14328  489.67209 
 557.42627  490.18994 
 602.62665  490.30264 
 499.14487  492.36798 
 723.35168  491.05493 
 687.22577  493.86124 
 279.50253  495.96552 
 308.53717  496.11282 
 404.07584  496.9621 
 416.58524  495.6795 
 654.96088  494.97504 
 708.83612  495.01761 
 431.36545  498.80246 
 736.06213  498.83298 
 107.9971  500.10327 
 508.25443  500.35257 
 531.62769  501.11267 
 569.6568  500.14328 
 627.28888  500.27811 
 373.27097  501.88602 
 469.16049  501.98315 
 360.06  503.61636 
 488.13968  504.31284 
 642.22778  503.11118 
 441.71884  506.51135 
 582.40576  505.23175 
 598.31146  510.63358 
 269.12015  512.2774 
 540.57129  511.78543 
 284.66287  514.98865 
 475.99402  513.99622 
 499.77002  513.58624 
 379.87042  515.25708 
 563.21527  516.7345 
 355.99075  517.3446 
 457.79581  517.59271 
 301.81906  519.25421 
 332.94827  520.08167 
 411.15854  519.77777 
 515.89453  519.51312 
 724.67706  519.74646 
 395.55371  523.13446 
 445.20099  521.12073 
 369.39496  524.3703 
 433.87384  526.11487 
 467.71921  525.76855 
 710.00104  526.51917 
 345.27194  529.52948 
 541.75317  532.21155 
 575.99835  534.40173 
 478.28815  537.71936 
 736.00775  538.98773 
 432.57062  540.43353 
 523.44708  542.16614 
 388.44971  544.12213 
 500.10187  546.12384 
 404.30493  547.52386 
 450.20023  548.76282 
 573.87152  550.59723 
 712.32019  550.33392 
 465.00226  551.3028 
 438.00055  554.36243 
 560.27789  553.54736 
 725.56354  557.13641 
 536.44354  560.35217 
 381.17841  563.19562 
 426.76852  563.5675 
 718.51965  565.2793 
 395.6582  567.39166 
 457.24881  568.14099 
 440.06204  569.27411 
 521.90924  572.86298 
 742.56818  573.71912 
 382.85046  576.91534 
 481.10876  576.03436 
 546.51868  574.97723 
 614.94324  577.95563 
 412.02899  581.96887 
 425.46823  582.73163 
 714.38727  581.04773 
 728.75464  582.0105 
 439.00873  583.51172 
 396.62109  586.60681 
 452.82965  585.72961 
 468.68491  586.13806 
 598.59326  586.48547 
 513.48364  588.9798 
 563.28271  588.00592 
 478.04129  590.38757 
 611.70343  593.92548 
 628.16364  598.48151 
 729.22882  597.1142 
 589.51056  599.09088 
 570.16364  601.54358 
 551.90363  603.28979 
 527.67267  605.83716 
 602.56219  605.40558 
 472.5813  607.09589 
 739.90295  607.77301 
 539.67944  612.21191 
 592.01172  611.91577 
 591.40265  182.45271 
 432.01532  602.17834 
 227.92732  117.47885 
 304.59039  117.14047 
 502.00583  117.16257 
 176.00592  120.45702 
 266.54645  120.57507 
 194.26932  124.30125 
 521.26343  126.41883 
 280.51852  127.80608 
 540.35492  133.07961 
 176.7576  133.11853 
 352.401  136.60675 
 150.41461  137.49179 
 194.09482  137.1705 
 241.74797  137.81001 
 404.94681  137.81329 
 234.26807  139.93576 
 577.05859  142.30734 
 278.25314  145.274 
 293.9931  146.64159 
 130.41699  149.45874 
 161.19739  150.83997 
 521.20923  152.76003 
 605.8515  152.72414 
 216.27068  154.43074 
 411.83145  154.06506 
 443.66739  153.90601 
 244.65042  154.93666 
 539.87701  157.19656 
 142.32953  160.05125 
 257.39258  164.89465 
 186.11537  165.29865 
 427.7728  165.11452 
 230.76976  167.63652 
 391.22577  169.44699 
 554.70557  173.10846 
 571.04089  174.82423 
 373.02228  176.7821 
 413.05704  176.42702 
 516.15143  176.78217 
 607.79059  175.21275 
 130.7894  179.71594 
 530.69775  181.74028 
 218.86165  184.47304 
 641.4068  183.62885 
 151.7047  187.67062 
 253.89059  187.67914 
 235.3795  189.60364 
 385.30548  189.30096 
 556.96613  192.62846 
 656.39429  192.23227 
 419.41559  194.11331 
 520.87708  193.57826 
 251.32524  195.61237 
 470.32022  197.50314 
 327.90799  199.47763 
 347.35544  200.65956 
 671.53333  199.73383 
 687.95032  200.04544 
 222.61053  204.58896 
 136.9666  208.47002 
 543.76685  207.97127 
 285.18631  211.11633 
 585.63531  210.05681 
 224.94487  211.74985 
 512.0542  214.77103 
 560.763  217.13472 
 663.9613  216.5376 
 330.24875  217.85092 
 239.45535  221.62415 
 576.51697  222.48265 
 676.84338  225.76337 
 616.25714  226.86444 
 251.53348  229.75755 
 403.30185  229.87021 
 515.69702  229.8645 
 535.33167  231.59448 
 319.96225  233.95708 
 264.2229  235.31686 
 215.99355  238.04778 
 286.35645  237.90005 
 552.94373  237.41064 
 581.89539  237.04614 
 152.14967  239.50485 
 231.7417  241.00417 
 334.94879  239.97714 
 626.21637  242.41133 
 432.45895  248.36438 
 608.13647  248.83914 
 677.74384  249.18852 
 166.67305  252.52744 
 244.08134  251.42465 
 224.93874  253.61594 
 574.34412  253.34323 
 263.61902  255.9312 
 281.78098  256.10001 
 406.54437  255.543 
 530.33319  258.65335 
 504.79544  259.42242 
 592.84204  259.19055 
 653.06122  260.03391 
 143.5513  263.9693 
 421.42221  263.62524 
 320.53506  265.33871 
 494.37805  268.81509 
 158.28708  270.47885 
 174.36542  270.3569 
 336.10855  269.55054 
 409.63467  271.64438 
 462.62726  272.3511 
 434.20627  274.67001 
 517.26599  275.49091 
 278.64178  278.56046 
 585.28015  279.74878 
 379.67905  285.14294 
 649.77081  283.09387 
 604.54102  285.01956 
 298.81372  287.16028 
 286.09369  291.16779 
 313.82178  292.362 
 499.47052  294.19772 
 517.73608  298.21127 
 616.4751  296.94205 
 633.57275  300.25504 
 159.27426  301.17572 
 325.11478  303.08563 
 480.73416  304.48618 
 143.60667  305.30734 
 499.55753  305.26825 
 269.9386  307.55054 
 160.27751  311.31061 
 291.21039  315.26382 
 311.66367  318.71188 
 464.62714  322.96619 
 480.3913  322.47528 
 618.21625  322.65845 
 348.91058  324.08627 
 366.43829  326.35831 
 496.28546  326.67859 
 412.10107  327.1489 
 514.50677  327.68054 
 393.4639  331.95013 
 427.5574  332.86584 
 245.89391  333.95413 
 294.25137  334.08359 
 317.99863  338.62015 
 408.07877  339.31781 
 694.94653  340.73459 
 636.68304  341.89816 
 202.25864  345.26138 
 258.51877  344.77618 
 277.63306  346.23718 
 437.10196  347.1033 
 654.72137  348.09137 
 342.33459  350.25174 
 417.53867  352.70749 
 173.43459  354.58966 
 272.25732  353.40042 
 381.34042  353.79199 
 516.54584  353.13828 
 362.6806  356.96268 
 452.65796  355.08759 
 671.28326  357.05374 
 537.47913  358.03516 
 398.26083  359.66925 
 506.38095  361.66537 
 688.28491  361.41898 
 239.79439  365.59235 
 464.15707  365.20541 
 315.4476  367.28085 
 721.35132  367.73087 
 256.38513  372.73346 
 416.76093  372.60223 
 477.74594  371.11026 
 523.2229  371.47626 
 736.80896  370.99066 
 330.19391  373.96909 
 298.57391  376.70334 
 365.21045  376.56226 
 153.23503  376.884 
 314.52472  377.63913 
 346.96555  377.59457 
 384.96191  379.88397 
 564.8139  380.34705 
 171.19463  382.04822 
 431.44827  384.5835 
 405.02182  385.93198 
 275.78424  388.48203 
 361.66968  388.98645 
 474.03467  388.96637 
 490.70483  390.94864 
 695.28107  391.37537 
 451.3425  393.31577 
 513.32562  394.7464 
 729.38251  393.60831 
 614.22937  395.23065 
 744.34479  395.31946 
 237.31422  398.63303 
 718.51935  406.4483 
 205.83868  402.13828 
 247.1907  402.41016 
 387.53168  401.11911 
 414.09323  401.93726 
 565.22882  401.86063 
 654.6972  401.92172 
 165.02306  403.72748 
 600.46667  405.44504 
 671.09491  406.75916 
 704.42346  405.28265 
 734.81323  406.21548 
 757.42615  407.52512 
 335.9328  416.05557 
 439.30249  410.63403 
 267.70541  411.96405 
 466.5325  418.89825 
 542.12561  416.95459 
 498.13037  419.08112 
 657.19934  419.5083 
 206.39391  421.99759 
 592.86121  423.069 
 726.7688  422.98322 
 478.75864  427.41754 
 672.72021  426.87912 
 686.90753  430.59497 
 362.0939  431.03445 
 409.55399  431.72287 
 558.79791  433.87637 
 379.56931  435.39914 
 646.3186  436.75244 
 455.224  440.41946 
 662.24677  440.86893 
 175.63733  441.9679 
 416.03317  442.42505 
 470.65253  445.69998 
 373.81839  447.88647 
 334.83588  450.52982 
 490.76715  453.50241 
 601.34564  455.95956 
 384.53842  457.21048 
 647.98926  457.51422 
 662.67688  459.56949 
 677.35486  462.15225 
 692.81189  461.98538 
 323.71225  463.20227 
 341.0303  464.9913 
 479.27649  465.29294 
 257.53943  467.72464 
 449.73196  470.09128 
 732.86908  472.02069 
 415.56171  474.16885 
 386.82309  476.52222 
 466.07236  476.46078 
 552.31097  475.25891 
 508.3887  477.69403 
 309.91174  480.35123 
 672.62158  479.33936 
 701.05127  478.92245 
 429.4328  482.75882 
 632.18176  482.89526 
 363.76862  484.80249 
 457.85266  483.61111 
 647.17151  485.79517 
 296.17474  488.43521 
 344.16873  487.30624 
 499.95871  491.90985 
 553.55927  492.41406 
 417.98825  494.43607 
 688.1911  493.91367 
 722.84241  493.72913 
 400.5614  497.75446 
 569.49982  497.53012 
 738.71606  499.95636 
 485.68701  502.7796 
 530.55792  501.19305 
 626.90674  501.2554 
 439.14587  503.48831 
 584.81366  504.08279 
 599.42511  510.48486 
 684.72998  510.36011 
 355.43317  514.32233 
 381.95572  514.80042 
 497.11703  515.38934 
 299.90524  519.99561 
 520.43219  519.67688 
 563.7854  520.72839 
 726.30328  520.75903 
 331.43866  521.05432 
 396.4198  522.54626 
 413.00412  521.81622 
 370.48941  526.48779 
 468.27609  526.76697 
 345.48892  532.44818 
 433.64874  532.68182 
 541.51831  531.23358 
 524.2276  541.55164 
 387.53693  544.42267 
 405.67346  549.28613 
 707.90021  551.28192 
 441.01959  556.81097 
 724.61584  557.65668 
 533.73315  562.789 
 425.12616  564.22211 
 457.80246  565.91278 
 381.50876  571.01532 
 548.633  575.70929 
 408.17007  581.9942 
 233.94388  180.26732 
 523.61652  187.78157 
 256.19702  193.11549 
 383.7066  191.89687 
 329.724  195.3669 
 228.31932  198.38708 
 548.8725  198.43062 
 283.72916  208.91841 
 675.53632  222.061 
 506.58969  228.73424 
 533.14392  229.92676 
 558.95856  239.12035 
 288.56107  241.89001 
 529.8382  250.78198 
 677.24927  251.03531 
 592.41028  255.15834 
 650.36475  257.46985 
 239.51404  261.76642 
 263.45996  262.08844 
 319.2225  263.53864 
 417.62299  263.73651 
 496.59933  263.49701 
 459.18066  274.05838 
 516.50055  275.70874 
 309.21109  296.93228 
 496.69696  294.80334 
 268.17853  304.96982 
 470.64139  308.39371 
 239.84615  323.68567 
 346.21127  324.50589 
 392.23056  329.93652 
 496.85519  327.07816 
 658.39526  340.01709 
 278.34103  345.76468 
 377.91904  353.47153 
 424.41943  355.05206 
 453.14755  355.86887 
 507.22717  354.87228 
 230.46138  360.66641 
 357.55206  358.60574 
 313.91293  366.91693 
 394.99338  368.74939 
 253.27669  373.34583 
 431.1268  380.74377 
 384.66806  381.83853 
 277.91501  387.36377 
 458.67029  389.17377 
 210.10185  396.04504 
 409.4075  394.39236 
 520.01111  398.64966 
 239.1002  405.20685 
 669.88763  403.97379 
 266.54694  412.79291 
 436.9808  413.60364 
 543.16492  414.15204 
 498.10468  417.56717 
 210.58064  422.88684 
 377.80338  439.22366 
 491.92523  443.75342 
 517.70099  452.9169 
 403.85001  465.38388 
 389.25449  475.74274 
 311.10477  483.04047 
 364.53485  484.78134 
 694.49939  485.37619 
 417.57904  491.95633 
 720.07324  492.13785 
 340.99155  497.42166 
 532.27057  495.80045 
 568.38354  496.73956 
 392.53055  498.01877 
 441.83139  501.51462 
 346.56308  508.3645 
 494.4696  517.3194 
 537.37628  169.50114 
 532.11871  236.76872 
 502.86649  293.21368 
 268.84293  305.37567 
 251.7722  373.64523 
 404.07172  398.96185 
 438.04321  408.92593 
