 225.25267  2.4438398 
 453.65994  1.7990417 
 260.84259  4.3969045 
 207.93446  6.2997389 
 231.20288  6.023665 
 266.96774  5.8090606 
 456.43115  7.7914839 
 221.82234  10.377576 
 242.217  10.723518 
 428.59607  11.878696 
 153.40039  12.933527 
 184.80092  13.545476 
 229.40977  14.358824 
 281.56171  13.861516 
 16.198109  14.66327 
 260.853  14.627177 
 427.64792  16.151268 
 296.92993  17.034029 
 180.42604  18.003895 
 255.2594  18.818798 
 450.42743  19.278095 
 279.116  20.67753 
 457.86926  20.956509 
 502.49405  26.310127 
 570.90985  26.283619 
 225.73106  28.670475 
 254.85158  29.008478 
 167.14058  29.728306 
 218.7401  29.66028 
 580.19128  29.950529 
 192.77524  31.496279 
 185.95514  31.95413 
 355.55832  31.793142 
 142.57645  33.009205 
 199.79735  34.584972 
 223.549  34.96138 
 283.67389  35.411045 
 486.78192  36.378231 
 213.58354  36.808083 
 188.44836  38.175816 
 353.82925  38.319012 
 248.43759  39.088375 
 220.23341  40.974087 
 360.82248  42.112553 
 193.06841  45.311977 
 198.78357  46.784637 
 206.34102  46.385994 
 252.98561  47.231895 
 286.24673  46.702538 
 341.62531  47.540939 
 182.59259  49.187431 
 243.60898  49.374046 
 397.72647  49.446358 
 214.04973  49.942406 
 257.80118  50.095955 
 280.2016  49.635159 
 347.11627  49.803211 
 188.32028  52.272652 
 285.83936  51.93943 
 228.11336  53.48003 
 293.74329  52.77647 
 403.42914  52.615429 
 206.80045  53.958416 
 220.34438  53.441532 
 234.21208  55.247993 
 339.03357  54.762901 
 277.74564  55.804489 
 399.04749  56.161835 
 240.23422  57.107994 
 225.93971  58.836254 
 285.18686  59.384113 
 254.50752  59.507019 
 269.69034  59.954109 
 348.50784  60.631035 
 372.35193  61.348022 
 145.25079  63.270893 
 339.48282  64.018196 
 165.56003  65.336533 
 415.17365  64.654434 
 151.34485  66.449219 
 285.09827  66.159592 
 171.80992  66.795166 
 346.12848  66.82045 
 154.45274  69.253479 
 202.80756  68.826111 
 267.6011  68.86631 
 354.91046  71.976547 
 162.02737  72.662422 
 187.51231  72.735176 
 229.69513  72.833893 
 170.60275  76.143005 
 236.39931  75.453888 
 267.42194  76.236168 
 351.93976  76.528969 
 179.79649  77.385307 
 199.83527  77.188866 
 274.30777  76.65242 
 362.53314  76.850403 
 224.57837  78.346275 
 385.43716  78.87056 
 158.55528  79.786217 
 146.28914  81.13797 
 390.49503  80.862236 
 211.9283  82.26651 
 230.32793  81.966431 
 371.71075  81.884399 
 95.165703  84.205528 
 172.81638  84.197845 
 81.03215  85.286964 
 168.49548  85.022003 
 200.65663  85.209091 
 219.29657  85.365189 
 359.45688  85.542931 
 379.95084  86.430389 
 119.80415  86.757233 
 144.02611  86.707504 
 151.64745  87.115967 
 266.21234  87.036255 
 207.72783  88.117462 
 241.57504  89.379028 
 360.72916  88.519409 
 70.02375  91.109261 
 220.22351  92.149895 
 123.23719  94.400948 
 141.67055  94.336525 
 377.10077  94.429123 
 149.79103  95.286186 
 195.16731  95.005241 
 374.17609  95.529137 
 130.09467  97.124519 
 155.77194  96.723289 
 199.88043  99.446098 
 383.25064  99.667107 
 186.41672  101.35983 
 117.59197  102.2153 
 85.253479  102.73937 
 394.00406  102.46856 
 355.6955  104.2512 
 174.81168  105.13795 
 127.55057  105.43841 
 203.202  106.31542 
 361.82965  105.60654 
 153.83908  107.98276 
 83.330856  108.83334 
 119.02176  109.48034 
 379.91953  108.84949 
 159.83592  110.98091 
 386.14059  111.88865 
 178.53392  112.72894 
 360.21255  113.68959 
 121.24282  115.5285 
 279.10452  115.70356 
 351.45496  115.76768 
 366.33408  117.06353 
 390.3071  116.65024 
 165.56467  118.62911 
 273.33923  117.82109 
 85.888016  118.72118 
 127.41779  118.42522 
 397.207  118.55028 
 284.36484  120.48797 
 77.847565  121.35614 
 219.81081  120.7057 
 264.17294  120.49639 
 97.250458  121.56461 
 350.1329  121.79553 
 116.03505  123.18262 
 83.483719  125.12295 
 208.83104  124.76198 
 365.65906  124.7167 
 129.97353  126.22821 
 436.34827  126.12164 
 267.98654  127.283 
 387.15698  126.98614 
 46.887859  127.61433 
 297.76392  128.43344 
 375.80453  128.03816 
 57.6707  130.07585 
 169.12823  129.50359 
 393.06778  129.54489 
 76.211662  130.73999 
 309.0787  130.64694 
 318.83344  131.02946 
 82.972427  133.9552 
 424.36166  133.75867 
 286.63428  135.12701 
 175.76149  135.90369 
 433.94199  135.98409 
 319.33563  137.14891 
 373.65353  137.42307 
 49.535976  138.39815 
 128.28995  138.03384 
 59.08004  139.18211 
 86.860924  138.71292 
 152.04135  139.07405 
 380.86264  138.67137 
 137.96736  140.08687 
 283.03201  139.95401 
 111.09643  141.48625 
 64.586098  143.28786 
 118.73092  143.57195 
 32.6409  144.38831 
 134.16577  145.22208 
 51.987644  146.05537 
 384.01752  145.71054 
 37.772949  147.46758 
 148.14268  147.10641 
 154.83308  147.07756 
 284.02689  147.47202 
 250.87914  148.33719 
 391.49277  147.56218 
 230.7397  149.06718 
 312.83292  150.47621 
 367.81299  149.96231 
 83.546707  151.31123 
 29.819584  151.62799 
 237.36539  152.34026 
 375.93539  152.38194 
 111.39792  152.53174 
 394.35748  152.55521 
 426.19205  153.95981 
 224.09869  155.30275 
 118.05585  156.22699 
 212.66042  155.90518 
 468.32977  156.78287 
 217.24068  159.14519 
 375.42236  159.27974 
 388.18576  160.07079 
 475.47186  159.5224 
 150.98203  161.55734 
 169.72281  161.92976 
 235.9182  162.12659 
 335.10165  161.82965 
 380.29062  161.9865 
 206.968  163.23813 
 221.17136  162.72531 
 280.63834  163.74744 
 250.49207  165.24089 
 109.60954  166.03589 
 274.81824  167.43762 
 315.75064  168.39758 
 331.55487  168.15106 
 490.50363  168.4796 
 171.81439  168.79054 
 204.13315  168.49539 
 289.79568  168.88763 
 321.77219  169.0334 
 336.8916  169.48212 
 360.54337  168.86446 
 115.8813  170.36748 
 468.69385  170.09456 
 496.22925  170.09303 
 393.65714  171.31421 
 106.8332  173.07077 
 327.22952  174.12169 
 165.07922  174.63043 
 179.66219  176.53903 
 116.00376  177.20316 
 193.81927  178.44473 
 488.84006  177.83969 
 120.42045  178.978 
 495.27042  179.08138 
 336.81882  179.84167 
 355.98099  179.84441 
 396.93726  180.83905 
 419.84024  181.10867 
 110.91972  182.20923 
 129.18086  182.40799 
 198.68144  182.90286 
 360.8555  183.27493 
 504.07288  184.09337 
 165.59456  185.35849 
 370.19083  186.22171 
 109.2554  186.64127 
 247.98256  187.15292 
 399.9548  187.16414 
 430.43146  186.93307 
 417.23306  188.38408 
 157.75156  190.88779 
 464.57138  190.58513 
 138.1703  191.83449 
 190.95834  192.24487 
 203.41093  192.32323 
 476.7905  192.36147 
 38.434166  193.06329 
 121.68795  193.29428 
 453.0882  192.62573 
 483.36365  192.61743 
 367.71429  194.18056 
 495.79315  196.03159 
 143.6945  197.04625 
 262.95416  196.89421 
 271.74722  196.78572 
 130.91956  197.95526 
 192.07927  198.00357 
 295.1803  199.27525 
 373.45975  200.16869 
 285.64081  200.95595 
 450.64612  201.28781 
 281.82352  201.84871 
 417.07956  202.30655 
 109.77162  202.91666 
 255.93172  202.64407 
 141.65468  204.05113 
 262.2207  204.4743 
 423.314  204.34784 
 116.58948  204.59087 
 290.38522  205.32468 
 437.98828  204.52617 
 148.40814  206.064 
 272.39154  206.62503 
 443.70816  206.94951 
 130.56744  207.54845 
 253.70369  208.29846 
 426.71387  209.43738 
 432.67078  209.35385 
 189.17355  210.10118 
 137.0289  211.16843 
 439.64899  211.50053 
 154.17218  211.78304 
 195.72989  212.39592 
 382.92657  211.60464 
 447.79727  211.82564 
 102.99169  213.26108 
 275.38995  212.40887 
 352.23578  212.60648 
 371.38419  212.69362 
 258.60471  214.23569 
 324.21127  215.12558 
 398.93622  215.48526 
 423.53122  214.77431 
 258.27829  215.36905 
 474.70203  216.30391 
 56.908894  217.15312 
 107.71011  216.96162 
 387.85428  216.82956 
 344.7251  218.5574 
 436.54181  218.39232 
 81.353981  219.27251 
 264.88333  218.50764 
 299.03284  219.45993 
 428.89297  218.91345 
 481.58075  218.84563 
 67.399185  219.65659 
 371.24258  220.50439 
 351.80499  220.74074 
 421.991  220.69388 
 442.9574  220.96272 
 273.10199  221.9635 
 326.41739  223.01021 
 136.69115  224.18846 
 143.80272  224.20897 
 473.14993  224.99255 
 191.70892  225.85948 
 268.53696  226.64511 
 66.968819  226.87192 
 204.41682  226.60793 
 301.64951  227.28174 
 277.19397  227.74309 
 410.94894  228.23381 
 30.130304  228.83026 
 189.27968  228.88158 
 315.35074  228.8905 
 325.90265  229.39203 
 357.52637  228.70792 
 440.19604  228.59061 
 338.61334  229.54289 
 369.78799  229.87915 
 363.13657  231.19531 
 427.78098  230.76758 
 265.06439  232.76213 
 45.16346  234.38345 
 140.28079  233.96907 
 375.21234  233.86465 
 35.092392  234.88107 
 306.04715  234.95813 
 333.33945  235.03714 
 446.78857  235.12035 
 339.95944  236.39948 
 421.40356  235.968 
 192.52356  237.52089 
 312.50272  236.89955 
 452.88208  237.2103 
 244.23184  239.91254 
 273.50443  240.25914 
 441.04614  240.90005 
 41.740063  241.63918 
 324.96655  242.31898 
 301.60883  242.6263 
 48.105007  243.65221 
 315.6207  243.58252 
 187.37973  244.49261 
 435.29568  246.3105 
 365.20868  246.57764 
 462.75201  250.10762 
 183.57457  251.03827 
 415.06531  252.44711 
 440.02277  251.92961 
 316.98706  252.51224 
 360.92865  252.68449 
 457.68027  254.16165 
 36.535381  255.36702 
 324.04517  255.16736 
 356.03311  257.36053 
 279.35333  257.7067 
 463.21307  257.85687 
 330.15717  259.25015 
 361.16846  260.27017 
 428.74481  259.89706 
 36.147106  262.32339 
 168.04108  261.65933 
 226.18376  263.9071 
 319.23959  265.02039 
 174.26624  266.51752 
 352.37994  268.15417 
 363.53412  268.10147 
 329.88708  268.61224 
 180.57005  270.42126 
 209.35507  271.10156 
 457.18399  271.61368 
 176.21274  273.02863 
 216.34467  273.15372 
 269.53299  272.78195 
 450.26102  272.48053 
 526.87421  273.03204 
 308.02408  274.85825 
 315.13077  274.76614 
 36.493813  275.76309 
 290.25446  277.05228 
 208.16852  278.24649 
 281.55646  278.16641 
 342.12827  278.31253 
 44.097748  279.07321 
 174.96635  279.08728 
 450.71063  278.97729 
 161.36937  279.94907 
 271.11404  280.36838 
 180.40063  281.17462 
 197.03169  280.57663 
 297.91776  280.76425 
 369.44574  281.48279 
 257.17926  281.84314 
 190.70757  282.9816 
 313.38327  284.35974 
 242.0015  285.15674 
 166.01695  286.34726 
 205.41925  285.66446 
 42.887764  287.53464 
 55.010784  286.81308 
 284.21481  286.45862 
 363.59048  286.8407 
 464.13336  288.60922 
 61.252415  290.2359 
 211.26385  290.46216 
 323.08151  290.21219 
 48.200024  290.65652 
 294.59341  290.62222 
 128.92039  291.71017 
 218.98618  293.1217 
 86.357742  294.16431 
 201.30998  293.76227 
 311.69073  294.13913 
 348.82202  295.42883 
 510.10056  294.5473 
 135.43768  296.10944 
 245.80429  296.50296 
 288.86844  296.85474 
 322.12134  297.17133 
 362.7511  296.56277 
 58.294315  298.74319 
 299.65186  299.22366 
 38.525322  299.83087 
 278.08859  300.49228 
 119.54802  301.34647 
 307.28076  301.30954 
 367.79776  301.08286 
 29.155813  301.7356 
 257.81219  301.89627 
 333.18793  302.11182 
 478.49048  302.94659 
 218.97214  303.78915 
 284.62097  303.82419 
 338.2392  303.98029 
 46.942894  305.43646 
 491.75519  305.548 
 192.38283  306.19168 
 227.2114  306.33621 
 183.92465  307.05072 
 299.09253  307.38928 
 323.99188  307.44208 
 371.08075  307.25531 
 378.9516  307.90805 
 511.75897  308.08566 
 540.17511  307.81909 
 127.5863  308.86267 
 497.36957  308.58487 
 329.84473  309.59528 
 134.72221  311.34375 
 352.66354  311.14005 
 552.21948  310.98972 
 363.35046  312.08401 
 475.63275  312.46884 
 45.369858  312.40619 
 311.18784  313.92148 
 508.77304  313.99478 
 50.704678  314.82632 
 255.63452  314.84836 
 334.18454  314.8205 
 196.22836  316.43182 
 396.11304  316.15811 
 340.80682  317.31613 
 373.7507  316.79572 
 465.27747  316.84503 
 39.30312  318.46045 
 302.60269  317.66028 
 326.12405  317.69971 
 361.74625  318.42923 
 499.8631  318.27405 
 176.91699  319.40948 
 411.60745  319.28629 
 543.93872  320.03305 
 572.80792  320.10199 
 166.41176  321.15665 
 215.74518  320.98392 
 308.36951  321.0249 
 367.93878  320.70981 
 377.84952  320.90012 
 553.51831  322.2301 
 387.06104  322.63712 
 494.67975  323.09799 
 41.740189  324.3959 
 185.89067  323.99246 
 288.85437  323.74936 
 400.46103  324.1131 
 454.71994  324.19272 
 567.15491  324.06119 
 208.8811  325.40182 
 281.47253  324.91168 
 342.70633  325.27118 
 488.77377  325.95795 
 500.33652  326.34293 
 363.75522  327.00409 
 333.88553  327.85867 
 244.3817  330.13071 
 286.05695  329.67542 
 506.7887  329.77197 
 324.52707  330.97644 
 417.0755  331.29138 
 454.98685  330.65503 
 551.56842  331.42923 
 275.77908  332.02313 
 575.95361  332.2894 
 545.11627  332.56012 
 558.31018  332.56732 
 338.28134  333.64325 
 494.33432  335.07602 
 242.52196  337.11438 
 516.31268  336.40564 
 400.37799  338.15005 
 527.62695  337.50449 
 549.01544  337.56754 
 422.99771  338.50671 
 441.9321  339.08249 
 248.36975  339.53287 
 304.47882  339.43793 
 341.47128  342.35019 
 253.6225  343.30933 
 259.63504  342.76688 
 292.67346  343.10254 
 358.59622  342.85083 
 405.1402  344.04846 
 533.02618  345.25748 
 571.23907  345.15204 
 85.563988  346.3385 
 112.54121  345.71179 
 329.44177  346.54907 
 138.68657  347.65186 
 353.17477  348.41394 
 386.24582  347.69159 
 435.91867  348.08676 
 491.95853  347.92801 
 540.13538  347.53351 
 577.17432  347.68811 
 202.69432  349.34778 
 244.92358  348.92084 
 295.96133  349.04825 
 380.02817  348.90176 
 49.85136  351.22482 
 217.18964  351.0704 
 392.18326  350.80084 
 498.64191  351.14145 
 210.18056  351.95245 
 569.18671  351.80847 
 107.8552  352.5535 
 265.13629  352.57138 
 289.72504  353.58051 
 303.7757  353.35126 
 402.40137  354.33612 
 382.22623  355.00018 
 141.04559  355.91394 
 270.97388  355.61316 
 295.77084  356.30786 
 397.31219  355.73672 
 312.12909  356.54095 
 73.039246  357.56189 
 487.5679  357.67218 
 319.13947  359.42761 
 343.07019  358.9256 
 535.25909  358.992 
 77.726845  360.20593 
 284.57068  359.75217 
 403.8067  360.43671 
 477.14352  359.47934 
 193.43993  361.01328 
 383.49023  361.41519 
 417.65353  362.44205 
 502.9715  361.78806 
 547.71234  361.93573 
 144.91568  362.63461 
 410.78043  363.02661 
 447.70093  363.12845 
 56.464085  363.23309 
 159.11525  364.23203 
 197.79572  365.30362 
 238.37741  364.64474 
 495.81796  365.44604 
 511.74973  365.49805 
 47.760441  366.60083 
 481.59915  365.72327 
 64.632141  366.72809 
 293.83514  367.15726 
 247.81194  367.63745 
 487.84702  367.89288 
 278.72269  369.0397 
 307.44989  370.30951 
 518.7561  370.23972 
 166.31389  371.11487 
 232.92752  370.95288 
 254.89569  370.92511 
 298.69205  370.75427 
 264.26669  372.0047 
 284.66254  372.45532 
 239.22371  374.09909 
 270.97232  374.19077 
 485.97495  374.63083 
 509.56854  374.58902 
 493.00177  375.53186 
 200.27702  376.35757 
 315.18753  376.92355 
 514.98022  376.56995 
 167.61472  379.30914 
 173.52525  379.48816 
 271.7121  380.26205 
 321.41562  379.79935 
 287.33264  380.70139 
 366.79251  380.97205 
 523.78619  382.06683 
 230.99393  383.25473 
 293.15262  383.14243 
 373.0495  382.52927 
 222.82903  386.34442 
 386.57712  386.26538 
 235.37309  387.02325 
 399.51398  387.20728 
 510.94897  387.36984 
 199.81238  387.62723 
 285.43103  388.18265 
 364.77185  388.22458 
 502.11356  388.23993 
 76.663788  389.06436 
 253.71143  389.67926 
 370.2467  390.08182 
 478.08664  390.30731 
 131.17381  390.6951 
 207.80667  391.44296 
 526.64636  390.65598 
 201.00119  392.87936 
 264.69104  393.28967 
 395.49533  393.40219 
 436.85373  392.98993 
 512.82977  394.32553 
 322.61163  394.61429 
 483.09113  395.24875 
 346.67978  396.37357 
 360.42661  396.4411 
 401.45135  396.02026 
 520.013  395.96289 
 124.54699  397.23425 
 221.79913  397.47339 
 494.74203  396.86496 
 79.562317  398.1127 
 269.99017  397.89706 
 137.3132  398.7175 
 417.7114  399.06079 
 200.36485  400.39664 
 353.21585  400.10333 
 502.98264  399.71768 
 206.96538  401.1355 
 334.13528  401.95709 
 481.15698  402.03897 
 129.44527  403.27795 
 231.93437  402.91257 
 372.96863  402.78738 
 486.94934  404.33322 
 307.74014  405.38107 
 340.24481  404.69296 
 429.68729  405.4986 
 237.46739  405.69559 
 388.37241  406.06433 
 394.53027  408.18466 
 443.18918  408.33374 
 519.95905  408.43228 
 540.91882  408.46066 
 257.00104  409.19247 
 274.55817  408.66214 
 93.44529  410.34186 
 249.41927  410.50671 
 350.87848  409.6106 
 426.98911  409.81805 
 435.06567  409.76038 
 171.24571  411.41388 
 195.73196  410.75873 
 316.92377  410.83987 
 449.45303  410.86905 
 505.1828  410.48148 
 205.01079  412.4328 
 283.33737  413.33664 
 218.53625  414.20761 
 235.98593  413.9649 
 323.23346  414.38242 
 386.53265  413.95563 
 486.297  414.11292 
 512.52777  413.87979 
 178.77408  414.9281 
 417.73648  414.72287 
 225.60809  415.71426 
 241.51512  416.10818 
 330.92038  416.43314 
 479.60458  415.91251 
 496.77707  415.7619 
 422.98157  417.02127 
 392.52902  417.97394 
 258.35822  418.90363 
 274.56592  419.2988 
 338.98184  419.07828 
 409.33932  418.67938 
 491.12299  418.62149 
 545.67078  419.8179 
 305.53027  421.39291 
 465.39749  421.73441 
 474.3576  421.28677 
 434.50406  423.20724 
 213.57652  424.16714 
 220.2789  423.70154 
 332.21011  424.87271 
 347.0766  425.10318 
 147.59294  425.52768 
 178.65808  426.5307 
 124.94279  427.17078 
 132.67926  427.04755 
 385.34256  426.83148 
 459.4686  427.104 
 513.42841  427.01016 
 111.8021  427.92944 
 261.82782  428.11633 
 403.88861  428.11722 
 544.33362  428.34253 
 138.4355  429.51352 
 224.4183  429.25034 
 269.47852  429.42688 
 378.81015  429.01828 
 184.11162  429.79443 
 279.80286  430.39001 
 301.10507  429.85675 
 254.13794  430.66708 
 399.11563  431.39655 
 410.14108  431.37186 
 554.36871  431.14554 
 538.22491  432.12277 
 327.21399  432.73114 
 189.09517  434.05545 
 232.21042  434.30368 
 317.80756  433.79294 
 473.17862  434.46637 
 465.10352  434.72507 
 197.48076  435.62216 
 510.00745  436.0592 
 305.32962  437.4498 
 372.11484  436.68552 
 389.07651  437.12747 
 437.08609  437.35947 
 298.6691  438.32907 
 168.28633  439.17664 
 336.1814  438.74661 
 211.33623  439.5936 
 322.65561  439.58545 
 443.96436  440.38303 
 139.75732  440.78036 
 261.43503  440.74496 
 324.57788  442.49741 
 350.60092  442.59912 
 393.15527  443.28427 
 401.81253  443.14557 
 449.58249  443.14191 
 292.97284  444.40817 
 338.5835  444.84329 
 438.30548  444.85452 
 154.92995  445.90076 
 414.95963  446.11624 
 516.38263  445.52936 
 172.59274  446.8418 
 266.38351  446.98886 
 215.5117  448.26031 
 238.8772  449.31516 
 297.7244  448.95786 
 228.01912  450.02289 
 304.61014  449.84079 
 399.40445  449.66418 
 253.74858  452.28729 
 534.89172  451.78058 
 284.94604  452.58011 
 325.66544  452.76712 
 317.68079  454.92984 
 231.9256  456.12726 
 332.05417  456.70572 
 356.24426  457.44354 
 372.8429  458.16525 
 382.87607  459.39963 
 341.47345  460.86969 
 280.98294  462.23514 
 292.10632  462.03394 
 542.08472  462.04358 
 415.40225  462.44055 
 297.33929  464.94009 
 328.19537  464.53262 
 237.3299  465.44257 
 333.50183  466.73019 
 285.69724  468.09735 
 349.66193  471.08591 
 299.98495  472.16913 
 260.53281  473.87708 
 401.75729  475.8772 
 361.13892  476.84579 
 414.26047  477.21936 
 290.66068  477.98068 
 339.45505  477.55817 
 314.18768  478.74545 
 544.48419  480.16626 
 306.62195  481.34988 
 326.24008  483.33688 
 551.20221  483.06683 
 320.43558  486.63873 
 261.26764  487.89322 
 280.54803  488.92807 
 313.99158  489.90405 
 537.05304  489.72989 
 326.33566  490.82928 
 543.44049  491.58328 
 257.05545  494.04874 
 308.97537  493.90402 
 264.332  496.30087 
 272.0448  496.24756 
 367.44308  497.31955 
 240.48473  499.15314 
 276.87314  498.93454 
 569.83002  498.66809 
 287.30341  500.50323 
 355.18604  500.85855 
 375.75278  500.55945 
 445.20654  500.95087 
 305.68173  501.9801 
 330.38022  501.32401 
 578.06592  501.73962 
 317.29654  502.75159 
 451.14297  502.90295 
 553.31348  503.33603 
 280.60693  504.66803 
 399.89987  504.17178 
 274.41562  504.47745 
 362.06265  504.90268 
 292.28342  505.93756 
 311.50339  505.60535 
 349.90009  507.08932 
 266.51291  509.10095 
 356.28787  508.97467 
 426.17899  510.44818 
 253.32031  510.8627 
 435.80811  511.29874 
 385.1434  512.31323 
 448.09195  512.37122 
 259.11389  513.26874 
 310.27722  513.47223 
 327.3559  512.68164 
 403.50079  513.18488 
 272.67038  513.89374 
 371.61945  514.513 
 549.74658  516.45465 
 291.16537  517.41132 
 466.09338  516.82928 
 445.41257  517.51294 
 357.42145  519.133 
 555.83179  518.76886 
 277.18848  519.96143 
 285.46469  521.12146 
 295.36627  521.44977 
 409.28287  522.03345 
 439.48282  524.35443 
 383.71344  525.49329 
 395.55673  525.05585 
 280.27173  526.43671 
 552.3219  525.55005 
 458.4032  527.64246 
 400.86838  529.31531 
 474.40399  529.50018 
 391.12448  531.54608 
 479.51959  533.22418 
 462.61496  534.13165 
 556.14514  534.31067 
 381.69635  535.6676 
 469.45966  534.70514 
 438.19989  536.67261 
 445.72937  539.04669 
 549.1178  538.95514 
 257.63794  539.96832 
 409.70288  540.25323 
 467.8916  541.39178 
 368.14331  541.71771 
 474.54657  541.97882 
 555.83624  542.39575 
 515.53033  544.44348 
 392.49963  545.11682 
 452.51862  547.17133 
 397.91766  548.63635 
 410.31915  549.49719 
 460.8241  548.61432 
 533.41199  548.93567 
 382.29044  549.61676 
 470.16653  549.69507 
 495.54449  550.08002 
 388.72272  551.29559 
 402.71826  553.91144 
 359.11514  558.18427 
 471.30841  558.10913 
 490.80026  558.15509 
 503.32745  557.68909 
 388.09106  559.00714 
 380.73828  560.51837 
 495.86929  560.02765 
 456.69757  561.21564 
 509.83224  560.78284 
 372.04407  562.00098 
 423.93008  563.57611 
 366.30389  564.8783 
 382.83307  567.6593 
 388.74417  569.79419 
 448.43478  570.09357 
 455.96365  571.31573 
 375.02853  571.67303 
 368.54041  574.1355 
 380.54276  574.27557 
 399.58395  573.64014 
 463.1571  574.83459 
 405.40445  575.93909 
 456.34851  576.10962 
 341.38394  576.79755 
 449.22205  582.63745 
 458.64816  584.81848 
 392.40533  586.94672 
 224.8708  2.7901602 
 266.78403  4.7668781 
 232.04521  6.0906634 
 208.612  6.953259 
 456.90869  7.4380779 
 469.01599  8.0787439 
 241.89978  9.9345865 
 221.26419  10.74365 
 420.63324  11.974036 
 229.39047  14.709281 
 428.28995  14.780696 
 486.42609  14.816552 
 289.40982  15.579438 
 297.30942  16.575569 
 181.25464  17.525673 
 254.50986  18.817148 
 449.45712  19.1327 
 279.1774  19.579571 
 458.7612  21.050323 
 437.98825  21.541056 
 500.84579  26.547733 
 571.42169  26.636423 
 255.59564  28.01298 
 217.53876  28.454861 
 167.29794  29.983841 
 579.47241  29.638908 
 192.86856  30.682312 
 356.61005  31.447918 
 445.97009  31.358303 
 239.75304  31.758219 
 457.22186  31.551683 
 142.69154  32.734699 
 185.64537  32.025227 
 199.86435  34.408531 
 223.87314  34.761189 
 283.81131  34.942215 
 486.83804  35.733768 
 213.81107  37.462688 
 367.89139  36.825932 
 157.5782  38.074524 
 188.50049  38.141594 
 352.9884  38.414421 
 248.14461  39.00539 
 343.28979  39.020802 
 145.84059  41.810772 
 219.82845  41.5802 
 360.71222  42.106079 
 257.74124  43.299603 
 193.43503  44.249992 
 206.34004  46.204506 
 323.94821  46.797165 
 279.31589  47.686916 
 396.00781  48.994041 
 181.06398  49.879089 
 213.15741  49.632965 
 285.94431  51.102894 
 120.47543  51.725082 
 144.75414  51.367897 
 242.07474  51.513863 
 293.86243  52.191711 
 220.35709  53.058994 
 188.02379  53.604256 
 207.15251  54.642803 
 338.84756  54.783588 
 234.03674  55.594257 
 277.39911  56.444088 
 400.40842  55.507004 
 226.20581  58.582939 
 240.99162  56.464954 
 254.20932  59.058582 
 269.78738  59.856018 
 424.67151  61.267494 
 112.64635  62.801285 
 180.76363  61.95755 
 372.5607  61.591152 
 144.68401  62.60276 
 209.58226  63.266666 
 164.65489  64.569946 
 415.50443  65.05304 
 110.37059  65.505341 
 172.09839  66.372276 
 153.99271  67.624504 
 203.16975  67.700829 
 345.96851  67.894089 
 267.44296  69.73204 
 163.32976  72.286789 
 187.67046  71.640839 
 229.47791  72.123566 
 354.73135  71.524223 
 236.89929  74.349701 
 151.89427  75.692039 
 274.65613  76.545471 
 169.83624  76.61924 
 199.38438  76.776512 
 362.15463  76.902107 
 179.00652  78.601257 
 222.95724  77.365646 
 208.67288  79.266068 
 160.07834  80.073547 
 371.39175  81.172081 
 212.44661  81.377861 
 230.07007  81.857506 
 95.50869  83.712914 
 347.98016  83.875549 
 81.35865  84.853653 
 143.53268  85.261406 
 170.48592  84.63916 
 189.43288  84.789253 
 219.36749  84.877617 
 199.61427  86.34137 
 267.00665  86.11467 
 151.71556  86.564285 
 359.9534  86.957481 
 207.52156  88.913589 
 240.78896  89.039558 
 134.48668  90.190773 
 70.470497  91.596451 
 96.720573  92.597954 
 121.7105  93.993248 
 194.32318  93.969795 
 142.33838  94.941742 
 375.28726  94.524185 
 165.89432  95.761795 
 129.72241  97.060829 
 148.77298  97.64109 
 156.13701  96.908997 
 200.81798  98.528709 
 383.0607  99.429298 
 76.632805  100.8269 
 186.18938  101.01432 
 118.63879  101.97588 
 164.18729  101.41961 
 85.303909  104.31828 
 353.69968  103.64749 
 175.29463  105.12585 
 362.27954  104.55005 
 127.47516  105.95345 
 203.97717  106.40783 
 152.97859  107.24152 
 191.89308  108.16074 
 109.27941  109.13434 
 379.56375  108.69511 
 159.60184  111.71018 
 386.21771  112.00468 
 178.75754  113.54211 
 366.8093  116.57629 
 127.27367  118.37488 
 272.92511  117.66714 
 108.518  118.85396 
 164.54393  119.47737 
 377.55637  118.58149 
 397.37939  118.74104 
 284.41907  120.48457 
 76.639679  120.68305 
 85.805038  120.99727 
 220.20285  120.37904 
 264.18723  120.88339 
 116.27228  123.49492 
 228.83026  124.20795 
 366.07584  125.63576 
 46.490761  125.87267 
 436.87613  126.07305 
 129.48082  127.26321 
 269.1842  127.06568 
 386.42361  127.12186 
 376.20325  127.97545 
 169.55087  128.44704 
 416.24789  129.45074 
 296.40717  129.86183 
 308.45694  130.42952 
 393.96591  129.92444 
 56.034195  130.86079 
 75.638809  131.01276 
 423.19437  134.03755 
 81.497543  134.92914 
 175.42955  135.07475 
 278.53796  134.82857 
 286.42709  134.75333 
 145.56598  136.1037 
 434.91193  136.28795 
 96.53347  136.87303 
 162.04987  137.42265 
 25.860985  138.4915 
 372.51721  137.54926 
 380.93945  138.10147 
 48.02095  139.13016 
 58.761356  138.76849 
 87.37291  138.76811 
 127.84749  138.87102 
 151.98874  139.84105 
 464.52921  139.71062 
 110.07503  140.53424 
 33.300884  141.96368 
 64.947456  143.0739 
 118.62884  142.95796 
 134.93617  144.66393 
 52.112602  145.80533 
 383.6134  146.11198 
 148.34546  146.43738 
 284.00909  146.85938 
 444.49295  146.60205 
 251.57483  148.23602 
 275.33209  147.79095 
 392.32736  148.4996 
 230.34969  148.52771 
 366.59042  150.62599 
 404.68246  150.32181 
 259.5477  150.78922 
 311.59674  151.07268 
 432.88925  151.28641 
 30.187336  152.17949 
 59.553467  151.50966 
 237.79381  152.6091 
 375.62155  152.1736 
 110.26386  153.65718 
 425.90912  154.51962 
 383.35431  154.76222 
 37.072025  155.93513 
 224.00548  156.49313 
 118.83066  157.093 
 468.26682  157.22249 
 169.93025  161.09068 
 475.28989  160.63945 
 136.51479  161.95383 
 150.89325  161.75711 
 221.98193  161.66309 
 335.30203  161.89534 
 249.66132  164.13507 
 396.99051  163.60767 
 108.9063  164.70749 
 206.43723  164.5784 
 32.639202  166.42345 
 275.82135  167.03822 
 374.23654  166.9552 
 361.90594  168.089 
 116.60043  169.22386 
 172.25261  168.79507 
 289.53497  169.40793 
 321.49301  168.69627 
 386.39325  168.34488 
 488.45645  168.90788 
 329.80396  170.87518 
 496.12219  169.79958 
 256.53708  170.82346 
 190.33012  171.29634 
 351.90906  173.48083 
 107.39742  173.74609 
 209.43591  173.88847 
 400.17538  174.22896 
 135.38939  174.63046 
 164.66876  175.77675 
 33.866894  176.2337 
 179.75282  176.39545 
 194.01746  177.92392 
 336.62421  180.24532 
 387.34863  179.73878 
 103.62399  181.3363 
 419.38422  181.37259 
 495.43378  181.72479 
 110.98131  183.57803 
 129.53333  182.50244 
 504.03735  184.60222 
 197.53773  185.55756 
 361.46008  184.70479 
 369.69247  184.17514 
 487.99261  185.31398 
 165.92163  185.73976 
 32.647255  187.48169 
 248.00188  187.14134 
 399.71729  186.63791 
 430.01685  186.82272 
 409.75122  190.10748 
 138.56688  191.15404 
 157.73605  190.59546 
 39.083725  192.26665 
 257.01819  191.58185 
 452.62109  192.21782 
 476.6156  192.05254 
 484.74185  191.69618 
 121.51912  193.08353 
 191.53145  194.91565 
 366.87338  195.39372 
 263.46191  196.27065 
 442.92017  195.96169 
 496.00842  195.76166 
 272.33905  197.34503 
 130.78581  197.57132 
 480.85651  198.96762 
 374.24411  199.62474 
 202.18625  201.16283 
 283.50894  201.34109 
 450.75259  201.58467 
 416.98651  202.06561 
 108.28588  202.77913 
 140.9657  203.71632 
 436.26013  203.8929 
 32.657555  205.24294 
 116.35471  204.5466 
 263.25244  205.18539 
 149.11658  206.45135 
 289.42923  206.48302 
 476.47604  206.44417 
 273.13495  207.67046 
 42.159359  207.73024 
 129.67839  207.97256 
 189.66269  209.13666 
 252.23038  209.59883 
 282.98584  210.48715 
 384.32477  210.33942 
 370.45139  210.63649 
 440.25821  210.69345 
 39.300228  211.48506 
 101.90378  212.09801 
 138.07175  212.31648 
 118.12151  212.94476 
 448.00232  212.63699 
 194.90717  214.61591 
 421.58344  213.87312 
 258.39719  215.12956 
 398.47891  214.83821 
 406.74609  215.66257 
 473.28329  215.84589 
 107.49627  216.75958 
 505.77725  216.74763 
 56.250088  217.47998 
 344.48981  217.95668 
 387.67654  217.75145 
 436.49344  218.37859 
 68.582642  219.33559 
 82.391541  219.28111 
 265.74356  218.6266 
 428.16534  218.95642 
 481.32776  219.28799 
 297.83459  220.03217 
 352.10629  220.84805 
 371.45016  220.73457 
 442.53683  221.44063 
 326.51419  222.3168 
 269.90057  223.59334 
 136.0114  225.06017 
 144.33781  224.55397 
 308.94595  224.88945 
 361.18613  225.16423 
 401.29523  225.05009 
 473.27283  225.36896 
 37.474709  226.02269 
 278.03543  226.16747 
 65.772797  227.37747 
 191.09848  226.68356 
 202.6006  226.83588 
 357.10449  228.27203 
 29.304508  228.61615 
 287.38983  229.24113 
 409.76205  228.61514 
 440.01089  229.37906 
 315.39957  229.93552 
 339.34006  230.39116 
 369.64456  230.04465 
 427.72125  230.55707 
 57.584015  232.52617 
 264.54645  232.37917 
 36.44767  233.53041 
 140.15755  233.72392 
 305.12137  234.21721 
 330.9567  234.34789 
 375.86679  234.14903 
 44.075439  234.52452 
 280.20026  235.80821 
 312.7485  236.29195 
 340.11542  235.40884 
 149.58971  236.60716 
 192.89134  236.94193 
 368.25299  236.57178 
 420.4516  236.54829 
 453.00742  237.24355 
 243.87607  240.31433 
 432.08936  239.59898 
 179.6194  241.3501 
 440.34296  241.28394 
 302.49298  242.38519 
 324.97565  242.31436 
 48.526985  243.19125 
 316.27859  243.66853 
 333.15051  244.36691 
 187.0932  245.22012 
 436.03131  245.60236 
 364.56879  247.71799 
 136.86826  248.65578 
 237.87733  249.12845 
 175.76466  249.56296 
 183.77539  250.71281 
 316.56  252.3273 
 323.50223  251.57106 
 361.2395  252.1601 
 415.03516  252.27376 
 440.53531  251.83981 
 145.53531  253.70265 
 456.3526  253.55708 
 344.12146  255.23143 
 368.44064  255.90089 
 190.08905  256.45456 
 234.98981  258.15326 
 278.90915  257.77979 
 463.47351  257.66864 
 330.04797  259.05072 
 219.94928  260.01538 
 360.66251  260.54797 
 429.01236  259.71228 
 36.646019  261.56064 
 168.40649  261.46445 
 368.49246  263.05121 
 318.9791  265.0285 
 143.72775  267.26141 
 173.15981  266.66165 
 48.788208  267.56534 
 167.69374  269.88092 
 329.18466  270.32257 
 179.75813  270.58386 
 208.21828  271.53378 
 225.2746  271.04184 
 457.39908  270.33826 
 450.27075  273.66684 
 28.18401  273.99478 
 216.47612  273.77277 
 307.82614  274.49332 
 315.82031  276.41754 
 36.571255  276.60995 
 250.56992  277.23666 
 290.3924  276.60794 
 450.5719  276.32263 
 153.28877  278.08008 
 343.3465  278.56772 
 44.104164  278.86859 
 174.1429  279.77469 
 271.89789  280.4021 
 298.35623  280.34653 
 162.07329  280.78571 
 196.9922  280.71106 
 205.02536  281.29221 
 233.99806  281.19037 
 370.08325  281.02002 
 257.56577  281.84821 
 353.78201  282.48679 
 55.252724  285.32843 
 165.71542  285.52988 
 242.46219  285.88956 
 284.16943  286.00369 
 197.83743  286.36771 
 363.31155  287.38229 
 42.11924  287.84753 
 182.57169  287.68405 
 464.35367  289.38531 
 61.500515  290.02759 
 293.71744  290.40359 
 48.4963  290.59308 
 128.04637  290.79004 
 503.59705  290.46991 
 517.37634  291.39206 
 210.4355  291.9411 
 86.584229  294.25916 
 201.21838  293.70398 
 218.9778  293.52539 
 311.94272  293.5687 
 511.0452  294.1102 
 135.49763  295.88959 
 289.21732  296.39157 
 245.96249  296.59396 
 321.29547  297.53046 
 361.7688  296.88766 
 57.976582  299.13062 
 386.34555  298.9133 
 276.83759  299.76627 
 479.56573  300.28629 
 37.995762  301.08798 
 306.83862  301.51254 
 331.97638  301.14841 
 28.822199  301.76157 
 119.33826  301.59805 
 202.11684  302.03149 
 257.3624  302.41809 
 514.83813  301.69141 
 218.05627  303.25577 
 284.11789  304.52783 
 47.038002  304.60446 
 490.9375  304.67319 
 183.759  306.06345 
 227.2571  306.25635 
 192.21347  307.36557 
 370.95166  306.81424 
 497.77481  307.08429 
 299.79886  307.81805 
 379.15213  307.38232 
 512.35815  307.72229 
 125.98154  309.13681 
 243.96559  308.64273 
 322.43488  308.87088 
 541.07739  309.16003 
 352.47708  310.84958 
 363.48425  312.04565 
 551.2135  311.94147 
 44.700962  312.61615 
 134.58907  313.2428 
 185.99591  313.06372 
 289.89389  312.89615 
 311.64221  313.09875 
 159.24062  314.82745 
 256.07669  314.84436 
 334.05334  314.83755 
 385.43723  314.65494 
 196.74338  316.09323 
 395.54388  316.0426 
 341.20831  317.1825 
 465.58978  316.60254 
 500.79962  317.26797 
 268.49356  318.52164 
 301.68933  318.22839 
 325.81335  318.08243 
 225.16798  318.81415 
 246.7054  319.36411 
 175.55283  319.62805 
 543.88275  319.5303 
 215.5952  321.56351 
 367.78784  321.06021 
 509.22177  320.22424 
 552.92126  321.42969 
 41.379971  321.6882 
 167.51048  321.58929 
 308.47717  321.87927 
 387.25122  322.89279 
 185.42497  324.40018 
 280.58401  324.09805 
 400.72836  323.81049 
 567.43463  323.73206 
 112.39526  324.71494 
 288.61212  325.14352 
 452.36633  324.98584 
 209.62138  325.81775 
 488.45975  325.29749 
 501.69073  325.57056 
 244.6068  329.04068 
 152.10143  331.53787 
 220.98503  330.59924 
 323.59207  330.78238 
 454.97287  331.43713 
 507.04767  330.63904 
 543.6593  330.53171 
 276.13229  332.05099 
 116.16523  333.47372 
 558.93884  333.03253 
 575.93713  333.2468 
 338.24445  333.93524 
 486.97482  335.09796 
 516.18488  335.90674 
 549.72906  336.25049 
 400.64368  338.28745 
 527.77997  337.75879 
 270.45676  338.85742 
 303.36551  338.71732 
 442.45001  339.08731 
 248.36783  339.41998 
 313.07788  341.90054 
 358.98428  341.78864 
 259.70157  343.3226 
 340.55267  343.55594 
 405.02621  342.90125 
 427.69104  343.71527 
 244.02104  344.63184 
 268.74164  344.23019 
 293.16522  344.46469 
 569.79095  344.05795 
 531.50787  345.27536 
 554.22369  345.28833 
 86.46241  346.20074 
 112.54542  345.52502 
 329.29816  346.59241 
 435.79367  346.84549 
 490.73874  347.05911 
 99.635338  347.7814 
 139.62143  348.01382 
 386.02472  347.60455 
 539.55853  348.37708 
 577.23224  347.75308 
 202.7955  349.26352 
 353.14438  348.6907 
 394.12308  349.10211 
 50.348946  350.49283 
 218.45897  351.19717 
 498.81558  350.98984 
 569.85907  352.04822 
 107.80399  353.44418 
 209.80814  352.88068 
 263.18124  352.49091 
 277.97293  352.36118 
 304.47882  353.44644 
 400.63086  354.57693 
 141.61154  355.10852 
 270.35373  356.21835 
 295.55069  356.03366 
 72.700562  356.86703 
 312.51526  357.07956 
 430.80762  357.53387 
 488.43729  358.34424 
 192.94469  359.32788 
 284.54282  359.38873 
 319.87891  359.34662 
 343.51617  358.76498 
 536.44708  359.41803 
 304.35043  359.60965 
 475.98245  360.01062 
 85.505035  360.89679 
 383.2576  361.14664 
 403.65851  361.31982 
 501.82516  361.86215 
 547.47388  362.09009 
 416.90683  362.93649 
 447.97433  363.33893 
 159.78827  364.32425 
 238.98633  364.54031 
 197.83191  365.05145 
 496.81592  365.50723 
 511.47482  365.38931 
 480.84085  366.56186 
 46.910305  367.25607 
 247.48851  366.90649 
 292.96637  367.02078 
 426.49234  367.17639 
 278.39462  369.05463 
 231.65584  370.42236 
 307.49002  370.26471 
 254.81036  370.64761 
 299.29736  370.65192 
 263.50845  372.9003 
 508.92148  371.98853 
 51.818588  372.91147 
 285.08875  372.65768 
 239.37161  373.65186 
 71.805267  374.46381 
 200.53363  374.95673 
 484.81995  375.27518 
 313.84851  376.34851 
 492.82578  376.30765 
 271.59244  376.97455 
 166.073  379.478 
 173.62422  379.68442 
 306.32047  379.25272 
 514.5011  378.9361 
 321.17419  380.2692 
 286.80688  380.75455 
 366.26172  380.93753 
 374.14047  382.47778 
 523.31708  381.73209 
 231.70822  383.27573 
 293.56216  383.22791 
 222.74405  385.74576 
 241.89825  385.77734 
 385.93741  385.95877 
 199.53769  386.96964 
 495.07632  387.54504 
 235.02362  388.47525 
 277.30786  387.96118 
 77.225655  389.07407 
 254.47737  390.28891 
 370.12872  390.34811 
 526.9165  390.3573 
 130.67451  390.98663 
 208.71504  391.14633 
 479.22662  391.09753 
 263.55511  393.28256 
 394.41733  393.11893 
 436.9054  393.09662 
 512.20306  394.31586 
 360.72086  395.54855 
 402.5903  395.82477 
 465.94269  396.49976 
 493.36005  396.07498 
 270.58444  397.56137 
 346.20081  396.85028 
 410.6568  397.70496 
 519.56891  397.08359 
 221.63005  397.58685 
 122.4031  399.12134 
 137.32892  399.43594 
 367.51202  398.77124 
 418.02182  399.26746 
 353.401  399.92664 
 502.91248  399.7536 
 198.51004  400.62708 
 206.80328  401.13638 
 332.40289  402.01938 
 480.17603  402.14496 
 129.51811  403.52829 
 230.37157  402.90909 
 340.39197  404.5975 
 372.18222  404.49072 
 487.05569  404.55365 
 238.32542  405.63727 
 307.32053  405.5817 
 386.63974  405.94296 
 274.29941  407.81076 
 443.02524  407.577 
 520.52777  408.23441 
 210.55174  408.92682 
 296.77188  408.58087 
 394.10449  408.40445 
 427.43988  408.53693 
 540.95532  408.4715 
 94.250465  409.7146 
 169.28481  409.82208 
 248.67326  410.15613 
 316.87292  409.88495 
 350.02859  410.4379 
 549.79236  410.43234 
 196.11522  411.4375 
 435.07089  411.05466 
 449.8884  410.81314 
 504.12384  410.83997 
 205.22725  412.67249 
 486.56329  413.0993 
 217.45923  414.11417 
 235.70273  413.7756 
 284.22598  414.00256 
 416.94992  414.34241 
 512.45056  414.19748 
 178.49666  415.2211 
 225.92786  416.07697 
 330.61661  416.33493 
 400.51236  415.69232 
 423.07431  417.46118 
 258.43604  418.31152 
 393.85541  418.09109 
 493.78345  417.78458 
 168.64479  419.38101 
 338.34222  418.35205 
 273.97815  420.31201 
 409.78769  419.70248 
 465.60718  419.87033 
 305.55661  421.19736 
 475.16687  420.8338 
 546.1723  420.9129 
 293.69321  422.33383 
 221.23575  422.47476 
 435.5289  422.66537 
 212.35756  424.12921 
 332.97324  424.76248 
 346.47745  424.43738 
 147.50285  425.76724 
 177.62581  426.22433 
 513.41376  425.91464 
 261.74637  427.38687 
 386.14761  427.04919 
 421.04477  427.02658 
 458.93564  427.02414 
 125.33842  428.01776 
 402.39432  427.94858 
 111.77217  428.61987 
 270.43362  429.14276 
 184.00745  430.25067 
 224.36702  430.15579 
 280.53186  429.43661 
 300.52176  430.10818 
 377.77533  429.75961 
 139.64507  430.62817 
 253.77206  430.80731 
 409.90079  431.33578 
 537.19513  430.70004 
 555.60321  431.48392 
 327.86551  432.8226 
 352.16519  432.9075 
 231.96127  433.90421 
 317.34521  433.65155 
 473.3161  433.38654 
 372.93256  435.11206 
 465.29034  434.52402 
 196.93958  435.79565 
 417.56421  436.61795 
 509.85657  436.47885 
 546.71667  436.53625 
 305.7803  437.23853 
 336.43924  437.01321 
 386.76007  437.00198 
 297.6282  438.02484 
 437.09543  438.03857 
 168.25526  438.67899 
 211.24869  439.54849 
 140.28786  440.95615 
 260.40021  441.35876 
 323.77536  441.78177 
 421.14685  441.34442 
 450.15747  441.94293 
 235.58224  442.81708 
 349.78464  442.90729 
 286.07312  443.65839 
 291.89267  443.70926 
 401.621  443.82788 
 437.78754  444.37909 
 393.00507  444.49887 
 516.47095  444.85861 
 154.65408  445.80084 
 310.56967  446.67111 
 172.26456  446.9249 
 266.64944  446.9549 
 216.36566  447.36273 
 444.21744  447.85025 
 199.28387  448.65894 
 238.19241  448.63809 
 297.46124  449.21774 
 306.13376  449.15829 
 357.8783  448.92422 
 228.03165  450.2489 
 535.22247  452.42932 
 252.8466  452.99969 
 285.68991  453.62543 
 208.4303  455.65308 
 230.71301  454.63702 
 317.55746  454.5112 
 383.36728  460.0162 
 292.29446  460.76822 
 279.80811  461.80841 
 415.21457  461.77737 
 542.92877  462.15637 
 327.73184  464.323 
 297.79358  464.73776 
 285.22528  468.58112 
 367.68484  469.78165 
 245.16339  470.80182 
 300.55008  472.36401 
 347.9697  471.7435 
 260.37424  474.08554 
 401.62961  475.1763 
 332.17764  475.9252 
 360.89471  477.02881 
 412.98041  477.28268 
 339.17316  478.04922 
 394.17722  477.97818 
 289.38156  478.9581 
 305.49625  478.89377 
 314.50281  478.79114 
 543.29181  479.6633 
 551.20831  482.77484 
 372.85617  483.79861 
 319.59467  485.89899 
 383.67264  486.58691 
 260.92584  487.04507 
 238.4984  488.66882 
 281.13837  488.83517 
 535.52435  489.22958 
 326.76031  490.61887 
 395.62738  492.43985 
 543.41467  491.51877 
 291.87872  492.77478 
 359.84222  493.04269 
 255.49809  494.34885 
 308.84158  494.31207 
 272.82263  494.6712 
 264.27155  496.49722 
 299.3288  497.2876 
 367.31094  497.69263 
 569.97443  498.40454 
 386.59052  498.58209 
 240.83815  500.46341 
 286.30737  499.45187 
 443.67917  500.4588 
 305.86722  500.86707 
 375.94766  500.74896 
 544.55334  501.21805 
 329.49579  501.76196 
 578.41394  502.09195 
 450.78595  503.15253 
 318.2998  503.9534 
 553.51923  503.83661 
 272.52393  504.98914 
 361.61414  505.15173 
 280.29614  505.55222 
 292.6684  505.98544 
 311.18546  505.67456 
 349.55136  506.45837 
 266.52219  508.78049 
 357.20081  509.31552 
 436.78363  510.65805 
 252.25429  511.56583 
 302.27069  512.32129 
 385.57892  512.32965 
 272.6908  513.14056 
 327.7785  512.65723 
 514.78375  513.31665 
 371.73715  514.47717 
 403.80106  513.66742 
 445.74542  515.67487 
 548.87292  516.16595 
 291.04742  517.06195 
 358.03552  518.40076 
 465.58777  517.90863 
 277.80005  518.96747 
 432.01868  519.59393 
 555.7583  519.85107 
 246.27943  520.91376 
 284.71225  522.66211 
 295.60645  521.92639 
 409.25467  522.22827 
 374.32587  525.59161 
 439.4671  525.08862 
 281.28241  526.30664 
 458.90356  527.15741 
 393.07162  527.68573 
 447.01831  527.92755 
 324.23758  530.11786 
 400.67261  530.29688 
 373.21439  533.17926 
 330.78967  534.14197 
 479.83752  533.79895 
 382.07431  535.30652 
 461.82388  535.23907 
 354.82977  536.25848 
 436.23932  535.88452 
 455.3627  537.09723 
 547.96021  537.50439 
 445.58099  539.04956 
 257.8848  540.06097 
 401.60974  540.4693 
 409.59732  540.55914 
 475.0679  541.28174 
 555.84393  542.35547 
 392.30042  544.82507 
 430.07434  544.85168 
 514.61261  545.44757 
 452.48801  547.01141 
 460.85571  548.45087 
 381.68295  549.46368 
 533.39532  549.27222 
 410.82886  550.08673 
 471.03766  550.18958 
 388.70703  551.32861 
 495.04129  551.30719 
 440.26248  553.35223 
 360.71661  557.68793 
 503.03333  557.55444 
 388.63739  559.10065 
 510.20593  560.98273 
 371.89935  562.22906 
 456.48865  561.74017 
 423.77106  562.8833 
 446.08038  562.70526 
 360.36667  570.73071 
 448.35895  570.81 
 374.98575  571.71008 
 455.53494  573.04675 
 368.53418  575.22028 
 397.54739  574.70349 
 463.67059  574.82599 
 406.03543  576.33997 
 455.68613  575.43695 
 341.7301  577.47894 
 449.31519  582.78546 
 495.49475  584.78912 
 458.01294  585.39777 
 382.54883  585.89447 
 392.23117  587.03967 
 209.19432  7.8213959 
 456.49219  10.189598 
 419.60046  12.071401 
 485.52957  15.700639 
 181.21843  16.478666 
 279.39288  17.724264 
 216.56024  27.790869 
 256.68988  28.268654 
 142.08737  32.107174 
 446.01636  31.694855 
 457.16946  33.390938 
 248.01553  38.362228 
 360.71945  42.109013 
 257.97083  43.678772 
 206.83952  45.310669 
 278.44244  45.541893 
 177.06346  49.67218 
 285.79016  50.5009 
 294.81268  52.066235 
 121.21637  48.579189 
 219.985  52.744373 
 242.4129  52.741131 
 401.3588  54.292076 
 252.46391  57.176796 
 144.4718  62.854969 
 111.82328  63.819576 
 154.82613  66.393456 
 267.11548  70.913589 
 354.5571  71.888054 
 237.86348  73.678566 
 151.92549  75.741409 
 221.25594  76.531342 
 161.16353  80.109787 
 229.76154  81.600639 
 151.93034  86.611244 
 359.50122  87.104683 
 206.78273  90.790001 
 70.554909  91.726974 
 383.13705  99.124069 
 75.49157  100.9623 
 118.14265  102.44469 
 175.44536  104.44934 
 362.32822  104.27853 
 59.14967  106.19594 
 84.643288  105.57158 
 151.70125  106.67598 
 110.21233  107.72755 
 159.67984  112.0111 
 118.526  112.93434 
 179.09976  114.40142 
 75.197151  119.90109 
 163.15436  121.17233 
 46.482563  123.94833 
 229.22667  124.25629 
 56.076214  130.47122 
 25.994926  137.33528 
 381.11017  137.29639 
 77.002342  139.86432 
 161.96489  137.85667 
 371.58829  137.51843 
 463.7886  139.05977 
 39.756397  139.90807 
 118.27164  142.91226 
 135.67413  144.22322 
 444.47073  146.82637 
 392.95477  149.24406 
 365.74716  150.4794 
 30.647964  152.19414 
 60.270866  151.50464 
 155.1494  152.00645 
 238.00119  152.73091 
 223.52101  158.09576 
 476.74362  160.81548 
 231.54913  162.2556 
 396.6203  162.71335 
 205.87431  164.74345 
 276.73007  166.65961 
 374.2468  167.1839 
 117.6088  167.70158 
 258.30301  169.0984 
 189.50175  169.86511 
 495.8085  169.73228 
 287.9581  170.68695 
 329.96173  171.91653 
 164.20338  176.33981 
 419.38464  181.29005 
 369.46991  184.01884 
 111.24631  184.63817 
 197.91823  185.94247 
 399.1243  185.80275 
 120.85532  191.95665 
 452.03525  191.65773 
 443.09393  195.76208 
 130.48308  197.4373 
 481.4697  198.41817 
 107.07465  202.86339 
 116.19453  204.4982 
 435.10245  203.97894 
 273.44888  208.56241 
 387.86673  207.02516 
 369.08762  210.2101 
 250.23645  211.69188 
 139.03136  213.33415 
 118.34971  214.14716 
 196.00259  213.84926 
 471.96667  215.27632 
 107.43701  216.58133 
 257.89301  216.53464 
 83.629913  219.45613 
 426.21591  219.56044 
 352.57028  219.96407 
 268.88696  221.00372 
 371.80609  220.57248 
 135.424  224.95767 
 476.67801  223.70047 
 190.92793  226.42307 
 278.12128  225.64252 
 25.758183  228.24809 
 287.65808  229.92812 
 32.867672  236.2081 
 43.496075  235.70995 
 280.5759  236.52115 
 368.04059  236.09183 
 193.42026  237.03378 
 439.17761  242.17796 
 333.08487  244.14658 
 185.97878  247.13924 
 135.88701  248.29718 
 168.99304  269.91043 
 28.016657  273.23584 
 179.40356  270.85211 
 216.47052  274.42676 
 250.52386  275.55426 
 290.65717  275.82339 
 450.35037  275.86395 
 316.11926  277.16281 
 298.55533  279.91888 
 371.91232  280.47 
 205.67845  281.17862 
 54.564159  283.14273 
 354.18234  282.54538 
 197.42972  284.39655 
 243.09853  286.09793 
 326.49222  287.28577 
 182.78786  288.29883 
 502.95822  290.14355 
 311.99945  292.19846 
 86.719574  294.42755 
 136.19867  295.03366 
 321.26416  297.36145 
 387.52878  299.39243 
 275.71823  299.83698 
 37.886108  301.07339 
 119.45038  301.82822 
 202.09721  302.25342 
 255.84998  303.50504 
 227.06752  305.97672 
 191.81932  308.06772 
 124.06642  309.82782 
 541.42078  309.68045 
 289.85373  312.72046 
 158.97455  314.62546 
 394.82147  314.88354 
 500.1463  317.30441 
 325.42859  318.22867 
 300.00681  319.4642 
 480.2984  320.00427 
 508.75034  320.4043 
 553.40198  317.9519 
 41.74321  321.8779 
 169.5276  322.50751 
 400.94897  324.42108 
 111.19872  324.9173 
 184.92986  324.69101 
 197.40581  329.9238 
 221.04944  330.95181 
 506.23792  332.65762 
 337.45096  334.08475 
 559.91595  333.60028 
 550.12427  334.87561 
 443.48038  337.60147 
 402.24557  339.9827 
 359.68558  340.94122 
 313.02426  342.13763 
 339.54382  344.42709 
 244.08725  344.68024 
 554.94031  345.18002 
 530.26007  345.6745 
 435.4017  346.57028 
 395.23462  348.17459 
 50.878365  348.54922 
 331.11487  355.28235 
 269.9953  356.78461 
 285.34888  359.64786 
 304.50867  359.31927 
 536.9223  359.66901 
 547.41071  362.07666 
 415.39011  363.22253 
 479.9567  370.59149 
 230.08539  369.70526 
 302.74286  369.98801 
 239.452  373.14166 
 263.30466  372.76224 
 200.84073  374.59369 
 492.68933  376.59567 
 271.86279  377.47919 
 164.48651  379.99771 
 513.9729  379.59335 
 320.69254  381.16449 
 374.80469  382.22736 
 239.47067  390.32919 
 210.61136  390.75497 
 437.04218  393.03598 
 290.20258  396.06723 
 519.50616  397.50253 
 503.16165  399.4097 
 196.47871  400.22345 
 120.01852  402.63486 
 229.81326  402.6814 
 129.63893  404.33823 
 306.63953  406.07217 
 273.77936  408.08545 
 393.73981  408.39697 
 426.80515  407.81332 
 521.36932  408.42789 
 167.34857  408.60486 
 316.83511  409.1915 
 247.92314  409.86197 
 503.76535  410.78802 
 196.23016  411.56213 
 258.65076  417.22501 
 494.03122  417.6701 
 465.56204  418.58804 
 305.58621  420.4418 
 476.27667  420.21008 
 436.11957  422.75031 
 345.90634  424.13864 
 485.28122  425.28979 
 513.74286  425.54276 
 176.61127  426.68799 
 401.78287  427.24802 
 261.38901  427.46628 
 421.04993  428.00943 
 271.13745  428.45804 
 281.6853  428.96179 
 535.98645  429.24646 
 111.65093  431.1225 
 353.00262  432.46576 
 473.7449  433.25168 
 336.27426  436.26096 
 384.90573  437.74872 
 140.29147  441.30521 
 402.73187  444.69055 
 153.78073  445.36044 
 308.67313  447.40778 
 168.94188  448.85419 
 359.22125  449.04791 
 286.306  454.57504 
 317.37134  454.11972 
 207.80685  456.92923 
 285.44586  468.46097 
 347.43518  472.07919 
 259.74957  474.33493 
 412.50464  477.10184 
 314.42596  478.53964 
 281.25104  488.85022 
 254.83958  494.31003 
 328.61023  501.50897 
 279.758  506.24307 
 437.12833  510.57562 
 430.25851  520.16486 
 556.07214  520.13043 
 246.51624  520.61664 
 409.7626  522.49384 
 283.55612  524.48175 
 439.27197  525.71191 
 393.05042  527.03003 
 323.47482  529.89874 
 434.70706  535.30579 
 544.77673  535.30145 
 445.17639  538.97931 
 514.37091  545.48535 
 471.99319  551.67938 
 447.97589  570.84308 
 464.01532  575.16895 
 341.82822  577.75891 
 449.75739  581.15326 
 458.31119  585.52496 
 392.3461  587.30981 
 471.47668  10.590166 
 428.35553  13.434175 
 446.32141  17.801792 
 460.47922  19.494995 
 497.85339  25.913244 
 175.38104  31.742397 
 236.86618  32.762852 
 126.67891  46.503304 
 143.26474  46.17907 
 187.08081  56.279171 
 175.88573  64.846725 
 205.19368  65.656662 
 277.44644  66.661461 
 402.09515  67.224838 
 121.37371  69.400108 
 187.19482  70.578674 
 211.15459  78.012154 
 175.11613  82.243423 
 140.7726  82.521317 
 194.87354  88.768074 
 371.98151  93.945572 
 95.889259  95.109947 
 217.37105  94.918129 
 166.48006  96.592346 
 349.92383  101.45284 
 168.94334  114.70753 
 377.85922  117.70867 
 85.7724  121.88284 
 386.50974  122.99796 
 411.90311  125.64479 
 34.206177  128.43333 
 365.15826  128.66472 
 272.82578  130.98376 
 296.20401  131.57219 
 437.64252  133.15286 
 127.32867  134.81725 
 99.156242  135.91772 
 107.2203  136.7182 
 283.2392  144.09377 
 405.28091  150.13992 
 436.17554  150.44937 
 375.18207  154.50664 
 106.85345  157.53383 
 135.83536  160.26544 
 247.90164  161.46382 
 363.71005  166.65149 
 131.94279  171.3429 
 506.39493  171.88049 
 212.78795  173.25293 
 35.261269  178.39322 
 118.78082  179.35957 
 385.52979  180.39618 
 490.59448  185.75916 
 502.46143  188.33275 
 411.06042  189.96797 
 41.225018  193.39757 
 497.13113  194.74072 
 191.48953  197.12321 
 376.93964  199.14551 
 398.09009  200.04765 
 160.74753  201.48782 
 201.66965  203.52583 
 452.71378  204.59799 
 42.40757  208.41249 
 29.176294  208.96407 
 126.40458  209.63731 
 285.48178  211.68127 
 504.59866  215.29988 
 407.90121  217.28633 
 155.11974  220.32805 
 296.57532  220.59433 
 478.53342  222.06929 
 37.787052  225.86693 
 145.21722  225.9671 
 398.79611  225.9545 
 202.50162  228.1012 
 61.962692  229.34273 
 340.68719  230.57893 
 439.18674  230.68211 
 314.54712  231.83261 
 139.00641  234.21828 
 151.13942  236.75548 
 419.13806  237.23975 
 477.24762  239.29539 
 174.02557  246.78658 
 450.70416  248.94701 
 344.37888  253.32735 
 157.0074  252.30562 
 360.79138  252.48654 
 25.86998  254.20103 
 49.018635  254.36467 
 146.93915  254.35068 
 463.24786  255.51086 
 190.43292  257.25714 
 359.99469  257.06708 
 330.55878  258.78772 
 371.17795  259.47055 
 37.066177  261.50916 
 344.88602  262.81387 
 47.537102  267.08432 
 145.10912  266.61777 
 329.06186  273.01929 
 151.18637  278.97165 
 229.41838  279.32617 
 271.26099  279.18759 
 343.35883  278.78848 
 257.4462  281.59735 
 164.05621  283.38306 
 282.78497  284.69766 
 125.78998  287.82434 
 30.911329  292.13412 
 466.51706  291.5993 
 515.12482  291.86148 
 292.67999  295.86334 
 210.49405  297.01147 
 481.4425  297.86731 
 241.92136  300.28632 
 58.633892  300.92538 
 360.52728  300.95087 
 143.50804  304.12399 
 304.37146  303.43179 
 497.56104  304.82214 
 513.26447  306.27261 
 242.92143  307.36609 
 317.48218  309.52045 
 352.31213  310.05649 
 132.07394  317.4147 
 196.47469  317.9003 
 225.76465  319.29416 
 270.29608  321.45322 
 245.47008  322.93777 
 212.5459  323.46454 
 53.924767  325.94296 
 287.97244  326.76791 
 263.14813  331.83517 
 323.71362  331.93088 
 420.42123  332.91364 
 150.60735  333.92584 
 389.14255  336.25214 
 303.27191  337.25824 
 112.71384  341.97934 
 269.62668  343.28528 
 86.898979  346.3028 
 487.2207  345.46542 
 281.54944  347.61658 
 575.39893  348.9024 
 499.36804  349.89224 
 97.644966  350.97491 
 141.87668  351.84729 
 293.68207  353.03574 
 190.98318  354.16083 
 344.46292  358.60809 
 487.65796  359.44943 
 86.430229  359.54028 
 382.21094  359.59454 
 429.44373  360.43564 
 499.26953  364.65744 
 83.448128  366.7467 
 329.49362  368.20041 
 511.80661  367.68585 
 70.349373  371.90393 
 394.75803  375.69888 
 308.6915  379.15985 
 199.54268  387.06171 
 338.6759  389.80933 
 365.68326  388.7265 
 481.18591  391.73837 
 492.68826  393.15646 
 357.14334  397.10519 
 329.73862  402.9632 
 382.70798  402.65927 
 552.40845  408.19977 
 351.48096  410.40775 
 177.79407  414.11124 
 208.14429  414.82709 
 284.72272  413.69272 
 224.94879  417.51077 
 166.1059  420.67465 
 319.97424  420.54099 
 398.14111  421.18823 
 547.41211  422.87408 
 209.23863  424.10666 
 557.97461  429.7515 
 374.11914  431.83334 
 409.40747  432.15829 
 221.56062  433.43076 
 545.98663  434.47974 
 420.26505  435.5159 
 294.15387  438.19162 
 514.64252  440.21344 
 434.42993  441.14642 
 346.38629  442.88083 
 238.50931  445.48383 
 217.08827  447.17325 
 196.66977  449.28342 
 266.66507  449.49634 
 338.25879  449.01917 
 548.85229  448.58084 
 252.73572  452.57761 
 228.82977  452.9971 
 559.95831  466.14075 
 367.6156  469.36938 
 246.27647  471.46838 
 302.73114  475.57239 
 290.23929  480.54248 
 401.16119  480.58557 
 380.5239  486.37268 
 239.41684  488.27075 
 307.85049  493.73264 
 291.50055  494.79355 
 566.52948  498.48654 
 388.81085  499.19156 
 241.93773  500.71548 
 542.10913  503.87875 
 267.02844  506.76141 
 303.64279  509.63882 
 359.58978  512.09863 
 404.37958  511.6113 
 447.95023  516.5979 
 463.32684  521.36865 
 372.06665  528.37408 
 564.35901  529.25494 
 383.4809  534.29016 
 457.6911  537.7099 
 477.20016  537.88409 
 555.61707  541.823 
 410.52271  545.4588 
 520.84229  554.28906 
 436.94635  556.65045 
 359.4574  556.94318 
 373.19342  561.94031 
 455.28442  561.90466 
 468.09726  562.96527 
 396.12885  573.8894 
 379.37943  585.32062 
 445.0816  16.989706 
 460.56091  18.980194 
 170.93079  39.906849 
 143.49249  47.111874 
 118.06689  58.292107 
 201.58372  64.217094 
 278.31915  67.503082 
 214.5704  75.407204 
 192.6619  88.192238 
 68.09552  112.21711 
 82.499977  117.03191 
 380.17181  116.60911 
 124.69025  120.77494 
 411.56509  124.81264 
 365.26996  130.48897 
 437.38727  132.53641 
 367.40573  165.14867 
 119.72232  162.69633 
 480.09265  164.76001 
 197.84999  171.34883 
 384.19434  175.01331 
 500.5842  191.28517 
 102.76839  204.00612 
 46.084641  200.89157 
 339.681  213.72885 
 142.60143  216.88478 
 478.58185  222.15906 
 34.294785  227.32948 
 361.08203  235.20422 
 133.00949  250.07973 
 161.02881  244.87224 
 449.05472  251.17369 
 142.17195  254.67786 
 48.980236  255.82907 
 145.72849  263.68741 
 139.21274  268.8327 
 229.11604  278.47061 
 151.91544  295.74936 
 257.6842  306.91077 
 511.03632  307.88898 
 131.50127  317.2883 
 272.95493  319.75403 
 244.88173  324.66394 
 262.25742  330.70352 
 561.61511  338.3179 
 266.18988  338.34824 
 553.11261  346.82748 
 292.57037  352.12909 
 328.98834  367.54837 
 164.866  421.6376 
 549.46771  448.61816 
 307.42841  493.20316 
 292.68655  493.94293 
 389.33002  499.47925 
 541.12866  505.26965 
 449.32831  517.01617 
 458.15439  537.87067 
 455.66693  564.82422 
 495.5238  23.08617 
 232.56718  34.452393 
 121.01627  48.004448 
 174.91122  61.298565 
 130.59944  75.59903 
 98.10968  96.88546 
 127.99142  100.12156 
 118.82613  101.02003 
 363.03549  112.34295 
 155.08786  128.93677 
 104.38602  130.66252 
 372.98856  156.86864 
 47.530922  162.63383 
 135.1714  164.55341 
 395.33386  167.11496 
 35.328148  176.86159 
 160.22939  180.66104 
 355.57852  185.88654 
 358.20554  196.99492 
 394.6362  202.75101 
 499.0921  213.25174 
 123.86176  217.32477 
 349.58701  224.89554 
 341.69055  226.25284 
 267.56439  228.69545 
 54.056309  233.22981 
 313.00439  236.55347 
 156.15805  239.30205 
 478.29645  241.96384 
 345.12219  248.81294 
 345.99121  257.36414 
 196.43219  261.6012 
 162.39786  269.08591 
 209.0334  277.01096 
 122.81336  282.2937 
 252.51338  282.13626 
 265.64941  289.60236 
 187.10057  290.60452 
 242.07292  302.349 
 358.77261  306.98166 
 115.75787  310.18094 
 183.02689  313.63263 
 228.88144  324.61957 
 102.07126  330.98712 
 147.57478  332.03149 
 356.66382  336.60394 
 542.9881  339.13254 
 121.28886  344.245 
 247.75706  341.82306 
 92.669067  344.04352 
 526.64026  353.9632 
 383.88217  356.5755 
 485.34354  357.76859 
 88.449623  362.29483 
 363.99152  366.24918 
 400.69809  373.18356 
 241.46088  374.19089 
 340.38907  379.51868 
 362.7272  389.56641 
 477.89029  392.97876 
 185.86897  394.8215 
 333.77478  397.73108 
 526.98608  416.159 
 175.43582  418.97147 
 206.50392  421.09317 
 543.47516  425.26059 
 275.60309  427.1123 
 255.82558  429.42822 
 291.90619  433.24622 
 365.7269  449.34537 
 286.76254  460.49808 
 244.40823  472.41208 
 294.61975  485.50073 
 240.17152  496.37863 
 260.81943  506.17712 
 284.46042  510.23676 
 555.54913  515.28967 
 441.94492  534.49933 
 437.5097  558.83368 
 173.11583  69.547752 
 120.20206  155.12274 
 309.24866  328.2655 
 365.42813  341.62219 
 515.9046  397.6705 
 420.30551  526.78888 
 405.12192  529.5744 
 461.04681  10.899018 
 163.80252  45.245205 
 182.70267  62.663422 
 202.11601  70.694344 
 125.82771  107.33349 
 351.23175  192.93321 
 165.64081  207.40181 
 117.97428  228.02238 
 159.85522  235.21539 
 145.88237  258.44855 
 281.20407  304.70715 
 114.03665  345.36115 
 247.26576  410.99033 
 178.50845  417.46793 
 521.44318  419.30121 
 204.86211  429.26398 
