 77.747131 
 262.96634 
 287.58813 
 290.03568 
 89.755295 
 84.466568 
 43.946598 
 271.27155 
 277.07962 
 118.20453 
 69.542488 
 107.98418 
 265.4241 
 253.46289 
 288.37732 
 294.03177 
 285.30197 
 298.64203 
 249.90437 
 243.08209 
 298.54953 
 26.452927 
 285.7645 
 57.267101 
 35.032238 
 278.03546 
 270.14236 
 242.13255 
 250.40741 
 229.14659 
 245.34401 
 235.23619 
 253.39482 
 240.63925 
 193.39273 
 265.71021 
 254.33394 
 294.44495 
 171.17087 
 250.99925 
 146.38525 
 253.96111 
 39.726261 
 273.36099 
 253.6255 
 263.48874 
 82.991653 
 101.368 
 269.91275 
 255.91743 
 279.67477 
 288.3392 
 266.22318 
 291.39447 
 249.6739 
 261.93628 
 263.5621 
 255.50342 
 242.32129 
 91.4767 
 79.386719 
 75.966789 
 86.223946 
 248.04631 
 64.984642 
 77.013565 
 54.184566 
 100.63871 
 57.391674 
 252.76715 
 269.80338 
 246.33405 
 79.198044 
 97.576668 
 254.96262 
 72.384956 
 263.504 
 84.121269 
 94.877518 
 81.322006 
 239.8472 
 240.58797 
 235.58978 
 66.895889 
 269.55762 
 239.17601 
 79.067513 
 238.69112 
 60.684189 
 249.7943 
 274.11511 
 206.67697 
 251.34293 
 99.022011 
 276.39905 
 93.429443 
 59.169662 
 279.23911 
 67.347672 
 290.97583 
 282.46976 
 293.16339 
 271.39444 
 285.62259 
 289.39185 
 249.30728 
 141.49738 
 54.92408 
 250.01508 
 290.88657 
 244.40627 
 307.38211 
 230.71985 
 294.46616 
 229.98405 
 255.93781 
 47.302017 
 232.32843 
 247.37843 
 96.309692 
 50.656345 
 286.83466 
 283.28513 
 107.37502 
 228.23878 
 76.574905 
 83.840874 
 258.69919 
 115.05585 
 112.54461 
 226.56641 
 251.37227 
 43.5676 
 270.66791 
 253.85349 
 259.60291 
 74.29879 
 281.49121 
 97.903351 
 273.00473 
 265.6785 
 269.36688 
 245.76839 
 241.73929 
 53.63303 
 72.125175 
 324.92728 
 106.1205 
 310.69257 
 75.958221 
 250.43839 
 66.221428 
 78.88607 
 246.32407 
 95.326744 
 217.57288 
 234.65202 
 236.74672 
 258.90158 
 198.12187 
 197.16147 
 208.25905 
 60.165852 
 80.858292 
 224.10689 
 219.3102 
 273.58026 
 228.18137 
 62.912827 
 143.58472 
 237.85878 
 196.34338 
 108.33859 
 78.655289 
 83.476921 
 201.14571 
 217.84558 
 266.13498 
 102.11889 
 57.077785 
 73.993538 
 278.67804 
 261.85172 
 298.43207 
 85.605782 
 259.24423 
 158.87576 
 238.71036 
 306.66513 
 250.21393 
 74.694473 
 255.50606 
 23.818335 
 250.23769 
 204.97258 
 270.8923 
 256.08719 
 250.62396 
 250.25815 
 241.92316 
 246.78641 
 82.376572 
 240.53745 
 77.216743 
 88.418175 
 68.681648 
 274.47754 
 60.212158 
 213.7063 
 273.52686 
 59.402958 
 213.64447 
 257.78391 
 269.36737 
 258.29666 
 276.5845 
 320.10168 
 264.604 
 271.0238 
 89.52951 
 263.11774 
 212.66612 
 241.86073 
 316.97989 
 45.772083 
 110.4101 
 67.099762 
 266.0293 
 109.42758 
 106.56376 
 273.41492 
 44.816788 
 287.9928 
 230.18253 
 277.77194 
 231.03055 
 47.609188 
 98.829308 
 305.93982 
 223.86353 
 100.50379 
 266.27988 
 255.44661 
 67.596123 
 75.902405 
 270.42984 
 283.51147 
 254.59486 
 79.55088 
 299.67105 
 85.567818 
 64.426498 
 266.08359 
 297.3873 
 243.61707 
 283.10968 
 267.09106 
 246.20139 
 285.2836 
 300.53088 
 235.90071 
 54.058464 
 64.213997 
 67.024353 
 221.61494 
 226.1851 
 256.21683 
 53.192265 
 260.89108 
 220.16896 
 62.622398 
 242.91032 
 242.99979 
 271.21619 
 90.292473 
 270.05075 
 263.34546 
 73.875122 
 41.910988 
 102.07516 
 93.845276 
 67.145554 
 92.083771 
 250.90974 
 260.75143 
 253.84442 
 242.24367 
 89.777222 
 220.17421 
 61.168545 
 67.382782 
 122.32591 
 91.989128 
 84.730263 
 88.989243 
 237.97403 
 87.708504 
 86.611664 
 251.30363 
 256.54321 
 74.248184 
 260.80591 
 274.33139 
 271.24591 
 244.25185 
 99.061424 
 267.12521 
 291.06467 
 287.16666 
 239.90105 
 99.517014 
 268.5668 
 86.536827 
 104.48861 
 93.438667 
 128.13541 
 232.291 
 276.74194 
 259.31027 
 63.135056 
 259.78375 
 124.84624 
 232.47548 
 64.449661 
 105.98212 
 262.2305 
 67.915535 
 262.27261 
 33.117474 
 270.06064 
 259.93024 
 324.34042 
 276.30905 
 72.160583 
 78.301163 
 228.00316 
 267.1243 
 287.02078 
 34.576023 
 97.992348 
 90.50235 
 287.36697 
 78.131706 
 68.404793 
 234.28511 
 108.67908 
 238.21049 
 260.97464 
 90.055595 
 220.92159 
 233.85516 
 105.84432 
 197.41177 
 107.71627 
 292.56595 
 197.23686 
 93.591995 
 227.57324 
 245.51276 
 258.27505 
 54.302864 
 207.47484 
 57.525234 
 74.186501 
 252.73508 
 245.83101 
 279.93018 
 253.37427 
 262.8786 
 224.4015 
 280.99594 
 290.58801 
 92.639694 
 266.03058 
 266.10226 
 275.43964 
 280.92719 
 280.23615 
 281.84241 
 286.65472 
 288.56485 
 247.7186 
 244.32625 
 236.55338 
 246.76294 
 234.40785 
 292.03262 
 228.76982 
 328.92108 
 326.85956 
 209.86275 
 324.18884 
 68.42186 
 327.81192 
 235.59032 
 89.991821 
 52.605083 
 296.78275 
 190.38049 
 190.45505 
 252.32584 
 203.52124 
 134.26326 
 271.81769 
 286.64944 
 79.144722 
 268.892 
 98.084457 
 278.33054 
 254.14612 
 66.026924 
 264.32562 
 8.8593922 
 169.28842 
 227.74789 
 210.89124 
 110.99855 
 162.3831 
 351.59921 
 277.09647 
 314.88275 
 314.87082 
 317.24527 
 276.77084 
 249.8551 
 307.40884 
 302.92133 
 307.65088 
 251.97215 
 116.75708 
 67.793152 
 222.50563 
 282.76071 
 256.75146 
 96.30249 
 265.30261 
 92.789139 
 80.947067 
 257.8316 
 273.69971 
 255.17137 
 230.16826 
 77.854118 
 236.0047 
 92.373367 
 253.51555 
 283.09766 
 283.52557 
 236.71771 
 210.7149 
 77.200424 
 260.52066 
 268.83557 
 58.292149 
 276.6788 
 282.87305 
 84.710297 
 82.792618 
 296.27792 
 131.996 
 278.02142 
 123.22739 
 248.2778 
 294.99344 
 88.616119 
 285.41544 
 77.581619 
 65.846176 
 45.752956 
 280.97528 
 254.008 
 238.88692 
 243.7047 
 304.91879 
 282.49033 
 239.84888 
 64.108597 
 93.634995 
 275.33047 
 245.53354 
 275.89432 
 18.967691 
 100.86568 
 253.58826 
 246.82504 
 273.34854 
 241.79874 
 239.41731 
 222.90114 
 238.86423 
 247.95699 
 255.65523 
 219.93227 
 231.92418 
 245.36282 
 193.39249 
 97.432266 
 261.8924 
 254.74352 
 98.08036 
 139.86317 
 128.61499 
 35.936707 
 247.14445 
 245.05502 
 232.29561 
 146.26224 
 99.484177 
 292.6387 
 270.95572 
 243.43542 
 216.134 
 262.37106 
 89.226639 
 80.755798 
 75.364868 
 310.11374 
 244.90697 
 84.934059 
 107.16865 
 244.62059 
 254.21027 
 280.96613 
 280.25897 
 214.92667 
 264.22321 
 250.06996 
 270.86536 
 256.0343 
 258.43674 
 61.367702 
 280.72812 
 268.42386 
 282.99045 
 235.27942 
 83.853622 
 97.700478 
 77.39238 
 257.95648 
 79.630173 
 86.242287 
 73.838264 
 102.0682 
 255.01566 
 64.16877 
 96.290504 
 102.87612 
 61.95512 
 251.08867 
 63.979397 
 75.025902 
 262.10388 
 75.823921 
 237.77103 
 97.512573 
 256.09473 
 73.496033 
 105.85614 
 274.14392 
 95.560654 
 263.50793 
 54.367279 
 238.97765 
 69.769127 
 94.972504 
 252.43753 
 268.39056 
 78.418137 
 259.89325 
 91.548195 
 270.17139 
 253.12987 
 73.703201 
 267.73587 
 74.32769 
 74.654854 
 99.949905 
 257.03986 
 62.144409 
 84.745903 
 270.19556 
 64.858597 
 68.814804 
 92.177498 
 239.89096 
 244.17636 
 281.95456 
 91.223541 
 245.6246 
 285.16098 
 271.68918 
 70.992348 
 282.27457 
 102.19578 
 249.14726 
 282.30804 
 279.40695 
 83.62574 
 269.88348 
 273.5401 
 285.35742 
 274.34714 
 262.0997 
 52.048752 
 258.56903 
 249.46582 
 100.94648 
 253.82736 
 285.1579 
 281.66055 
 71.528282 
 280.78802 
 288.68954 
 234.26891 
 282.78787 
 249.94135 
 293.97839 
 219.73438 
 263.38541 
 246.66383 
 248.63083 
 284.25726 
 288.70667 
 282.54141 
 230.61568 
 255.65167 
 254.53711 
 237.96504 
 294.82825 
 284.02765 
 291.5929 
 252.62383 
 241.20929 
 291.61203 
 295.12256 
 244.20534 
 241.56201 
 311.03314 
 230.3508 
 311.85046 
 235.11874 
 256.80786 
 254.43138 
 237.26213 
 231.14799 
 256.55432 
 237.57039 
 313.89832 
 256.32196 
 47.574654 
 87.409187 
 50.167534 
 259.70563 
 232.40096 
 232.05022 
 113.24361 
 256.77182 
 256.91678 
 97.572235 
 221.18265 
 222.27182 
 220.51707 
 217.26581 
 327.06915 
 110.08051 
 96.351471 
 226.09695 
 72.558685 
 80.75798 
 247.2713 
 111.99205 
 229.23839 
 300.74896 
 105.22008 
 282.42587 
 47.694832 
 282.29016 
 253.70044 
 262.0621 
 210.43102 
 257.65884 
 300.91626 
 249.9879 
 277.06857 
 311.91074 
 288.28165 
 214.84917 
 329.61606 
 98.758804 
 257.48792 
 257.909 
 104.42278 
 252.51299 
 262.43607 
 270.65338 
 262.95068 
 276.00546 
 258.03165 
 50.804127 
 221.13754 
 315.63202 
 71.401077 
 54.779884 
 95.198219 
 311.01334 
 255.78658 
 250.46765 
 69.75 
 267.5907 
 237.08546 
 333.62073 
 219.58264 
 325.97357 
 84.446381 
 58.758785 
 63.084179 
 243.00888 
 218.76195 
 257.21667 
 255.99396 
 241.20073 
 232.80699 
 235.61247 
 91.807327 
 254.92961 
 220.86363 
 212.86427 
 233.37993 
 238.42267 
 84.319847 
 267.18542 
 233.32532 
 253.81316 
 234.72873 
 139.61534 
 105.96582 
 233.18782 
 197.49155 
 219.20789 
 51.751762 
 232.99902 
 73.396713 
 229.96001 
 195.06111 
 208.62689 
 75.954811 
 82.163292 
 275.88242 
 211.79811 
 233.54346 
 74.864594 
 39.139664 
 222.05452 
 265.37891 
 229.02756 
 213.84955 
 24.77232 
 80.235672 
 257.08423 
 102.20654 
 202.73177 
 108.86362 
 59.172829 
 124.10644 
 169.63945 
 208.22377 
 216.3833 
 329.43295 
 84.89418 
 265.41235 
 56.846092 
 214.76785 
 104.76136 
 193.71222 
 48.985649 
 311.94489 
 274.32864 
 156.60097 
 82.172653 
 73.306641 
 282.52756 
 294.14035 
 74.304939 
 285.9064 
 280.21655 
 139.96159 
 67.672752 
 62.756817 
 237.17404 
 299.97943 
 298.25009 
 243.27347 
 212.20528 
 304.95358 
 291.90118 
 271.27945 
 236.68782 
 214.66966 
 252.71681 
 108.64359 
 55.769562 
 86.797073 
 173.04649 
 270.85556 
 255.90208 
 244.96983 
 70.02298 
 243.15959 
 26.445816 
 231.61977 
 17.633806 
 215.71785 
 275.4064 
 262.88629 
 190.13731 
 89.115524 
 192.7831 
 271.00818 
 240.47063 
 256.92883 
 256.10016 
 249.30809 
 243.91649 
 248.59178 
 261.79129 
 80.347794 
 228.48755 
 247.08299 
 111.35341 
 53.582233 
 268.41251 
 245.241 
 74.098648 
 156.67137 
 266.25006 
 90.5093 
 76.424477 
 42.7435 
 68.664177 
 311.15607 
 269.33557 
 231.72818 
 251.30339 
 274.10123 
 214.65323 
 73.642082 
 258.11746 
 78.076248 
 77.74411 
 263.63867 
 255.97128 
 71.226006 
 260.31512 
 346.66443 
 84.02626 
 317.60635 
 242.53143 
 269.39603 
 266.27084 
 128.96953 
 76.546791 
 79.400391 
 260.5069 
 265.08029 
 67.970612 
 261.44559 
 242.00015 
 247.01024 
 320.21521 
 245.83636 
 270.85071 
 338.53979 
 104.33815 
 141.95117 
 68.070107 
 230.67802 
 230.97878 
 106.70668 
 218.2206 
 85.948929 
 93.146118 
 90.480003 
 285.44839 
 230.59093 
 289.4292 
 97.302757 
 233.95094 
 234.87979 
 93.076904 
 276.88422 
 135.89235 
 47.153923 
 97.59243 
 100.69348 
 227.81198 
 266.66495 
 259.74771 
 95.884796 
 305.17007 
 315.84351 
 76.475388 
 301.19049 
 240.52866 
 256.03238 
 297.79675 
 232.5094 
 267.27505 
 62.965561 
 76.800552 
 303.58627 
 302.9733 
 91.630516 
 275.31064 
 239.4808 
 114.46668 
 301.60529 
 247.10275 
 285.42096 
 305.28677 
 259.45224 
 258.75204 
 77.658371 
 60.696011 
 302.16788 
 86.586113 
 305.63165 
 264.54431 
 289.66165 
 245.47137 
 241.25162 
 227.5141 
 248.18922 
 293.53629 
 282.4595 
 249.99205 
 241.7847 
 266.35361 
 247.9586 
 229.2618 
 294.3616 
 283.51398 
 54.707191 
 244.32697 
 67.875381 
 252.13643 
 87.646721 
 291.93631 
 72.153282 
 232.5554 
 65.019363 
 289.84921 
 291.59225 
 247.94725 
 81.465294 
 61.998665 
 275.64084 
 252.11638 
 285.80017 
 264.89471 
 242.24478 
 232.3887 
 287.79962 
 276.55786 
 257.93674 
 69.119865 
 270.75491 
 248.27454 
 229.47963 
 77.201141 
 244.67212 
 242.57198 
 254.02007 
 68.242172 
 272.90851 
 63.917507 
 75.582848 
 105.34851 
 269.87708 
 237.68117 
 256.89789 
 82.989265 
 239.45815 
 240.26382 
 94.014503 
 107.62399 
 260.18518 
 105.51175 
 102.3288 
 71.487343 
 281.42908 
 91.604797 
 105.39317 
 241.31981 
 229.27261 
 236.50304 
 258.26727 
 229.10454 
 262.76605 
 225.70926 
 93.645119 
 96.745583 
 225.00401 
 99.907501 
 60.340588 
 66.214119 
 228.70541 
 107.93639 
 276.57874 
 70.315964 
 84.829773 
 255.16019 
 71.601768 
 281.97717 
 278.69229 
 85.746902 
 105.8178 
 55.891876 
 272.45309 
 224.69167 
 285.94455 
 248.75865 
 94.485329 
 54.540535 
 69.788628 
 242.1019 
 223.85175 
 265.4046 
 260.30704 
 215.7173 
 252.26178 
 265.53214 
 224.45465 
 252.39827 
 265.32916 
 254.35004 
 275.67517 
 261.08102 
 244.65013 
 271.30292 
 271.30353 
 264.04306 
 84.696663 
 267.78784 
 274.60172 
 228.59425 
 271.21954 
 263.57275 
 257.21701 
 97.074623 
 258.9101 
 240.67862 
 269.9729 
 87.362625 
 103.27574 
 84.793716 
 98.017883 
 53.50029 
 106.45277 
 84.26223 
 286.11945 
 281.00208 
 257.01196 
 258.65921 
 61.171021 
 81.643822 
 251.35672 
 275.02881 
 275.83173 
 243.02606 
 83.603958 
 264.73959 
 253.74585 
 300.54196 
 269.42258 
 256.95209 
 261.13324 
 159.89435 
 112.8157 
 58.633457 
 230.65503 
 112.74384 
 61.974792 
 99.508621 
 261.51947 
 67.444633 
 311.44464 
 257.59729 
 231.60231 
 250.09315 
 60.188622 
 257.60995 
 263.17111 
 242.93816 
 271.71881 
 264.80292 
 242.40771 
 275.81903 
 72.928612 
 274.80118 
 329.79739 
 59.781494 
 81.021828 
 276.09192 
 232.07765 
 254.4388 
 86.870956 
 255.69496 
 69.939102 
 68.007637 
 72.602501 
 79.638893 
 79.435837 
 285.03717 
 58.663597 
 226.90546 
 220.56726 
 256.23569 
 237.13185 
 267.91226 
 278.70062 
 264.6214 
 50.584747 
 219.71753 
 252.26704 
 254.69769 
 256.14615 
 286.60095 
 267.97589 
 236.77161 
 96.471611 
 279.5578 
 234.271 
 243.28304 
 90.05233 
 261.76724 
 265.53152 
 75.521217 
 77.796219 
 247.29185 
 98.899651 
 262.1409 
 293.91605 
 80.229866 
 105.59911 
 71.932732 
 69.329605 
 279.25726 
 242.86842 
 282.28369 
 88.307426 
 115.22009 
 127.83917 
 248.06749 
 284.27744 
 289.22382 
 242.26466 
 246.45892 
 241.35768 
 293.53937 
 83.620117 
 241.00789 
 242.54488 
 254.71353 
 236.76756 
 243.89207 
 228.08844 
 251.92308 
 246.06638 
 245.52434 
 241.54068 
 257.17398 
 97.761047 
 274.94772 
 261.24899 
 265.85199 
 264.39471 
 278.69656 
 241.1265 
 85.406754 
 68.995987 
 105.52526 
 56.515396 
 255.82227 
 74.936676 
 251.83606 
 248.69562 
 75.098206 
 94.198578 
 256.05771 
 88.084213 
 285.21994 
 95.209335 
 75.972748 
 262.58856 
 247.2103 
 72.144867 
 256.18668 
 67.07032 
 273.12949 
 93.331696 
 88.793663 
 285.60388 
 281.74911 
 255.3632 
 275.44025 
 259.29044 
 261.3797 
 270.66611 
 281.34204 
 248.47314 
 278.83237 
 252.51541 
 100.59467 
 250.75404 
 280.09073 
 282.49622 
 282.11865 
 287.23151 
 224.45021 
 282.6907 
 299.64612 
 247.71188 
 239.49815 
 287.53909 
 294.6026 
 263.93176 
 94.742905 
 304.01486 
 225.70038 
 318.72641 
 245.57462 
 227.61646 
 230.7473 
 258.23215 
 313.69824 
 88.591385 
 46.019512 
 232.95784 
 224.08755 
 258.58618 
 323.81107 
 244.72821 
 267.4552 
 238.16396 
 73.132133 
 214.91252 
 115.60594 
 96.880264 
 59.740776 
 280.76984 
 255.37595 
 245.54811 
 321.798 
 262.67233 
 215.89854 
 331.08704 
 329.10825 
 94.781021 
 232.38525 
 226.7068 
 131.65602 
 62.733959 
 87.259338 
 269.44458 
 77.322243 
 214.55917 
 66.092354 
 260.44177 
 225.48596 
 242.90535 
 80.962997 
 234.21686 
 252.45233 
 226.72945 
 54.085587 
 233.12187 
 79.980515 
 218.5047 
 220.23706 
 217.44698 
 35.380497 
 222.31079 
 221.07573 
 274.79059 
 194.58917 
 72.538177 
 175.79095 
 322.26938 
 218.3448 
 261.79645 
 226.52969 
 207.92606 
 270.91092 
 161.02026 
 241.35326 
 217.81567 
 283.37982 
 294.63617 
 91.841515 
 46.529541 
 242.22867 
 215.0524 
 240.98431 
 248.60226 
 253.41045 
 239.7975 
 177.23697 
 90.137703 
 65.657753 
 262.33139 
 267.14407 
 77.539215 
 72.756706 
 201.4301 
 79.449409 
 257.84579 
 262.73846 
 321.24374 
 67.57946 
 207.70799 
 268.10077 
 255.02022 
 267.37512 
 264.24811 
 72.608284 
 209.49477 
 73.634598 
 268.94843 
 265.40704 
 259.52176 
 67.821579 
 232.08783 
 103.8017 
 272.24539 
 223.02858 
 109.86655 
 112.37192 
 106.65878 
 96.517845 
 311.58209 
 100.21808 
 227.14935 
 106.05882 
 95.608093 
 302.96854 
 99.270378 
 274.9534 
 239.47621 
 100.02367 
 308.35358 
 235.54749 
 250.70688 
 306.11151 
 243.89011 
 289.29636 
 305.49051 
 277.66315 
 107.06865 
 244.25003 
 253.34944 
 308.85959 
 84.971252 
 275.56348 
 247.57704 
 261.73871 
 282.96649 
 240.74963 
 299.73737 
 61.38559 
 269.04135 
 65.383224 
 242.48331 
 249.9064 
 266.62326 
 288.12042 
 255.21223 
 255.73911 
 286.98438 
 286.69495 
 260.61801 
 58.505222 
 269.61923 
 242.70084 
 276.14404 
 245.78853 
 244.51071 
 68.543518 
 283.88409 
 274.40363 
 56.161472 
 257.65103 
 100.30365 
 262.54446 
 270.73218 
 238.60733 
 260.60913 
 278.60446 
 249.29826 
 235.32208 
 289.29749 
 271.00415 
 67.31118 
 239.26418 
 79.30941 
 90.324478 
 277.29745 
 70.321281 
 67.215042 
 212.68732 
 72.799423 
 78.542587 
 92.041443 
 87.018723 
 101.29721 
 65.342674 
 104.69527 
 246.07738 
 263.18048 
 229.04222 
 265.19662 
 253.1927 
 270.17197 
 97.000061 
 256.17316 
 97.271759 
 274.91635 
 227.85483 
 90.166 
 272.7692 
 77.847977 
 269.25772 
 233.78035 
 307.18408 
 248.3588 
 245.77592 
 259.10464 
 263.45535 
 258.7157 
 251.21078 
 42.156956 
 126.42294 
 222.46754 
 258.96155 
 262.26743 
 254.13173 
 284.26538 
 233.58067 
 110.17848 
 259.13123 
 75.689796 
 270.83347 
 253.06068 
 233.34489 
 253.67407 
 67.415062 
 76.005447 
 59.635349 
 79.836685 
 290.50909 
 77.756371 
 243.75455 
 249.71899 
 261.01453 
 249.29466 
 257.55377 
 98.091423 
 279.14352 
 280.10913 
 252.54968 
 89.644829 
 72.894737 
 258.90283 
 71.496559 
 85.404419 
 76.967827 
 89.654366 
 261.72061 
 244.81918 
 84.291229 
 251.77423 
 279.86526 
 282.99637 
 280.45117 
 247.83264 
 273.5712 
 280.47916 
 262.83353 
 254.55566 
 276.92361 
 285.97678 
 243.18713 
 252.13022 
 287.69183 
 286.39816 
 282.56815 
 284.94501 
 293.91446 
 297.41406 
 305.81671 
 233.80592 
 229.21068 
 223.35687 
 312.04242 
 227.46773 
 321.29718 
 219.49812 
 236.828 
 107.37646 
 92.731262 
 213.73378 
 54.661236 
 115.86798 
 253.06216 
 217.65881 
 242.46638 
 323.19849 
 269.18546 
 216.76105 
 276.53204 
 80.453568 
 69.579926 
 53.513672 
 81.972389 
 207.66476 
 218.8855 
 39.95142 
 218.66969 
 219.5688 
 197.19676 
 164.17436 
 135.69229 
 249.34909 
 220.0549 
 248.71849 
 175.63303 
 215.13068 
 303.97562 
 220.66057 
 65.525528 
 258.21808 
 222.88748 
 255.47087 
 67.664886 
 80.727554 
 69.329659 
 64.728722 
 258.37009 
 214.95145 
 267.3302 
 54.392605 
 267.55179 
 113.37087 
 111.52288 
 78.97464 
 252.57257 
 100.87307 
 110.0785 
 217.33977 
 115.17255 
 98.97496 
 99.945862 
 221.33675 
 102.27603 
 97.136681 
 101.25218 
 104.45679 
 296.38669 
 100.70434 
 95.585915 
 246.01204 
 290.7258 
 316.05142 
 262.75519 
 252.95212 
 268.51788 
 307.61777 
 227.35178 
 258.68494 
 303.90985 
 232.81267 
 64.339523 
 300.5433 
 263.4248 
 66.924164 
 290.54376 
 244.31374 
 244.55093 
 253.05135 
 263.39926 
 280.1889 
 297.91003 
 269.48782 
 254.75905 
 291.61096 
 247.68993 
 290.57147 
 260.2449 
 286.37015 
 243.87408 
 252.19446 
 272.84271 
 245.95303 
 265.92569 
 255.07217 
 280.11539 
 244.43596 
 67.736427 
 249.86086 
 91.207138 
 275.53235 
 71.393272 
 95.858093 
 84.134186 
 87.498039 
 88.899681 
 79.741798 
 74.440681 
 249.10147 
 238.67354 
 264.54419 
 276.25104 
 240.17186 
 285.04874 
 251.9301 
 258.97733 
 254.26514 
 265.45392 
 107.70741 
 250.14037 
 69.287621 
 285.9248 
 248.71338 
 246.01332 
 268.14731 
 277.03897 
 253.74669 
 242.3586 
 260.8378 
 271.44397 
 277.51218 
 228.61412 
 230.07748 
 305.13434 
 229.90323 
 313.4566 
 323.18359 
 98.620926 
 220.6095 
 300.91772 
 214.59279 
 67.631363 
 128.2995 
 89.869522 
 191.55357 
 213.79587 
 192.41829 
 224.97429 
 98.137932 
 198.20381 
 226.72179 
 238.95187 
 77.086716 
 84.812767 
 223.42186 
 113.85912 
 223.32721 
 307.0592 
 100.68082 
 100.78442 
 249.45757 
 296.89755 
 297.49002 
 289.21555 
 284.39053 
 236.73912 
 263.22971 
 297.0936 
 275.53882 
 252.19905 
 283.0293 
 259.93472 
 291.33679 
 258.12759 
 252.72145 
 245.31786 
 252.27696 
 279.73068 
 245.98701 
 95.175148 
 232.92039 
 211.07062 
 84.040459 
 208.06035 
 227.93585 
 225.22166 
 230.02254 
 224.40083 
 99.204285 
 99.896736 
 231.93172 
 280.04193 
 287.375 
 244.53552 
 279.10623 
 298.11731 
 281.561 
 80.513573 
 291.49164 
 238.21263 
 85.407364 
 303.87808 
 283.24905 
