   1.0000000e+00
   4.5600000e+02
   4.3061474e+01   3.8008198e+01   1.0000000e+00   0.0000000e+00   1.0000000e+00
   4.2940651e+01   3.8596439e+01   1.0000000e+00   0.0000000e+00   1.0000000e+00
   4.2410835e+01   3.9638824e+01   1.0000000e+00   0.0000000e+00   1.0000000e+00
   4.1996510e+01   3.9640488e+01   1.0000000e+00   0.0000000e+00   1.0000000e+00
   4.0834248e+01   3.9946575e+01   1.0000000e+00   0.0000000e+00   1.0000000e+00
   1.0485507e+01   7.0782608e+01   1.0000000e+00   0.0000000e+00   1.0000000e+00
   1.0971098e+01   7.0063583e+01   1.0000000e+00   0.0000000e+00   1.0000000e+00
   3.8869232e+01   4.0629807e+01   1.0000000e+00   0.0000000e+00   1.0000000e+00
   3.2492722e+01   4.4858902e+01   1.0000000e+00   0.0000000e+00   1.0000000e+00
   1.8294936e+02   1.6707091e+02   1.0000000e+00   0.0000000e+00   1.0000000e+00
   1.8208218e+02   1.6926430e+02   1.0000000e+00   0.0000000e+00   1.0000000e+00
   1.8119658e+02   1.7368166e+02   1.0000000e+00   0.0000000e+00   1.0000000e+00
   1.8319135e+02   1.8677283e+02   1.0000000e+00   0.0000000e+00   1.0000000e+00
   1.8367242e+02   1.9102151e+02   1.0000000e+00   0.0000000e+00   1.0000000e+00
   1.9122127e+02   1.8412292e+02   1.0000000e+00   0.0000000e+00   1.0000000e+00
   2.6036566e+02   7.4350746e+01   1.0000000e+00   0.0000000e+00   1.0000000e+00
   2.6183255e+02   7.3651161e+01   1.0000000e+00   0.0000000e+00   1.0000000e+00
   2.6260147e+02   7.3276756e+01   1.0000000e+00   0.0000000e+00   1.0000000e+00
   2.6307602e+02   7.2815788e+01   1.0000000e+00   0.0000000e+00   1.0000000e+00
   1.9083333e+02   3.1186273e+02   1.0000000e+00   0.0000000e+00   1.0000000e+00
   2.0400000e+02   3.0527026e+02   1.0000000e+00   0.0000000e+00   1.0000000e+00
   1.9617155e+02   3.0869873e+02   1.0000000e+00   0.0000000e+00   1.0000000e+00
   1.8969862e+02   2.8890411e+02   1.0000000e+00   0.0000000e+00   1.0000000e+00
   1.9652203e+02   2.9675479e+02   1.0000000e+00   0.0000000e+00   1.0000000e+00
   9.6770332e+01   1.7630144e+02   1.0000000e+00   0.0000000e+00   1.0000000e+00
   9.6910072e+01   1.7661870e+02   1.0000000e+00   0.0000000e+00   1.0000000e+00
   9.6360657e+01   1.7770493e+02   1.0000000e+00   0.0000000e+00   1.0000000e+00
   8.1374039e+01   1.8759720e+02   1.0000000e+00   0.0000000e+00   1.0000000e+00
   7.3973450e+01   1.5394690e+02   1.0000000e+00   0.0000000e+00   1.0000000e+00
   7.7507179e+01   1.5253589e+02   1.0000000e+00   0.0000000e+00   1.0000000e+00
   7.6564354e+01   1.5220462e+02   1.0000000e+00   0.0000000e+00   1.0000000e+00
   7.0911766e+01   1.5541728e+02   1.0000000e+00   0.0000000e+00   1.0000000e+00
   5.8884087e+01   1.5695580e+02   1.0000000e+00   0.0000000e+00   1.0000000e+00
   2.2282408e+01   1.3590277e+02   1.0000000e+00   0.0000000e+00   1.0000000e+00
   2.3206642e+01   1.3518082e+02   1.0000000e+00   0.0000000e+00   1.0000000e+00
   2.3352770e+01   1.3479591e+02   1.0000000e+00   0.0000000e+00   1.0000000e+00
   2.3226908e+01   1.3436546e+02   1.0000000e+00   0.0000000e+00   1.0000000e+00
   4.1786343e+01   1.4591446e+02   1.0000000e+00   0.0000000e+00   1.0000000e+00
   2.5800812e+02   2.5786179e+02   1.0000000e+00   0.0000000e+00   1.0000000e+00
   2.3980328e+02   4.7754097e+01   1.0000000e+00   0.0000000e+00   1.0000000e+00
   2.3870634e+02   4.8063492e+01   1.0000000e+00   0.0000000e+00   1.0000000e+00
   2.2789948e+02   4.3365078e+01   1.0000000e+00   0.0000000e+00   1.0000000e+00
   1.5163414e+02   3.9960974e+02   1.0000000e+00   0.0000000e+00   1.0000000e+00
   3.7553781e+02   1.3061064e+02   1.0000000e+00   0.0000000e+00   1.0000000e+00
   3.7725964e+02   1.3211555e+02   1.0000000e+00   0.0000000e+00   1.0000000e+00
   3.7779910e+02   1.3242398e+02   1.0000000e+00   0.0000000e+00   1.0000000e+00
   3.8060175e+02   1.3059065e+02   1.0000000e+00   0.0000000e+00   1.0000000e+00
   3.8350537e+02   1.2625362e+02   1.0000000e+00   0.0000000e+00   1.0000000e+00
   3.9946667e+02   7.1133331e+01   1.0000000e+00   0.0000000e+00   1.0000000e+00
   3.9915854e+02   7.0780487e+01   1.0000000e+00   0.0000000e+00   1.0000000e+00
   3.9825000e+02   7.0298615e+01   1.0000000e+00   0.0000000e+00   1.0000000e+00
   3.9878293e+02   6.9153023e+01   1.0000000e+00   0.0000000e+00   1.0000000e+00
   3.9912711e+02   6.8612991e+01   1.0000000e+00   0.0000000e+00   1.0000000e+00
   3.9839020e+02   6.8893387e+01   1.0000000e+00   0.0000000e+00   1.0000000e+00
   4.3518759e+02   3.6027908e+01   1.0000000e+00   0.0000000e+00   1.0000000e+00
   4.3674603e+02   3.4360065e+01   1.0000000e+00   0.0000000e+00   1.0000000e+00
   4.3417969e+02   3.3506348e+01   1.0000000e+00   0.0000000e+00   1.0000000e+00
   4.8185455e+02   1.9636364e+01   1.0000000e+00   0.0000000e+00   1.0000000e+00
   3.3965714e+02   4.1057144e+01   1.0000000e+00   0.0000000e+00   1.0000000e+00
   3.3878125e+02   4.1031250e+01   1.0000000e+00   0.0000000e+00   1.0000000e+00
   2.2617949e+02   2.8158975e+02   1.0000000e+00   0.0000000e+00   1.0000000e+00
   2.2585185e+02   2.8161111e+02   1.0000000e+00   0.0000000e+00   1.0000000e+00
   1.9114754e+01   1.9340984e+02   1.0000000e+00   0.0000000e+00   1.0000000e+00
   1.9037037e+01   1.9309877e+02   1.0000000e+00   0.0000000e+00   1.0000000e+00
   1.2866667e+02   5.1327271e+02   1.0000000e+00   0.0000000e+00   1.0000000e+00
   1.8715384e+02   4.7851282e+02   1.0000000e+00   0.0000000e+00   1.0000000e+00
   1.7920206e+02   4.4731165e+02   1.0000000e+00   0.0000000e+00   1.0000000e+00
   1.7915857e+02   4.4668286e+02   1.0000000e+00   0.0000000e+00   1.0000000e+00
   1.7808098e+02   4.4696762e+02   1.0000000e+00   0.0000000e+00   1.0000000e+00
   2.2187129e+02   4.1896039e+02   1.0000000e+00   0.0000000e+00   1.0000000e+00
   2.2579488e+02   4.1356125e+02   1.0000000e+00   0.0000000e+00   1.0000000e+00
   2.2371428e+02   4.3767346e+02   1.0000000e+00   0.0000000e+00   1.0000000e+00
   2.2351111e+02   4.3768890e+02   1.0000000e+00   0.0000000e+00   1.0000000e+00
   2.1184932e+02   4.7024658e+02   1.0000000e+00   0.0000000e+00   1.0000000e+00
   2.2431111e+02   4.5011111e+02   1.0000000e+00   0.0000000e+00   1.0000000e+00
   2.9062296e+02   3.3131146e+02   1.0000000e+00   0.0000000e+00   1.0000000e+00
   2.8996667e+02   3.3123334e+02   1.0000000e+00   0.0000000e+00   1.0000000e+00
   1.7524060e+02   5.2655640e+02   1.0000000e+00   0.0000000e+00   1.0000000e+00
   1.7171915e+02   5.2900427e+02   1.0000000e+00   0.0000000e+00   1.0000000e+00
   3.3774075e+02   4.1483334e+02   1.0000000e+00   0.0000000e+00   1.0000000e+00
   3.4416843e+02   4.0126053e+02   1.0000000e+00   0.0000000e+00   1.0000000e+00
   3.4404410e+02   4.0026852e+02   1.0000000e+00   0.0000000e+00   1.0000000e+00
   3.5566302e+02   4.7364499e+02   1.0000000e+00   0.0000000e+00   1.0000000e+00
   3.5547504e+02   4.7740744e+02   1.0000000e+00   0.0000000e+00   1.0000000e+00
   3.8707761e+02   5.0990176e+02   1.0000000e+00   0.0000000e+00   1.0000000e+00
   3.8671280e+02   5.1134448e+02   1.0000000e+00   0.0000000e+00   1.0000000e+00
   3.8709027e+02   5.1475262e+02   1.0000000e+00   0.0000000e+00   1.0000000e+00
   3.5946478e+02   5.6683099e+02   1.0000000e+00   0.0000000e+00   1.0000000e+00
   3.5936633e+02   5.6725745e+02   1.0000000e+00   0.0000000e+00   1.0000000e+00
   3.5895349e+02   5.6694574e+02   1.0000000e+00   0.0000000e+00   1.0000000e+00
   3.8324326e+02   5.9039642e+02   1.0000000e+00   0.0000000e+00   1.0000000e+00
   3.8290729e+02   5.8965564e+02   1.0000000e+00   0.0000000e+00   1.0000000e+00
   4.2194150e+02   3.0577658e+02   1.0000000e+00   0.0000000e+00   1.0000000e+00
   4.2152066e+02   3.0637604e+02   1.0000000e+00   0.0000000e+00   1.0000000e+00
   4.2136710e+02   3.0583545e+02   1.0000000e+00   0.0000000e+00   1.0000000e+00
   4.2074509e+02   3.0587009e+02   1.0000000e+00   0.0000000e+00   1.0000000e+00
   4.2003232e+02   3.0601437e+02   1.0000000e+00   0.0000000e+00   1.0000000e+00
   3.1921054e+02   3.8121054e+02   1.0000000e+00   0.0000000e+00   1.0000000e+00
   4.9411905e+02   3.1428571e+02   1.0000000e+00   0.0000000e+00   1.0000000e+00
   4.6979630e+02   4.7975925e+02   1.0000000e+00   0.0000000e+00   1.0000000e+00
   4.6698203e+02   4.7823953e+02   1.0000000e+00   0.0000000e+00   1.0000000e+00
   5.0687692e+02   5.6246155e+01   1.0000000e+00   0.0000000e+00   1.0000000e+00
   5.0679190e+02   5.6976879e+01   1.0000000e+00   0.0000000e+00   1.0000000e+00
   5.0676498e+02   5.7331799e+01   1.0000000e+00   0.0000000e+00   1.0000000e+00
   5.0741742e+02   5.7621620e+01   1.0000000e+00   0.0000000e+00   1.0000000e+00
   5.0746906e+02   5.8257141e+01   1.0000000e+00   0.0000000e+00   1.0000000e+00
   5.0748871e+02   5.8379700e+01   1.0000000e+00   0.0000000e+00   1.0000000e+00
   5.2524127e+02   1.2889105e+02   1.0000000e+00   0.0000000e+00   1.0000000e+00
   5.2610925e+02   1.2797919e+02   1.0000000e+00   0.0000000e+00   1.0000000e+00
   5.2612903e+02   1.2731784e+02   1.0000000e+00   0.0000000e+00   1.0000000e+00
   5.2574402e+02   1.2804538e+02   1.0000000e+00   0.0000000e+00   1.0000000e+00
   5.2047101e+02   1.0454076e+02   1.0000000e+00   0.0000000e+00   1.0000000e+00
   4.6559091e+02   1.9070454e+02   1.0000000e+00   0.0000000e+00   1.0000000e+00
   4.6441110e+02   1.9095555e+02   1.0000000e+00   0.0000000e+00   1.0000000e+00
   4.6431723e+02   1.9043448e+02   1.0000000e+00   0.0000000e+00   1.0000000e+00
   4.6426666e+02   1.8976410e+02   1.0000000e+00   0.0000000e+00   1.0000000e+00
   4.4324326e+02   1.8610811e+02   1.0000000e+00   0.0000000e+00   1.0000000e+00
   4.5555740e+02   1.8722641e+02   1.0000000e+00   0.0000000e+00   1.0000000e+00
   4.5463388e+02   1.8640971e+02   1.0000000e+00   0.0000000e+00   1.0000000e+00
   4.5443762e+02   1.8585742e+02   1.0000000e+00   0.0000000e+00   1.0000000e+00
   2.3300000e+02   4.9304651e+02   1.0000000e+00   0.0000000e+00   1.0000000e+00
   2.3291379e+02   4.9312070e+02   1.0000000e+00   0.0000000e+00   1.0000000e+00
   2.3360825e+02   4.9196909e+02   1.0000000e+00   0.0000000e+00   1.0000000e+00
   2.1694118e+02   5.0688235e+02   1.0000000e+00   0.0000000e+00   1.0000000e+00
   2.1434862e+02   5.0869724e+02   1.0000000e+00   0.0000000e+00   1.0000000e+00
   2.2122997e+02   5.0360278e+02   1.0000000e+00   0.0000000e+00   1.0000000e+00
   5.1546585e+01   5.6127332e+02   1.0000000e+00   0.0000000e+00   1.0000000e+00
   3.8788678e+02   2.9258490e+02   1.0000000e+00   0.0000000e+00   1.0000000e+00
   3.8750000e+02   2.9198749e+02   1.0000000e+00   0.0000000e+00   1.0000000e+00
   3.8541049e+02   2.9181223e+02   1.0000000e+00   0.0000000e+00   1.0000000e+00
   3.7692307e+02   2.1882692e+02   1.0000000e+00   0.0000000e+00   1.0000000e+00
   3.7623685e+02   2.1876315e+02   1.0000000e+00   0.0000000e+00   1.0000000e+00
   3.7556140e+02   2.1914035e+02   1.0000000e+00   0.0000000e+00   1.0000000e+00
   5.9550000e+02   4.2144736e+02   1.0000000e+00   0.0000000e+00   1.0000000e+00
   3.1961594e+02   2.0064493e+02   1.0000000e+00   0.0000000e+00   1.0000000e+00
   3.8083334e+02   4.0147620e+02   1.0000000e+00   0.0000000e+00   1.0000000e+00
   3.7991736e+02   4.0614877e+02   1.0000000e+00   0.0000000e+00   1.0000000e+00
   3.8892929e+02   3.7688889e+02   1.0000000e+00   0.0000000e+00   1.0000000e+00
   7.8349998e+01   4.8400002e+00   1.0000000e+00   0.0000000e+00   1.0000000e+00
   6.5165833e+01   4.2467339e+01   1.0000000e+00   0.0000000e+00   1.0000000e+00
   6.6132004e+01   4.2493999e+01   1.0000000e+00   0.0000000e+00   1.0000000e+00
   6.7697495e+01   4.2761757e+01   1.0000000e+00   0.0000000e+00   1.0000000e+00
   6.8472572e+01   4.2103493e+01   1.0000000e+00   0.0000000e+00   1.0000000e+00
   7.1069954e+01   4.2127354e+01   1.0000000e+00   0.0000000e+00   1.0000000e+00
   5.3888888e+00   1.1372222e+02   1.0000000e+00   0.0000000e+00   1.0000000e+00
   1.0902469e+02   1.5227161e+02   1.0000000e+00   0.0000000e+00   1.0000000e+00
   1.1767928e+02   1.7409705e+02   1.0000000e+00   0.0000000e+00   1.0000000e+00
   1.1779301e+02   1.7330919e+02   1.0000000e+00   0.0000000e+00   1.0000000e+00
   8.6738098e+01   1.5980952e+02   1.0000000e+00   0.0000000e+00   1.0000000e+00
   8.6424240e+01   1.5974243e+02   1.0000000e+00   0.0000000e+00   1.0000000e+00
   8.6622452e+01   1.5988776e+02   1.0000000e+00   0.0000000e+00   1.0000000e+00
   6.7298851e+01   1.6994254e+02   1.0000000e+00   0.0000000e+00   1.0000000e+00
   6.7973915e+01   1.7000000e+02   1.0000000e+00   0.0000000e+00   1.0000000e+00
   6.7706665e+01   1.7037334e+02   1.0000000e+00   0.0000000e+00   1.0000000e+00
   1.0715289e+02   1.7081566e+02   1.0000000e+00   0.0000000e+00   1.0000000e+00
   1.0782779e+02   1.7006888e+02   1.0000000e+00   0.0000000e+00   1.0000000e+00
   1.0873141e+02   1.6045737e+02   1.0000000e+00   0.0000000e+00   1.0000000e+00
   5.8720932e+01   1.2604651e+02   1.0000000e+00   0.0000000e+00   1.0000000e+00
   2.7578125e+01   1.4318750e+02   1.0000000e+00   0.0000000e+00   1.0000000e+00
   2.8188679e+01   1.4370755e+02   1.0000000e+00   0.0000000e+00   1.0000000e+00
   2.7986206e+01   1.4400000e+02   1.0000000e+00   0.0000000e+00   1.0000000e+00
   2.9229507e+01   1.4293990e+02   1.0000000e+00   0.0000000e+00   1.0000000e+00
   4.2309860e+01   1.3724472e+02   1.0000000e+00   0.0000000e+00   1.0000000e+00
   2.6163461e+02   4.9788460e+01   1.0000000e+00   0.0000000e+00   1.0000000e+00
   2.6173871e+02   4.9492462e+01   1.0000000e+00   0.0000000e+00   1.0000000e+00
   2.6088016e+02   4.9307117e+01   1.0000000e+00   0.0000000e+00   1.0000000e+00
   2.6089038e+02   4.8711231e+01   1.0000000e+00   0.0000000e+00   1.0000000e+00
   2.7540475e+02   1.5809524e+01   1.0000000e+00   0.0000000e+00   1.0000000e+00
   2.7209412e+02   1.7035294e+01   1.0000000e+00   0.0000000e+00   1.0000000e+00
   2.7215179e+02   1.6625000e+01   1.0000000e+00   0.0000000e+00   1.0000000e+00
   2.7214035e+02   1.5818713e+01   1.0000000e+00   0.0000000e+00   1.0000000e+00
   2.7283276e+02   1.4968641e+01   1.0000000e+00   0.0000000e+00   1.0000000e+00
   2.7785193e+02   1.2642307e+01   1.0000000e+00   0.0000000e+00   1.0000000e+00
   3.1620514e+02   1.0110256e+02   1.0000000e+00   0.0000000e+00   1.0000000e+00
   3.1634692e+02   1.0097959e+02   1.0000000e+00   0.0000000e+00   1.0000000e+00
   3.1668182e+02   1.0084849e+02   1.0000000e+00   0.0000000e+00   1.0000000e+00
   3.4942856e+02   4.2771427e+01   1.0000000e+00   0.0000000e+00   1.0000000e+00
   3.4950000e+02   4.2875000e+01   1.0000000e+00   0.0000000e+00   1.0000000e+00
   3.4927869e+02   4.2868851e+01   1.0000000e+00   0.0000000e+00   1.0000000e+00
   3.4948386e+02   4.3247311e+01   1.0000000e+00   0.0000000e+00   1.0000000e+00
   2.8773795e+02   7.6689651e+01   1.0000000e+00   0.0000000e+00   1.0000000e+00
   2.8867206e+02   7.6790321e+01   1.0000000e+00   0.0000000e+00   1.0000000e+00
   2.8875745e+02   7.6953194e+01   1.0000000e+00   0.0000000e+00   1.0000000e+00
   2.8845181e+02   7.7063126e+01   1.0000000e+00   0.0000000e+00   1.0000000e+00
   2.8835550e+02   7.7385323e+01   1.0000000e+00   0.0000000e+00   1.0000000e+00
   2.8929221e+02   7.7281303e+01   1.0000000e+00   0.0000000e+00   1.0000000e+00
   2.7274579e+02   1.9624252e+02   1.0000000e+00   0.0000000e+00   1.0000000e+00
   2.7470236e+02   1.9739806e+02   1.0000000e+00   0.0000000e+00   1.0000000e+00
   2.7694385e+02   1.9853580e+02   1.0000000e+00   0.0000000e+00   1.0000000e+00
   2.7682260e+02   1.9740498e+02   1.0000000e+00   0.0000000e+00   1.0000000e+00
   2.9193750e+02   1.3572917e+02   1.0000000e+00   0.0000000e+00   1.0000000e+00
   2.9220987e+02   1.3555556e+02   1.0000000e+00   0.0000000e+00   1.0000000e+00
   2.9213513e+02   1.3579279e+02   1.0000000e+00   0.0000000e+00   1.0000000e+00
   2.7763446e+02   1.9123128e+02   1.0000000e+00   0.0000000e+00   1.0000000e+00
   2.2376244e+02   2.3674033e+02   1.0000000e+00   0.0000000e+00   1.0000000e+00
   2.2397357e+02   2.3657269e+02   1.0000000e+00   0.0000000e+00   1.0000000e+00
   2.2398601e+02   2.3626923e+02   1.0000000e+00   0.0000000e+00   1.0000000e+00
   2.2725807e+02   1.5517741e+02   1.0000000e+00   0.0000000e+00   1.0000000e+00
   2.2641965e+02   1.5558928e+02   1.0000000e+00   0.0000000e+00   1.0000000e+00
   2.2529802e+02   1.5594702e+02   1.0000000e+00   0.0000000e+00   1.0000000e+00
   2.2348676e+02   1.5760265e+02   1.0000000e+00   0.0000000e+00   1.0000000e+00
   3.3405084e+02   2.0464407e+02   1.0000000e+00   0.0000000e+00   1.0000000e+00
   3.3389999e+02   2.0449091e+02   1.0000000e+00   0.0000000e+00   1.0000000e+00
   3.3369785e+02   2.0444604e+02   1.0000000e+00   0.0000000e+00   1.0000000e+00
   3.3390909e+02   2.0384492e+02   1.0000000e+00   0.0000000e+00   1.0000000e+00
   3.6008942e+02   2.1414635e+02   1.0000000e+00   0.0000000e+00   1.0000000e+00
   3.6082278e+02   2.1432912e+02   1.0000000e+00   0.0000000e+00   1.0000000e+00
   3.6154456e+02   2.1449010e+02   1.0000000e+00   0.0000000e+00   1.0000000e+00
   3.6252548e+02   2.1412941e+02   1.0000000e+00   0.0000000e+00   1.0000000e+00
   3.5690768e+02   2.8024615e+02   1.0000000e+00   0.0000000e+00   1.0000000e+00
   3.2248438e+02   2.7957813e+02   1.0000000e+00   0.0000000e+00   1.0000000e+00
   3.2349484e+02   2.7755670e+02   1.0000000e+00   0.0000000e+00   1.0000000e+00
   3.2418253e+02   2.7640475e+02   1.0000000e+00   0.0000000e+00   1.0000000e+00
   3.2479532e+02   2.7498831e+02   1.0000000e+00   0.0000000e+00   1.0000000e+00
   3.0749619e+02   2.0634648e+02   1.0000000e+00   0.0000000e+00   1.0000000e+00
   4.1622223e+02   1.9983333e+02   1.0000000e+00   0.0000000e+00   1.0000000e+00
   4.1663379e+02   1.9783098e+02   1.0000000e+00   0.0000000e+00   1.0000000e+00
   4.1660345e+02   1.9711208e+02   1.0000000e+00   0.0000000e+00   1.0000000e+00
   4.2342554e+02   2.0836171e+02   1.0000000e+00   0.0000000e+00   1.0000000e+00
   3.7758066e+02   3.1909677e+02   1.0000000e+00   0.0000000e+00   1.0000000e+00
   3.9989774e+02   2.9426135e+02   1.0000000e+00   0.0000000e+00   1.0000000e+00
   3.9972726e+02   2.9449243e+02   1.0000000e+00   0.0000000e+00   1.0000000e+00
   4.1467828e+02   2.8132440e+02   1.0000000e+00   0.0000000e+00   1.0000000e+00
   4.4254031e+02   3.0722223e+02   1.0000000e+00   0.0000000e+00   1.0000000e+00
   4.4280820e+02   3.0771967e+02   1.0000000e+00   0.0000000e+00   1.0000000e+00
   4.4335205e+02   3.0541287e+02   1.0000000e+00   0.0000000e+00   1.0000000e+00
   4.3652728e+02   2.8525348e+02   1.0000000e+00   0.0000000e+00   1.0000000e+00
   4.8922034e+02   1.9204068e+02   1.0000000e+00   0.0000000e+00   1.0000000e+00
   4.9077441e+02   1.9266226e+02   1.0000000e+00   0.0000000e+00   1.0000000e+00
   4.9114426e+02   1.9380830e+02   1.0000000e+00   0.0000000e+00   1.0000000e+00
   4.9053067e+02   1.9527202e+02   1.0000000e+00   0.0000000e+00   1.0000000e+00
   4.9482791e+02   1.9626018e+02   1.0000000e+00   0.0000000e+00   1.0000000e+00
   4.9196295e+02   2.2561111e+02   1.0000000e+00   0.0000000e+00   1.0000000e+00
   4.9253683e+02   2.2550526e+02   1.0000000e+00   0.0000000e+00   1.0000000e+00
   5.3526758e+02   1.7409859e+02   1.0000000e+00   0.0000000e+00   1.0000000e+00
   3.9713889e+02   3.1575000e+02   1.0000000e+00   0.0000000e+00   1.0000000e+00
   3.9687720e+02   3.1580701e+02   1.0000000e+00   0.0000000e+00   1.0000000e+00
   5.4306976e+02   1.5995349e+02   1.0000000e+00   0.0000000e+00   1.0000000e+00
   5.4116998e+02   1.5742999e+02   1.0000000e+00   0.0000000e+00   1.0000000e+00
   5.4140277e+02   1.5679861e+02   1.0000000e+00   0.0000000e+00   1.0000000e+00
   5.7651801e+02   1.3471021e+02   1.0000000e+00   0.0000000e+00   1.0000000e+00
   5.7631372e+02   1.3599223e+02   1.0000000e+00   0.0000000e+00   1.0000000e+00
   5.6808887e+02   1.5466667e+02   1.0000000e+00   0.0000000e+00   1.0000000e+00
   5.7468884e+02   1.3687688e+02   1.0000000e+00   0.0000000e+00   1.0000000e+00
   5.7396759e+02   1.3586414e+02   1.0000000e+00   0.0000000e+00   1.0000000e+00
   5.7424310e+02   1.3516539e+02   1.0000000e+00   0.0000000e+00   1.0000000e+00
   5.3493707e+02   6.1825176e+01   1.0000000e+00   0.0000000e+00   1.0000000e+00
   5.3647198e+02   6.1887852e+01   1.0000000e+00   0.0000000e+00   1.0000000e+00
   5.3618213e+02   6.1788105e+01   1.0000000e+00   0.0000000e+00   1.0000000e+00
   5.3581769e+02   6.1837608e+01   1.0000000e+00   0.0000000e+00   1.0000000e+00
   5.4063196e+02   5.7208260e+01   1.0000000e+00   0.0000000e+00   1.0000000e+00
   5.6746539e+02   1.0391176e+02   1.0000000e+00   0.0000000e+00   1.0000000e+00
   2.7333334e+02   2.6915384e+02   1.0000000e+00   0.0000000e+00   1.0000000e+00
   2.7360605e+02   2.6927274e+02   1.0000000e+00   0.0000000e+00   1.0000000e+00
   2.7309091e+02   2.6975000e+02   1.0000000e+00   0.0000000e+00   1.0000000e+00
   2.7305219e+02   2.7025217e+02   1.0000000e+00   0.0000000e+00   1.0000000e+00
   4.8927274e+02   2.5064936e+01   1.0000000e+00   0.0000000e+00   1.0000000e+00
   4.8926733e+02   2.5118813e+01   1.0000000e+00   0.0000000e+00   1.0000000e+00
   4.8892029e+02   2.5362318e+01   1.0000000e+00   0.0000000e+00   1.0000000e+00
   4.7975000e+02   4.9666668e+01   1.0000000e+00   0.0000000e+00   1.0000000e+00
   4.7630951e+02   4.2428570e+01   1.0000000e+00   0.0000000e+00   1.0000000e+00
   4.7570035e+02   4.1906136e+01   1.0000000e+00   0.0000000e+00   1.0000000e+00
   4.8013095e+02   3.6178570e+01   1.0000000e+00   0.0000000e+00   1.0000000e+00
   4.8845514e+02   3.1896154e+01   1.0000000e+00   0.0000000e+00   1.0000000e+00
   4.9306403e+02   2.9244364e+01   1.0000000e+00   0.0000000e+00   1.0000000e+00
   4.5145947e+02   5.2270271e+01   1.0000000e+00   0.0000000e+00   1.0000000e+00
   4.5192709e+02   5.2614582e+01   1.0000000e+00   0.0000000e+00   1.0000000e+00
   4.9084296e+02   3.0777624e+01   1.0000000e+00   0.0000000e+00   1.0000000e+00
   4.1554419e+02   1.3604680e+02   1.0000000e+00   0.0000000e+00   1.0000000e+00
   4.1772168e+02   1.3659209e+02   1.0000000e+00   0.0000000e+00   1.0000000e+00
   4.1851132e+02   1.3735599e+02   1.0000000e+00   0.0000000e+00   1.0000000e+00
   4.1786646e+02   1.3855760e+02   1.0000000e+00   0.0000000e+00   1.0000000e+00
   3.9578946e+02   1.6882455e+02   1.0000000e+00   0.0000000e+00   1.0000000e+00
   4.2416986e+02   1.3863835e+02   1.0000000e+00   0.0000000e+00   1.0000000e+00
   4.5965277e+02   8.7013885e+01   1.0000000e+00   0.0000000e+00   1.0000000e+00
   3.8990323e+02   3.9863440e+02   1.0000000e+00   0.0000000e+00   1.0000000e+00
   3.8983594e+02   3.9850781e+02   1.0000000e+00   0.0000000e+00   1.0000000e+00
   3.9001083e+02   4.0272202e+02   1.0000000e+00   0.0000000e+00   1.0000000e+00
   3.8954877e+02   3.9657776e+02   1.0000000e+00   0.0000000e+00   1.0000000e+00
   3.7386957e+02   3.9923914e+02   1.0000000e+00   0.0000000e+00   1.0000000e+00
   3.7073914e+02   4.0152173e+02   1.0000000e+00   0.0000000e+00   1.0000000e+00
   3.6929221e+02   4.0238962e+02   1.0000000e+00   0.0000000e+00   1.0000000e+00
   3.6918594e+02   4.0174371e+02   1.0000000e+00   0.0000000e+00   1.0000000e+00
   3.8460483e+02   3.9716574e+02   1.0000000e+00   0.0000000e+00   1.0000000e+00
   3.9625836e+02   3.8839139e+02   1.0000000e+00   0.0000000e+00   1.0000000e+00
   4.2912180e+02   7.9551285e+01   1.0000000e+00   0.0000000e+00   1.0000000e+00
   4.1431372e+02   7.1941177e+01   1.0000000e+00   0.0000000e+00   1.0000000e+00
   4.1481689e+02   7.1873238e+01   1.0000000e+00   0.0000000e+00   1.0000000e+00
   4.1548422e+02   7.1621056e+01   1.0000000e+00   0.0000000e+00   1.0000000e+00
   2.6575510e+02   3.9702042e+02   1.0000000e+00   0.0000000e+00   1.0000000e+00
   2.6548077e+02   3.9576923e+02   1.0000000e+00   0.0000000e+00   1.0000000e+00
   2.7964865e+02   3.2975674e+02   1.0000000e+00   0.0000000e+00   1.0000000e+00
   2.7992856e+02   3.2891071e+02   1.0000000e+00   0.0000000e+00   1.0000000e+00
   2.8019754e+02   3.2895062e+02   1.0000000e+00   0.0000000e+00   1.0000000e+00
   2.8039423e+02   3.2900000e+02   1.0000000e+00   0.0000000e+00   1.0000000e+00
   2.1833430e+02   3.0594135e+02   1.0000000e+00   0.0000000e+00   1.0000000e+00
   2.1945515e+02   3.0554034e+02   1.0000000e+00   0.0000000e+00   1.0000000e+00
   2.1926631e+02   3.0614990e+02   1.0000000e+00   0.0000000e+00   1.0000000e+00
   2.1806767e+02   3.0653314e+02   1.0000000e+00   0.0000000e+00   1.0000000e+00
   2.1868596e+02   3.0523257e+02   1.0000000e+00   0.0000000e+00   1.0000000e+00
   2.1886046e+02   2.7988373e+02   1.0000000e+00   0.0000000e+00   1.0000000e+00
   2.1911111e+02   2.7972223e+02   1.0000000e+00   0.0000000e+00   1.0000000e+00
   2.6131372e+02   4.2919608e+02   1.0000000e+00   0.0000000e+00   1.0000000e+00
   2.6156339e+02   4.2822534e+02   1.0000000e+00   0.0000000e+00   1.0000000e+00
   2.5687756e+02   4.4848981e+02   1.0000000e+00   0.0000000e+00   1.0000000e+00
   2.2970270e+02   4.5035135e+02   1.0000000e+00   0.0000000e+00   1.0000000e+00
   2.1650000e+02   4.7263513e+02   1.0000000e+00   0.0000000e+00   1.0000000e+00
   2.1655556e+02   4.7280554e+02   1.0000000e+00   0.0000000e+00   1.0000000e+00
   2.1327849e+02   4.9463290e+02   1.0000000e+00   0.0000000e+00   1.0000000e+00
   2.1375893e+02   4.9402679e+02   1.0000000e+00   0.0000000e+00   1.0000000e+00
   2.1755556e+02   4.7738208e+02   1.0000000e+00   0.0000000e+00   1.0000000e+00
   1.9709091e+02   5.2457574e+02   1.0000000e+00   0.0000000e+00   1.0000000e+00
   2.3837737e+02   4.7256604e+02   1.0000000e+00   0.0000000e+00   1.0000000e+00
   2.1653847e+02   5.3024854e+02   1.0000000e+00   0.0000000e+00   1.0000000e+00
   2.4020000e+02   4.9395557e+02   1.0000000e+00   0.0000000e+00   1.0000000e+00
   2.4043077e+02   4.9350769e+02   1.0000000e+00   0.0000000e+00   1.0000000e+00
   2.4190816e+02   4.9237756e+02   1.0000000e+00   0.0000000e+00   1.0000000e+00
   2.6459689e+02   4.5665115e+02   1.0000000e+00   0.0000000e+00   1.0000000e+00
   2.9276596e+02   4.1914893e+02   1.0000000e+00   0.0000000e+00   1.0000000e+00
   2.9279364e+02   4.1838095e+02   1.0000000e+00   0.0000000e+00   1.0000000e+00
   3.0777777e+02   4.0138889e+02   1.0000000e+00   0.0000000e+00   1.0000000e+00
   3.0768628e+02   4.0149020e+02   1.0000000e+00   0.0000000e+00   1.0000000e+00
   3.0715070e+02   4.0141095e+02   1.0000000e+00   0.0000000e+00   1.0000000e+00
   1.3811476e+02   5.9583606e+02   1.0000000e+00   0.0000000e+00   1.0000000e+00
   2.4293878e+02   5.0930612e+02   1.0000000e+00   0.0000000e+00   1.0000000e+00
   2.4105682e+02   5.1179544e+02   1.0000000e+00   0.0000000e+00   1.0000000e+00
   1.6505263e+02   5.4742108e+02   1.0000000e+00   0.0000000e+00   1.0000000e+00
   1.7998215e+02   5.3339288e+02   1.0000000e+00   0.0000000e+00   1.0000000e+00
   1.8225226e+02   5.3018921e+02   1.0000000e+00   0.0000000e+00   1.0000000e+00
   1.8213792e+02   5.3034485e+02   1.0000000e+00   0.0000000e+00   1.0000000e+00
   1.3417969e+02   5.7107031e+02   1.0000000e+00   0.0000000e+00   1.0000000e+00
   1.1367924e+02   5.9400000e+02   1.0000000e+00   0.0000000e+00   1.0000000e+00
   1.1369566e+02   5.9411597e+02   1.0000000e+00   0.0000000e+00   1.0000000e+00
   1.2755926e+02   5.7877777e+02   1.0000000e+00   0.0000000e+00   1.0000000e+00
   9.8485718e+01   5.9000000e+02   1.0000000e+00   0.0000000e+00   1.0000000e+00
   1.0296296e+02   5.8569629e+02   1.0000000e+00   0.0000000e+00   1.0000000e+00
   1.2625766e+02   5.7921442e+02   1.0000000e+00   0.0000000e+00   1.0000000e+00
   1.6464865e+02   5.0759460e+02   1.0000000e+00   0.0000000e+00   1.0000000e+00
   1.6685333e+02   5.0495999e+02   1.0000000e+00   0.0000000e+00   1.0000000e+00
   1.7943903e+02   5.0221951e+02   1.0000000e+00   0.0000000e+00   1.0000000e+00
   1.6311765e+02   5.2826471e+02   1.0000000e+00   0.0000000e+00   1.0000000e+00
   1.9294203e+02   4.7750723e+02   1.0000000e+00   0.0000000e+00   1.0000000e+00
   2.1036957e+02   4.4221738e+02   1.0000000e+00   0.0000000e+00   1.0000000e+00
   2.0895555e+02   4.4384445e+02   1.0000000e+00   0.0000000e+00   1.0000000e+00
   2.0672078e+02   4.5009741e+02   1.0000000e+00   0.0000000e+00   1.0000000e+00
   1.9468750e+02   5.0060416e+02   1.0000000e+00   0.0000000e+00   1.0000000e+00
   1.9455556e+02   5.0069446e+02   1.0000000e+00   0.0000000e+00   1.0000000e+00
   2.2802438e+02   3.9304877e+02   1.0000000e+00   0.0000000e+00   1.0000000e+00
   2.2796970e+02   3.9327274e+02   1.0000000e+00   0.0000000e+00   1.0000000e+00
   2.2778723e+02   3.9377658e+02   1.0000000e+00   0.0000000e+00   1.0000000e+00
   2.2779033e+02   3.9361292e+02   1.0000000e+00   0.0000000e+00   1.0000000e+00
   1.5594792e+02   4.4505209e+02   1.0000000e+00   0.0000000e+00   1.0000000e+00
   1.5631915e+02   4.4485815e+02   1.0000000e+00   0.0000000e+00   1.0000000e+00
   1.5699480e+02   4.4397916e+02   1.0000000e+00   0.0000000e+00   1.0000000e+00
   1.5750204e+02   4.4328165e+02   1.0000000e+00   0.0000000e+00   1.0000000e+00
   1.5838835e+02   4.4634952e+02   1.0000000e+00   0.0000000e+00   1.0000000e+00
   1.5463158e+02   4.9282455e+02   1.0000000e+00   0.0000000e+00   1.0000000e+00
   1.5799315e+02   4.8738358e+02   1.0000000e+00   0.0000000e+00   1.0000000e+00
   1.2183721e+02   5.6788373e+02   1.0000000e+00   0.0000000e+00   1.0000000e+00
   2.0131250e+02   5.9381250e+02   1.0000000e+00   0.0000000e+00   1.0000000e+00
   1.1344736e+02   5.2515790e+02   1.0000000e+00   0.0000000e+00   1.0000000e+00
   1.8878048e+01   5.8490247e+02   1.0000000e+00   0.0000000e+00   1.0000000e+00
   8.9608109e+01   4.8262161e+02   1.0000000e+00   0.0000000e+00   1.0000000e+00
   1.0153425e+02   5.3983563e+02   1.0000000e+00   0.0000000e+00   1.0000000e+00
   6.3422222e+01   5.8644446e+02   1.0000000e+00   0.0000000e+00   1.0000000e+00
   1.3414285e+02   5.1395239e+02   1.0000000e+00   0.0000000e+00   1.0000000e+00
   1.6118605e+02   4.0772092e+02   1.0000000e+00   0.0000000e+00   1.0000000e+00
   1.6015741e+02   4.0784259e+02   1.0000000e+00   0.0000000e+00   1.0000000e+00
   1.1339474e+02   5.4849341e+02   1.0000000e+00   0.0000000e+00   1.0000000e+00
   1.0118919e+02   5.5589191e+02   1.0000000e+00   0.0000000e+00   1.0000000e+00
   2.2926190e+02   4.2197620e+02   1.0000000e+00   0.0000000e+00   1.0000000e+00
   2.2946341e+02   4.2229269e+02   1.0000000e+00   0.0000000e+00   1.0000000e+00
   2.2966667e+02   4.3645834e+02   1.0000000e+00   0.0000000e+00   1.0000000e+00
   2.2929231e+02   4.3698462e+02   1.0000000e+00   0.0000000e+00   1.0000000e+00
   2.2958139e+02   4.3661627e+02   1.0000000e+00   0.0000000e+00   1.0000000e+00
   2.2856880e+02   4.2341284e+02   1.0000000e+00   0.0000000e+00   1.0000000e+00
   2.1563158e+02   4.5765790e+02   1.0000000e+00   0.0000000e+00   1.0000000e+00
   2.1582191e+02   4.5424658e+02   1.0000000e+00   0.0000000e+00   1.0000000e+00
   1.7817857e+02   3.5167856e+02   1.0000000e+00   0.0000000e+00   1.0000000e+00
   2.6094116e+02   3.7720587e+02   1.0000000e+00   0.0000000e+00   1.0000000e+00
   1.8031372e+02   4.8313727e+02   1.0000000e+00   0.0000000e+00   1.0000000e+00
   3.8042374e+02   2.8390677e+02   1.0000000e+00   0.0000000e+00   1.0000000e+00
   5.1113513e+02   3.0962161e+02   1.0000000e+00   0.0000000e+00   1.0000000e+00
   5.0689362e+02   3.1332977e+02   1.0000000e+00   0.0000000e+00   1.0000000e+00
   5.0709091e+02   3.1323486e+02   1.0000000e+00   0.0000000e+00   1.0000000e+00
   5.0754913e+02   3.1143353e+02   1.0000000e+00   0.0000000e+00   1.0000000e+00
   5.0749649e+02   3.1245456e+02   1.0000000e+00   0.0000000e+00   1.0000000e+00
   1.0275000e+02   5.6647223e+02   1.0000000e+00   0.0000000e+00   1.0000000e+00
   4.8806152e+02   4.4713846e+02   1.0000000e+00   0.0000000e+00   1.0000000e+00
   4.8847223e+02   4.4744446e+02   1.0000000e+00   0.0000000e+00   1.0000000e+00
   4.8854111e+02   4.4745206e+02   1.0000000e+00   0.0000000e+00   1.0000000e+00
   4.8850259e+02   4.4745078e+02   1.0000000e+00   0.0000000e+00   1.0000000e+00
   4.9538724e+02   4.8790421e+02   1.0000000e+00   0.0000000e+00   1.0000000e+00
   4.9571786e+02   4.8800156e+02   1.0000000e+00   0.0000000e+00   1.0000000e+00
   4.9544568e+02   4.8802496e+02   1.0000000e+00   0.0000000e+00   1.0000000e+00
   4.9386945e+02   4.8788773e+02   1.0000000e+00   0.0000000e+00   1.0000000e+00
   4.9224344e+02   4.7955963e+02   1.0000000e+00   0.0000000e+00   1.0000000e+00
   4.4443076e+02   5.2092804e+02   1.0000000e+00   0.0000000e+00   1.0000000e+00
   4.4532312e+02   5.2051038e+02   1.0000000e+00   0.0000000e+00   1.0000000e+00
   4.4381171e+02   5.1922968e+02   1.0000000e+00   0.0000000e+00   1.0000000e+00
   4.5765109e+02   5.0506265e+02   1.0000000e+00   0.0000000e+00   1.0000000e+00
   3.9730466e+02   4.6518637e+02   1.0000000e+00   0.0000000e+00   1.0000000e+00
   3.9849762e+02   4.6533887e+02   1.0000000e+00   0.0000000e+00   1.0000000e+00
   3.9877896e+02   4.6495010e+02   1.0000000e+00   0.0000000e+00   1.0000000e+00
   4.7099783e+02   4.9118246e+02   1.0000000e+00   0.0000000e+00   1.0000000e+00
   4.0487143e+02   5.9108569e+02   1.0000000e+00   0.0000000e+00   1.0000000e+00
   4.0506451e+02   5.9086023e+02   1.0000000e+00   0.0000000e+00   1.0000000e+00
   3.9387500e+02   5.9610938e+02   1.0000000e+00   0.0000000e+00   1.0000000e+00
   3.9444827e+02   5.9549426e+02   1.0000000e+00   0.0000000e+00   1.0000000e+00
   4.0048825e+02   5.9265259e+02   1.0000000e+00   0.0000000e+00   1.0000000e+00
   4.0212915e+02   5.9136426e+02   1.0000000e+00   0.0000000e+00   1.0000000e+00
   4.0302393e+02   5.8893781e+02   1.0000000e+00   0.0000000e+00   1.0000000e+00
   4.0235208e+02   5.8744830e+02   1.0000000e+00   0.0000000e+00   1.0000000e+00
   5.8851221e+02   4.1914633e+02   1.0000000e+00   0.0000000e+00   1.0000000e+00
   5.9719049e+02   3.9897620e+02   1.0000000e+00   0.0000000e+00   1.0000000e+00
   3.6877118e+02   4.9388559e+02   1.0000000e+00   0.0000000e+00   1.0000000e+00
   3.6899014e+02   4.9466119e+02   1.0000000e+00   0.0000000e+00   1.0000000e+00
   3.6895834e+02   4.9521875e+02   1.0000000e+00   0.0000000e+00   1.0000000e+00
   3.6832715e+02   4.9641153e+02   1.0000000e+00   0.0000000e+00   1.0000000e+00
   3.5605554e+02   5.2355554e+02   1.0000000e+00   0.0000000e+00   1.0000000e+00
   3.5629166e+02   5.2358331e+02   1.0000000e+00   0.0000000e+00   1.0000000e+00
   3.5611111e+02   5.2365082e+02   1.0000000e+00   0.0000000e+00   1.0000000e+00
   6.8186813e+01   3.0382419e+02   1.0000000e+00   0.0000000e+00   1.0000000e+00
   6.8204918e+01   3.0339343e+02   1.0000000e+00   0.0000000e+00   1.0000000e+00
   6.8467064e+01   3.0270059e+02   1.0000000e+00   0.0000000e+00   1.0000000e+00
   6.8943321e+01   3.0208096e+02   1.0000000e+00   0.0000000e+00   1.0000000e+00
   6.9117462e+01   3.0167300e+02   1.0000000e+00   0.0000000e+00   1.0000000e+00
   9.4949997e+01   3.0042499e+02   1.0000000e+00   0.0000000e+00   1.0000000e+00
   9.4854546e+01   3.0074545e+02   1.0000000e+00   0.0000000e+00   1.0000000e+00
   9.4945946e+01   3.0055405e+02   1.0000000e+00   0.0000000e+00   1.0000000e+00
   9.4898987e+01   3.0029294e+02   1.0000000e+00   0.0000000e+00   1.0000000e+00
   9.5496819e+01   3.0028024e+02   1.0000000e+00   0.0000000e+00   1.0000000e+00
   9.6096489e+01   2.9988596e+02   1.0000000e+00   0.0000000e+00   1.0000000e+00
   3.4444444e+00   3.1788889e+02   1.0000000e+00   0.0000000e+00   1.0000000e+00
   3.5119047e+00   3.1977380e+02   1.0000000e+00   0.0000000e+00   1.0000000e+00
   1.2228813e+01   2.9096609e+02   1.0000000e+00   0.0000000e+00   1.0000000e+00
   3.0614706e+02   4.8332352e+02   1.0000000e+00   0.0000000e+00   1.0000000e+00
   3.0683673e+02   4.8483673e+02   1.0000000e+00   0.0000000e+00   1.0000000e+00
   8.4864864e+00   1.9118919e+02   1.0000000e+00   0.0000000e+00   1.0000000e+00
   8.7678576e+00   1.9125000e+02   1.0000000e+00   0.0000000e+00   1.0000000e+00
   9.2739725e+00   1.9120547e+02   1.0000000e+00   0.0000000e+00   1.0000000e+00
   9.6702127e+00   1.9136171e+02   1.0000000e+00   0.0000000e+00   1.0000000e+00
   3.7167242e+02   5.7105170e+02   1.0000000e+00   0.0000000e+00   1.0000000e+00
   3.7138962e+02   5.7110388e+02   1.0000000e+00   0.0000000e+00   1.0000000e+00
   3.7143268e+02   5.7097113e+02   1.0000000e+00   0.0000000e+00   1.0000000e+00
   3.7136365e+02   5.7045453e+02   1.0000000e+00   0.0000000e+00   1.0000000e+00
   3.7445663e+02   5.6770776e+02   1.0000000e+00   0.0000000e+00   1.0000000e+00
   3.7517993e+02   5.6680621e+02   1.0000000e+00   0.0000000e+00   1.0000000e+00
   3.7528064e+02   5.6649048e+02   1.0000000e+00   0.0000000e+00   1.0000000e+00
   1.9473914e+02   2.9184784e+02   1.0000000e+00   0.0000000e+00   1.0000000e+00
   1.9475862e+02   2.9179309e+02   1.0000000e+00   0.0000000e+00   1.0000000e+00
   1.6795122e+02   1.9080487e+02   1.0000000e+00   0.0000000e+00   1.0000000e+00
   1.6759322e+02   1.9152542e+02   1.0000000e+00   0.0000000e+00   1.0000000e+00
   1.6682143e+02   1.9227380e+02   1.0000000e+00   0.0000000e+00   1.0000000e+00
   1.9621951e+02   3.0212195e+02   1.0000000e+00   0.0000000e+00   1.0000000e+00
   1.9640678e+02   3.0222034e+02   1.0000000e+00   0.0000000e+00   1.0000000e+00
