 75.643753  35.50021 
 448.47473  35.234772 
 469.30991  35.30991 
 83.022919  37.279846 
 100.97359  36.976891 
 475.17072  37.888275 
 93.013031  40.184849 
 464.54282  40.25946 
 76.410393  43.212147 
 444.44827  45.589062 
 84.340309  47.882381 
 78.310204  50.298115 
 341.53827  51.105713 
 243.06854  52.154202 
 350.30618  53.567028 
 76.348465  55.8479 
 461.23672  65.768539 
 469.97357  66.99575 
 264.66809  68.507217 
 441.7114  68.951401 
 338.18094  84.268044 
 502.75204  84.494637 
 47.467724  87.50238 
 413.95099  89.459244 
 513.58484  88.9748 
 292.68845  92.923523 
 412.95975  98.041992 
 569.01178  98.078926 
 401.26981  98.91935 
 339.64746  108.36304 
 527.76935  110.7773 
 522.18024  110.59406 
 409.63281  112.21164 
 33.533726  116.25728 
 534.70496  128.22052 
 316.33691  131.5106 
 31.907871  140.98454 
 407.44122  143.39088 
 536.0188  155.23834 
 90.22345  161.72246 
 96.243675  163.4373 
 509.54584  168.19237 
 294.17307  176.83463 
 66.769394  181.29747 
 522.03326  182.08669 
 59.874928  186.53111 
 372.28409  195.392 
 535.92358  195.91415 
 132.34088  195.84679 
 542.05206  196.59012 
 180.67015  199.17279 
 239.93156  200.32712 
 117.03437  202.34564 
 216.94231  201.0909 
 530.58423  200.59608 
 106.029  199.8573 
 520.04089  201.37724 
 226.04417  203.07529 
 130.88675  204.3123 
 270.74857  202.96429 
 507.25995  204.77684 
 89.697449  206.18083 
 140.4171  205.87804 
 102.63037  211.27718 
 366.68323  209.08235 
 130.61462  213.11768 
 138.91161  213.93756 
 267.22668  214.23463 
 384.75195  214.31384 
 377.10345  217.06163 
 99.917458  219.84023 
 136.11206  221.43217 
 478.88425  223.6329 
 473.53992  228.72838 
 136.70509  228.56667 
 458.30823  227.66864 
 54.176556  237.44803 
 432.54584  237.50327 
 62.743595  240.70178 
 187.98723  239.25185 
 425.83203  240.33183 
 439.43866  241.52881 
 61.83139  242.35361 
 122.44701  242.39757 
 448.68594  241.90785 
 445.41309  246.812 
 396.16269  250.18465 
 315.47565  254.07018 
 436.98505  253.52046 
 326.92355  256.81638 
 324.65799  258.99338 
 399.35504  259.83701 
 347.091  264.17627 
 427.07559  265.59598 
 196.67497  268.44354 
 362.6333  269.60571 
 361.47516  271.38239 
 348.24469  270.85001 
 457.85687  279.07925 
 119.25718  280.1821 
 239.41895  282.75824 
 207.2513  289.06882 
 231.87036  290.29596 
 223.93663  294.40646 
 232.85576  298.70029 
 215.63763  305.78821 
 35.328556  312.94931 
 255.34718  313.62991 
 41.76479  314.66827 
 261.24234  315.44296 
 290.07541  321.31345 
 274.60724  325.14105 
 231.19307  333.91129 
 237.58043  336.60449 
 313.6225  336.62143 
 342.40637  336.95416 
 359.1514  340.70551 
 214.13406  344.60995 
 242.10037  345.10175 
 378.29395  348.66995 
 364.60114  348.31982 
 371.97028  351.17548 
 124.64966  351.67068 
 134.13603  353.42065 
 392.72479  355.16177 
 402.66794  356.60489 
 213.43448  356.51651 
 221.25584  358.5235 
 113.94334  361.18646 
 211.03111  365.82706 
 63.278938  369.64517 
 392.50479  367.98615 
 447.3215  368.44836 
 454.68719  371.47299 
 211.46222  374.3045 
 409.793  373.59387 
 356.12085  374.99213 
 279.0351  382.09677 
 287.21042  384.93451 
 241.88535  438.33789 
 238.0282  442.06909 
 348.33942  449.20273 
 360.80746  449.09903 
 299.20398  450.79532 
 194.39859  455.1528 
 329.77679  454.13138 
 351.46506  461.41028 
 356.57156  462.08896 
 240.45181  466.73032 
 319.9213  466.7536 
 325.12088  469.43683 
 511.92297  468.93616 
 264.02002  476.42346 
 234.73819  481.01239 
 186.0451  483.16074 
 221.83702  482.12869 
 227.35522  483.17374 
 420.75281  490.69604 
 235.89024  491.87936 
 429.3288  492.67877 
 240.41089  493.85275 
 355.97803  497.05225 
 366.24292  498.92255 
 154.42938  498.58664 
 380.07526  507.85184 
 247.97141  509.32501 
 354.88809  512.16833 
 229.6207  514.79395 
 422.22916  513.93689 
 346.66684  514.81934 
 356.05627  515.82422 
 219.03271  519.48041 
 295.32346  519.90704 
 343.66147  524.58179 
 60.422878  526.72247 
 353.25424  527.00586 
 241.63177  527.47943 
 247.96927  527.7085 
 336.88281  529.33722 
 336.25403  532.91669 
 246.34952  537.1051 
 240.13396  538.85132 
 220.05107  540.12524 
 168.04858  542.28241 
 337.56229  540.19727 
 174.17314  542.58533 
 362.58096  542.46704 
 219.01051  549.44171 
 205.57408  549.97498 
 323.00305  549.68176 
 329.48117  554.76556 
 194.21864  554.45715 
 199.67647  556.6994 
 205.71535  560.62244 
 522.73218  562.08575 
 238.28108  47.039696 
 450.54401  49.614059 
 78.059761  52.87851 
 273.95801  57.314991 
 249.7189  58.542854 
 81.345192  70.024765 
 236.20052  71.223198 
 491.53995  72.953758 
 523.05499  75.259743 
 509.44711  78.293381 
 397.14783  90.815239 
 280.45126  92.030495 
 391.16296  96.256912 
 265.83054  99.144211 
 299.83951  100.50571 
 51.702202  102.88835 
 288.73105  102.81947 
 438.91678  113.9277 
 416.17282  144.70938 
 265.54446  152.47737 
 404.49124  161.68234 
 390.21698  176.19922 
 498.49747  180.20479 
 52.228184  182.56735 
 530.04553  183.85036 
 502.97226  188.4086 
 216.59731  188.88521 
 366.39194  188.95062 
 120.64444  191.73489 
 137.15314  192.024 
 513.38904  192.9294 
 287.81747  207.73802 
 183.45073  213.04607 
 259.90149  213.88972 
 262.578  221.23705 
 135.38065  223.8826 
 214.76088  224.17661 
 230.18971  228.20616 
 120.69845  231.16273 
 159.87741  232.8826 
 179.81572  235.95772 
 418.13193  236.23396 
 142.87976  237.85278 
 349.62958  253.83754 
 445.91678  255.23022 
 421.94821  257.35245 
 227.1877  267.86459 
 450.42426  275.80365 
 194.81776  280.17657 
 230.04721  281.78091 
 233.74242  296.13016 
 292.86035  330.25052 
 207.02818  343.24155 
 112.83591  346.84564 
 411.46609  351.11584 
 231.15712  354.32693 
 105.74743  357.06641 
 55.745949  368.41962 
 223.4025  371.09915 
 360.63135  428.96692 
 229.28087  437.84674 
 188.65506  451.96637 
 338.16486  456.82767 
 234.02243  463.62473 
 215.05276  480.52731 
 202.28026  493.74731 
 413.77533  511.15005 
 414.98425  521.76563 
 438.39923  531.70172 
 431.44656  537.47968 
 348.24765  539.45789 
 372.36829  549.30023 
 243.90976  51.576698 
 338.83649  84.109291 
 339.79733  108.08739 
 96.80735  163.77721 
 530.69415  200.85625 
 89.828423  205.32692 
 138.65074  214.21996 
 479.21402  219.91368 
 122.80237  242.35338 
 435.27991  253.9812 
 211.59123  374.91696 
 299.7919  450.07153 
 357.74393  461.95035 
 319.08197  466.6185 
 248.47206  527.88971 
 239.3403  538.07117 
 62.022182  59.672237 
 248.86079  59.918011 
 460.14618  66.587906 
 470.40637  66.655014 
 265.76648  67.858276 
 81.866478  68.74913 
 442.33673  68.704628 
 236.86914  70.972 
 492.32492  73.752129 
 523.60907  76.95974 
 501.97382  84.735481 
 513.51355  87.743675 
 414.18484  89.414986 
 292.65695  94.616615 
 390.74725  95.723282 
 266.21707  98.409035 
 401.87283  98.844803 
 289.25418  101.89159 
 401.75128  109.80527 
 527.82849  110.9993 
 410.27368  112.3589 
 316.55011  131.48509 
 406.16553  144.34206 
 416.43881  145.52847 
 403.56799  150.11589 
 266.02139  152.48303 
 514.35315  153.87045 
 535.64899  155.5211 
 494.79028  159.42143 
 73.187988  160.10944 
 89.70948  161.80257 
 403.81799  163.37393 
 526.65454  167.26245 
 509.82419  168.50946 
 60.858517  168.94992 
 382.26324  169.00699 
 357.90475  171.73837 
 372.42014  174.5585 
 294.42807  176.54604 
 390.63055  176.98621 
 497.27798  180.09042 
 521.50677  181.12897 
 66.039284  182.12299 
 420.17218  182.04613 
 530.92151  182.64844 
 483.26227  188.43919 
 215.40971  188.72495 
 365.17691  188.98347 
 503.53824  189.39529 
 121.15372  190.60226 
 400.55469  191.09956 
 135.59067  192.56476 
 513.83447  192.77808 
 372.77042  195.6364 
 181.57648  198.98465 
 496.90924  199.04176 
 239.18233  200.1506 
 215.61519  200.54909 
 270.88739  202.39607 
 117.12348  203.00453 
 226.69202  203.32684 
 143.85707  203.89764 
 507.06152  203.99812 
 252.27928  206.76549 
 288.16229  207.71585 
 366.55005  209.22377 
 102.56147  213.18985 
 129.54352  213.37569 
 183.83835  212.97366 
 89.499657  215.26375 
 377.44547  216.45262 
 262.43774  220.93791 
 274.75031  222.27615 
 213.82582  224.08025 
 134.87892  224.95522 
 148.7149  226.25853 
 228.2112  227.33685 
 457.27609  226.83047 
 472.99664  229.06689 
 121.43723  231.57127 
 157.12773  232.24207 
 262.86588  236.48602 
 417.18158  236.28676 
 466.58395  235.68657 
 178.05429  236.5488 
 188.04868  239.3943 
 426.96738  240.42659 
 63.067284  240.51805 
 438.7023  241.37657 
 449.09671  242.65773 
 396.52866  250.21272 
 349.53586  252.82593 
 314.83847  253.85461 
 326.81085  256.50314 
 339.54807  256.32864 
 421.22623  256.53964 
 251.98811  261.17331 
 427.58963  265.07803 
 348.82474  266.06958 
 226.96049  267.31396 
 197.10042  268.26785 
 361.35446  271.05423 
 457.74341  279.31854 
 119.04619  280.00861 
 195.1777  279.81891 
 229.27536  281.01932 
 239.55736  282.15302 
 270.30682  283.2764 
 207.33704  288.88779 
 221.91075  295.22836 
 233.88124  294.63431 
 216.18419  305.78665 
 262.94485  314.44839 
 290.8223  321.26242 
 274.66675  325.49652 
 292.06042  331.0152 
 230.84319  333.67676 
 313.63229  336.46387 
 237.9604  336.75595 
 342.90622  336.56107 
 206.58054  342.88968 
 242.41846  345.7818 
 112.82919  347.57898 
 363.9151  348.15198 
 376.88507  349.1861 
 123.98613  350.80975 
 411.05658  352.47437 
 134.45064  353.24173 
 232.07454  354.31946 
 391.91379  354.50681 
 213.02733  355.75586 
 403.25873  357.43948 
 221.47032  358.60327 
 114.27295  360.37164 
 210.34747  365.70547 
 391.84964  367.72974 
 446.51199  368.14502 
 63.312813  370.45789 
 224.43341  370.70822 
 455.81244  371.3428 
 407.39075  373.54782 
 279.06577  382.01218 
 287.5683  384.77316 
 452.28052  384.78378 
 229.62109  437.35678 
 238.33612  441.33945 
 347.99777  449.17184 
 361.89069  448.97375 
 329.99365  453.14587 
 338.2294  457.35751 
 234.02873  462.08066 
 240.5233  467.91754 
 186.24854  483.70966 
 205.33421  484.46088 
 419.75574  490.19351 
 202.23969  492.16284 
 429.50629  492.53653 
 355.41373  497.29416 
 366.45969  501.02255 
 412.70615  512.08411 
 345.53171  513.51605 
 356.99329  514.29321 
 423.26547  514.02448 
 372.75845  517.00171 
 318.68576  520.25763 
 414.02103  522.11188 
 240.7191  527.74054 
 353.98453  527.54059 
 324.25269  529.4071 
 337.16025  532.65112 
 432.66733  536.57886 
 349.7045  538.43188 
 271.61151  58.040367 
 249.30191  527.37494 
 413.88699  90.497658 
 390.39734  92.561935 
 267.41473  94.763397 
 291.93103  98.290779 
 402.63647  98.214218 
 512.11664  104.89114 
 316.66919  130.87437 
 402.97794  146.42725 
 494.87579  160.41315 
 89.257378  161.64522 
 378.59125  166.30487 
 399.94244  171.25406 
 360.27866  170.38664 
 509.83218  169.3243 
 293.54919  175.72658 
 497.1637  176.83698 
 391.84747  178.03349 
 414.37558  180.72366 
 119.54623  189.0748 
 503.30688  189.93875 
 135.07932  193.02368 
 211.5945  193.39113 
 104.50829  197.22572 
 181.47534  197.63483 
 235.79643  200.16656 
 116.40662  202.63052 
 507.08795  201.68626 
 255.15361  207.06403 
 367.0354  208.98639 
 101.74338  214.52101 
 128.12167  214.71104 
 184.38817  214.21214 
 379.04977  215.39627 
 261.02237  217.47302 
 185.88412  219.15062 
 209.82753  222.81456 
 274.63269  224.93578 
 456.40347  224.90889 
 227.95265  225.15474 
 176.34944  225.98112 
 471.45261  230.23824 
 148.49628  231.48279 
 416.08908  234.94017 
 263.98669  236.59496 
 187.72177  239.85551 
 435.94803  241.91008 
 461.60324  241.2426 
 449.91226  245.5455 
 299.62381  249.20105 
 397.3591  250.94916 
 313.27841  251.4863 
 341.82944  252.29007 
 326.5965  255.81113 
 248.79683  262.0574 
 295.24118  261.77655 
 347.98737  266.95761 
 226.21211  267.19681 
 360.88864  272.26572 
 194.86115  280.15112 
 267.92261  279.80255 
 208.47176  290.13437 
 233.39726  292.80396 
 263.01581  301.94507 
 264.71283  313.74521 
 274.84024  324.9733 
 313.44662  335.20715 
 342.11099  335.19125 
 123.96542  345.35913 
 98.330307  347.7811 
 359.70834  349.68475 
 376.57205  349.42462 
 134.95993  352.55005 
 233.73152  353.72821 
 113.45853  357.63821 
 219.28722  358.27435 
 407.13248  357.48981 
 388.19705  360.58841 
 209.32999  364.14563 
 226.12117  370.39075 
 405.63394  369.85745 
 457.55298  370.0939 
 278.16705  381.64346 
 238.70447  441.33115 
 334.47281  444.28116 
 326.1185  451.2894 
 361.72031  452.01605 
 186.35713  483.90656 
 201.14035  488.4769 
 429.16  491.69882 
 351.38943  495.39944 
 342.43588  510.76337 
 358.67966  511.9808 
 401.85849  143.68314 
 363.80307  171.43132 
 292.90247  175.98712 
 117.06574  189.76566 
 136.036  194.80791 
 208.58725  196.29991 
 233.33885  201.17406 
 257.11404  208.92433 
 128.03421  220.0453 
 186.2619  219.93332 
 206.28186  223.08022 
 230.09119  224.02162 
 275.10818  228.10925 
 149.9447  230.43149 
 470.23444  232.37221 
 265.34091  237.03581 
 415.39441  235.345 
 188.05043  240.3231 
 242.82454  242.43417 
 433.4357  242.57161 
 314.19189  246.02348 
 453.55865  245.9221 
 296.13736  250.01463 
 343.76462  249.41821 
 398.15112  250.12575 
 326.7977  255.58958 
 246.62547  262.14746 
 346.71997  267.88483 
 221.21841  271.85629 
 361.39227  274.27408 
 270.12155  275.38788 
 196.08276  279.55466 
 233.89925  290.74097 
 263.32596  306.73865 
 275.69284  324.80795 
 341.96246  334.45734 
 313.43164  335.0994 
 375.22272  349.21729 
 136.17882  352.59674 
 235.98911  357.33652 
 210.35471  360.80496 
 408.15814  363.36584 
 224.4651  371.63965 
 329.80673  444.92114 
 358.31995  450.88818 
 365.92715  170.18542 
 292.38107  175.52487 
 399.65063  176.55409 
 260.34326  199.21959 
 232.00014  206.8261 
 197.98891  213.30215 
 272.04303  235.32333 
 424.91837  238.02579 
 239.67653  257.87469 
 274.72928  265.27325 
 211.76149  269.2482 
 346.05753  266.55728 
 232.41119  291.7626 
 261.03348  304.28558 
 207.33878  353.07278 
 234.48842  354.68549 
 385.2713  360.66879 
 410.31961  361.3317 
 230.52437  257.63995 
 278.47342  254.56483 
 274.03452  308.14325 
 233.23363  357.50928 
