 83.724152 
 308.46036 
 260.77408 
 273.51181 
 231.49541 
 68.88607 
 255.36328 
 98.82029 
 264.20346 
 88.801094 
 279.25961 
 262.4704 
 264.01617 
 90.664452 
 244.67345 
 82.726372 
 262.17377 
 70.272591 
 286.453 
 110.3962 
 92.946182 
 106.15309 
 257.70059 
 279.42227 
 269.31354 
 289.0567 
 245.93417 
 237.52374 
 293.31592 
 245.61852 
 257.00723 
 298.19376 
 253.31369 
 295.33618 
 268.39999 
 267.15497 
 267.8605 
 50.213898 
 310.82629 
 90.935654 
 112.87166 
 291.16406 
 124.07069 
 334.79202 
 127.10367 
 218.27557 
 129.47023 
 205.87993 
 238.25023 
 232.38252 
 105.0691 
 340.69858 
 195.68962 
 63.818451 
 50.381653 
 287.5379 
 203.54115 
 260.48926 
 249.43123 
 331.18246 
 77.642548 
 273.9577 
 251.03917 
 179.97467 
 75.253952 
 258.73175 
 95.155136 
 93.349503 
 76.11171 
 131.30931 
 121.00808 
 266.72412 
 230.25655 
 282.46677 
 312.39368 
 118.3839 
 328.6651 
 32.745651 
 230.4064 
 328.5032 
 207.73801 
 78.185211 
 86.174423 
 315.20013 
 277.24673 
 112.13831 
 268.51996 
 70.044884 
 110.39761 
 246.75189 
 121.36967 
 265.07361 
 89.073212 
 117.22102 
 272.70874 
 250.07814 
 250.70384 
 73.26973 
 114.41939 
 115.82163 
 281.92041 
 76.871727 
 250.61644 
 131.15944 
 103.17244 
 264.46613 
 115.25462 
 81.39476 
 287.86444 
 96.799744 
 291.97177 
 106.21585 
 74.301544 
 249.14229 
 107.73433 
 250.54144 
 100.5993 
 95.243484 
 276.50095 
 255.1084 
 269.09555 
 107.95286 
 101.30031 
 78.056679 
 268.0658 
 106.35593 
 270.41541 
 257.49484 
 97.971909 
 226.17856 
 112.48853 
 127.04427 
 330.25439 
 203.26765 
 74.877884 
 116.88175 
 24.144228 
 135.85753 
 181.12668 
 282.79883 
 295.18903 
 113.21942 
 334.1832 
 8.9707975 
 200.89854 
 317.12277 
 302.12216 
 318.26575 
 315.1821 
 305.19543 
 268.4332 
 249.9817 
 103.19202 
 240.76865 
 122.48217 
 251.37085 
 260.12094 
 252.63618 
 234.62704 
 257.43463 
 121.28132 
 262.55444 
 236.72681 
 252.21806 
 252.66452 
 268.2991 
 262.63654 
 278.99469 
 80.109978 
 265.78036 
 82.797897 
 276.23911 
 88.468422 
 267.60571 
 261.38101 
 252.92511 
 277.93661 
 271.25293 
 87.704826 
 80.958244 
 76.06514 
 94.106567 
 102.34338 
 106.16106 
 89.837067 
 282.77792 
 265.01852 
 255.42563 
 282.26312 
 303.56921 
 258.73047 
 278.31351 
 259.24347 
 256.28995 
 258.60489 
 286.26743 
 276.21066 
 262.73547 
 291.41498 
 282.8938 
 294.85074 
 246.84177 
 258.61221 
 258.22351 
 68.029266 
 246.1757 
 90.104309 
 235.9886 
 293.85959 
 292.96976 
 291.4437 
 228.60857 
 292.61179 
 248.53064 
 245.19496 
 231.55797 
 293.42877 
 294.79819 
 300.92535 
 254.68196 
 224.52353 
 298.78827 
 267.63446 
 267.30392 
 237.02722 
 227.72725 
 315.88684 
 310.60037 
 247.84663 
 247.81558 
 257.55356 
 322.06625 
 265.34167 
 92.436012 
 227.22787 
 324.7738 
 243.99823 
 121.31103 
 122.652 
 289.5036 
 244.94905 
 227.89958 
 329.28787 
 131.11086 
 245.46065 
 325.39304 
 265.96292 
 350.33197 
 209.29436 
 235.61142 
 239.3782 
 107.49921 
 244.85928 
 340.38123 
 341.8732 
 199.74712 
 49.382336 
 51.261421 
 143.55678 
 229.8187 
 204.59653 
 89.588715 
 244.31731 
 283.73495 
 241.37445 
 240.13924 
 230.2886 
 274.62656 
 258.15146 
 77.430588 
 214.70422 
 236.7652 
 272.17072 
 220.22777 
 69.587685 
 229.87627 
 184.53459 
 272.11597 
 318.02646 
 185.25952 
 307.72339 
 161.425 
 330.48859 
 128.32379 
 255.84604 
 149.42241 
 324.0058 
 65.655724 
 254.18652 
 276.35391 
 318.99399 
 280.92926 
 231.34041 
 246.51164 
 106.19026 
 116.55308 
 233.43001 
 26.340191 
 328.52426 
 107.09588 
 328.75851 
 98.414978 
 216.07939 
 70.859825 
 78.812378 
 312.22046 
 275.7644 
 281.93393 
 270.49719 
 285.12454 
 111.91579 
 105.66463 
 218.57346 
 310.12424 
 274.37854 
 229.84016 
 286.3645 
 116.34203 
 84.663368 
 307.95721 
 110.37011 
 267.66266 
 241.7753 
 269.0191 
 118.41128 
 247.2883 
 309.51505 
 246.71953 
 246.61661 
 259.40109 
 299.32755 
 72.386848 
 297.6785 
 297.82422 
 251.93233 
 250.83003 
 293.7774 
 297.37424 
 250.04472 
 115.84984 
 287.76312 
 253.6214 
 281.01727 
 252.4493 
 263.47687 
 270.36801 
 75.992638 
 284.80167 
 289.7265 
 76.170998 
 230.49416 
 280.09103 
 253.48827 
 263.17606 
 289.78964 
 72.662697 
 66.843033 
 270.76007 
 278.4556 
 253.89687 
 288.46857 
 247.33458 
 104.29575 
 261.12012 
 78.309738 
 80.182281 
 285.88953 
 94.878334 
 74.247879 
 103.9953 
 86.262909 
 68.92791 
 99.62394 
 67.255241 
 79.124847 
 256.67923 
 281.9613 
 258.42828 
 66.854485 
 252.66122 
 260.05154 
 98.268044 
 108.77145 
 101.09989 
 173.62129 
 43.447968 
 277.06497 
 270.24899 
 76.325005 
 267.97629 
 84.141853 
 265.32523 
 283.05829 
 273.75568 
 262.9866 
 297.13321 
 259.82385 
 249.49643 
 283.57599 
 271.09985 
 293.3696 
 282.87439 
 237.60387 
 76.322304 
 251.56886 
 295.71146 
 288.01172 
 238.55157 
 294.77499 
 242.18372 
 241.66896 
 304.09235 
 227.89987 
 300.38278 
 226.20958 
 249.8743 
 330.85132 
 228.18857 
 106.87677 
 114.35503 
 333.99341 
 235.05029 
 223.03958 
 234.49525 
 141.99419 
 198.00462 
 227.02516 
 270.78827 
 229.12106 
 217.84959 
 240.33763 
 278.71509 
 198.55255 
 143.02148 
 78.534233 
 240.4429 
 108.16824 
 315.74954 
 222.93153 
 59.44944 
 108.16694 
 116.95116 
 226.91139 
 106.96995 
 323.82138 
 64.015472 
 224.47707 
 77.859482 
 299.35291 
 297.32352 
 306.76706 
 115.17876 
 310.04413 
 102.51837 
 230.85863 
 272.97183 
 280.47028 
 112.82659 
 307.88736 
 107.8603 
 234.30191 
 310.98718 
 258.66559 
 302.48608 
 245.0527 
 252.55711 
 305.05655 
 249.59462 
 294.69153 
 283.20239 
 288.79803 
 257.36813 
 265.78238 
 250.27798 
 72.870239 
 238.9061 
 289.17828 
 75.913849 
 266.12338 
 248.83395 
 282.08707 
 275.12564 
 73.938759 
 101.74326 
 95.572777 
 270.43896 
 100.61777 
 84.781654 
 263.31354 
 269.26691 
 254.84366 
 273.78302 
 300.93427 
 284.72983 
 253.65759 
 262.34488 
 267.38571 
 273.96152 
 255.97772 
 238.34128 
 255.52153 
 292.87918 
 237.28316 
 290.34546 
 295.01984 
 294.3782 
 296.78775 
 230.62518 
 225.50317 
 107.63795 
 318.46201 
 311.1239 
 326.76266 
 198.54091 
 241.10062 
 116.83008 
 234.32895 
 211.41615 
 210.66032 
 327.87845 
 102.08295 
 248.9402 
 233.87224 
 193.35561 
 273.27063 
 194.7612 
 108.09723 
 207.07535 
 316.29614 
 107.5536 
 220.75099 
 65.104706 
 104.9463 
 307.30069 
 84.276619 
 218.94351 
 303.55911 
 237.53195 
 112.46795 
 302.2182 
 246.25359 
 288.71317 
 293.70273 
 284.23703 
 269.2688 
 254.12708 
 73.563156 
 286.85007 
 265.59964 
 255.93097 
 272.71365 
 280.85043 
 242.6897 
 267.92825 
 248.00044 
 318.98068 
 213.11586 
 97.606056 
 207.84999 
 164.70624 
 109.29362 
 239.83173 
 115.917 
 226.15666 
 308.78589 
 251.83838 
 99.60527 
