 255.46693 
 266.83661 
 74.900032 
 97.496017 
 262.77072 
 283.93909 
 64.912666 
 260.1543 
 267.90964 
 84.40567 
 251.81853 
 79.067673 
 254.75877 
 66.761177 
 284.06042 
 109.08924 
 101.29559 
 83.439072 
 96.00222 
 281.6261 
 282.14206 
 106.1044 
 260.36993 
 293.91614 
 267.8223 
 285.58142 
 246.1649 
 249.1712 
 238.81326 
 293.70273 
 300.33264 
 238.02002 
 245.12201 
 258.55118 
 300.98401 
 255.41032 
 294.43686 
 266.20761 
 301.75928 
 266.62378 
 257.30032 
 65.820259 
 316.02826 
 53.579975 
 87.949867 
 113.4649 
 290.55176 
 128.74376 
 313.58603 
 222.05078 
 207.53976 
 231.00137 
 234.91444 
 104.60078 
 339.14645 
 61.575321 
 52.405075 
 70.877556 
 296.11896 
 203.51955 
 299.59103 
 250.94353 
 335.21915 
 266.21283 
 271.673 
 253.44757 
 75.649689 
 270.0163 
 98.524796 
 83.64418 
 69.3741 
 261.61346 
 45.609779 
 133.70229 
 121.6846 
 264.49591 
 36.974003 
 304.88422 
 280.03625 
 253.61967 
 171.91333 
 329.26181 
 117.00507 
 29.144779 
 229.76065 
 328.72559 
 277.71689 
 206.12225 
 74.66021 
 78.36496 
 266.68472 
 83.357582 
 317.68811 
 278.41461 
 106.2484 
 267.97473 
 110.14871 
 294.76645 
 305.71475 
 268.57529 
 55.578106 
 93.734886 
 282.01868 
 251.70952 
 249.39507 
 72.62751 
 123.92622 
 281.52048 
 249.16908 
 73.848511 
 131.7572 
 103.83089 
 266.44339 
 248.04088 
 114.39081 
 97.064453 
 275.29633 
 80.560486 
 287.77255 
 96.481636 
 106.78403 
 71.334816 
 249.04659 
 249.90334 
 264.39133 
 94.516418 
 72.228378 
 271.98474 
 106.26643 
 74.699692 
 105.69529 
 275.2674 
 287.8782 
 257.65109 
 98.449432 
 259.035 
 295.88596 
 220.83868 
 225.46439 
 202.22121 
 314.483 
 204.00928 
 310.09512 
 14.002895 
 125.67098 
 280.68683 
 184.20964 
 280.43289 
 207.80788 
 81.346481 
 116.35794 
 276.80563 
 313.45074 
 309.8555 
 313.91693 
 317.41379 
 269.2233 
 304.89938 
 299.49246 
 297.64139 
 114.81082 
 251.44624 
 247.75859 
 240.07928 
 252.94949 
 255.85735 
 113.31107 
 278.76382 
 263.06354 
 271.88953 
 278.76312 
 79.041451 
 86.705795 
 268.28119 
 86.421349 
 263.98508 
 255.76538 
 250.82787 
 81.027962 
 270.22195 
 87.784805 
 83.68325 
 262.97791 
 72.794235 
 104.53763 
 99.691322 
 112.07758 
 99.119637 
 95.424286 
 76.825699 
 279.10907 
 103.56875 
 265.50885 
 282.41885 
 259.76556 
 259.16885 
 99.435791 
 256.10367 
 256.32819 
 270.86273 
 273.92969 
 258.80228 
 261.96164 
 288.28625 
 284.72061 
 293.69595 
 248.30978 
 256.87854 
 265.31125 
 64.0075 
 252.43477 
 290.76044 
 242.18124 
 238.74817 
 93.351822 
 293.18246 
 294.48288 
 79.312477 
 248.48074 
 228.27504 
 243.60301 
 231.90933 
 293.67102 
 294.29514 
 299.66504 
 246.3488 
 300.79886 
 224.55318 
 297.71655 
 263.69608 
 261.33417 
 239.5325 
 315.70541 
 227.20261 
 306.3804 
 245.22646 
 57.448708 
 322.02615 
 90.174591 
 325.92038 
 225.34988 
 242.25314 
 121.49996 
 125.10519 
 231.39391 
 287.07663 
 243.2605 
 343.28033 
 239.57675 
 127.50845 
 223.17796 
 240.998 
 315.92767 
 99.016533 
 336.87805 
 207.84613 
 232.03255 
 236.15479 
 104.09261 
 217.49846 
 337.61887 
 104.12942 
 341.57068 
 200.09138 
 54.177574 
 51.786564 
 141.83809 
 288.9877 
 201.60558 
 206.76712 
 223.5475 
 90.287369 
 221.15372 
 125.75977 
 165.43713 
 288.82123 
 242.94324 
 219.97229 
 280.19891 
 244.87306 
 279.50818 
 263.50876 
 231.69609 
 218.03995 
 276.54901 
 87.175446 
 213.97498 
 205.27711 
 80.117386 
 183.9335 
 282.10086 
 270.75577 
 255.13797 
 208.31238 
 302.34094 
 141.93895 
 338.26825 
 126.03918 
 260.50903 
 148.87271 
 322.12939 
 287.4845 
 89.889397 
 266.40048 
 313.1304 
 301.45343 
 319.69489 
 331.80078 
 356.70642 
 231.84772 
 101.92628 
 249.88553 
 236.92888 
 97.306 
 333.8407 
 113.64016 
 29.689486 
 323.32724 
 105.08123 
 144.52646 
 79.267296 
 96.019371 
 206.75528 
 323.20706 
 210.47908 
 79.361702 
 86.490936 
 275.21024 
 314.85574 
 273.72357 
 287.09033 
 323.30563 
 288.04724 
 107.017 
 257.23987 
 106.42076 
 309.69611 
 273.83936 
 227.57664 
 300.05341 
 116.0083 
 85.359344 
 310.67972 
 111.25073 
 316.55185 
 241.42053 
 120.06519 
 245.84572 
 311.12787 
 249.43155 
 96.41201 
 73.952438 
 299.7952 
 290.38757 
 251.17853 
 257.25391 
 294.08722 
 297.67416 
 250.12207 
 115.79346 
 72.769737 
 287.8454 
 254.17558 
 280.09656 
 255.99303 
 270.65732 
 259.29169 
 76.769943 
 284.59103 
 244.80051 
 120.74612 
 75.506874 
 234.39842 
 120.791 
 281.11093 
 73.846962 
 253.56926 
 260.50217 
 291.73282 
 76.996513 
 68.719658 
 125.89185 
 276.78424 
 268.06165 
 291.39029 
 251.04219 
 110.91393 
 100.88267 
 80.868095 
 249.88382 
 281.43182 
 73.278091 
 287.79279 
 83.865524 
 255.20526 
 76.312805 
 82.400391 
 103.9733 
 67.563202 
 104.83006 
 75.184853 
 254.47661 
 266.01575 
 263.57083 
 252.87076 
 259.64172 
 94.25901 
 79.20372 
 90.791435 
 288.53812 
 275.92908 
 89.020058 
 267.30164 
 83.087097 
 260.78372 
 277.15466 
 261.3595 
 292.56802 
 252.13956 
 258.9949 
 287.04529 
 270.57785 
 297.60843 
 283.64944 
 241.45181 
 252.77628 
 249.32799 
 288.59744 
 291.16031 
 291.66541 
 243.24046 
 235.76381 
 293.94955 
 296.20355 
 226.02855 
 297.53989 
 229.08752 
 243.2455 
 323.00055 
 320.07675 
 228.57785 
 106.35189 
 115.03091 
 334.83105 
 133.69934 
 222.63593 
 211.88312 
 239.04843 
 349.36713 
 53.58762 
 198.82057 
 143.85696 
 222.80568 
 212.04355 
 274.23026 
 260.10971 
 96.384827 
 236.79437 
 171.647 
 275.23657 
 214.44745 
 135.02432 
 270.40762 
 74.840279 
 235.2326 
 63.687714 
 115.50462 
 305.54602 
 226.35217 
 359.15128 
 106.6176 
 62.220123 
 114.71403 
 232.75677 
 109.69946 
 322.02673 
 57.604465 
 223.26733 
 284.4335 
 299.70422 
 307.74487 
 113.21474 
 104.85508 
 306.05798 
 231.58882 
 281.73196 
 276.62231 
 109.54115 
 308.29272 
 106.81838 
 236.46893 
 316.55991 
 259.18872 
 303.40417 
 251.84601 
 254.25317 
 304.47403 
 250.23102 
 296.85144 
 288.53922 
 282.68494 
 259.57159 
 266.58911 
 245.91853 
 73.701111 
 229.92084 
 290.17004 
 288.83768 
 281.30878 
 76.952751 
 256.47516 
 69.76693 
 267.46887 
 251.73683 
 285.25626 
 273.76459 
 81.730453 
 75.114449 
 101.91718 
 99.540009 
 187.35774 
 261.52756 
 98.638306 
 263.25238 
 264.84073 
 273.24588 
 259.13272 
 292.16959 
 259.39874 
 283.74698 
 251.34535 
 256.27481 
 263.40799 
 277.94385 
 269.21796 
 238.62186 
 254.2805 
 280.04785 
 297.00845 
 240.89082 
 285.7496 
 289.90143 
 290.83286 
 300.8811 
 231.76274 
 297.92667 
 221.18813 
 306.2645 
 103.87815 
 232.28009 
 322.77069 
 311.92737 
 317.94244 
 236.13068 
 115.54028 
 214.44539 
 219.06702 
 144.88589 
 106.63695 
 272.86703 
 215.25931 
 186.15866 
 274.86597 
 192.23166 
 310.69485 
 193.61513 
 240.89468 
 314.92719 
 97.38195 
 108.17825 
 226.67484 
 64.2323 
 299.78217 
 81.075287 
 225.50587 
 316.8877 
 303.32742 
 243.30637 
 110.19707 
 266.16263 
 298.70905 
 245.66284 
 252.91223 
 304.15396 
 290.08032 
 268.01181 
 251.16693 
 77.508186 
 288.49051 
 262.81479 
 244.29636 
 268.37802 
 249.07295 
 312.37531 
 98.119904 
 168.68962 
 177.69818 
 109.19391 
 230.46729 
 225.5242 
 99.406517 
