 770.2937  915.20868 
 799.64575  920.37445 
 788.71564  943.31995 
 718.02405  53.412151 
 452.20352  57.164555 
 527.41766  62.195553 
 396.21582  77.344131 
 265.68634  93.409035 
 368.50928  92.652428 
 349.14154  97.644882 
 833.0318  135.31047 
 846.99023  138.64685 
 867.61237  138.88635 
 293.59723  144.16838 
 794.82971  143.96843 
 855.82495  143.89812 
 237.65959  150.10176 
 742.58508  152.75793 
 941.1012  160.57051 
 294.57367  168.627 
 876.28198  193.90504 
 210.19025  197.54424 
 72.133667  198.84761 
 555.8009  211.67607 
 154.44949  218.4126 
 208.1528  239.81747 
 455.0466  242.16835 
 451.92636  251.80713 
 955.80719  252.91138 
 512.73889  254.46236 
 517.61786  261.81671 
 541.57294  263.45444 
 566.20728  263.99841 
 642.43121  269.76422 
 593.88507  272.12598 
 617.10272  278.07181 
 213.871  279.58105 
 640.32813  279.99738 
 192.82059  281.28656 
 221.38507  283.19702 
 473.6203  286.82114 
 537.01666  287.01376 
 570.03033  290.2605 
 511.89136  293.03857 
 619.41132  293.3252 
 536.22852  296.70895 
 550.23126  296.64389 
 445.16  300.86786 
 649.95825  302.03198 
 668.98334  301.53769 
 460.85071  305.95798 
 949.80396  306.04245 
 406.74319  307.52829 
 440.48462  309.14355 
 729.14001  310.55725 
 374.68134  312.3045 
 606.71216  311.48822 
 456.92157  315.20062 
 440.16602  328.16739 
 645.22028  328.01761 
 724.37158  329.90576 
 209.23932  334.16989 
 926.30005  333.57251 
 429.81424  336.27148 
 688.7594  336.57678 
 684.22955  344.09915 
 149.17729  353.40637 
 257.71301  353.36926 
 936.64911  354.88559 
 404.26254  356.02744 
 722.14362  359.24792 
 352.33392  360.55548 
 353.45047  368.92511 
 350.8298  379.42548 
 649.45984  379.62817 
 976.42975  381.09332 
 357.67279  386.52194 
 388.44452  388.8002 
 349.37161  397.90018 
 943.3501  404.10492 
 367.14252  409.30096 
 308.52838  411.94913 
 720.99286  411.70706 
 339.52664  413.13 
 222.10233  413.60986 
 779.17139  420.90958 
 914.44012  424.00638 
 311.11337  435.4115 
 935.73285  437.81821 
 517.4433  441.17212 
 644.99127  448.0174 
 259.91483  452.40393 
 748.47577  457.64395 
 247.97032  463.09811 
 334.80035  463.30219 
 537.95636  469.62881 
 729.85364  472.37042 
 217.38788  483.04303 
 315.97559  482.95789 
 348.61505  484.74524 
 187.36369  487.50027 
 550.59955  486.89496 
 533.34418  488.41455 
 153.10428  489.5676 
 218.75983  492.21646 
 557.40985  492.76822 
 165.85605  497.61209 
 430.19125  500.52982 
 674.0899  501.91971 
 732.27545  502.12054 
 194.43271  505.14578 
 720.30811  508.49094 
 759.80963  507.77133 
 734.42999  524.08258 
 569.18353  530.93774 
 56.70422  531.54285 
 325.64392  533.07837 
 350.05945  537.7287 
 61.841503  539.1438 
 979.06677  546.92981 
 359.44833  560.01514 
 485.02927  565.41687 
 63.695576  578.30725 
 105.26521  577.52954 
 48.514389  580.91028 
 592.50452  582.82806 
 803.27924  588.40125 
 829.62415  588.18646 
 96.298805  589.68042 
 251.30524  591.13269 
 395.87683  593.17255 
 324.96799  594.57703 
 825.05243  599.2782 
 839.37811  598.88568 
 839.25031  606.18292 
 249.98401  615.11761 
 412.57693  616.65656 
 182.45761  620.13812 
 948.96698  624.97766 
 431.65518  627.38281 
 928.50549  630.66345 
 656.29608  637.12299 
 73.161392  644.18726 
 441.18619  645.50482 
 461.81735  650.75812 
 473.41791  658.32733 
 490.00949  664.32141 
 614.1228  663.50366 
 406.78677  668.1109 
 599.83948  668.35626 
 511.27725  669.15155 
 933.45746  668.92285 
 573.27521  672.07263 
 681.28113  672.84387 
 907.37256  672.58215 
 693.70746  677.41553 
 515.75159  679.11603 
 464.94885  679.72015 
 139.16553  680.66724 
 572.95154  683.35449 
 496.41617  686.03741 
 530.58765  691.55725 
 620.1958  698.44806 
 604.60474  700.13092 
 933.92712  703.24097 
 889.22559  705.46625 
 625.12048  706.89282 
 610.6087  708.18439 
 276.43301  715.22815 
 517.67499  716.29132 
 578.95593  715.55615 
 611.14349  716.95807 
 627.05304  718.38586 
 917.68134  721.42572 
 555.55939  724.86774 
 192.04567  733.69604 
 184.10193  734.86261 
 576.07556  735.69196 
 225.40128  739.35046 
 852.4621  740.44946 
 577.87335  742.91589 
 205.12006  744.11188 
 853.66809  753.19501 
 272.82895  767.96173 
 209.65623  772.83777 
 870.00543  777.48889 
 868.92682  785.9129 
 184.99998  822.98499 
 215.51112  827.73462 
 901.82068  829.14233 
 340.6174  835.61609 
 857.79608  844.34766 
 789.58649  846.20789 
 417.92593  846.63867 
 677.0036  849.78394 
 374.75473  851.5426 
 298.3515  853.80334 
 351.75009  854.70721 
 783.09399  858.98785 
 832.15942  858.78345 
 270.53079  864.27747 
 695.65204  866.9101 
 279.57935  867.79901 
 661.24554  871.4408 
 628.85205  871.48285 
 590.01801  874.37891 
 364.30133  875.24127 
 540.14294  874.85461 
 787.28949  875.84393 
 427.11783  879.15381 
 555.1333  879.65533 
 572.62726  880.48987 
 666.46954  881.36237 
 743.28101  882.34271 
 362.38861  884.34131 
 541.56921  884.99561 
 733.63776  887.75781 
 554.67297  889.18622 
 571.56427  890.56934 
 507.39822  896.57245 
 522.1604  896.55121 
 403.92853  897.94788 
 544.10626  897.73047 
 390.18176  904.60016 
 504.37292  906.72076 
 523.64581  906.5166 
 772.8811  906.79651 
 463.15933  912.36005 
 799.28625  911.6922 
 310.36539  914.29932 
 333.68036  914.73895 
 502.11581  914.80194 
 308.22675  922.41217 
 787.77747  923.06641 
 422.08582  924.47223 
 468.06284  957.91895 
 732.60217  499.68738 
 527.85895  62.12426 
 467.31952  64.967598 
 729.40338  65.808876 
 395.59213  78.464867 
 368.9386  91.994064 
 265.60083  93.496735 
 349.76285  97.966919 
 606.25195  105.52894 
 658.63153  122.28506 
 767.13898  126.26472 
 864.18225  127.83577 
 657.93182  134.33878 
 832.67877  134.5921 
 847.86584  137.38722 
 867.43292  139.09755 
 783.60016  140.02115 
 795.39673  143.46797 
 293.54251  144.08849 
 856.00055  144.2868 
 236.94028  149.91673 
 742.77722  152.83342 
 940.52081  160.36078 
 770.81873  164.71083 
 294.17926  167.5782 
 945.5733  171.80896 
 286.66418  176.12225 
 69.647644  178.81438 
 232.24782  185.83798 
 209.91306  186.9063 
 308.75302  190.89726 
 876.02527  192.91412 
 70.851212  197.4315 
 209.85878  197.28403 
 878.53601  202.5717 
 556.03961  211.66621 
 155.02664  219.04204 
 192.14183  220.26085 
 243.927  220.57643 
 114.7909  231.14653 
 196.203  231.59889 
 559.22565  233.26985 
 441.91382  234.07152 
 208.67577  240.02188 
 454.61041  241.87019 
 477.57361  247.6205 
 537.28143  248.39197 
 955.94141  252.37279 
 451.83737  252.56868 
 512.35614  254.09521 
 585.33154  256.62103 
 405.33731  257.99582 
 477.83319  259.37079 
 517.98883  262.29498 
 958.56024  261.9234 
 541.75653  262.72083 
 566.00586  263.38321 
 462.61304  266.21713 
 618.75281  267.51398 
 643.6983  269.82358 
 197.66837  271.35623 
 545.1828  271.2363 
 592.19  272.30798 
 655.93329  272.5087 
 470.09113  276.80392 
 617.47705  277.61786 
 215.05817  280.07159 
 641.22748  281.03012 
 196.05884  282.87631 
 220.03831  283.14346 
 654.8894  283.94412 
 473.24387  286.97272 
 537.6615  286.96008 
 572.0451  288.62341 
 669.1358  290.15179 
 512.78119  291.90903 
 620.04364  293.49942 
 698.80646  295.88599 
 607.26794  296.92258 
 634.67749  297.40552 
 589.27362  297.80664 
 573.10632  299.17313 
 446.10208  300.9509 
 514.77936  301.03769 
 649.61536  301.67529 
 669.06384  301.16586 
 460.6604  305.44702 
 949.86322  305.78235 
 407.25964  308.01184 
 937.66327  309.10992 
 439.95944  310.80685 
 729.07043  310.51761 
 607.13245  312.07883 
 374.34103  312.70132 
 629.83301  315.10587 
 456.00348  315.96912 
 645.15546  317.80209 
 658.13312  318.89474 
 177.71107  322.05811 
 709.9024  325.13791 
 375.29141  326.99826 
 428.20782  327.97314 
 440.03705  328.1882 
 644.83337  328.27673 
 724.30902  330.20609 
 209.07057  333.1955 
 665.33624  333.28549 
 925.20062  334.58963 
 689.63623  336.26086 
 429.27103  337.71289 
 336.17966  338.51978 
 209.10254  344.1857 
 684.39551  345.10242 
 258.15582  352.2977 
 148.93779  352.78751 
 705.35522  354.12485 
 936.58508  354.78177 
 736.59351  355.36963 
 242.41855  359.05063 
 352.98175  359.306 
 720.96912  359.9743 
 338.22241  361.10861 
 258.02139  362.0303 
 583.77423  364.62024 
 701.7478  364.53595 
 390.81265  367.94229 
 353.48801  369.18405 
 729.30688  377.67221 
 350.91888  379.427 
 648.35376  378.73865 
 387.91129  380.28268 
 603.76453  380.51285 
 723.19226  380.93488 
 950.60626  383.00754 
 357.94604  387.09341 
 388.03983  390.11206 
 746.86505  390.27887 
 348.34271  396.94797 
 863.99298  397.23782 
 211.23378  404.41672 
 942.65588  404.0253 
 327.13358  407.25418 
 309.00214  410.47729 
 863.22876  410.38016 
 721.10059  412.28076 
 338.93521  413.13852 
 222.66797  414.29004 
 931.27826  414.46466 
 733.60907  417.81726 
 356.62781  421.24939 
 779.00342  420.56906 
 468.26093  422.06641 
 914.6344  423.58301 
 411.97519  426.64417 
 352.83069  433.34979 
 915.3316  434.43265 
 310.75635  435.27426 
 936.82184  437.00461 
 362.10507  439.33514 
 517.45166  442.17392 
 546.9812  443.18491 
 252.27248  445.26712 
 644.9007  447.21552 
 774.36621  446.71979 
 259.67917  452.73026 
 558.16748  453.85535 
 545.64032  455.21664 
 749.05652  457.45847 
 906.67004  460.21933 
 876.4574  460.51648 
 565.09186  462.08243 
 92.439903  462.93903 
 247.57709  462.8497 
 335.40259  462.59088 
 261.35764  463.79947 
 732.13788  464.48676 
 155.45685  467.28436 
 550.02972  468.73004 
 538.12665  469.53357 
 911.7395  470.36819 
 166.42746  473.01395 
 730.89075  474.69461 
 346.58746  476.13742 
 152.63982  478.72827 
 315.18515  482.42694 
 348.12756  485.39078 
 549.65265  486.25577 
 668.99042  485.75922 
 746.68188  486.13513 
 911.68909  486.17749 
 187.304  487.51883 
 152.29164  489.47919 
 533.79437  489.17014 
 358.66748  492.31076 
 558.49408  491.86761 
 219.28062  494.21106 
 166.16936  498.47198 
 430.21304  500.17636 
 556.33539  501.70303 
 181.76306  502.84644 
 194.46358  505.30389 
 357.69821  507.24484 
 719.39319  507.33472 
 761.19751  507.48987 
 790.09656  508.33215 
 181.67987  512.13684 
 333.02713  514.84302 
 734.12085  523.72278 
 420.72369  529.56183 
 570.32568  530.77509 
 325.74789  532.69843 
 753.45673  534.04718 
 350.11301  537.68109 
 416.9194  540.42914 
 360.96603  541.53088 
 711.54321  546.76227 
 725.53149  547.86218 
 337.76538  551.0094 
 411.91357  551.53821 
 744.16937  553.37671 
 57.986069  555.10541 
 719.90204  558.62408 
 359.01752  560.10632 
 73.538872  562.73108 
 343.56879  564.62946 
 485.048  564.63055 
 61.472187  568.66656 
 483.6925  573.65619 
 710.20294  574.5498 
 104.63434  577.2934 
 696.45862  577.3009 
 64.835732  578.29187 
 592.89612  583.08258 
 725.54999  583.91864 
 380.44821  584.82416 
 803.19427  587.27625 
 305.2774  587.896 
 827.75592  588.36469 
 391.60004  588.54126 
 252.38243  590.74872 
 395.17352  591.63647 
 324.50674  593.65509 
 490.24258  594.41705 
 723.15094  596.05359 
 233.76392  597.26007 
 387.13821  598.12543 
 551.45447  597.9931 
 402.93652  599.25861 
 822.91254  600.74792 
 139.0882  603.25073 
 324.34985  603.37177 
 680.93439  604.63623 
 404.74142  607.61713 
 549.75323  607.86237 
 837.62238  607.62408 
 416.02206  609.2193 
 137.463  612.18475 
 250.57005  614.99677 
 412.74805  617.65839 
 182.41217  618.93597 
 234.44366  621.94025 
 677.48218  622.12524 
 511.50583  624.80627 
 654.09308  625.37152 
 947.52814  624.94147 
 431.44547  627.2442 
 929.88123  630.56555 
 441.31702  637.10699 
 655.85107  637.29901 
 947.14587  637.27655 
 300.34262  637.85553 
 576.80109  641.64807 
 72.737961  644.90796 
 454.21973  645.29462 
 440.22815  646.53192 
 922.07037  647.18176 
 421.08926  648.70856 
 460.80606  649.14484 
 660.84802  649.63782 
 613.57996  654.21924 
 473.80447  658.21497 
 461.18973  659.14423 
 935.2829  659.60712 
 667.46808  660.81366 
 489.86838  664.03741 
 614.25421  664.23663 
 406.81534  668.01495 
 511.71854  669.06482 
 598.5556  668.7157 
 933.11853  668.99072 
 139.17126  671.8476 
 572.81549  671.94952 
 499.91003  673.09552 
 554.59119  672.51556 
 680.86243  672.74762 
 907.71625  672.57782 
 948.76251  672.84631 
 455.51974  675.95374 
 694.19983  677.2403 
 382.9617  678.49408 
 464.13403  679.36987 
 515.05383  679.76147 
 139.5743  681.00043 
 598.25555  681.24951 
 572.56384  683.07306 
 496.75763  686.06183 
 649.78082  687.35736 
 621.31354  690.0719 
 162.80644  691.05939 
 530.60358  691.53168 
 559.4447  692.29535 
 880.82532  694.586 
 512.11926  696.28699 
 619.65723  698.11719 
 603.8974  699.2132 
 404.58356  700.84363 
 557.69397  702.16772 
 933.36945  702.8913 
 946.27734  703.09399 
 889.35815  705.49597 
 625.62189  707.2533 
 610.888  708.52698 
 276.69238  715.01135 
 594.00781  714.54358 
 517.49805  716.40649 
 578.3678  715.88977 
 610.75323  717.34869 
 626.88568  718.21875 
 916.72266  720.34827 
 933.78296  724.3089 
 555.80762  724.77661 
 200.1028  726.95599 
 581.2854  732.25031 
 184.73001  734.40155 
 871.53229  734.31445 
 226.50449  738.45105 
 852.4212  740.65271 
 577.9964  743.28931 
 204.72743  744.53662 
 225.39128  747.03284 
 873.04181  746.75623 
 312.99597  751.01514 
 853.25586  752.45197 
 312.6142  760.09412 
 219.61072  763.5719 
 854.49097  764.2077 
 272.76465  768.11505 
 209.67567  772.70612 
 869.849  776.23297 
 211.08791  786.1106 
 868.64459  786.18878 
 185.12691  823.01166 
 215.77536  828.30402 
 902.63458  828.474 
 238.1539  829.43359 
 858.1908  834.25128 
 340.79288  836.17743 
 857.23993  844.70465 
 417.8374  846.3031 
 790.49182  846.55115 
 677.41174  849.45923 
 374.47644  851.66681 
 298.28928  854.35352 
 862.72076  854.42194 
 257.33542  854.91461 
 352.00208  855.13562 
 880.28265  856.58636 
 280.55862  857.94324 
 637.58624  857.55035 
 652.47693  858.01013 
 815.25031  857.72034 
 831.74384  857.74469 
 804.80701  858.65039 
 365.77155  859.5448 
 624.31061  859.99359 
 782.52643  859.56134 
 711.61786  860.50116 
 604.68866  861.67804 
 270.9519  865.04224 
 694.8042  866.60974 
 279.19656  867.90735 
 710.32422  868.88904 
 628.50983  872.0647 
 661.28912  871.55334 
 363.78821  874.43439 
 604.94489  874.14874 
 539.97229  874.49866 
 589.99854  874.70398 
 787.39545  874.98737 
 732.72998  877.93878 
 427.30545  879.30017 
 554.21167  879.55804 
 572.39838  879.99353 
 665.62018  881.58539 
 742.93524  883.52679 
 362.03864  884.63733 
 541.26019  885.05933 
 733.49323  888.16406 
 454.14273  889.15106 
 554.40546  890.00964 
 571.94635  890.66064 
 449.73639  892.53223 
 721.77875  892.14954 
 486.85129  894.35223 
 507.07767  896.41089 
 522.96912  896.04608 
 544.43176  896.50238 
 404.25668  897.82526 
 461.46588  900.12726 
 533.49994  900.65704 
 389.94229  904.29877 
 440.8912  903.71381 
 491.54446  904.34235 
 450.88373  905.79602 
 523.57758  906.40332 
 772.01154  905.87067 
 504.9642  906.67432 
 426.74097  907.61658 
 799.29529  910.88574 
 311.09576  913.04077 
 463.27573  912.65369 
 333.57706  914.64227 
 385.85034  915.26111 
 502.59061  915.74432 
 770.1236  915.61414 
 527.18225  916.62689 
 799.68121  920.91791 
 787.18854  922.29926 
 308.22946  922.96179 
 421.96817  924.3114 
 789.11169  943.5863 
 576.90131  945.11676 
 621.51288  962.32294 
 57.875492  534.48798 
 368.89377  88.744888 
 351.37418  96.907845 
 657.25488  120.97548 
 762.78967  126.0231 
 860.90137  126.00465 
 831.85089  131.39825 
 657.7533  135.12788 
 846.39789  136.87076 
 797.84015  139.52812 
 866.43817  139.35518 
 292.82907  144.48779 
 230.29582  148.12184 
 741.5719  151.79646 
 801.76459  153.54108 
 769.15143  164.34792 
 291.9303  165.59735 
 208.66766  184.44603 
 191.38722  188.45651 
 208.83061  197.80269 
 876.711  203.5883 
 924.77661  205.93175 
 555.79004  211.34851 
 192.48845  218.86325 
 554.45319  232.38026 
 209.47171  241.15692 
 475.50116  245.54874 
 536.49371  246.01355 
 510.14844  252.40599 
 884.61993  253.0932 
 193.17159  258.59396 
 540.52844  260.26257 
 476.57928  261.53546 
 520.27759  263.66776 
 465.9964  269.13672 
 585.27765  269.68979 
 651.52472  269.36093 
 542.48499  271.27509 
 216.74727  282.27661 
 197.93163  284.16837 
 537.19043  284.65802 
 645.9859  283.89273 
 574.92957  285.20337 
 470.66885  287.18674 
 509.07416  290.11011 
 668.005  289.12692 
 547.63245  296.75186 
 589.61212  295.30917 
 697.19666  295.34201 
 533.95905  297.41364 
 634.48474  298.42453 
 571.71582  299.6572 
 646.32452  300.25375 
 459.27197  302.70956 
 667.98047  302.07828 
 408.70352  308.1084 
 728.32043  308.5473 
 708.77252  310.32727 
 373.79895  311.86737 
 606.06146  312.61011 
 694.79578  311.83319 
 436.10989  313.45734 
 643.26666  314.85184 
 629.85394  315.20572 
 454.6929  318.65756 
 431.14426  318.2374 
 375.12421  325.89124 
 642.57544  328.52399 
 208.55217  330.27597 
 663.39355  331.37219 
 689.26392  334.05951 
 923.06232  334.46692 
 428.05273  340.15118 
 209.06763  344.92459 
 680.72681  345.17575 
 149.88257  352.12439 
 403.7677  353.02444 
 704.20728  352.11835 
 732.71979  351.87897 
 337.54587  353.99744 
 720.71362  359.90604 
 257.88345  362.39157 
 582.7475  363.95923 
 699.16699  365.78458 
 602.19708  377.24667 
 647.12531  377.99304 
 350.09427  379.19247 
 384.87329  380.05081 
 723.19165  379.61752 
 347.97906  393.90598 
 862.91992  396.38629 
 309.42493  406.89282 
 863.04877  409.97473 
 335.51205  411.78326 
 718.62384  413.33023 
 733.74194  417.53604 
 913.85828  417.82443 
 469.69016  421.67355 
 349.71158  426.46423 
 743.80963  426.0116 
 309.51187  434.73483 
 913.93103  435.42844 
 546.85931  440.51425 
 250.09116  443.64133 
 247.11566  460.40762 
 335.67868  461.02332 
 94.799377  462.46036 
 533.06213  467.87085 
 165.37248  471.29709 
 783.97919  469.14804 
 891.32654  470.55115 
 911.40491  470.20285 
 727.24603  474.88608 
 314.01349  478.9693 
 345.12845  484.73016 
 910.44519  484.76584 
 361.02829  487.49896 
 532.62952  487.68262 
 199.01357  492.8338 
 220.08664  493.65851 
 180.63065  497.86798 
 732.13953  500.85052 
 555.57782  502.62021 
 193.34444  505.65353 
 355.50253  505.97446 
 762.9079  506.41904 
 789.31317  508.17117 
 181.78197  511.36707 
 334.60721  513.34772 
 732.36383  523.13892 
 571.12305  530.44379 
 325.08701  532.21985 
 752.09607  534.7146 
 347.71579  535.00983 
 709.6004  542.82507 
 361.42068  544.26978 
 640.44775  547.75647 
 331.61032  549.1546 
 724.95355  550.56219 
 409.38705  551.27191 
 743.95831  553.55609 
 358.98526  558.02551 
 341.50412  563.51691 
 708.92682  572.39337 
 675.71985  575.29517 
 693.64819  577.65204 
 722.2641  580.89093 
 826.07361  585.62988 
 305.42657  588.26898 
 394.03906  587.14172 
 252.75546  589.2074 
 323.76224  589.28979 
 490.85754  590.92438 
 721.55212  595.63434 
 384.36371  598.02148 
 550.05457  597.17188 
 94.88549  600.16705 
 823.48273  600.62769 
 678.84869  601.50897 
 324.10971  603.24261 
 404.27881  609.53021 
 252.52406  612.12665 
 183.21062  616.51843 
 680.72308  618.62622 
 232.80731  619.81268 
 511.20596  624.43469 
 431.83316  627.35913 
 928.17523  630.05878 
 653.77899  636.33453 
 578.13348  639.94531 
 226.37254  641.85468 
 457.02872  644.37683 
 922.47852  644.45148 
 437.61792  647.64087 
 661.43884  647.42352 
 611.69019  649.75702 
 473.45905  656.20953 
 419.29483  660.79132 
 459.21075  660.00208 
 633.92834  659.90118 
 488.73358  662.06348 
 511.87061  665.09595 
 594.83783  666.46497 
 614.06067  665.60724 
 928.67242  668.35474 
 555.73157  670.21021 
 570.38989  669.0155 
 678.01416  669.29376 
 499.59464  671.6123 
 457.58237  676.73004 
 693.46686  676.60229 
 382.06961  677.99707 
 483.62576  677.51898 
 512.94244  679.58057 
 616.78815  687.01471 
 646.96143  687.08209 
 562.69183  689.91785 
 879.12134  692.79364 
 601.11835  695.25256 
 512.86292  696.36121 
 402.82401  699.00568 
 930.79797  699.68475 
 553.03839  703.14996 
 627.53723  706.28101 
 887.58502  706.38416 
 610.51947  707.4455 
 594.66101  713.50812 
 516.30688  715.5459 
 611.81891  721.41766 
 554.16357  723.0434 
 928.54907  725.85162 
 579.57104  729.27142 
 867.92487  730.05096 
 184.2619  732.77057 
 226.31323  734.73816 
 846.88794  734.87665 
 576.50562  742.41479 
 871.00079  746.39429 
 853.83142  751.74078 
 223.27383  764.17468 
 207.34708  771.50732 
 866.89484  771.85211 
 210.18254  785.56622 
 216.96053  813.09015 
 183.43916  821.53687 
 902.91571  825.78314 
 215.0159  827.68512 
 855.36615  829.13629 
 855.66791  843.55273 
 677.9809  848.97601 
 790.26245  848.06995 
 373.24249  850.64325 
 279.50021  852.7829 
 351.01163  853.40295 
 861.51398  856.25458 
 884.22595  856.21649 
 621.19501  858.58069 
 637.88153  857.65393 
 603.2002  859.8584 
 275.86185  865.78723 
 360.88892  869.70154 
 786.74426  871.15735 
 589.03613  873.10541 
 624.94843  873.9472 
 731.85632  873.26709 
 570.90247  876.50018 
 551.75665  878.29688 
 661.0816  881.58472 
 360.29202  883.82281 
 541.19971  883.17584 
 737.12164  885.62665 
 447.87482  884.02698 
 571.20807  889.40955 
 483.82333  891.93396 
 506.02322  894.56836 
 330.18814  899.88879 
 458.44281  899.60211 
 388.41183  901.89154 
 769.4082  900.94238 
 443.95428  903.44299 
 490.56073  903.88812 
 522.42188  904.76501 
 796.82214  906.84607 
 768.22296  914.5672 
 308.68536  922.18414 
 799.06982  921.07123 
 657.80865  137.32387 
 798.40039  137.72975 
 292.19717  145.47673 
 773.54553  168.38962 
 205.53322  183.54922 
 193.011  187.8998 
 556.33032  213.37296 
 552.38129  231.9381 
 211.74518  242.20117 
 537.11737  243.20367 
 468.50961  247.49284 
 508.84503  251.4631 
 885.7215  251.71944 
 469.58032  267.53955 
 582.68176  270.0257 
 554.48175  276.5025 
 533.70538  281.13919 
 212.16936  284.4245 
 645.81311  283.68161 
 204.89609  285.99313 
 506.47922  287.81174 
 468.79849  289.32968 
 590.44904  291.48334 
 511.53384  294.11191 
 541.36066  301.32507 
 528.67108  297.77393 
 547.43756  297.70816 
 636.98907  298.20035 
 571.6015  299.84943 
 502.57294  304.20013 
 730.38885  308.10172 
 410.41058  310.13617 
 432.46121  312.44037 
 471.04355  311.94437 
 695.11981  312.11929 
 631.69586  315.84402 
 376.43033  328.04022 
 643.22137  329.12411 
 662.92676  330.58145 
 691.09662  332.77063 
 428.72678  342.34747 
 676.69086  342.6434 
 209.63492  346.28912 
 680.75531  350.42181 
 403.72159  351.11133 
 151.94566  353.0827 
 336.26321  354.36407 
 721.42249  358.09216 
 258.41226  362.3255 
 699.31268  368.83313 
 401.90759  372.57251 
 603.6015  372.83704 
 648.19562  378.31021 
 724.12183  379.99625 
 659.67456  390.005 
 348.35608  394.71939 
 607.28497  396.7735 
 863.64008  395.7796 
 380.45132  400.31064 
 309.2536  404.82367 
 470.40521  422.97287 
 743.60852  425.87915 
 309.65131  432.76044 
 551.50708  441.40057 
 336.11279  462.53067 
 163.61845  468.33734 
 530.61865  468.15164 
 783.39941  468.80988 
 890.87567  470.58786 
 312.02173  472.85666 
 725.15948  476.40219 
 342.3522  482.79172 
 533.7757  487.64435 
 198.7989  488.94748 
 221.56522  492.92331 
 733.69299  501.88702 
 354.07333  503.1937 
 762.59314  505.83572 
 189.35719  509.3262 
 335.8475  512.70703 
 375.82336  514.49817 
 731.00464  525.79126 
 571.7959  531.34137 
 345.98953  534.02155 
 752.48151  534.7392 
 708.14844  539.60675 
 363.3298  543.36774 
 638.98212  546.966 
 330.70337  549.16003 
 408.77411  551.4024 
 723.6897  553.30615 
 340.44736  565.38312 
 381.98761  567.55475 
 639.26715  572.16595 
 690.93579  578.31439 
 825.21027  582.96973 
 324.7092  586.16168 
 397.39865  586.30316 
 253.96614  589.23077 
 492.60281  590.33057 
 381.8663  597.41797 
 548.99487  597.67792 
 677.4046  600.32471 
 158.27217  604.65875 
 323.92694  603.33044 
 824.52441  603.35913 
 510.2644  606.48993 
 253.95634  610.42181 
 405.53848  611.9278 
 186.21339  616.3938 
 548.28925  616.89594 
 232.05908  618.85883 
 682.37036  617.44031 
 435.36957  626.90784 
 577.19336  638.87109 
 458.35016  642.84589 
 611.20477  645.80432 
 674.35303  647.67639 
 436.24536  651.2077 
 487.46414  661.51288 
 630.78296  656.03076 
 461.10007  659.45374 
 513.37335  660.35699 
 589.47461  663.82318 
 674.86462  666.02991 
 565.68292  667.88922 
 615.45148  668.03497 
 500.70273  671.57648 
 513.31604  676.12598 
 381.15601  678.10651 
 457.73627  678.29498 
 483.01624  677.71411 
 692.55957  676.91119 
 644.07117  688.60999 
 567.6322  689.78864 
 878.45636  691.21259 
 515.35895  699.03894 
 602.36768  693.90393 
 552.50208  702.24567 
 611.38306  708.29395 
 887.72205  707.6347 
 596.31732  713.90356 
 516.40833  716.61896 
 553.10596  722.94562 
 577.65735  726.37561 
 848.86932  732.35303 
 575.41559  742.3291 
 867.19635  749.35138 
 840.24664  751.42847 
 863.94305  767.92017 
 205.82217  769.88367 
 219.32112  810.70782 
 855.33179  826.14642 
 213.37314  829.37231 
 855.93451  842.80579 
 371.80173  850.10089 
 679.35577  849.953 
 789.56232  849.65491 
 353.19742  852.49896 
 614.8974  858.85156 
 885.89545  857.05127 
 638.59149  860.19165 
 811.89307  859.59961 
 275.79321  865.6286 
 361.41336  867.47754 
 789.27118  870.685 
 589.91724  872.97992 
 621.30322  875.98376 
 548.90955  879.15796 
 424.26581  886.63153 
 737.63458  886.16479 
 570.69281  889.52283 
 505.84155  894.6297 
 768.29065  897.70636 
 388.87021  901.44073 
 446.49136  904.31946 
 489.55835  905.85535 
 795.60504  905.33344 
 609.80908  688.8493 
 546.22797  237.88551 
 466.66013  241.8875 
 469.62619  267.07968 
 553.66003  272.2413 
 640.39923  278.89789 
 459.35849  289.30005 
 588.40619  295.09387 
 562.01575  301.04837 
 544.99298  302.87854 
 405.3923  308.49368 
 698.98651  308.27817 
 430.48041  311.10345 
 605.40875  314.29224 
 464.31091  317.83865 
 696.6189  335.73462 
 431.4191  342.33383 
 400.78192  346.61777 
 678.27258  355.7446 
 602.06396  368.36258 
 695.11163  369.76764 
 725.69659  381.68008 
 651.97723  382.09528 
 603.55365  400.21811 
 381.15189  409.40579 
 310.72522  432.52628 
 345.34503  430.60846 
 742.323  429.68527 
 555.75061  435.4505 
 313.95023  466.3096 
 719.62378  472.73645 
 224.97894  490.66302 
 535.24158  493.40414 
 735.16669  498.71878 
 764.93549  508.009 
 711.8031  522.48853 
 753.09149  535.38336 
 338.40094  541.23914 
 414.83643  544.64172 
 721.02753  555.63977 
 638.61981  574.15491 
 327.92682  575.54309 
 394.11432  576.31775 
 821.21771  576.13678 
 254.77515  583.88879 
 680.74646  584.85822 
 377.43878  598.60193 
 824.22205  602.85144 
 253.976  611.27124 
 403.82181  610.25116 
 543.8739  617.65918 
 686.2251  616.28247 
 442.24475  619.08356 
 613.35889  636.25293 
 459.50272  638.18005 
 433.27063  653.72778 
 503.96658  652.21082 
 489.20749  655.36755 
 563.09167  663.39587 
 621.37842  667.07379 
 483.96243  682.5896 
 573.83563  691.9209 
 199.62927  763.62329 
 366.16092  849.44189 
 546.0188  244.4857 
 640.25073  282.26025 
 587.94684  295.73715 
 530.33496  300.91754 
 547.66724  310.31528 
 491.90182  307.79932 
 608.03754  316.67639 
 683.51514  363.64597 
 405.67477  384.32965 
 384.05933  410.61285 
 556.89899  430.71945 
 345.14417  434.52869 
 710.15143  470.15121 
 734.79517  496.89697 
 771.67206  509.43509 
 338.59842  541.31165 
 415.74475  541.91913 
 752.2605  540.23181 
 720.7381  558.21027 
 396.65457  575.49463 
 678.31671  584.20074 
 253.49258  613.55682 
 680.11304  618.34869 
 617.78955  629.12689 
 489.62344  640.72827 
 438.25168  657.30743 
 570.37573  660.28503 
 628.0697  668.91003 
 484.59946  687.50146 
 576.27551  697.09833 
 671.48944  361.92471 
 390.38251  402.84274 
 540.84814  423.56894 
 671.57037  582.44409 
 461.28131  619.20551 
 480.28909  638.90216 
 500.01602  630.91229 
 559.21515  652.46228 
 627.27051  664.49585 
 412.71295  578.39447 
