 5.7081938 
 5.7081938 
 5.7081938 
 5.7081938 
 5.7081938 
 5.7081938 
 5.7081938 
 5.7081938 
 5.7081938 
 5.7081938 
 5.7081938 
 5.7081938 
 5.7081938 
 5.7081938 
 5.7081938 
 5.7081938 
 5.7081938 
 5.7081938 
 5.7081938 
 5.7081938 
 5.7081938 
 5.7081938 
 5.7081938 
 5.7081938 
 5.7081938 
 5.7081938 
 5.7081938 
 5.7081938 
 5.7081938 
 5.7081938 
 5.7081938 
 5.7081938 
 5.7081938 
 5.7081938 
 5.7081938 
 5.7081938 
 5.7081938 
 5.7081938 
 5.7081938 
 5.7081938 
 5.7081938 
 5.7081938 
 5.7081938 
 5.7081938 
 5.7081938 
 5.7081938 
 5.7081938 
 5.7081938 
 5.7081938 
 5.7081938 
 5.7081938 
 5.7081938 
 5.7081938 
 5.7081938 
 5.7081938 
 5.7081938 
 5.7081938 
 5.7081938 
 5.7081938 
 5.7081938 
 5.7081938 
 5.7081938 
 5.7081938 
 5.7081938 
 5.7081938 
 5.7081938 
 5.7081938 
 5.7081938 
 5.7081938 
 5.7081938 
 5.7081938 
 6.7882252 
 6.7882252 
 6.7882252 
 6.7882252 
 6.7882252 
 6.7882252 
 6.7882252 
 6.7882252 
 6.7882252 
 6.7882252 
 6.7882252 
 6.7882252 
 8.0726061 
 6.7882252 
 6.7882252 
 6.7882252 
 6.7882252 
 8.0726061 
 6.7882252 
 8.0726061 
 6.7882252 
 8.0726061 
 6.7882252 
 8.0726061 
 6.7882252 
 6.7882252 
 8.0726061 
 8.0726061 
 8.0726061 
 8.0726061 
 8.0726061 
 8.0726061 
 8.0726061 
 8.0726061 
 8.0726061 
 8.0726061 
 8.0726061 
 8.0726061 
 8.0726061 
 8.0726061 
 8.0726061 
 8.0726061 
 8.0726061 
 8.0726061 
 8.0726061 
 8.0726061 
 8.0726061 
 8.0726061 
 8.0726061 
 8.0726061 
 8.0726061 
 8.0726061 
 8.0726061 
 8.0726061 
 8.0726061 
 8.0726061 
 8.0726061 
 8.0726061 
 8.0726061 
 8.0726061 
 8.0726061 
 8.0726061 
 8.0726061 
 8.0726061 
 8.0726061 
 8.0726061 
 8.0726061 
 8.0726061 
 8.0726061 
 8.0726061 
 8.0726061 
 8.0726061 
 8.0726061 
 8.0726061 
 8.0726061 
 8.0726061 
 8.0726061 
 8.0726061 
 8.0726061 
 8.0726061 
 8.0726061 
 8.0726061 
 8.0726061 
 8.0726061 
 8.0726061 
 8.0726061 
 8.0726061 
 8.0726061 
 8.0726061 
 8.0726061 
 8.0726061 
 8.0726061 
 8.0726061 
 8.0726061 
 8.0726061 
 8.0726061 
 8.0726061 
 8.0726061 
 8.0726061 
 8.0726061 
 8.0726061 
 8.0726061 
 8.0726061 
 8.0726061 
 8.0726061 
 8.0726061 
 8.0726061 
 8.0726061 
 8.0726061 
 8.0726061 
 8.0726061 
 8.0726061 
 8.0726061 
 8.0726061 
 8.0726061 
 8.0726061 
 8.0726061 
 8.0726061 
 8.0726061 
 8.0726061 
 8.0726061 
 8.0726061 
 8.0726061 
 8.0726061 
 8.0726061 
 8.0726061 
 8.0726061 
 8.0726061 
 8.0726061 
 8.0726061 
 8.0726061 
 8.0726061 
 8.0726061 
 8.0726061 
 8.0726061 
 8.0726061 
 8.0726061 
 8.0726061 
 8.0726061 
 8.0726061 
 8.0726061 
 8.0726061 
 8.0726061 
 8.0726061 
 8.0726061 
 8.0726061 
 8.0726061 
 8.0726061 
 8.0726061 
 8.0726061 
 8.0726061 
 8.0726061 
 8.0726061 
 8.0726061 
 8.0726061 
 8.0726061 
 8.0726061 
 8.0726061 
 8.0726061 
 8.0726061 
 8.0726061 
 8.0726061 
 8.0726061 
 8.0726061 
 8.0726061 
 8.0726061 
 8.0726061 
 8.0726061 
 8.0726061 
 8.0726061 
 8.0726061 
 8.0726061 
 8.0726061 
 8.0726061 
 8.0726061 
 8.0726061 
 8.0726061 
 8.0726061 
 8.0726061 
 8.0726061 
 8.0726061 
 8.0726061 
 8.0726061 
 8.0726061 
 9.6000004 
 11.416388 
 11.416388 
 11.416388 
 11.416388 
 11.416388 
 11.416388 
 11.416388 
 11.416388 
 11.416388 
 11.416388 
 11.416388 
 11.416388 
 11.416388 
 11.416388 
 11.416388 
 11.416388 
 11.416388 
 11.416388 
 11.416388 
 11.416388 
 11.416388 
 11.416388 
 11.416388 
 11.416388 
 11.416388 
 11.416388 
 11.416388 
 11.416388 
 11.416388 
 11.416388 
 11.416388 
 11.416388 
 11.416388 
 11.416388 
 11.416388 
 11.416388 
 11.416388 
 11.416388 
 11.416388 
 11.416388 
 11.416388 
 11.416388 
 11.416388 
 13.57645 
 16.145212 
 16.145212 
 16.145212 
 16.145212 
 16.145212 
 16.145212 
 16.145212 
