 182.35133  42.562565 
 58.02216  44.945789 
 114.48827  48.310356 
 311.87555  52.192223 
 128.73033  55.25502 
 145.79272  54.806976 
 86.925186  65.245537 
 143.83377  65.992676 
 245.02528  65.752335 
 79.653122  69.306824 
 336.33676  70.908028 
 210.845  72.629097 
 172.20699  73.849113 
 109.41195  78.020798 
 177.01926  82.9599 
 339.16681  83.032471 
 282.91599  84.855431 
 205.80965  85.556442 
 270.54977  85.951851 
 282.84677  93.32103 
 192.20044  103.19363 
 92.820023  104.36917 
 155.70682  105.51656 
 67.85891  114.72055 
 154.19266  116.24552 
 157.51924  118.43561 
 183.62538  118.95634 
 313.00037  124.73455 
 281.0311  133.84811 
 251.02451  139.33852 
 117.41457  140.93031 
 90.368065  147.64767 
 83.067146  150.50677 
 64.73996  156.54671 
 224.81874  176.42125 
 186.1875  177.15779 
 129.64215  182.53369 
 195.15565  192.44629 
 197.20508  205.33855 
 155.73117  206.13988 
 117.92014  207.52072 
 185.94974  207.99995 
 44.099804  211.23521 
 207.12549  211.0694 
 240.52603  215.52579 
 193.05769  223.27464 
 89.16095  227.80701 
 226.07591  228.54724 
 344.00323  232.9402 
 125.27522  235.35448 
 147.21516  236.43906 
 61.906227  247.43756 
 201.01237  247.36316 
 48.331779  250.29825 
 352.57776  253.9321 
 116.45888  264.27292 
 280.14624  268.49399 
 284.83008  273.70758 
 201.82742  281.60733 
 289.81732  284.67416 
 192.59685  286.16125 
 262.76486  288.12079 
 310.2052  289.52637 
 104.96604  289.90375 
 298.48032  293.99698 
 255.72815  297.38437 
 268.36801  301.50961 
 344.33395  305.71259 
 351.17294  315.89401 
 255.92911  323.81702 
 272.6925  353.97931 
 183.50381  50.383366 
 71.227417  71.199722 
 57.348896  97.246452 
 170.864  117.82825 
 113.70599  127.22263 
 184.70465  133.72772 
 336.55542  140.20862 
 222.39142  145.34215 
 182.63179  154.5295 
 238.74118  173.11006 
 237.55392  180.95842 
 136.48819  186.40025 
 74.186539  194.20172 
 290.45065  204.15523 
 97.56163  206.71449 
 126.62186  219.31949 
 56.048355  221.46938 
 186.68243  221.87212 
 109.54668  228.65257 
 254.79016  228.21613 
 265.36981  240.25119 
 59.907936  246.62404 
 300.73096  264.19098 
 258.96426  279.29395 
 88.706429  294.90848 
 344.98773  337.19476 
 78.124268  58.651459 
 186.09666  59.259205 
 255.98982  59.65493 
 220.92699  61.862217 
 313.22559  63.554344 
 86.771667  64.918053 
 144.21375  65.298668 
 244.45436  65.446358 
 103.71019  66.289391 
 129.88937  66.452507 
 80.637459  69.361282 
 289.83206  70.2463 
 171.84842  72.342728 
 337.45847  71.989464 
 262.17493  73.497337 
 92.165771  74.380623 
 72.112732  75.383865 
 314.76813  75.333565 
 147.95053  76.325607 
 243.41158  76.394127 
 129.82861  77.421082 
 108.50789  77.774452 
 69.337044  80.06488 
 192.45168  80.503723 
 175.56689  82.736549 
 261.41656  83.147148 
 92.101349  84.07132 
 205.87267  84.400505 
 282.5463  84.262222 
 141.05482  85.607903 
 269.23346  86.429512 
 130.72371  86.967026 
 165.64024  86.891006 
 109.20602  87.512497 
 81.850456  89.533592 
 68.992523  90.841606 
 182.64731  91.95948 
 204.78117  94.480598 
 169.74594  94.847351 
 327.47537  98.500443 
 81.161354  99.577599 
 181.09204  102.14003 
 192.38513  102.82932 
 93.726669  103.97645 
 155.38075  104.21301 
 234.97386  104.20021 
 67.265411  104.65436 
 330.186  108.03039 
 192.21886  112.06936 
 69.864136  114.47458 
 92.239944  115.21938 
 160.25005  116.23367 
 219.79047  115.62664 
 239.09727  115.90009 
 301.16913  117.2285 
 115.11465  118.68021 
 184.07796  119.54109 
 273.29105  120.47832 
 101.68282  120.68906 
 72.08889  122.9028 
 219.35533  124.14548 
 163.84827  126.15412 
 280.94116  126.23566 
 228.17876  127.9766 
 103.72513  131.53496 
 243.10446  132.24542 
 73.130394  133.50714 
 146.25134  134.50702 
 157.74057  135.26366 
 251.56689  139.52385 
 83.089401  139.55141 
 119.49627  141.79506 
 167.99243  144.49208 
 211.86124  148.00838 
 84.503136  153.36726 
 198.95552  154.03001 
 324.05515  153.54439 
 169.65648  154.80263 
 260.53806  154.87022 
 66.231773  155.77357 
 211.44064  158.32167 
 326.35947  163.2058 
 162.02641  165.1503 
 124.75235  166.53732 
 86.084381  176.16193 
 225.4957  175.98051 
 69.561523  177.01256 
 185.40042  178.08556 
 338.60132  177.83185 
 127.48742  180.90469 
 216.44719  183.20419 
 86.030991  187.78751 
 113.21365  188.24414 
 166.67554  192.43698 
 196.86697  191.99025 
 185.38516  196.78575 
 65.920242  198.51729 
 95.40329  197.87383 
 113.05866  197.85184 
 316.53476  203.11685 
 197.58112  204.69005 
 71.874229  206.64888 
 156.16389  207.12462 
 117.18227  207.80591 
 185.42339  208.16454 
 240.9613  214.63994 
 83.585556  220.62532 
 279.13092  223.02275 
 137.96573  224.22325 
 155.3161  225.62128 
 224.3996  226.38493 
 89.621696  227.5486 
 188.92644  231.6158 
 280.29501  233.29111 
 137.52455  233.66832 
 325.00922  233.81366 
 125.71163  236.78412 
 83.060333  238.46457 
 168.72075  237.9393 
 142.22913  244.72484 
 238.45502  244.61604 
 187.0542  246.70085 
 90.193512  250.12799 
 174.64848  261.66586 
 143.24979  263.25858 
 117.19183  264.1929 
 192.08812  268.63226 
 284.38379  272.76462 
 132.78687  273.45041 
 101.87302  279.78183 
 156.88512  282.35419 
 289.99695  284.18646 
 310.18988  288.86902 
 104.48251  291.05237 
 298.38742  293.48178 
 171.04996  300.01544 
 251.10886  299.74814 
 310.59409  300.18204 
 281.16803  305.45798 
 299.62061  304.9942 
 209.86067  310.94766 
 254.58952  311.23468 
 136.72325  313.6944 
 290.55679  314.67581 
 164.97963  316.54031 
 329.08636  317.59619 
 85.446793  321.51791 
 257.07776  323.43695 
 331.17087  327.43909 
 190.61522  327.77966 
 238.61162  327.52524 
 251.88622  334.35977 
 318.60468  334.15128 
 214.26999  337.26147 
 117.73814  338.37109 
 240.92888  338.29459 
 99.507805  339.55133 
 148.57013  340.02478 
 238.44489  171.21651 
 265.0408  85.107162 
 93.900429  101.87827 
 154.81097  102.72672 
 89.879868  115.47457 
 157.58809  116.52331 
 106.07967  117.49857 
 241.09943  130.65556 
 105.47509  131.83652 
 146.33656  133.24422 
 85.099915  139.75568 
 168.45413  141.72427 
 169.42819  154.33344 
 211.9166  159.606 
 126.40968  166.03651 
 162.43237  165.88879 
 186.09659  178.65694 
 126.13416  180.3125 
 185.1808  195.8887 
 95.107445  197.53331 
 154.69287  208.47501 
 187.33699  218.02374 
 279.0762  220.97745 
 156.61021  223.54245 
 189.09259  234.1011 
 279.26566  234.00206 
 165.92084  235.95634 
 125.53635  239.51366 
 238.9045  244.07899 
 143.48349  247.80899 
 89.60157  251.77927 
 117.91918  264.37424 
 141.97247  263.50977 
 191.59929  267.16928 
 283.05612  270.40997 
 101.12389  279.19928 
 155.83444  281.89514 
 289.68469  284.00558 
 306.00058  287.88086 
 253.29097  297.98712 
 305.37207  303.2955 
 283.19519  306.27625 
 209.75314  310.92557 
 254.28638  311.53159 
 85.035141  237.9731 
 157.28632  118.07207 
 170.19841  153.54456 
 186.35143  197.40817 
 186.47769  216.21872 
 159.30476  223.70912 
 141.73457  263.60257 
 185.32617  268.03424 
