 652.86646  43.108551 
 581.84741  44.293724 
 177.82988  47.068035 
 494.25922  47.104332 
 182.37871  47.825569 
 283.26547  52.281361 
 369.61893  53.170532 
 359.31323  54.070942 
 619.36823  53.471031 
 626.19818  64.59082 
 618.48022  65.579887 
 367.59537  67.95224 
 249.18065  74.406387 
 279.58887  73.453186 
 503.62939  76.263283 
 513.48157  76.831398 
 627.72083  80.213036 
 252.41243  82.156334 
 431.17426  83.357422 
 246.01068  83.549889 
 733.1026  85.041885 
 624.18427  86.911476 
 270.18607  87.220734 
 371.91846  87.743721 
 325.7067  90.074112 
 493.78876  90.598488 
 500.99921  90.771881 
 582.09991  90.818718 
 394.55887  91.861992 
 386.84982  92.391678 
 455.07153  94.374001 
 633.56042  91.991043 
 293.40244  95.788239 
 219.52328  97.82058 
 347.40674  98.073082 
 563.48553  98.591232 
 738.16443  97.032097 
 289.32703  99.584915 
 305.32898  102.21072 
 310.62079  101.63434 
 415.14615  102.67184 
 509.94983  102.90485 
 536.89709  103.00737 
 744.91644  104.97084 
 696.32166  106.12425 
 704.29034  106.34052 
 273.96512  109.38612 
 300.90738  114.19101 
 374.03906  115.42693 
 553.59198  115.84598 
 416.43564  118.06983 
 500.89154  119.1874 
 451.61319  120.70356 
 209.79962  121.61432 
 657.94415  120.53638 
 644.08942  123.4425 
 650.31824  124.36862 
 742.36719  123.78251 
 460.96762  125.50632 
 256.85944  125.99738 
 418.59528  127.17485 
 490.54529  126.72948 
 518.46033  128.38324 
 331.18985  129.47847 
 654.07007  129.20499 
 321.93903  129.75311 
 438.00696  131.00558 
 481.82889  131.46437 
 685.39838  132.21017 
 762.36676  133.85509 
 287.00809  135.84764 
 486.4147  135.72812 
 229.09547  138.17216 
 236.55167  139.81398 
 518.65247  143.25934 
 332.18872  149.09406 
 529.37738  151.1655 
 299.68564  153.80574 
 361.47989  154.42953 
 735.16107  154.09315 
 742.72937  153.88385 
 292.15311  157.54395 
 729.23401  158.76744 
 525.52185  159.15483 
 297.06113  161.90518 
 569.6366  164.76112 
 281.22806  167.63939 
 257.34891  169.74084 
 251.42554  171.1805 
 783.68231  170.92659 
 587.68518  172.05052 
 776.86084  171.22409 
 568.87286  172.88608 
 798.2702  174.34886 
 792.22333  174.85329 
 786.50208  176.04831 
 232.64264  176.74718 
 261.25009  176.89401 
 266.69565  176.76367 
 295.7251  177.64464 
 570.22479  177.52499 
 586.64795  177.22002 
 592.41223  177.0672 
 564.18323  178.11511 
 804.96887  177.35016 
 289.39963  179.13834 
 769.46613  182.40274 
 284.63257  182.67908 
 803.86481  187.66119 
 731.03912  189.39127 
 226.17793  190.6024 
 233.89519  190.48648 
 814.91064  192.7023 
 485.8891  196.57498 
 492.46451  197.72198 
 488.07617  204.879 
 505.0697  203.40762 
 725.41876  207.82864 
 502.24548  211.05519 
 817.81775  210.29651 
 768.2215  210.50075 
 484.25287  213.49493 
 760.43854  214.87524 
 228.28308  215.52953 
 236.30702  216.71368 
 165.17818  224.73811 
 228.45334  228.77664 
 236.62473  228.3031 
 921.88794  241.13731 
 634.02551  244.94276 
 914.58789  244.62604 
 941.39789  245.02422 
 628.2677  246.03914 
 204.41582  253.39537 
 792.6452  256.6572 
 684.32629  263.56406 
 865.98584  264.85419 
 684.36707  265.33795 
 690.93829  266.2084 
 874.07739  266.66476 
 671.67609  270.81961 
 826.12463  274.22122 
 674.22205  279.25568 
 929.24408  282.00305 
 228.18431  282.11261 
 634.82666  284.23474 
 640.57788  284.25446 
 684.01154  282.2439 
 841.65912  284.71652 
 826.30286  288.93112 
 928.86163  290.19644 
 498.46228  292.15311 
 342.83838  292.58405 
 462.29837  293.97635 
 667.5896  297.0824 
 930.21686  298.89499 
 347.82578  302.29709 
 353.0979  304.03195 
 602.20636  310.89639 
 939.33722  313.47366 
 86.130219  318.4425 
 381.25699  321.69171 
 437.7142  322.4024 
 563.11517  323.23419 
 529.45624  327.5824 
 580.80524  326.638 
 924.54016  328.97348 
 99.208046  331.35587 
 399.09183  330.58084 
 559.5434  331.71152 
 357.67523  332.7403 
 346.20428  335.81036 
 419.98483  334.87146 
 506.65549  343.15646 
 515.38458  342.07651 
 492.01196  342.76047 
 524.80408  343.33023 
 481.98685  345.46097 
 534.33588  345.29953 
 477.88126  345.75092 
 166.216  347.52896 
 447.16617  346.88324 
 542.19531  347.25885 
 700.2793  347.03088 
 550.00763  347.83652 
 437.6134  348.57889 
 538.28534  350.26572 
 557.82959  352.84244 
 439.50797  354.21497 
 570.56335  352.88727 
 592.68292  353.7843 
 168.42993  355.42953 
 429.64297  356.97885 
 418.32278  356.54041 
 985.65918  356.79276 
 183.82443  358.71057 
 551.27148  357.74115 
 566.1153  359.13184 
 647.32959  360.47852 
 954.12067  359.8537 
 993.1225  359.98318 
 365.98996  361.21909 
 145.97763  362.62357 
 948.20422  362.92288 
 966.65527  361.82162 
 574.89453  363.84482 
 922.53784  364.62567 
 930.70355  364.31113 
 196.45653  364.43665 
 582.04736  365.04767 
 746.40778  368.39908 
 354.95947  368.28632 
 407.56491  369.78568 
 612.66919  369.72076 
 605.63007  372.64404 
 597.91461  374.28778 
 611.77289  377.09189 
 362.05917  378.3609 
 763.13306  380.15695 
 616.6333  380.71088 
 975.35437  382.97147 
 223.73112  383.10138 
 982.61609  382.99561 
 978.40192  386.92584 
 342.64127  388.6377 
 629.71838  388.064 
 638.1358  386.68277 
 350.43945  388.54117 
 970.5896  394.67395 
 387.59552  395.86639 
 359.14722  397.8728 
 383.52069  400.13766 
 957.90375  400.33426 
 388.34778  401.08694 
 326.12244  401.41571 
 384.12741  406.84641 
 280.20264  406.93094 
 552.75958  405.67746 
 545.17487  409.51785 
 945.45709  407.87259 
 156.03795  408.8349 
 559.97046  409.7999 
 566.24261  410.07492 
 712.81152  410.03012 
 139.58792  411.88135 
 147.92767  411.14102 
 379.80374  411.58444 
 435.08115  412.05237 
 541.08844  412.20633 
 373.44461  415.22806 
 93.057869  415.22559 
 131.37624  415.7843 
 942.88293  416.46011 
 951.1582  416.4035 
 367.53409  420.2598 
 115.09695  419.83716 
 980.42188  420.91547 
 663.9563  421.58279 
 120.3596  422.22443 
 373.543  422.06866 
 91.37999  422.76865 
 367.40494  425.55692 
 330.24884  427.03534 
 501.83578  429.00754 
 972.82813  428.41803 
 931.96289  430.06503 
 729.84076  430.70163 
 669.9967  431.13916 
 367.99664  432.83304 
 362.15063  433.66193 
 927.73663  438.04276 
 933.70837  436.67996 
 328.34387  439.19327 
 939.55231  437.87027 
 336.18399  439.38596 
 361.90292  440.42233 
 672.04736  442.09125 
 68.269211  443.66733 
 314.30634  445.60809 
 358.40433  445.57526 
 99.523491  447.40091 
 320.00201  446.88547 
 353.26764  448.61722 
 932.11432  451.43176 
 689.72858  450.86887 
 354.00616  454.35925 
 734.6684  453.91367 
 302.1893  454.81857 
 345.73596  454.3526 
 68.804672  455.68283 
 348.84622  455.55624 
 428.56442  457.85095 
 349.60294  460.92459 
 687.28699  461.47577 
 343.41885  462.71017 
 274.85992  464.8898 
 264.17261  464.99622 
 902.26807  467.27353 
 90.558617  467.09836 
 49.849102  467.97549 
 902.69177  469.83972 
 318.59131  470.56845 
 342.25665  472.59824 
 910.8739  470.82309 
 917.35583  471.55981 
 45.073433  473.21939 
 275.12021  474.67709 
 307.55649  474.40558 
 340.31735  475.17142 
 740.50433  474.82547 
 746.85406  474.4119 
 93.806229  475.96719 
 321.18219  476.68304 
 789.11346  476.67828 
 102.07413  477.59244 
 795.198  478.31592 
 327.1553  479.42657 
 334.52988  477.19305 
 85.426453  481.74997 
 260.00876  482.36166 
 749.85614  482.43103 
 755.26025  482.681 
 338.49283  483.70001 
 931.94452  483.19608 
 922.12488  485.27817 
 140.87025  486.759 
 102.10477  487.77512 
 334.10562  488.24347 
 35.689415  490.642 
 700.36847  491.15518 
 737.61389  492.12488 
 754.04865  492.60797 
 310.53827  493.46283 
 765.45697  493.68295 
 336.35605  494.79926 
 947.8269  495.0108 
 744.11151  497.2225 
 302.22992  498.68347 
 700.26563  496.17416 
 502.14792  499.75421 
 779.8844  501.73422 
 60.882156  506.069 
 325.67142  504.56473 
 491.36349  504.67047 
 53.727863  505.13889 
 333.89148  507.42868 
 751.97394  506.44266 
 903.66541  506.73248 
 501.63367  508.26944 
 710.75897  508.99557 
 743.93994  510.53146 
 786.164  509.24094 
 558.61249  511.03964 
 698.32568  512.22437 
 283.90509  516.8963 
 493.07645  517.39294 
 499.06747  519.28015 
 570.32178  518.91254 
 905.6225  519.49365 
 515.15363  520.13043 
 915.36499  518.96667 
 541.31421  521.97546 
 296.02457  522.89185 
 706.19293  522.54004 
 48.189854  523.17816 
 506.24683  524.53918 
 530.72528  523.26953 
 538.63696  525.03802 
 288.36328  525.60071 
 328.81528  525.77338 
 481.60452  526.00281 
 499.89944  525.97168 
 98.058563  527.48102 
 513.83118  526.86041 
 490.22525  527.62347 
 913.27942  527.68738 
 734.5517  528.54413 
 524.06732  528.90405 
 496.88467  531.82086 
 333.7789  532.3385 
 479.47079  534.27692 
 97.226387  534.55811 
 326.64285  535.83722 
 710.24579  537.2077 
 514.25061  537.37012 
 269.35834  539.0733 
 753.83386  539.71368 
 91.187599  540.78729 
 100.71308  542.55048 
 779.87946  542.55096 
 524.31  543.38519 
 730.55908  543.97174 
 736.95667  543.45667 
 500.72845  545.13458 
 632.90033  545.58777 
 520.79236  546.79803 
 773.74677  547.95129 
 781.30676  548.57965 
 504.62247  550.97412 
 743.77454  550.06409 
 423.02789  550.35608 
 465.81754  551.49219 
 511.42297  550.40143 
 336.40598  552.1579 
 472.45688  553.08252 
 544.0697  554.36426 
 55.063515  555.65967 
 48.431671  556.43542 
 333.27338  557.46967 
 707.8067  557.92358 
 736.63422  558.55115 
 742.46161  559.36108 
 911.18903  558.56805 
 286.20758  561.02545 
 337.03339  562.06219 
 510.50504  565.76855 
 516.26306  564.89404 
 913.38458  567.12207 
 332.7041  565.96942 
 921.53479  568.52032 
 46.966488  568.81189 
 304.37628  571.45721 
 406.14725  573.56476 
 800.60718  574.91473 
 795.99939  580.23401 
 979.66034  581.33051 
 265.48444  581.42352 
 333.52777  583.42706 
 704.05951  584.39386 
 274.85587  585.10822 
 58.639305  588.21771 
 66.099594  589.11029 
 168.05751  589.53534 
 338.14462  589.77606 
 911.86053  590.11273 
 92.416046  591.46191 
 97.741432  590.72461 
 905.33594  591.38824 
 340.90005  597.89288 
 696.86536  598.23279 
 316.11264  604.37762 
 724.17828  604.59839 
 321.49915  606.51263 
 927.51245  606.41803 
 904.14832  606.09119 
 914.07855  607.17242 
 93.761765  610.95239 
 597.20813  609.68188 
 819.12946  610.88208 
 348.44727  612.92188 
 926.79956  616.52319 
 710.51855  616.61084 
 346.89255  620.58429 
 687.79315  619.29547 
 354.16409  621.80481 
 325.7034  621.44269 
 430.95386  627.67615 
 688.91809  627.58301 
 436.22345  628.81934 
 684.11285  629.05054 
 950.82715  629.3642 
 922.00928  631.53503 
 685.19562  634.50098 
 322.0546  638.41602 
 678.17065  635.83838 
 915.86487  637.4837 
 921.86792  638.22534 
 364.40756  640.43652 
 291.13959  643.37671 
 918.28815  643.922 
 305.96094  644.09094 
 313.69119  642.95032 
 677.2663  644.67487 
 670.87762  645.34985 
 698.59839  646.16162 
 928.98096  647.21985 
 372.36353  649.89594 
 322.93051  651.76929 
 516.30084  650.1709 
 556.65619  649.89447 
 662.17834  652.13263 
 126.81824  655.69281 
 691.76831  655.37122 
 311.35065  657.62982 
 642.75568  658.49957 
 655.63495  659.17908 
 923.74536  658.09937 
 661.22095  663.44354 
 380.0473  663.62354 
 543.45251  663.15198 
 388.80624  664.05646 
 393.9794  663.67365 
 635.60071  663.87292 
 652.74146  663.65302 
 298.62994  666.54718 
 391.26694  669.1817 
 554.51215  668.87732 
 643.10986  669.37744 
 930.70728  669.91168 
 650.44513  670.48242 
 397.18619  671.72217 
 632.63397  672.2829 
 638.87994  672.47156 
 321.2438  672.26398 
 925.65582  672.8941 
 384.00674  675.31213 
 975.83624  676.24548 
 930.29657  677.82062 
 630.86066  679.81732 
 638.03998  679.71191 
 311.01813  680.15344 
 51.195446  682.55176 
 614.40363  684.93719 
 620.81134  686.2229 
 627.99994  686.03668 
 927.68439  687.42285 
 642.1496  688.39392 
 610.98773  691.47766 
 618.1543  692.44092 
 973.34619  691.28619 
 415.42615  695.50446 
 423.71207  694.96136 
 978.47479  694.57672 
 609.53442  696.29675 
 905.89667  696.62073 
 615.06329  697.10144 
 430.28598  699.92078 
 602.40137  699.7981 
 609.05353  701.50739 
 373.75357  702.41089 
 437.42279  701.26392 
 677.7204  701.71991 
 389.19046  702.78882 
 425.90735  703.2179 
 444.31628  705.5957 
 454.82712  707.14227 
 383.7551  708.12354 
 604.479  708.11395 
 402.37766  710.40027 
 449.15195  708.55438 
 466.6745  709.46802 
 585.4729  711.5921 
 312.04782  713.26355 
 591.59039  713.16016 
 673.47119  713.00598 
 371.96078  715.03558 
 476.07874  714.67731 
 484.44025  716.39893 
 572.21472  715.61353 
 191.12399  715.88 
 470.31412  717.22168 
 578.46649  717.08185 
 584.02563  718.06958 
 496.24493  718.6593 
 565.17059  718.68567 
 511.08508  720.91241 
 414.78128  723.06232 
 570.06726  721.22314 
 354.23798  721.87073 
 855.12207  721.96631 
 141.45775  722.35687 
 501.33145  722.77173 
 527.56079  723.61627 
 575.3526  723.29456 
 486.74753  725.13953 
 602.1394  723.92242 
 478.18707  726.13312 
 518.10046  724.63983 
 536.12396  724.94464 
 544.10858  726.00757 
 555.68915  727.4353 
 932.74915  727.51331 
 496.46463  729.04456 
 562.59863  728.89783 
 682.86981  728.70416 
 889.80579  730.92792 
 529.78308  733.07092 
 540.25146  733.87817 
 555.79572  732.91296 
 572.32397  733.20941 
 932.8031  734.01355 
 342.63544  735.58527 
 690.51147  736.06042 
 940.11896  735.63568 
 575.37958  739.16461 
 462.96518  738.90515 
 569.92883  739.87634 
 87.086685  740.75146 
 177.59566  745.3205 
 682.30341  744.74847 
 170.88103  746.15491 
 564.90656  745.4859 
 549.72839  748.737 
 549.3764  750.82526 
 899.29224  754.49329 
 431.47565  755.22162 
 479.47202  758.1532 
 539.10974  757.03418 
 865.83307  757.28473 
 907.17896  759.32483 
 175.0527  761.46552 
 852.82129  763.83661 
 898.64111  763.20258 
 546.67352  764.10272 
 472.81635  769.92566 
 599.2735  770.95569 
 590.73456  770.24768 
 598.00012  771.44202 
 597.15588  776.46979 
 137.85802  777.84369 
 874.02496  778.76947 
 882.80798  779.85944 
 189.95399  778.93854 
 921.66644  781.07629 
 202.95706  780.90033 
 208.03763  783.91974 
 583.987  785.66718 
 882.39972  785.6416 
 172.89095  787.46967 
 845.93719  788.56567 
 824.90723  789.80066 
 851.89716  789.73688 
 620.12433  791.91284 
 504.66125  792.86816 
 911.90942  793.20758 
 188.11281  793.98761 
 180.84918  795.87225 
 830.36182  795.66559 
 341.18384  794.40936 
 349.17841  795.95721 
 621.18909  799.58789 
 627.6239  799.45178 
 898.55511  805.44257 
 762.70569  805.93494 
 438.97314  809.01013 
 743.66724  808.59625 
 751.07422  808.55084 
 180.04601  814.39044 
 807.00409  816.06512 
 266.78879  817.44183 
 907.89941  817.20941 
 447.88068  822.09192 
 339.94055  821.81354 
 221.12434  822.68695 
 261.28012  823.6394 
 252.84845  832.24182 
 907.60266  833.51868 
 198.92706  836.09302 
 314.78687  837.88379 
 387.73007  838.20795 
 323.73001  839.85571 
 903.73126  839.78064 
 393.3786  839.60516 
 574.99786  840.13593 
 834.71252  840.37128 
 183.3037  842.3277 
 841.31653  841.25317 
 887.0249  844.19696 
 442.18356  845.82458 
 258.31171  847.20618 
 597.80682  847.56384 
 383.39517  848.00061 
 752.34119  851.12091 
 849.23199  851.14197 
 462.24225  855.98126 
 470.74509  857.18188 
 576.30212  858.78973 
 852.3587  860.68481 
 744.03491  860.74188 
 446.68619  864.38489 
 484.31036  865.25647 
 183.16541  867.47144 
 296.78513  868.22083 
 836.66669  868.77606 
 847.15497  869.42792 
 190.0304  872.92896 
 621.13257  873.05731 
 612.31561  874.55786 
 736.31726  874.01477 
 287.01404  874.53339 
 835.52234  877.31494 
 334.47232  880.44159 
 279.00946  881.67529 
 835.76965  882.40503 
 479.31152  883.98853 
 461.17688  886.31494 
 829.00555  888.31079 
 183.7482  888.57007 
 177.97499  889.53394 
 434.26746  890.45679 
 439.59964  891.48035 
 718.93646  891.20813 
 725.47571  892.29828 
 476.97437  894.33813 
 484.18533  896.60052 
 721.46417  896.93658 
 288.14346  902.37134 
 321.77264  901.3988 
 739.75476  901.83325 
 424.36768  907.94531 
 459.52496  908.9657 
 467.1496  909.75848 
 661.69733  913.03418 
 668.19775  912.2937 
 717.0871  914.21436 
 590.92841  915.15137 
 746.6687  914.91327 
 597.86365  916.68744 
 832.51331  917.26648 
 186.29317  917.84998 
 761.034  918.15692 
 457.75592  919.97308 
 839.47876  918.10535 
 801.01971  920.29596 
 704.65607  922.34808 
 769.25659  928.88397 
 664.24536  929.67603 
 511.31653  930.44269 
 621.66614  931.8064 
 364.14362  932.09204 
 510.01257  937.50421 
 502.2424  938.07623 
 136.63141  945.67358 
 791.54645  946.32178 
 501.81244  947.63287 
 136.64742  952.10443 
 567.78876  953.14081 
 139.31415  957.258 
 132.65318  958.69861 
 635.15588  967.401 
 643.20294  967.7276 
 418.82162  978.45013 
 546.65839  993.20154 
 552.12585  993.05908 
 591.03052  51.661659 
 602.3725  54.077621 
 455.04065  55.397804 
 562.93933  61.626514 
 611.92035  63.078026 
 391.97644  78.564384 
 438.35837  83.174141 
 364.22534  87.404037 
 415.81943  93.002373 
 482.84534  99.824844 
 735.84827  106.81033 
 640.74249  111.35354 
 308.2034  113.67899 
 656.58478  114.05147 
 424.69482  115.86945 
 492.88403  118.58247 
 510.56644  126.4221 
 353.3999  127.79276 
 677.13281  129.19382 
 667.44556  129.55621 
 382.8714  133.90398 
 542.52808  141.01135 
 537.90564  156.11467 
 224.12347  156.51613 
 236.14363  156.707 
 741.26196  162.83821 
 239.84428  166.80048 
 723.43652  166.81276 
 366.36404  170.16092 
 304.2435  172.28163 
 732.86792  176.64378 
 761.08887  179.56732 
 730.04865  182.24638 
 746.77075  191.38605 
 824.02765  192.28726 
 545.50995  201.49934 
 553.96545  203.26122 
 535.65179  216.71466 
 797.67041  234.56503 
 917.18756  236.36108 
 221.31041  238.08525 
 213.00157  239.81676 
 806.81189  241.15405 
 202.03619  241.60469 
 821.37494  241.67403 
 266.30643  247.13591 
 90.58149  249.19594 
 511.93588  250.67328 
 258.06244  253.29901 
 824.5943  253.99815 
 245.60512  255.03571 
 836.86285  255.7756 
 804.60583  259.42548 
 145.3412  266.2753 
 258.4693  266.20242 
 792.60693  265.96851 
 626.71875  267.02179 
 944.72845  269.79852 
 160.28838  270.6019 
 139.79756  277.23294 
 838.89978  277.46307 
 219.11304  279.12064 
 850.47247  279.51364 
 812.83936  280.94955 
 834.46399  280.71698 
 126.95938  285.08548 
 919.83002  284.8446 
 333.40549  289.16437 
 125.41428  290.34579 
 469.24115  294.04242 
 477.15671  293.63425 
 585.52448  297.41904 
 79.258652  303.60001 
 559.5293  304.55658 
 971.10358  305.65204 
 126.4762  308.62762 
 946.84589  314.1857 
 463.84109  315.66302 
 406.14517  321.97119 
 425.39426  322.5907 
 460.74844  323.01056 
 599.92682  329.42819 
 145.89883  331.3222 
 106.77847  331.73056 
 934.94342  331.86554 
 428.17728  333.50629 
 445.96368  333.23245 
 80.736633  336.66037 
 428.86447  336.69751 
 488.06525  336.8848 
 603.50092  338.51489 
 392.65271  343.21243 
 921.23773  342.75943 
 413.7244  344.0571 
 933.1958  343.79346 
 361.10934  348.47202 
 622.45868  349.95499 
 566.27228  351.84271 
 419.79865  353.65674 
 450.21027  354.53586 
 655.82251  355.91479 
 323.48105  357.12576 
 910.9812  356.98187 
 919.83252  356.59161 
 614.62  359.25562 
 973.96283  362.82169 
 399.69363  366.29382 
 373.57858  370.28302 
 651.73431  371.30402 
 201.83414  374.9101 
 331.33542  376.26563 
 622.43799  375.87558 
 401.67972  379.49228 
 330.4664  387.86765 
 392.91946  387.80899 
 697.78235  390.2518 
 689.03137  391.44525 
 772.37933  394.03519 
 376.26541  395.93933 
 681.80627  397.06909 
 318.05359  399.48175 
 367.78906  401.49084 
 655.68164  400.91534 
 335.84406  404.89499 
 375.24103  405.3071 
 324.50677  410.73425 
 745.27887  416.9996 
 692.25366  419.7543 
 736.35846  421.58414 
 319.55145  422.67862 
 281.84781  424.25049 
 297.27054  423.5817 
 271.94913  427.16144 
 345.51407  427.31204 
 678.0658  429.65967 
 337.66602  430.60275 
 920.67877  436.17245 
 715.18463  443.35007 
 603.57153  444.77661 
 106.26418  445.83487 
 267.29849  445.90808 
 329.54324  449.07922 
 923.82178  450.45251 
 678.44745  451.73367 
 738.33362  466.07468 
 411.66537  468.80188 
 56.772953  470.51077 
 78.255783  469.8223 
 52.622028  474.55511 
 227.18649  474.03592 
 253.89415  474.72458 
 314.21121  478.17773 
 408.22159  477.59695 
 905.15405  478.68555 
 107.97601  483.15207 
 318.0994  494.28278 
 907.38361  495.84052 
 708.97461  496.74023 
 914.85864  497.7442 
 559.24536  502.30399 
 271.06076  502.9993 
 625.73981  503.55875 
 760.63513  508.29752 
 323.3595  510.00577 
 456.54297  511.12543 
 300.18054  512.30353 
 723.92285  513.33405 
 880.1701  514.41455 
 540.60193  514.71515 
 711.83606  514.76178 
 106.24564  516.25958 
 750.49353  516.00598 
 551.05054  517.38452 
 312.66501  518.94434 
 745.60388  524.4436 
 757.38586  525.58453 
 921.20514  527.17786 
 680.24261  531.22534 
 885.82532  531.13708 
 302.81564  533.18414 
 489.14566  536.21747 
 504.81186  537.49689 
 900.73187  538.28314 
 721.18732  539.45746 
 771.35883  539.62964 
 551.74823  544.83759 
 677.21436  548.20721 
 641.85748  548.992 
 729.79755  552.01001 
 83.218094  552.43262 
 900.75964  557.31952 
 784.96771  558.75641 
 759.20703  563.76678 
 740.60382  567.28455 
 313.32611  567.52441 
 261.74457  573.57416 
 289.20709  575.22235 
 916.01929  575.33575 
 925.84479  577.71875 
 711.14417  583.07819 
 722.05347  583.79205 
 330.79239  584.70197 
 652.16595  591.69592 
 255.04416  592.54407 
 920.15259  594.47858 
 706.97803  596.19604 
 909.98083  595.71326 
 322.39886  598.27991 
 445.85159  599.5282 
 743.97656  602.16309 
 329.40683  606.63385 
 589.45325  607.40985 
 935.88385  607.33282 
 332.2775  617.97296 
 920.24512  622.68616 
 509.14929  623.34351 
 942.23798  627.25616 
 922.7157  628.59937 
 932.49988  628.93561 
 305.3949  635.16315 
 488.79407  635.13696 
 104.06959  639.82001 
 372.03796  639.73627 
 936.79053  650.12274 
 567.80078  653.04742 
 105.85822  659.8266 
 708.53369  663.20892 
 933.79114  663.45502 
 335.38925  674.30341 
 392.68555  677.41943 
 248.19225  678.81781 
 563.85388  679.82294 
 979.099  682.17767 
 916.56256  683.87964 
 659.81744  684.72858 
 412.34857  686.5307 
 717.67822  688.10211 
 297.17639  694.16675 
 624.27313  694.08685 
 391.9064  699.98138 
 365.33459  701.55872 
 405.1597  702.08295 
 436.34958  710.05273 
 398.13489  713.38446 
 363.55789  714.64526 
 339.30597  715.94373 
 438.13055  717.03925 
 383.06436  719.02698 
 888.00122  718.5 
 863.28339  722.37671 
 916.39185  723.27667 
 165.60353  726.05927 
 322.65353  725.64093 
 898.2171  730.30151 
 932.53925  731.22711 
 404.9902  733.71582 
 330.67636  734.90704 
 170.20671  736.42407 
 396.15662  736.10883 
 322.40067  736.94702 
 478.47577  740.79468 
 426.80554  741.75372 
 434.74277  744.8233 
 902.44989  745.40167 
 542.09949  746.53833 
 512.68323  749.27045 
 422.82709  750.81061 
 408.42477  753.24164 
 921.2027  754.54028 
 530.40063  756.39081 
 487.58661  758.11737 
 167.89462  761.2851 
 919.30072  766.43378 
 857.89325  776.2774 
 146.05949  780.80542 
 569.9201  784.58521 
 136.39195  790.54956 
 496.33698  790.75751 
 335.02786  805.34363 
 345.3858  807.20386 
 180.11589  807.72864 
 218.85545  810.02753 
 171.31686  811.20709 
 258.97974  815.31158 
 133.29268  816.12592 
 211.37221  832.15997 
 250.80368  835.34174 
 701.30933  838.84692 
 911.51892  841.83972 
 908.31244  846.98572 
 364.34225  848.86597 
 392.44449  848.51721 
 840.72772  850.30243 
 476.64728  855.05804 
 844.49768  859.3877 
 601.89215  863.77252 
 729.80011  874.19733 
 300.05951  876.83325 
 243.45454  879.70172 
 625.57172  880.0401 
 828.91522  879.7442 
 616.40375  881.13867 
 352.88467  881.60156 
 803.99207  884.4209 
 578.72852  885.22705 
 809.56854  891.40619 
 715.88354  892.60406 
 805.77466  897.50543 
 180.3325  898.13135 
 361.56763  898.3642 
 730.953  898.24988 
 829.84656  903.15198 
 265.70578  904.44702 
 443.66418  905.55554 
 367.92642  910.32733 
 792.89551  911.06335 
 436.18387  914.77704 
 782.13409  919.25848 
 669.83728  920.68732 
 446.41653  921.54254 
 429.79791  923.95331 
 797.44342  929.09009 
 704.4798  933.49036 
 599.68616  937.19849 
 436.44183  940.12177 
 156.93005  946.53931 
 656.77155  947.54358 
 460.19214  952.95239 
 574.96991  955.91772 
 154.39943  956.9411 
 483.32547  961.78961 
 510.621  968.89087 
 582.40594  44.398346 
 282.66415  52.522003 
 430.82224  84.182404 
 293.32269  94.557091 
 311.14371  101.63139 
 272.9715  109.86631 
 373.54166  115.48395 
 500.80161  119.00854 
 322.13171  129.16762 
 761.67175  134.33322 
 487.13739  135.59081 
 297.87366  163.12195 
 281.12653  167.25806 
 798.30701  174.21759 
 267.50027  176.65651 
 731.28583  188.95946 
 485.11105  196.22665 
 483.64279  213.87892 
 227.69304  215.62572 
 826.17725  288.60907 
 438.16168  322.88123 
 358.38599  332.44049 
 446.82693  346.59875 
 166.11478  348.30072 
 549.04413  348.27298 
 437.22223  348.52612 
 557.5932  353.25192 
 605.14587  372.52808 
 610.90356  379.82578 
 386.21286  396.41595 
 120.72047  422.09131 
 374.79907  422.15881 
 368.51959  433.15073 
 361.94714  433.59457 
 313.67395  446.05014 
 98.821266  447.22452 
 320.35394  447.28427 
 353.66437  447.78384 
 302.34793  454.98593 
 354.17123  454.52542 
 68.750679  455.88391 
 350.18665  461.28442 
 319.04968  470.25729 
 44.61306  473.05179 
 740.16992  475.14462 
 788.85242  476.50665 
 795.2901  478.10434 
 260.69931  481.80972 
 339.13361  483.94501 
 333.32788  487.77756 
 701.06537  512.98114 
 283.74359  516.2821 
 706.04053  522.4007 
 499.90659  525.40009 
 506.16592  525.59045 
 497.12036  532.67731 
 514.42389  536.65643 
 729.8927  543.43384 
 336.32401  549.2608 
 511.48706  550.73511 
 472.86209  553.23822 
 48.339993  557.89349 
 332.76596  557.53442 
 338.36057  562.56396 
 517.05902  565.18066 
 98.456352  590.36896 
 92.171753  592.84155 
 321.52921  605.39148 
 348.48282  610.13629 
 689.23071  627.88342 
 436.68817  628.87897 
 669.77234  645.36957 
 398.42087  671.90662 
 924.74451  672.5741 
 974.8446  676.28558 
 620.91016  685.02185 
 426.02762  706.95807 
 466.62683  709.86206 
 584.36426  710.89764 
 578.09723  717.15033 
 469.98657  719.49133 
 570.05182  721.22473 
 501.69171  723.15607 
 579.00458  725.82416 
 536.32959  724.49213 
 571.82123  733.23633 
 576.23553  739.16022 
 174.8866  760.93195 
 190.10391  778.81921 
 187.99869  793.91766 
 628.31171  799.96362 
 908.11096  832.83313 
 387.09378  837.97522 
 394.07855  839.69135 
 833.95703  840.4046 
 886.33643  843.05817 
 258.98782  846.42249 
 190.576  872.43567 
 331.67221  884.4873 
 724.80481  893.0918 
 598.44885  916.74072 
 832.68103  916.91235 
 760.84448  917.54718 
 704.76752  922.54559 
 621.77405  931.85718 
 564.22314  61.514389 
 627.04175  65.213402 
 618.1413  65.88958 
 367.94788  68.570099 
 280.05731  72.230118 
 493.59201  73.703026 
 513.44305  76.205025 
 503.23132  76.584656 
 253.7679  82.944527 
 439.49847  83.545837 
 281.84518  84.354431 
 734.03314  85.200089 
 623.38562  87.134926 
 270.28714  87.558746 
 363.29587  88.156067 
 373.00418  88.078941 
 492.9086  90.353279 
 571.69946  90.281166 
 633.8349  91.191277 
 385.77185  92.06134 
 501.08035  92.05265 
 581.90991  91.530525 
 737.72845  96.856178 
 347.52277  98.808937 
 481.78748  98.861603 
 527.23608  98.677193 
 376.7261  101.04133 
 414.95663  102.59352 
 591.75397  104.09437 
 745.84766  104.84509 
 695.28864  106.52368 
 508.51978  106.79253 
 705.20874  106.92963 
 735.63824  107.91373 
 585.3222  108.75578 
 521.92566  111.24684 
 639.19452  111.65997 
 425.30991  115.4063 
 553.50787  115.24064 
 416.07397  117.41861 
 491.26837  117.46212 
 657.66168  117.51753 
 689.02057  117.67889 
 450.87479  120.99566 
 209.33295  122.82582 
 460.69772  125.56367 
 470.93784  127.12637 
 651.04456  126.73912 
 353.40982  127.75822 
 417.42178  127.93577 
 519.01453  127.63353 
 510.23508  129.26788 
 666.64868  129.33717 
 332.32956  129.52803 
 676.16266  129.81952 
 438.96082  132.15758 
 685.95972  132.66652 
 739.32928  136.28975 
 541.81976  139.33107 
 237.19174  139.70029 
 518.81281  140.90669 
 694.71265  146.34262 
 332.70792  148.75299 
 246.36629  153.0361 
 734.79669  152.74559 
 300.91165  154.84381 
 347.28394  155.229 
 225.02635  157.01067 
 236.17125  156.61429 
 290.99329  156.84056 
 537.27069  157.81462 
 525.00726  159.19778 
 729.00317  160.94949 
 741.14337  163.23889 
 239.54558  167.59567 
 365.35144  169.60478 
 775.99127  169.61176 
 569.97186  172.36118 
 558.99713  172.73949 
 586.23767  172.94548 
 231.92717  176.60449 
 732.16376  177.15488 
 805.35101  176.94557 
 295.98694  177.78871 
 760.16998  180.00076 
 551.86316  182.01201 
 769.33667  183.30975 
 568.77844  186.83766 
 803.58344  187.98553 
 225.61844  190.55367 
 745.84973  191.39183 
 824.76135  191.84657 
 827.73376  199.85117 
 544.69574  201.29253 
 554.51172  203.25031 
 489.05804  204.7739 
 501.12329  210.18625 
 768.46606  210.01714 
 816.71301  210.07538 
 512.2843  210.61964 
 210.12917  212.42278 
 759.56549  215.20918 
 237.62392  217.22911 
 535.52008  216.91776 
 237.71284  227.79106 
 228.00301  228.61188 
 797.48346  233.64763 
 903.59039  236.08374 
 222.68381  238.39799 
 785.98547  239.04884 
 921.21924  240.4483 
 822.61029  242.04166 
 634.43225  245.21251 
 912.58032  245.00583 
 941.15961  245.14101 
 266.15689  246.93614 
 513.38843  250.41344 
 205.76122  252.33183 
 244.74609  255.46979 
 823.82843  254.49232 
 836.14825  255.73053 
 949.58075  256.57132 
 792.84814  256.92944 
 804.29181  259.99136 
 683.25201  262.64496 
 257.56113  264.8764 
 864.58209  264.55981 
 625.76569  266.85394 
 692.19781  266.95596 
 874.2453  266.92856 
 944.82837  269.32648 
 160.65222  270.8793 
 671.34808  272.58948 
 826.30414  274.85675 
 837.74384  277.13235 
 849.87433  277.39874 
 140.0217  277.9151 
 217.98518  278.97244 
 228.40649  281.14136 
 683.69556  280.59198 
 940.10681  283.73337 
 919.20642  285.44876 
 125.44872  288.42874 
 929.28857  289.43094 
 497.86136  292.49014 
 515.16882  292.24731 
 548.35107  297.13956 
 586.29865  296.97668 
 666.55438  297.03549 
 523.08551  300.81577 
 79.211014  304.18268 
 559.10809  304.32343 
 126.99879  308.81488 
 602.77289  311.36981 
 453.24918  312.69122 
 938.16406  314.56018 
 580.56763  316.59949 
 462.09406  318.84036 
 615.87616  318.63464 
 407.24481  321.35486 
 381.07419  322.14435 
 426.54526  322.46143 
 563.7088  322.98154 
 580.76318  325.70404 
 529.60626  328.27295 
 924.46466  328.65485 
 399.56512  330.06436 
 98.47934  330.79596 
 934.9093  331.46875 
 465.00317  331.90393 
 447.04135  333.19455 
 558.49237  333.08167 
 419.20932  333.72675 
 519.48035  333.91861 
 487.39413  336.03091 
 603.52167  338.40759 
 616.56476  339.09155 
 428.50797  339.92902 
 451.37732  340.28662 
 392.55701  343.46027 
 507.17813  343.09674 
 921.12384  342.53745 
 413.7243  343.77658 
 933.05212  343.80011 
 533.40479  345.59882 
 479.78067  347.0994 
 543.53894  347.8718 
 361.76962  348.63196 
 622.56421  349.91498 
 567.74585  351.79315 
 377.47165  352.52365 
 419.97504  352.93454 
 591.89722  354.03439 
 451.60382  354.78284 
 656.07855  355.11841 
 920.00726  354.81067 
 429.32007  357.52814 
 183.35045  358.87891 
 195.70532  363.08115 
 947.37732  362.88733 
 399.81735  365.52695 
 573.61163  364.83014 
 931.25177  364.56686 
 921.82471  365.54633 
 613.71393  368.55817 
 746.82349  369.1181 
 408.36356  370.4064 
 650.83337  371.74557 
 597.67816  374.6608 
 623.69037  374.86298 
 349.95172  377.5643 
 645.05341  377.92691 
 661.38513  377.9353 
 361.7261  378.63068 
 402.36777  378.55469 
 637.92151  386.44943 
 331.23209  387.47675 
 393.54889  387.13235 
 628.40472  387.87119 
 342.04568  389.62607 
 698.125  389.78204 
 483.00229  390.64359 
 376.64676  394.17499 
 772.53009  393.62921 
 358.46317  399.21539 
 639.46405  398.6792 
 326.28253  400.58508 
 370.99362  405.25647 
 337.1651  403.86411 
 373.98755  404.96225 
 553.05707  404.79907 
 157.30441  407.94821 
 384.34683  407.78311 
 947.0199  407.96313 
 560.0708  409.92511 
 139.20854  411.82629 
 148.13611  411.87045 
 325.66965  411.82251 
 543.0979  411.5217 
 351.71057  413.436 
 434.54486  413.06842 
 941.44916  416.7019 
 746.22485  417.5697 
 951.31421  417.8147 
 691.98639  419.18835 
 367.91904  420.32727 
 673.71155  419.50208 
 662.79639  420.97903 
 736.46906  421.10208 
 620.35236  423.39755 
 319.42239  423.82678 
 702.09985  424.90704 
 329.77621  426.62418 
 345.51733  426.71033 
 271.85846  428.26047 
 678.71783  428.02887 
 501.26553  428.75555 
 148.4742  430.16354 
 952.27686  430.21524 
 669.70856  431.69196 
 729.37738  432.11456 
 919.51807  435.43625 
 327.90894  439.10931 
 346.34009  439.15009 
 927.42133  438.50708 
 336.96631  440.13116 
 362.02811  442.27225 
 671.14838  442.51843 
 715.54327  443.54013 
 69.015312  444.5639 
 602.78064  445.50729 
 703.46893  449.3999 
 678.35645  451.3822 
 690.20697  450.59692 
 923.16351  451.23212 
 734.29639  453.07617 
 932.30408  452.75104 
 345.18765  453.91605 
 314.17575  455.19754 
 150.31604  457.63919 
 427.52393  458.19269 
 687.58875  461.11359 
 72.670631  461.53247 
 343.47885  462.12265 
 328.41391  465.51718 
 738.47699  466.08475 
 902.36047  467.1741 
 709.27637  470.8425 
 918.39825  471.84778 
 342.84222  472.90717 
 226.79341  474.19727 
 306.66583  474.10953 
 747.13879  473.94388 
 254.07657  474.7691 
 275.42191  474.91513 
 332.5051  474.52325 
 92.529587  475.88974 
 101.90394  477.18991 
 408.4834  476.58701 
 904.22717  479.07925 
 932.35999  483.02914 
 921.87561  485.18231 
 317.08673  486.39471 
 103.25077  486.98608 
 736.67621  493.02029 
 754.25262  492.63733 
 764.98572  493.50735 
 907.07922  493.72507 
 310.56842  494.90594 
 721.17749  494.64627 
 336.42242  495.61462 
 699.41364  495.50177 
 709.52637  496.96622 
 743.90143  498.04782 
 286.25436  498.67401 
 301.41373  498.84723 
 771.62646  502.11087 
 625.71973  503.26535 
 324.81342  506.46832 
 616.01355  505.76682 
 752.37799  506.17328 
 904.14545  507.13593 
 501.86926  508.48254 
 761.08124  508.43671 
 334.15497  508.69504 
 785.65454  509.11594 
 559.06024  511.17511 
 456.02475  512.07288 
 711.11841  511.97369 
 300.23212  513.07257 
 539.85175  513.24146 
 723.75806  513.39191 
 741.99084  513.25214 
 492.62036  516.54138 
 751.24152  516.03448 
 106.89486  516.92102 
 311.90442  518.08881 
 570.44507  517.51416 
 915.84705  518.82068 
 904.46008  520.12592 
 530.16119  521.9729 
 296.44269  522.74725 
 480.25766  524.85883 
 539.57898  525.02209 
 756.08466  524.81311 
 287.91724  525.8548 
 514.33759  526.97815 
 921.69696  527.08112 
 491.22607  527.8645 
 523.53595  529.30371 
 680.54248  530.85132 
 334.42456  532.09033 
 303.16714  533.27966 
 95.687027  534.66833 
 326.04312  535.76489 
 504.90897  537.76611 
 709.96075  537.95782 
 770.57977  538.87756 
 91.160728  539.80725 
 720.9668  540.20532 
 902.31079  540.26459 
 754.19159  541.48181 
 101.43176  542.711 
 550.50519  543.37775 
 737.08142  543.13428 
 913.83734  543.13519 
 523.1698  544.90796 
 781.19861  545.4563 
 633.03577  546.31207 
 772.72357  546.62585 
 642.65247  549.35425 
 677.75  548.83832 
 83.333275  550.93109 
 503.13132  551.38599 
 464.93628  551.71771 
 728.22675  553.72443 
 707.50598  557.46021 
 911.78009  558.04016 
 924.12494  558.27856 
 736.72528  559.17865 
 275.01056  559.94592 
 286.82092  560.6308 
 759.56946  563.97272 
 313.45816  568.43866 
 923.29327  568.92584 
 303.27655  570.81268 
 406.13165  574.13995 
 337.46338  575.6911 
 915.22546  575.62787 
 291.14609  576.63635 
 925.90796  577.35724 
 265.23975  581.3443 
 761.9101  580.67578 
 721.92871  583.62854 
 275.8241  585.11713 
 329.62903  585.28906 
 58.214039  588.14319 
 67.636932  589.51794 
 652.75134  591.30164 
 255.69153  591.74176 
 338.70868  591.76379 
 910.81946  593.44666 
 734.59265  594.90967 
 920.89557  594.57861 
 707.59174  597.20801 
 445.80222  598.47144 
 696.43561  598.02673 
 322.59427  598.61444 
 743.92529  601.90582 
 722.75745  603.99591 
 330.77179  606.21381 
 903.78619  605.86237 
 926.14783  606.05188 
 588.86914  606.61829 
 619.19897  607.33899 
 914.2207  607.24048 
 936.88751  606.93536 
 597.58313  609.75171 
 698.57849  609.74152 
 94.407074  610.97162 
 710.65216  616.14929 
 927.88788  616.93854 
 687.48114  618.82324 
 919.27863  621.31842 
 346.03189  621.74274 
 355.52176  622.37836 
 942.98706  626.01837 
 922.2959  626.95349 
 953.31122  627.19977 
 932.62482  628.04346 
 272.99582  632.43634 
 305.80646  634.88177 
 678.4212  634.80878 
 487.64859  635.98212 
 103.48998  639.41077 
 322.49292  639.07001 
 364.27008  640.38049 
 373.1525  639.8338 
 291.36014  643.04437 
 918.68707  643.11621 
 678.06427  645.94244 
 698.41467  646.51025 
 929.02478  646.68689 
 556.38062  648.98724 
 370.22247  649.57574 
 515.99023  649.76093 
 937.84662  649.76569 
 104.05744  651.02417 
 662.4339  651.07434 
 897.81769  650.76624 
 566.36267  652.92444 
 440.13043  654.39453 
 126.22335  655.86212 
 692.8147  655.57117 
 106.23639  659.5459 
 643.05835  658.72864 
 924.3548  658.9118 
 652.94031  662.40112 
 914.38593  661.91498 
 708.59094  662.46167 
 543.37262  663.56134 
 378.85211  664.7962 
 662.00171  664.521 
 298.49442  666.4549 
 390.28351  668.50342 
 553.36829  668.87402 
 641.57501  670.21851 
 321.63547  671.70667 
 336.21274  673.87378 
 563.35248  676.9928 
 248.70528  678.80817 
 637.8222  679.53381 
 660.43756  684.1651 
 335.07574  686.44098 
 412.21564  685.7157 
 629.00861  685.55054 
 642.0946  688.46466 
 717.56592  688.1651 
 914.31641  687.58154 
 927.7019  687.80017 
 305.84857  689.46814 
 672.99243  688.77478 
 609.6344  692.35193 
 618.43915  692.6853 
 903.32904  693.79614 
 296.77359  694.23334 
 415.39963  695.48938 
 424.18887  695.19312 
 905.854  697.10425 
 918.92236  696.5415 
 601.40826  699.10175 
 392.28992  700.48779 
 364.0191  701.88525 
 373.7739  702.1073 
 677.06122  702.00464 
 595.20898  703.81128 
 444.23428  705.70575 
 383.35818  707.38385 
 605.32678  708.31573 
 709.01001  709.28198 
 915.05511  709.28217 
 435.33694  710.78235 
 400.71924  711.81171 
 351.86926  713.03168 
 591.10675  712.8385 
 311.38763  713.67163 
 340.29779  714.31152 
 190.69035  715.30554 
 363.03458  715.50854 
 373.00772  715.82611 
 422.36472  715.92755 
 437.34348  716.70306 
 495.6503  718.20453 
 888.6452  718.31238 
 383.37802  719.60114 
 510.49765  721.37451 
 854.77521  721.6156 
 141.23659  722.46295 
 403.37476  722.58234 
 528.32684  722.82898 
 916.36084  723.46393 
 321.9697  723.51581 
 414.66678  723.87976 
 544.49023  725.17426 
 593.06006  725.15448 
 164.56369  725.69971 
 477.88208  727.00909 
 487.28214  726.55573 
 683.12329  727.26538 
 562.64429  729.47357 
 888.60217  730.10992 
 898.27863  730.05756 
 932.35797  731.19373 
 529.15234  732.94971 
 406.01172  734.41522 
 539.88916  734.07465 
 171.43657  735.23694 
 331.23773  734.84497 
 342.56189  735.13586 
 395.62521  734.9621 
 941.07214  735.36816 
 462.15768  736.65521 
 476.96353  739.64923 
 87.116013  740.81769 
 426.38699  741.06476 
 530.30402  742.97028 
 434.74182  744.05103 
 493.2832  744.76715 
 564.50903  745.14172 
 682.34448  745.15784 
 902.49261  745.07227 
 169.8968  746.88477 
 913.37714  746.93597 
 513.15314  748.10291 
 550.06696  749.11517 
 406.97046  752.38947 
 701.99878  752.87677 
 431.51318  755.41602 
 897.59143  754.72498 
 539.37958  757.15515 
 488.85056  758.06128 
 529.8822  757.84576 
 478.55548  759.44653 
 906.94739  759.60742 
 546.60858  763.44794 
 459.94897  765.2431 
 852.75616  765.01642 
 917.10968  765.25079 
 589.6441  770.34497 
 599.7619  770.88977 
 858.56165  775.46869 
 137.37704  778.17072 
 147.49086  779.68805 
 873.14539  779.6272 
 883.03308  782.43518 
 208.17462  784.29706 
 570.10669  784.0058 
 582.0462  786.30072 
 172.60519  788.50256 
 852.0246  789.13977 
 135.79915  790.27637 
 495.83319  789.98865 
 591.97943  789.78271 
 506.06689  792.31061 
 911.69727  793.4563 
 340.40268  793.57996 
 349.92749  795.34314 
 180.30949  796.2674 
 830.96149  796.06061 
 619.94128  799.90118 
 334.99493  806.31909 
 345.05933  808.63519 
 439.48434  809.01202 
 450.75391  809.28229 
 742.77216  808.73663 
 751.62524  809.49469 
 169.89061  811.1839 
 218.00836  810.81152 
 180.03642  812.36652 
 897.33569  814.49841 
 431.41559  815.48126 
 132.86057  817.23682 
 178.55511  816.41876 
 907.39233  816.91443 
 266.58511  818.09027 
 447.50101  822.35602 
 221.28944  822.63153 
 261.61487  823.34222 
 210.79335  832.76099 
 198.87428  835.65094 
 250.12845  837.03369 
 313.43784  838.22858 
 701.07843  838.08514 
 262.86682  839.53577 
 324.12952  840.11877 
 574.72443  840.36957 
 902.31647  839.48883 
 841.83795  840.97119 
 911.74188  842.49323 
 443.53693  845.74213 
 597.91803  846.78363 
 363.51691  848.00165 
 383.60803  848.25342 
 392.42661  849.24213 
 752.62305  850.67395 
 849.92694  851.11908 
 840.35828  851.97003 
 461.90765  856.38086 
 473.00534  856.50287 
 198.41737  859.26312 
 842.94989  858.77356 
 577.58044  859.35681 
 852.5307  860.71405 
 601.58264  863.24817 
 306.41599  864.4812 
 446.40427  864.98627 
 484.20596  865.55359 
 296.74707  867.97205 
 836.85297  868.04108 
 847.14301  869.69244 
 620.90839  873.11255 
 738.62927  872.63879 
 470.58658  875.93591 
 299.53561  877.58374 
 624.89276  878.50024 
 835.13367  879.33801 
 826.19281  879.5625 
 352.38974  880.93585 
 278.93811  881.93982 
 835.72961  882.9024 
 479.53696  883.69855 
 461.22498  886.43805 
 578.44781  885.4491 
 177.20193  888.42236 
 715.17468  891.83197 
 475.63303  894.39978 
 806.91516  894.46606 
 484.63992  896.61981 
 730.73364  899.41211 
 817.09753  900.16846 
 321.35965  900.96899 
 739.49152  901.16473 
 443.63818  904.27191 
 266.15332  904.90869 
 299.3028  907.85266 
 424.29083  908.08356 
 458.56323  908.16278 
 468.04575  909.41827 
 368.11856  911.36548 
 669.12482  911.94574 
 792.82275  911.54907 
 196.19217  913.38153 
 436.07629  914.39575 
 716.88776  914.44403 
 746.15894  913.93054 
 589.63867  914.97327 
 699.57922  914.80029 
 186.26018  917.51917 
 446.6369  919.17242 
 782.3172  918.89673 
 801.91217  919.21838 
 457.15475  921.2547 
 429.20703  924.03455 
 768.50323  929.3064 
 663.98419  930.63995 
 364.73016  931.85962 
 704.12396  933.25281 
 501.58841  938.26721 
 510.14233  938.21863 
 436.37686  939.99451 
 571.52313  940.97534 
 452.43771  944.76385 
 668.83606  945.1842 
 657.00409  946.32123 
 791.61298  946.13104 
 155.93356  947.70459 
 502.43158  947.97589 
 136.28458  949.90314 
 566.96692  953.65002 
 152.85768  955.90332 
 575.71509  956.39532 
 131.35439  959.07574 
 815.68756  961.34003 
 331.95969  485.63654 
 473.43622  552.35492 
 662.70251  646.45135 
 399.59015  671.00189 
 619.67877  681.55981 
 628.1991  799.43628 
 394.07831  837.73608 
 722.5058  892.85706 
 284.20883  86.371521 
 619.70544  86.19735 
 267.10068  87.40136 
 568.13232  89.120583 
 632.84033  89.656631 
 581.73431  92.302704 
 587.13568  103.10571 
 413.78915  104.19389 
 507.31531  107.33393 
 312.36667  109.87553 
 636.59851  111.25204 
 692.20618  109.75615 
 523.32056  111.49331 
 654.55023  113.80779 
 487.73734  117.06744 
 438.55203  132.90794 
 686.06537  132.08481 
 540.91992  137.34882 
 236.22742  155.92456 
 301.53104  155.90846 
 519.64789  156.86725 
 222.68317  158.01439 
 351.53485  157.19194 
 536.45844  159.7462 
 725.67621  163.40646 
 740.28418  165.62227 
 772.06683  166.43353 
 570.05963  168.6308 
 584.3161  171.66461 
 230.86452  175.17847 
 804.62708  175.00162 
 730.52045  179.65216 
 768.25134  185.31909 
 222.73282  187.81505 
 567.15088  187.57413 
 743.79126  187.60318 
 800.61206  188.69568 
 825.40082  196.31639 
 488.91833  203.59425 
 502.5043  205.76086 
 239.49518  221.9977 
 224.59201  223.3555 
 798.18787  233.04431 
 783.67975  238.93782 
 918.67059  238.2218 
 205.48761  254.36079 
 163.80908  255.0845 
 244.38255  255.26208 
 819.02588  255.32297 
 835.38531  255.51083 
 859.78857  264.27197 
 668.71124  272.78799 
 850.99774  272.44598 
 836.92395  275.15778 
 141.06789  277.58261 
 683.73022  277.44449 
 820.01563  278.29477 
 227.20801  280.10529 
 914.02722  285.83066 
 927.97125  288.38715 
 547.17749  293.77875 
 586.41626  295.72931 
 462.4429  317.95883 
 379.2897  320.63892 
 580.07147  320.66479 
 423.54739  322.9223 
 497.72726  326.09 
 528.2016  325.8186 
 486.89523  335.2843 
 554.82434  336.54675 
 605.8996  336.52795 
 428.62973  337.13199 
 448.28494  338.15549 
 391.39996  341.20319 
 361.23242  348.12933 
 480.6712  348.13065 
 622.97034  347.97473 
 543.14838  349.923 
 569.10461  350.54126 
 417.84802  351.9791 
 376.97565  354.03641 
 591.32422  353.72665 
 920.95624  353.27548 
 449.46683  356.43427 
 181.85127  358.0567 
 430.45251  358.58966 
 196.23581  359.85739 
 465.50729  362.23566 
 397.9104  363.76862 
 928.99634  364.34201 
 616.39447  365.98306 
 411.59613  374.14511 
 646.10693  374.13678 
 349.50024  377.07965 
 362.26868  378.68948 
 660.62622  377.69501 
 606.81042  379.60785 
 635.94873  385.51746 
 327.57794  388.95273 
 340.46927  397.62015 
 357.02737  399.49637 
 638.65338  400.32098 
 157.64937  405.31158 
 384.6741  408.57907 
 352.28848  412.33499 
 433.76181  412.55536 
 542.37885  412.60602 
 936.24475  415.42285 
 368.06458  418.23389 
 632.61401  418.99438 
 659.21686  420.4292 
 735.72668  419.33203 
 676.55548  421.53735 
 316.59061  423.70917 
 701.98138  428.03369 
 725.82446  432.83182 
 365.11832  438.87704 
 701.62726  445.82364 
 599.16492  448.94516 
 689.43579  450.82285 
 316.2308  454.05591 
 342.15475  455.75952 
 424.36337  456.38269 
 902.2218  464.42688 
 737.33673  466.22473 
 329.01263  468.40149 
 253.89691  473.50806 
 343.14398  473.43893 
 408.22943  474.15283 
 708.11914  473.87552 
 86.428513  477.57211 
 274.09372  478.07239 
 919.80115  485.17319 
 932.06555  485.61606 
 753.40546  489.46039 
 764.20294  490.91147 
 694.97137  495.05185 
 298.92719  497.3494 
 310.0336  496.45523 
 335.95123  496.19968 
 710.71021  495.25433 
 732.63531  495.72815 
 284.64273  498.28241 
 624.39526  500.90402 
 323.06195  504.33664 
 751.60419  504.81213 
 765.97284  506.42416 
 904.25177  505.13147 
 334.60934  510.95084 
 570.27979  514.17523 
 708.59106  514.03821 
 723.42426  513.94385 
 737.81342  513.15637 
 298.92218  516.86108 
 902.08228  520.76691 
 917.56787  519.9989 
 477.40817  522.14789 
 754.97742  522.45801 
 540.4494  524.21008 
 285.93744  525.98297 
 679.62067  526.06122 
 492.2645  527.72296 
 323.31479  533.49927 
 90.851532  535.49963 
 706.70404  538.61407 
 767.83173  539.99548 
 900.30304  539.55103 
 502.22681  541.14325 
 521.66229  544.59711 
 915.82916  543.08337 
 632.31671  546.64014 
 780.30438  545.3335 
 726.21582  548.65125 
 645.88007  550.61353 
 705.5976  554.30292 
 910.68115  556.65259 
 272.80728  558.53864 
 289.10345  560.23999 
 736.7923  560.40131 
 757.12836  563.7334 
 716.31818  567.9682 
 275.19934  569.2652 
 313.52509  570.1676 
 295.70691  571.63171 
 911.12091  573.98743 
 924.28076  575.24689 
 263.98904  580.28168 
 721.48267  582.18231 
 327.89063  583.69458 
 277.31488  585.30334 
 652.61713  589.43585 
 340.2077  592.35968 
 909.3244  593.79663 
 445.51447  595.30719 
 693.29974  596.4577 
 707.72943  597.93646 
 722.94116  599.86804 
 742.95758  600.74609 
 615.77765  603.94122 
 925.51184  603.00146 
 912.53033  605.09045 
 333.53879  608.53284 
 347.82382  607.88428 
 697.14417  608.8949 
 596.95227  609.9046 
 685.76849  617.66071 
 339.6882  621.93646 
 357.99329  622.31439 
 700.7074  624.69952 
 930.8443  625.63617 
 676.41003  631.57526 
 100.45144  636.6026 
 323.04666  635.6817 
 917.40259  641.4574 
 930.1546  644.29688 
 678.96051  646.73779 
 367.15674  648.12177 
 384.83051  652.72736 
 694.6308  651.33441 
 439.72372  653.06866 
 105.37076  655.14618 
 924.14703  657.99908 
 542.59589  661.78174 
 911.44617  662.64569 
 376.23431  663.77533 
 662.92194  665.67755 
 641.80157  668.00195 
 320.89188  670.28467 
 389.80777  670.02106 
 335.29651  671.677 
 562.45929  676.96558 
 410.95319  683.03253 
 631.80988  682.14893 
 672.17542  687.01929 
 913.87616  689.3443 
 618.1134  691.45996 
 901.53607  695.90765 
 360.75443  698.25092 
 595.987  698.57355 
 915.61237  704.79987 
 383.12399  705.37866 
 576.51813  708.43622 
 605.36603  708.77368 
 707.49445  708.60834 
 337.74097  710.34607 
 397.97784  709.83844 
 428.02936  710.36896 
 356.58994  713.35687 
 491.38702  713.76843 
 888.47839  716.62006 
 509.26419  721.05463 
 141.67757  721.05878 
 163.00362  724.88232 
 547.75342  723.14374 
 412.93002  725.09521 
 682.71802  725.72113 
 486.2059  728.25098 
 561.13336  727.72192 
 342.21219  732.06403 
 460.73502  733.69843 
 536.88959  733.97961 
 512.68726  743.84552 
 562.96014  744.80469 
 403.80704  750.12518 
 547.44739  752.21564 
 430.72464  754.73389 
 529.11346  756.54004 
 474.97156  758.38196 
 904.57214  758.672 
 851.461  764.45526 
 585.17084  768.07959 
 599.26556  769.47168 
 867.95166  779.34778 
 134.782  782.83777 
 207.96361  783.18787 
 881.81769  783.14288 
 581.39709  785.20685 
 850.35016  787.03009 
 350.54919  793.46997 
 166.91612  810.35663 
 750.47186  810.03442 
 179.98091  812.56244 
 892.58167  814.81244 
 429.32239  815.23181 
 222.44437  820.31934 
 264.46967  819.98431 
 445.4826  820.71204 
 168.16241  829.86804 
 197.84177  832.78223 
 310.26437  836.46118 
 324.70505  838.3476 
 573.13306  837.93695 
 699.21136  837.12524 
 236.76073  839.56195 
 262.9726  839.2038 
 841.51892  840.10968 
 595.4303  842.40961 
 910.72424  840.71533 
 750.08075  850.75385 
 473.13159  853.685 
 837.47327  857.44537 
 599.50635  862.37177 
 850.0025  861.69104 
 619.69543  872.73474 
 468.46225  873.70679 
 479.91962  881.88702 
 833.24738  881.79828 
 711.90881  888.88702 
 470.64481  893.00183 
 484.28329  894.8125 
 805.40332  894.70367 
 321.46426  898.1947 
 740.06671  897.48364 
 818.39117  900.56525 
 441.561  903.75543 
 197.53703  912.2525 
 588.01648  911.51965 
 786.927  911.80078 
 714.62341  913.58673 
 744.78131  913.98242 
 759.0849  913.59216 
 800.81799  916.72528 
 702.15588  930.19861 
 337.16153  531.23224 
 619.66693  677.30499 
 438.32535  132.69565 
 519.90497  133.4953 
 541.59442  135.21625 
 351.01862  156.08757 
 516.62494  157.10373 
 538.26965  160.36848 
 724.94739  163.26549 
 741.53094  164.58073 
 569.55505  167.27856 
 586.15002  171.90063 
 730.53986  178.61775 
 747.7774  186.37593 
 219.37436  187.58592 
 567.5177  188.60681 
 488.38135  202.5414 
 223.09718  222.2025 
 801.07208  233.09026 
 780.9093  238.73074 
 251.98198  248.65762 
 836.6839  258.07095 
 855.52631  266.5697 
 665.64374  272.71014 
 138.77534  275.96222 
 686.03168  276.31448 
 817.70355  275.86923 
 837.36115  279.35358 
 835.93713  287.37476 
 379.19952  318.32803 
 578.53461  321.0824 
 507.56473  324.46796 
 497.30844  325.92761 
 491.7883  332.09583 
 426.72952  335.91336 
 448.29523  336.8895 
 605.9389  336.06265 
 570.12103  348.83173 
 483.00702  351.44 
 543.80994  352.36603 
 377.01889  353.80478 
 593.43225  355.40939 
 433.35889  357.75677 
 198.3761  359.82266 
 398.66586  362.66382 
 619.33112  367.64325 
 405.23907  377.26877 
 602.24756  380.88098 
 340.24103  397.66132 
 638.69226  403.54919 
 352.8266  409.8447 
 387.54587  410.35092 
 434.95172  411.73947 
 369.28674  416.2749 
 656.66986  421.17334 
 676.13104  419.45435 
 736.38306  420.85394 
 702.77551  433.61417 
 722.41418  434.57449 
 366.99338  440.1633 
 360.73685  442.45108 
 598.24963  450.1008 
 339.63947  454.6373 
 420.99408  454.44803 
 623.86273  453.45688 
 316.74133  458.21576 
 903.64099  463.53729 
 737.80908  469.91107 
 343.68851  472.6152 
 255.48322  473.22504 
 703.47211  476.67105 
 273.56747  481.16583 
 318.22217  485.33194 
 336.39481  494.55707 
 691.55804  494.33197 
 712.52728  494.81326 
 343.22504  496.78748 
 281.52206  497.90506 
 732.78583  502.51166 
 752.32538  503.49069 
 906.33002  504.92529 
 318.5795  507.0228 
 483.67004  513.01575 
 736.07703  512.09058 
 334.21454  514.99866 
 301.51514  518.33258 
 704.89386  517.85962 
 755.5838  521.11285 
 284.36893  526.70166 
 677.73663  526.34894 
 901.43549  526.35468 
 320.78589  535.51086 
 336.33374  542.17603 
 501.84979  543.42792 
 521.41998  543.96356 
 704.52386  544.63629 
 726.33405  544.23419 
 780.09503  546.40222 
 632.80048  547.08203 
 650.81958  552.53387 
 736.21338  561.93439 
 272.56262  564.79889 
 756.39575  564.09088 
 293.89999  567.51019 
 717.64801  568.64063 
 315.22382  574.00677 
 339.06784  573.57074 
 634.81415  587.33539 
 341.5163  591.50616 
 687.68286  593.21106 
 447.29422  594.42151 
 709.48065  598.74896 
 693.82831  597.27637 
 723.86469  597.83801 
 745.27167  599.65167 
 615.82959  602.16772 
 698.05139  606.17975 
 330.89352  612.18756 
 338.4032  616.02179 
 684.05847  619.22089 
 361.03824  621.94324 
 700.8299  626.6167 
 325.33685  634.05719 
 660.92694  644.8689 
 365.25842  647.68378 
 679.49249  647.97699 
 384.84659  653.29932 
 696.17908  651.59052 
 642.63647  664.93658 
 665.55591  666.61346 
 337.59442  670.71942 
 409.74426  678.42328 
 562.55829  678.27686 
 623.20862  689.96387 
 616.84338  691.26367 
 597.53278  694.17743 
 897.01929  696.24176 
 520.46704  703.54675 
 573.4729  707.84485 
 398.91614  709.32068 
 603.3761  712.89716 
 356.28122  714.47913 
 429.45605  713.94006 
 895.3764  720.20111 
 142.43752  721.60699 
 504.71155  721.99084 
 547.54694  721.49628 
 562.30426  726.41931 
 682.71136  726.53552 
 484.2099  730.8183 
 462.55618  733.33191 
 535.38135  735.30865 
 564.68323  746.82373 
 403.88217  749.6637 
 428.86789  754.72662 
 546.5033  754.00714 
 469.24435  758.45056 
 903.75519  758.18683 
 851.68219  764.90149 
 581.97229  766.59436 
 599.11743  769.79474 
 865.79236  778.60944 
 849.75531  785.01459 
 350.56918  793.06995 
 165.37236  813.08008 
 224.5919  818.48322 
 266.5929  824.02515 
 167.75951  827.58691 
 192.45866  832.47852 
 573.50311  836.93317 
 326.30011  838.48535 
 593.22937  840.25238 
 472.99362  851.69208 
 849.40796  862.65851 
 598.96277  863.52209 
 466.0011  873.47339 
 483.04153  885.86633 
 322.806  896.57782 
 439.14969  904.65845 
 248.59109  243.29765 
 835.99976  264.93774 
 685.99268  275.40826 
 582.51233  317.14581 
 501.13016  325.9541 
 450.48389  333.54288 
 607.7019  334.19913 
 568.20447  345.17865 
 539.87988  355.84958 
 431.68814  361.35919 
 589.19739  366.86792 
 621.57074  368.99631 
 416.37875  376.91864 
 335.01889  400.14273 
 439.64557  407.4198 
 642.90833  412.79135 
 674.84344  414.7464 
 365.28174  441.29877 
 339.68021  453.38104 
 415.56808  454.00101 
 314.38043  485.13217 
 279.22241  486.32227 
 340.95328  486.97925 
 683.07104  488.36954 
 713.67822  486.52594 
 338.2966  500.17358 
 473.30615  510.05875 
 730.75403  537.27338 
 528.41547  541.16382 
 700.422  543.58893 
 650.84149  554.87909 
 268.17224  564.49817 
 293.97391  565.71716 
 312.6377  582.87 
 343.74103  589.47662 
 328.72479  613.36511 
 668.21893  618.19739 
 362.67795  617.90924 
 706.85992  621.25519 
 322.81305  636.51868 
 656.17731  641.89557 
 360.99557  647.57172 
 636.41815  653.93011 
 557.96918  668.39398 
 668.3045  668.07971 
 419.17133  679.56323 
 376.91489  683.26654 
 587.7265  689.18842 
 621.38806  690.25983 
 432.02975  716.34729 
 541.49237  743.35803 
 572.51367  759.32935 
 848.83844  770.31488 
 594.87213  838.4151 
 470.25052  845.82458 
 566.10229  342.7236 
 536.90912  368.01425 
 625.76001  368.77737 
 585.96619  373.17926 
 423.14612  375.11499 
 641.65411  415.60275 
 707.89313  485.10492 
 677.10614  485.65268 
 342.79199  490.35776 
 348.41083  509.14856 
 457.01239  512.07117 
 702.35626  537.09631 
 735.77649  536.87677 
 680.01666  566.77661 
 344.51242  586.24774 
 313.87985  600.68274 
 363.9978  607.46265 
 712.85895  620.27698 
 557.09882  665.52393 
 675.99908  664.52924 
 419.51343  676.40405 
 585.91724  688.44629 
 422.06296  382.20859 
 347.98398  494.4993 
 455.28552  518.66699 
 354.62531  589.24408 
 651.07361  619.29608 
 414.03979  661.87079 
 593.73541  673.1521 
 459.9761  522.92316 
