 58.061378  34.97493 
 496.72723  36.807953 
 502.04599  37.379822 
 534.11584  37.778271 
 539.89655  40.061337 
 549.08032  50.448849 
 541.69232  51.770866 
 657.9126  51.243206 
 410.81522  54.963974 
 416.2619  55.090336 
 548.79272  54.563869 
 665.09705  62.005486 
 553.25067  64.94384 
 673.0249  69.000793 
 550.9436  72.20182 
 633.26263  77.155449 
 561.34796  77.895767 
 625.44269  78.371544 
 430.46939  82.414391 
 440.1937  81.398232 
 294.55112  83.429726 
 510.27133  83.52079 
 284.35107  86.050987 
 673.88702  88.055733 
 493.37042  94.193321 
 695.36151  93.847443 
 209.34709  97.087975 
 430.46777  97.509903 
 295.04822  97.976059 
 423.28314  98.506363 
 590.13202  99.095619 
 360.29944  102.20927 
 583.54913  104.31632 
 577.17242  104.31478 
 619.36304  106.3046 
 668.7016  106.94066 
 441.48849  107.96108 
 588.54175  107.60463 
 104.57711  110.16776 
 109.18147  109.86897 
 622.61371  111.18004 
 486.44583  113.11066 
 346.89307  114.49855 
 302.85919  116.50329 
 325.70807  116.86399 
 679.53882  117.39336 
 671.93695  118.79275 
 318.20676  118.53127 
 179.60712  124.57906 
 347.95313  124.1993 
 667.1236  124.79438 
 435.21579  125.20912 
 257.80679  126.88844 
 722.65308  127.13667 
 737.70142  128.19363 
 715.94513  128.72081 
 731.96155  129.79892 
 744.80518  129.85812 
 184.22636  132.18796 
 446.08084  130.94084 
 454.20508  131.43123 
 726.60248  131.30307 
 280.3378  131.39363 
 178.19016  134.31601 
 202.57948  133.93365 
 386.94873  135.33768 
 426.41837  134.52792 
 396.99039  138.35246 
 227.14281  138.65047 
 351.78986  139.01537 
 745.47809  140.01578 
 710.6366  140.72757 
 244.52817  140.87256 
 418.64111  140.49327 
 223.01839  142.1508 
 757.19818  143.38174 
 309.22266  143.76707 
 423.75186  143.49858 
 355.74973  146.88747 
 375.29492  147.64563 
 468.86591  151.85707 
 154.49585  152.93796 
 674.2572  153.97531 
 210.12457  154.93452 
 510.82449  158.40106 
 763.05505  160.29729 
 466.6228  160.2179 
 529.93781  162.60936 
 269.97418  164.87341 
 261.04364  165.98718 
 511.74493  166.79005 
 529.7074  167.74542 
 714.37799  169.0596 
 762.36713  171.03419 
 870.95233  172.10881 
 671.79517  173.77142 
 196.04677  174.51743 
 864.38776  177.14912 
 149.04951  178.35399 
 274.20859  183.65793 
 304.0275  184.93005 
 170.82021  191.13229 
 178.40913  191.36964 
 236.52734  198.97699 
 242.03094  203.13623 
 450.94223  204.75214 
 432.05905  206.12799 
 820.04987  205.28749 
 828.27686  205.91106 
 746.53345  210.00235 
 437.57916  212.4541 
 227.24794  211.76805 
 437.22684  214.83498 
 452.6521  215.4124 
 243.28143  218.38448 
 204.25471  218.25551 
 198.67442  219.9117 
 237.23671  220.87932 
 435.33633  220.6579 
 782.48682  221.39706 
 886.5022  219.27556 
 215.44255  222.31293 
 209.36554  223.97838 
 233.65186  225.62593 
 588.12091  226.24161 
 582.76489  228.39488 
 889.26172  227.84036 
 181.42322  228.71379 
 640.92474  235.72041 
 785.3183  235.83252 
 648.0426  237.04536 
 900.66925  240.63937 
 184.87898  242.06499 
 629.9126  244.37166 
 640.75507  249.6772 
 633.66144  252.9064 
 643.96552  254.1107 
 595.9906  264.45334 
 182.97023  267.87604 
 630.30988  271.52112 
 953.6051  275.371 
 962.30322  275.86768 
 193.94365  278.6564 
 185.96016  280.51968 
 923.73627  283.58759 
 936.09991  283.6449 
 977.40674  285.01102 
 918.25702  287.69604 
 985.62793  286.43518 
 123.2068  287.92331 
 560.21277  288.65536 
 901.01477  291.96295 
 893.052  293.82364 
 462.91144  295.90143 
 207.3996  303.07935 
 948.45135  302.65417 
 956.7334  302.93442 
 427.49448  304.18121 
 957.90369  305.25757 
 166.56819  309.09637 
 569.34222  315.04407 
 671.2182  315.11786 
 532.00458  315.29895 
 550.02057  315.73349 
 529.9079  324.42886 
 499.39935  325.34671 
 720.91748  328.86673 
 316.34717  332.38116 
 110.73065  332.01755 
 321.97916  332.96667 
 923.26831  332.47354 
 195.00804  332.89737 
 916.24854  335.46539 
 408.91687  336.81229 
 621.40472  337.38126 
 738.96924  336.89871 
 237.74988  338.32159 
 233.26274  338.75952 
 930.2309  340.0957 
 960.04022  339.08524 
 566.32928  340.3631 
 922.07751  341.37 
 507.34702  342.42395 
 488.22763  342.26147 
 497.69705  341.99478 
 515.35059  342.96625 
 523.17853  342.08127 
 479.80704  344.72037 
 352.53497  345.74039 
 544.35962  343.47549 
 562.02631  344.70306 
 531.8269  345.67044 
 465.24484  346.94025 
 947.93335  348.09177 
 953.77094  348.19635 
 457.2652  349.83655 
 541.13806  350.19675 
 371.90567  350.92679 
 550.73901  353.34387 
 392.91895  351.9147 
 453.02844  353.33463 
 588.80017  352.62964 
 582.17151  356.7543 
 422.10635  358.83853 
 574.8913  359.7738 
 589.03528  360.26709 
 332.10754  360.24908 
 594.55908  362.84775 
 916.65466  362.62991 
 326.64221  363.53348 
 411.84628  363.68677 
 320.51807  365.4046 
 616.88672  364.82907 
 911.04712  365.6373 
 415.75229  367.44196 
 608.82782  367.81238 
 406.45792  371.81506 
 396.07986  370.48709 
 694.51178  374.94394 
 917.48615  377.48206 
 909.08429  378.08325 
 390.88943  383.38837 
 344.26205  387.21738 
 386.22189  389.21017 
 714.83337  392.0986 
 61.301189  393.59085 
 648.12079  394.70877 
 122.61029  395.88483 
 334.95712  396.84781 
 890.99811  398.33334 
 535.98877  398.57721 
 906.56128  400.00214 
 543.95105  400.60834 
 891.79401  400.66492 
 899.99237  400.90323 
 529.9165  402.07834 
 76.798111  404.04031 
 343.56625  404.56119 
 656.19086  403.81815 
 924.89594  405.93463 
 525.35394  406.95874 
 145.36044  408.27359 
 901.55804  407.27762 
 375.30139  409.20087 
 923.00635  408.63681 
 913.45807  412.47632 
 659.92352  413.52274 
 148.42912  415.46097 
 164.61462  416.15836 
 723.74738  414.51721 
 333.8562  416.43652 
 326.17453  418.10071 
 940.83136  417.71948 
 369.45831  419.34155 
 178.07628  419.92691 
 344.0636  424.24469 
 421.44968  425.14551 
 128.24506  426.28189 
 370.39102  428.30981 
 781.06622  427.6601 
 787.36938  428.01312 
 489.87869  430.20786 
 678.26508  430.0827 
 207.92554  433.23752 
 738.97235  432.30493 
 312.12549  433.54489 
 732.8031  433.76001 
 366.63773  434.95108 
 899.09143  437.1488 
 361.77487  438.29135 
 743.52759  439.93472 
 749.07275  439.63528 
 356.37311  444.2652 
 267.94733  446.67825 
 361.6387  447.64499 
 749.39966  449.15854 
 760.87067  448.05493 
 903.36475  449.32318 
 913.12726  446.80109 
 733.17914  451.40292 
 753.11743  449.86737 
 357.07428  450.6373 
 920.02521  454.1041 
 696.68823  456.33444 
 740.3576  455.58673 
 912.24408  455.90826 
 359.05447  457.20987 
 320.69888  458.14047 
 353.37488  458.87411 
 784.2608  460.22824 
 697.21216  462.01938 
 749.98358  463.60336 
 354.13013  465.73837 
 742.62933  468.37646 
 263.14597  468.33267 
 320.80957  470.14334 
 328.63354  469.20892 
 351.53528  471.95224 
 709.61835  473.20511 
 138.44379  474.11353 
 347.18314  475.43307 
 130.27301  476.50406 
 308.28558  478.40991 
 698.04297  478.34207 
 314.29645  480.20074 
 348.85815  480.98727 
 122.77364  481.59369 
 340.44742  482.37906 
 344.043  482.92111 
 85.108566  487.45032 
 707.51367  487.06607 
 345.57205  488.15933 
 736.87726  487.29105 
 915.78619  486.58826 
 107.37893  488.71594 
 113.20323  489.44501 
 298.05606  490.45551 
 340.05121  490.76575 
 783.44214  493.90533 
 757.31311  495.21786 
 919.44171  494.87772 
 927.50354  494.91837 
 84.536697  495.52496 
 986.38354  496.10098 
 340.31683  501.21588 
 714.02612  500.53754 
 502.5809  499.95749 
 778.43787  500.2883 
 785.81293  499.04187 
 560.27728  501.09518 
 741.30115  502.061 
 316.8009  503.01868 
 339.07477  502.95505 
 272.62686  505.08279 
 735.27716  504.00189 
 262.1564  506.38995 
 573.06946  506.67871 
 749.0965  507.4231 
 306.43356  508.35425 
 333.54163  506.80408 
 503.59619  508.23428 
 320.24774  508.68903 
 326.6022  510.45804 
 338.66647  512.61377 
 274.69324  514.61212 
 545.22736  514.58997 
 335.14032  517.4126 
 743.70233  516.67725 
 749.48901  517.02777 
 97.172394  518.28967 
 496.6868  518.74579 
 519.02417  517.95044 
 921.73767  517.88983 
 65.467575  519.81512 
 534.78174  518.0755 
 542.79675  518.8067 
 915.315  520.22205 
 715.24158  521.271 
 930.73285  520.72906 
 639.24597  522.47131 
 338.43204  523.6283 
 495.43726  523.2085 
 511.11618  523.48163 
 260.99332  525.02533 
 518.63739  524.48553 
 312.71741  527.18573 
 504.86374  526.0741 
 487.06241  529.26093 
 307.0593  529.68903 
 495.01108  530.11011 
 940.00372  531.08575 
 67.978683  531.86304 
 502.9444  532.44275 
 926.98242  534.242 
 521.20642  534.71973 
 917.06842  534.62152 
 338.03226  537.07568 
 526.05237  538.49365 
 91.397514  539.08466 
 532.09265  538.89801 
 941.16266  541.26923 
 275.26602  541.85675 
 567.65186  542.74182 
 527.87274  543.94788 
 508.909  544.74323 
 51.654591  546.82312 
 96.170197  547.21637 
 104.83244  547.57758 
 520.58911  548.39758 
 716.0528  547.93597 
 513.86218  549.88141 
 527.36359  550.13599 
 966.90997  550.10321 
 48.09993  553.09753 
 834.05237  554.07477 
 89.314476  554.92474 
 290.84329  554.83124 
 336.62686  555.36829 
 475.78122  557.32898 
 105.95412  558.27136 
 482.47079  557.77637 
 304.01926  559.04559 
 342.31836  561.09949 
 527.76233  561.72791 
 296.73792  562.7265 
 512.72119  562.57782 
 522.3855  563.16492 
 711.15802  563.18335 
 939.8446  563.81085 
 336.08179  566.00519 
 739.4502  564.64117 
 339.97653  568.15631 
 937.39673  569.29205 
 42.06897  571.18298 
 948.51489  571.05103 
 702.03674  576.62885 
 280.14392  578.6286 
 728.04559  578.67456 
 348.46848  580.3244 
 944.55719  580.49213 
 69.207474  583.03619 
 61.913033  583.07715 
 346.26465  585.81958 
 945.26825  585.74976 
 705.91791  585.44604 
 352.14532  589.92273 
 420.85077  589.55109 
 306.79221  591.9259 
 615.23474  591.1203 
 708.91815  594.25842 
 347.11386  594.80365 
 949.68054  597.0564 
 109.31351  597.66602 
 300.5806  597.75055 
 312.98438  599.80615 
 955.24475  600.6272 
 59.731483  601.79553 
 109.82969  604.45471 
 699.73682  603.01556 
 320.35339  605.0484 
 721.50067  609.90747 
 114.74495  611.61823 
 105.16724  611.75311 
 348.58743  613.08337 
 700.14008  612.14594 
 692.74591  614.49634 
 356.70547  617.09601 
 283.75946  621.07867 
 716.25067  620.23383 
 693.138  621.56635 
 293.54004  623.4082 
 934.23016  623.68115 
 686.77539  622.46313 
 361.1282  624.92078 
 99.26722  624.55206 
 681.2052  630.24481 
 668.56696  631.60339 
 687.69513  632.84943 
 71.39444  632.55756 
 65.435631  634.51227 
 679.45654  634.88867 
 370.23663  636.04822 
 454.87717  638.24634 
 460.22913  638.48657 
 662.60052  638.19092 
 671.11804  642.10394 
 370.50601  645.72278 
 377.74918  645.38696 
 189.14847  646.31891 
 661.12646  647.33887 
 667.30621  646.76886 
 66.249931  646.88348 
 349.91068  649.87634 
 966.14392  649.55005 
 667.21118  653.2298 
 571.4101  653.83093 
 661.31989  653.95441 
 966.76294  653.47504 
 974.90686  655.82251 
 583.57288  657.37567 
 888.82965  657.33087 
 120.03474  659.42828 
 932.44238  658.3111 
 659.0174  661.33289 
 924.53729  660.2973 
 115.20657  662.98456 
 399.30734  661.34943 
 673.13446  661.25897 
 88.658325  663.71307 
 392.59784  662.78998 
 645.44781  663.03381 
 651.6449  662.78253 
 81.20327  664.07147 
 349.24384  667.37469 
 710.62506  668.15247 
 650.17065  669.60645 
 400.67722  670.06598 
 643.15594  670.35211 
 341.8822  673.64294 
 642.55579  674.41754 
 412.60934  674.89655 
 334.4129  676.02124 
 119.19717  679.23645 
 319.8887  678.17413 
 352.49408  680.67297 
 708.31659  679.98016 
 410.80389  682.28796 
 419.55612  681.33215 
 636.09149  679.39661 
 938.02649  681.76599 
 946.48639  685.2547 
 422.96603  686.37976 
 639.62073  687.24829 
 430.33762  687.30536 
 342.29187  688.89465 
 906.55042  690.20001 
 938.98901  690.47882 
 959.5343  689.72852 
 416.82291  693.45923 
 425.46808  693.82037 
 621.26849  694.08685 
 627.57214  694.51489 
 720.20703  693.92566 
 436.68347  696.41742 
 331.0722  699.39368 
 893.93219  698.66748 
 332.44455  700.59601 
 608.88397  700.34924 
 729.36591  699.98639 
 615.53339  700.6781 
 621.11761  700.98456 
 354.47253  700.8429 
 602.81702  704.7135 
 459.09406  705.74554 
 607.92664  706.29498 
 451.22452  707.69983 
 613.22168  707.50391 
 926.03949  709.61646 
 466.4325  709.41443 
 917.26929  710.16302 
 473.83508  709.63324 
 722.33459  709.76721 
 345.6254  710.57965 
 491.81091  712.28003 
 589.51947  711.74963 
 462.80017  713.47797 
 503.93634  712.74548 
 698.97699  713.20349 
 481.25726  712.83295 
 601.93091  714.97101 
 486.57932  714.66254 
 567.46692  715.23358 
 594.67798  714.70721 
 514.12457  716.09424 
 522.73364  716.37421 
 534.58978  716.5697 
 549.96106  715.99866 
 575.10492  715.95313 
 926.76483  715.18866 
 583.12317  715.46979 
 611.73792  717.81189 
 956.97949  717.71051 
 160.03931  718.68433 
 508.81836  719.25201 
 557.24689  718.86597 
 426.48502  719.51147 
 540.29858  719.76819 
 411.1683  721.69623 
 440.89517  724.62433 
 526.55719  724.46722 
 616.30737  723.0426 
 580.44635  724.04419 
 422.16812  725.73694 
 570.69995  724.62439 
 889.44165  722.72736 
 897.3092  724.57404 
 334.53848  726.89221 
 518.24115  727.13971 
 536.81482  726.55963 
 870.73444  729.7627 
 606.95404  731.27557 
 946.24725  732.25336 
 455.31326  734.87524 
 411.79501  734.6236 
 592.13196  734.45337 
 877.12476  734.32715 
 352.45444  743.05786 
 505.49588  742.32373 
 957.27557  742.18237 
 395.35709  744.45239 
 583.60663  747.08063 
 646.97113  747.87415 
 636.79584  750.7569 
 645.01666  750.99994 
 592.25629  752.89417 
 812.31543  756.04919 
 525.07886  758.0647 
 90.036293  758.40417 
 857.68469  758.39703 
 959.73596  758.16345 
 386.75595  759.55615 
 793.97131  761.9281 
 801.22125  760.74951 
 477.4021  763.63013 
 957.13129  765.1507 
 632.93292  767.1701 
 669.38525  766.70825 
 233.89629  766.78223 
 520.54559  770.73761 
 941.3009  772.41058 
 679.12939  774.00323 
 672.06317  774.51178 
 196.63284  776.91913 
 895.91107  777.15002 
 889.02191  777.53857 
 186.10143  781.67981 
 905.47693  785.88037 
 555.97046  788.08545 
 547.70386  787.78632 
 902.1217  794.57587 
 910.29102  794.8136 
 219.09196  800.16077 
 810.05951  802.05646 
 906.39307  804.36963 
 896.42413  805.22705 
 135.68048  809.26575 
 896.52393  813.92273 
 225.92966  814.33783 
 494.01221  815.22095 
 395.27875  817.77795 
 403.34882  818.45239 
 897.65784  818.71112 
 505.05548  827.15784 
 657.15112  825.80334 
 866.60205  826.28925 
 256.82843  828.34088 
 243.56529  828.90863 
 262.228  831.00818 
 254.20483  834.10229 
 192.06453  836.89398 
 228.35353  840.32745 
 244.32442  844.19629 
 237.56033  847.05072 
 684.56921  846.91113 
 790.07916  848.31177 
 783.99994  847.87408 
 676.08899  849.8371 
 503.59479  850.98529 
 448.67447  853.02673 
 690.1507  852.9527 
 787.42853  853.27808 
 325.82303  853.15118 
 454.36713  853.6543 
 900.48541  853.81226 
 806.67963  854.78009 
 525.19452  857.49988 
 533.63806  857.27405 
 321.44135  860.73157 
 869.8551  861.99939 
 446.13022  863.16498 
 239.98257  865.58405 
 281.72275  866.68835 
 385.73776  866.06415 
 815.08038  865.86249 
 830.25952  867.24146 
 511.2406  868.47791 
 786.18744  870.46008 
 313.74487  873.17584 
 840.17126  876.21387 
 731.59021  878.8078 
 775.56628  881.34509 
 262.1597  884.26324 
 322.67764  884.15326 
 370.07074  886.44836 
 865.1593  889.71576 
 510.909  891.14996 
 777.21265  891.5672 
 248.09679  892.6001 
 546.28467  892.9422 
 553.72784  893.67462 
 669.86627  893.7749 
 736.87921  895.13464 
 503.48914  896.4657 
 508.92722  896.52771 
 364.52988  897.802 
 403.43576  904.16425 
 695.54822  904.9137 
 355.85504  906.23566 
 531.51428  909.97894 
 539.20361  909.57703 
 674.63574  913.64758 
 349.14639  914.70532 
 252.3616  917.69012 
 260.4924  921.05151 
 586.37781  922.43622 
 394.78543  926.99817 
 586.2038  929.10742 
 578.79407  931.57806 
 645.92438  934.90338 
 653.29181  935.83252 
 722.65942  936.13416 
 714.79706  937.37286 
 251.01138  939.61377 
 579.98608  941.04852 
 441.87143  949.76685 
 539.98041  953.50238 
 264.14246  966.31903 
 631.95007  978.87274 
 503.81091  985.60907 
 673.81183  986.14709 
 523.86688  43.593658 
 254.55556  54.570881 
 486.01968  58.276157 
 664.38745  72.39579 
 561.3045  75.188263 
 498.17786  85.521957 
 571.44116  93.31839 
 587.45355  93.380356 
 673.88684  99.219917 
 367.40765  101.20388 
 516.24811  101.19275 
 468.03549  103.16069 
 320.87943  104.42966 
 610.6535  104.75529 
 601.06201  106.68798 
 385.918  108.82167 
 414.09552  109.31431 
 295.13562  118.04485 
 209.642  118.61591 
 427.24677  126.18021 
 679.36603  126.21712 
 309.47272  128.89352 
 359.65012  135.25612 
 661.90076  134.73502 
 702.3407  138.72618 
 480.00958  139.58502 
 673.67334  141.45255 
 765.99811  140.92902 
 456.98499  145.99409 
 671.86353  147.73297 
 244.71086  153.4903 
 689.95416  153.93849 
 478.52036  155.01405 
 291.5654  159.36467 
 321.6489  160.22502 
 502.90851  167.86972 
 891.02344  172.82893 
 707.27869  174.90662 
 311.81244  186.18022 
 747.75488  187.65858 
 772.26392  190.32658 
 243.26469  194.1987 
 898.61548  196.21349 
 311.77368  199.21333 
 493.46555  198.70862 
 501.99786  198.9855 
 788.5141  200.7455 
 777.65802  202.31348 
 181.03308  208.13428 
 169.25235  209.8504 
 758.69611  210.92563 
 504.1442  214.18358 
 486.48642  215.28252 
 876.76727  215.15999 
 186.3985  217.55428 
 748.07214  219.28088 
 807.06348  222.85654 
 579.74335  225.36742 
 791.98053  226.52763 
 908.15918  239.66701 
 177.08624  243.5014 
 483.53738  249.08904 
 584.83185  249.11627 
 704.08759  249.42233 
 468.96671  252.89301 
 888.87616  258.38876 
 715.9563  259.17194 
 899.71069  259.47424 
 163.81163  265.7709 
 191.92104  267.53241 
 900.11621  271.44037 
 887.88281  272.66791 
 570.12726  274.72556 
 943.40851  282.93631 
 549.59674  285.90173 
 888.90466  286.23132 
 965.56238  286.8533 
 180.59059  290.8092 
 226.34862  291.90738 
 172.59531  294.18741 
 568.26312  296.46408 
 525.31683  297.44949 
 162.15627  297.94077 
 218.94038  299.10782 
 442.20572  301.18051 
 582.771  300.58719 
 434.43207  303.15576 
 221.96405  312.13525 
 574.6214  323.20703 
 432.79172  325.06219 
 185.74925  331.91803 
 629.0199  331.65625 
 431.1355  333.3685 
 439.43918  335.01193 
 396.46957  338.5571 
 377.21045  341.26807 
 588.8952  342.05252 
 459.91043  342.57678 
 107.13814  343.71484 
 418.26077  345.65518 
 627.57104  347.36731 
 750.33521  348.35205 
 400.85159  348.6763 
 934.56146  350.8425 
 402.00494  351.74374 
 599.65955  356.67276 
 676.28174  358.17804 
 95.155525  358.64838 
 667.83313  360.61716 
 388.5394  361.81082 
 903.78882  364.34119 
 367.45514  364.91315 
 716.64587  366.77841 
 661.65649  367.75339 
 337.40659  375.82632 
 621.7002  375.87161 
 636.67389  375.81479 
 727.67542  376.02844 
 99.398621  376.94131 
 51.93301  380.10269 
 719.54199  382.25546 
 378.41519  386.15817 
 675.96576  388.03876 
 301.90186  390.39508 
 353.50073  394.74747 
 465.02731  396.228 
 663.54535  400.49796 
 83.900879  402.82153 
 702.33423  407.42029 
 312.8168  407.93094 
 895.69562  409.18536 
 59.311142  412.49045 
 314.23892  419.49542 
 678.69812  419.21063 
 360.63757  419.69531 
 667.85193  422.07974 
 901.10907  425.4545 
 353.19073  426.3208 
 729.29608  425.52893 
 592.71942  428.18274 
 185.09697  429.00317 
 361.36667  429.07544 
 498.00577  429.86978 
 303.89584  433.11227 
 322.0643  435.95245 
 340.02478  439.94534 
 312.08603  442.9502 
 309.06628  453.86841 
 335.75574  455.76385 
 328.60522  460.44296 
 287.54788  460.48944 
 705.9342  461.10477 
 758.62561  463.39966 
 885.96625  464.11588 
 901.75873  468.56403 
 611.11731  470.20517 
 145.96722  470.53226 
 422.76773  471.23825 
 339.97412  472.16776 
 914.66077  471.92468 
 750.13104  472.9801 
 710.67511  476.24042 
 323.83081  480.07349 
 758.39691  482.01489 
 625.03601  482.72693 
 408.22269  485.02905 
 262.0412  487.81073 
 133.53635  492.6423 
 774.75671  492.68814 
 406.12186  494.26978 
 683.40955  499.53506 
 725.27185  501.05222 
 923.42023  502.5791 
 933.34387  502.96832 
 542.96149  507.91519 
 553.7066  508.90155 
 791.33783  509.04831 
 735.51904  512.8443 
 103.25143  515.30182 
 253.81363  518.38483 
 766.8396  518.44684 
 459.68869  518.98627 
 227.31509  522.17267 
 529.14294  524.36823 
 648.6601  523.94531 
 320.2562  526.50476 
 948.39435  530.42188 
 305.23773  533.79657 
 329.33905  536.27753 
 559.52362  535.80896 
 511.58902  536.79285 
 495.8237  538.29169 
 79.980759  544.0321 
 733.65466  544.25757 
 268.26318  544.48676 
 722.91528  545.8999 
 305.92548  547.45691 
 58.724468  548.8302 
 958.22351  549.15503 
 144.49658  549.86475 
 260.87354  549.88098 
 111.57997  551.92682 
 319.28311  551.68396 
 748.47522  552.40991 
 55.648457  552.77588 
 948.70441  552.86444 
 939.11584  553.73901 
 720.92859  559.06219 
 758.43726  558.8465 
 433.43726  563.47278 
 666.13495  564.52795 
 311.76123  567.48376 
 956.59625  572.41309 
 714.91901  573.93744 
 945.45355  583.37512 
 115.48515  585.00842 
 956.14557  586.18292 
 607.18097  590.64758 
 328.33035  599.41016 
 464.51956  608.05481 
 942.83411  608.78943 
 305.85641  611.1767 
 954.34039  610.84412 
 930.02032  619.12921 
 530.92883  620.33582 
 734.23517  625.11053 
 342.67029  628.65179 
 275.27695  634.19025 
 512.96985  635.45428 
 351.12271  635.61658 
 582.22894  638.30432 
 593.99384  639.31671 
 703.96545  643.81323 
 542.55579  645.42664 
 355.75195  645.99042 
 747.62207  647.95209 
 920.53937  648.25952 
 949.41187  648.02881 
 689.85468  654.72491 
 897.0144  656.39233 
 591.93744  659.33282 
 332.45758  667.28998 
 656.70758  669.79163 
 939.48694  672.05524 
 959.59064  678.30072 
 712.32147  694.81799 
 446.80447  699.50403 
 368.52966  700.6886 
 964.67194  704.18726 
 134.9229  706.92615 
 900.92621  710.39301 
 429.00571  716.14044 
 442.10498  716.05621 
 590.39819  716.85529 
 420.43918  718.08264 
 474.06439  718.25891 
 283.37991  720.76398 
 402.83185  722.03229 
 477.21017  723.53961 
 140.15613  726.29218 
 436.91702  728.69208 
 403.5192  735.78113 
 584.77026  735.64569 
 423.43457  736.54083 
 592.63318  736.4776 
 379.73108  741.25568 
 520.92566  741.12695 
 556.57977  744.2063 
 447.42639  747.5686 
 574.71466  747.63593 
 363.56747  750.65527 
 439.02716  750.88306 
 470.38708  751.29907 
 478.73907  753.06134 
 533.1629  756.86841 
 374.48959  761.31665 
 468.14368  760.94482 
 366.80124  764.82294 
 454.27316  765.38794 
 965.30243  765.21326 
 551.90881  766.79968 
 618.91479  769.15723 
 962.2926  772.07385 
 210.43045  781.54352 
 897.06104  786.35809 
 62.865871  789.10321 
 757.53796  799.09521 
 803.36572  811.95416 
 218.82199  815.96796 
 487.35709  821.74677 
 633.42188  822.56787 
 791.64978  829.38684 
 390.97543  829.94519 
 873.1817  832.48438 
 870.80286  837.64557 
 200.83868  838.43811 
 638.0426  840.33392 
 663.98578  841.14966 
 515.05243  847.31702 
 223.67632  849.27679 
 192.81557  849.83325 
 781.19568  849.84283 
 317.93387  852.94806 
 797.30237  852.72052 
 907.42603  853.24121 
 538.97766  854.0517 
 860.28436  854.39972 
 277.50061  854.57843 
 681.41223  855.39606 
 238.91364  859.2453 
 455.12677  862.4375 
 548.42249  862.84283 
 230.76953  864.11273 
 851.21259  864.52155 
 376.50201  865.94519 
 644.79865  866.13812 
 427.38971  867.33478 
 238.245  869.69995 
 867.84784  871.37817 
 194.17456  875.22504 
 264.54639  875.82263 
 769.14368  875.60486 
 273.80435  877.83533 
 737.84692  877.50427 
 546.8241  881.93134 
 740.8584  885.36469 
 529.30005  887.43848 
 662.01917  893.73608 
 421.82202  902.01068 
 369.11099  905.88196 
 515.33099  909.32623 
 732.82306  913.81598 
 496.73907  915.31787 
 433.42126  917.01123 
 313.67368  918.99634 
 509.62247  919.62549 
 531.56  922.24451 
 521.08337  924.89307 
 441.73315  927.35852 
 504.87155  930.35986 
 383.81729  930.74121 
 339.85709  939.66962 
 514.35645  945.30878 
 329.40054  948.43347 
 564.26648  958.14764 
 592.23785  959.99915 
 627.09814  966.20648 
 619.91406  968.59631 
 638.38116  975.4837 
 512.08783  42.596897 
 553.80243  64.145416 
 694.68005  94.686096 
 208.82065  97.52298 
 360.0882  103.09122 
 679.33643  116.44195 
 435.08606  125.05256 
 737.73907  127.95238 
 226.73775  137.26866 
 244.87434  140.6678 
 424.55194  143.61804 
 209.10249  155.64044 
 762.52197  172.37326 
 242.94612  204.13707 
 227.06438  211.16562 
 204.43274  217.79562 
 434.80548  221.20485 
 794.09912  222.98811 
 784.99487  235.677 
 322.98953  332.8251 
 522.41187  342.60944 
 541.87299  342.86838 
 531.67529  346.12906 
 454.35153  353.38568 
 581.86224  356.8905 
 421.5683  358.46967 
 588.9624  362.82797 
 412.21957  362.95819 
 917.22021  362.48325 
 527.67975  405.71033 
 76.43232  404.0871 
 145.29485  409.0408 
 780.83624  427.38892 
 787.50366  427.8782 
 732.64874  434.30322 
 743.32867  439.93262 
 363.46121  445.93716 
 359.62546  457.95163 
 352.29852  471.21451 
 347.31702  475.0408 
 699.8949  478.81467 
 307.71841  479.56216 
 707.20367  486.76099 
 346.24521  488.04803 
 106.79202  489.22665 
 113.50382  489.55545 
 317.09525  502.75784 
 734.59845  503.73322 
 319.92352  509.10336 
 339.37048  512.50629 
 334.3244  517.35181 
 96.336487  518.22162 
 261.7135  524.01538 
 504.81262  525.44507 
 511.10443  524.52643 
 496.84549  529.42639 
 503.29422  533.2049 
 521.24878  533.89679 
 531.26062  540.63623 
 520.65051  548.58038 
 47.366413  553.06207 
 290.53448  554.29425 
 89.090096  554.72803 
 106.35646  557.71997 
 483.0473  557.60138 
 528.60535  561.99072 
 348.81827  579.41681 
 345.78107  586.19684 
 420.90448  589.44257 
 948.74261  596.83313 
 72.102547  632.5766 
 65.694511  635.83551 
 454.29816  638.18188 
 460.64114  638.60742 
 669.12408  643.84894 
 350.19324  650.74652 
 660.96881  653.83044 
 667.6676  653.56995 
 120.70142  659.03784 
 651.66498  661.60803 
 391.90897  662.59076 
 905.35248  690.3009 
 620.24921  693.75208 
 459.14554  705.81677 
 607.91083  706.15051 
 617.20172  709.21283 
 503.88086  712.89008 
 463.55173  716.92493 
 575.2547  715.51117 
 566.37842  715.65247 
 509.47012  722.03497 
 540.69025  720.15875 
 617.17749  722.91461 
 592.34027  752.44971 
 940.5835  771.336 
 888.32294  777.59222 
 225.62988  813.78461 
 243.68982  828.84418 
 244.22725  844.0943 
 448.01367  852.83118 
 900.56024  853.15924 
 455.12384  853.52039 
 830.05151  866.70557 
 323.13171  883.54187 
 695.58087  904.87476 
 401.62592  908.31158 
 586.27533  929.58264 
 664.45264  62.017288 
 532.89008  69.098389 
 673.68964  68.873558 
 550.40759  72.637924 
 664.4519  73.522301 
 561.42328  74.603088 
 634.35333  77.742493 
 624.41559  79.031776 
 419.88663  81.282501 
 440.05991  80.80471 
 430.10629  82.890434 
 510.3306  84.123901 
 499.41818  84.76722 
 620.22803  91.248062 
 570.05939  93.710892 
 589.01056  95.911064 
 422.30396  98.345299 
 295.62912  98.595078 
 430.80698  98.900696 
 504.78107  100.11901 
 516.68549  100.20064 
 368.51181  101.14302 
 457.85614  100.72472 
 609.67603  105.67543 
 620.04535  106.38409 
 584.81604  106.64148 
 600.14154  106.79855 
 412.88718  108.54589 
 440.69183  111.15054 
 486.14429  112.55036 
 209.34296  117.18423 
 303.95401  116.52633 
 671.22729  117.17164 
 317.19458  118.31107 
 630.79785  118.53829 
 294.41425  118.88296 
 347.7641  124.10851 
 425.64719  125.15646 
 667.15637  126.48224 
 679.10339  126.45766 
 714.72034  127.19002 
 309.99863  128.85278 
 745.10828  129.35458 
 213.63576  129.44847 
 771.20508  129.69424 
 454.60654  130.73729 
 185.61884  132.69234 
 280.6777  132.1757 
 445.98917  132.16884 
 202.63928  134.11986 
 360.18912  134.74655 
 662.44989  134.71126 
 386.26791  135.77321 
 351.35498  138.25452 
 396.80878  138.43399 
 478.89117  137.96582 
 407.06781  138.47978 
 701.30902  140.01385 
 710.92078  141.41605 
 745.02563  140.50172 
 765.96228  140.67206 
 672.914  142.52742 
 456.54425  143.85539 
 354.4288  148.15579 
 771.19598  148.44395 
 376.64133  148.95483 
 154.39726  152.92595 
 246.03706  152.90369 
 689.08484  153.6805 
 477.72858  157.17728 
 291.55994  159.41301 
 762.23529  160.0439 
 321.37485  160.71284 
 465.99539  160.53104 
 528.71039  163.38028 
 271.2388  164.63466 
 260.742  165.71912 
 512.60474  165.61635 
 501.99533  167.94321 
 714.40387  168.24823 
 852.28949  170.4938 
 870.14063  171.81534 
 890.62659  172.88925 
 706.70203  175.18872 
 862.35498  177.85956 
 148.82936  179.48026 
 513.659  180.05482 
 274.89246  184.33243 
 747.2301  186.36726 
 289.96957  187.57957 
 773.49048  190.40428 
 179.05553  190.98177 
 736.7771  193.9032 
 244.64445  195.21461 
 898.71008  196.0195 
 502.57742  198.56828 
 235.05891  198.97823 
 310.72046  198.58409 
 492.47418  198.53006 
 788.74335  201.33455 
 190.25528  202.72649 
 776.59949  202.42325 
 818.72803  205.33958 
 828.52411  206.02292 
 181.02235  207.94171 
 169.96942  210.06322 
 746.82141  210.28149 
 438.50253  211.46643 
 758.45557  211.46132 
 896.35046  211.16888 
 452.36536  214.14932 
 462.37466  213.32903 
 486.42056  215.41864 
 876.19299  216.13614 
 186.19685  218.39957 
 243.67979  218.81392 
 886.71075  218.50069 
 806.39862  220.86922 
 782.66968  222.27119 
 215.29767  222.51569 
 588.65875  226.30145 
 180.57834  228.17012 
 930.83838  227.77475 
 639.36737  234.71227 
 649.4552  237.45435 
 908.81897  240.16707 
 791.80457  240.78461 
 899.76312  241.89888 
 176.71739  243.04192 
 629.95166  246.80197 
 483.50906  249.46741 
 583.97369  248.9091 
 643.20636  252.30785 
 470.3537  252.52045 
 888.88202  258.19006 
 716.36816  258.58597 
 899.68256  259.11273 
 165.1727  267.54797 
 182.41554  267.9707 
 192.80977  267.6055 
 629.25226  271.68024 
 887.81  272.44098 
 900.13635  271.59412 
 962.8421  275.45624 
 952.88092  275.81638 
 194.94179  277.77213 
 185.52379  280.50711 
 943.97833  282.62338 
 550.25287  285.44171 
 888.72235  284.65384 
 964.52698  287.30087 
 917.41638  287.78186 
 182.04094  291.01111 
 226.1702  291.7627 
 901.63123  292.30286 
 479.70908  293.44189 
 512.67841  292.98602 
 892.67407  294.72519 
 462.57837  296.3194 
 524.784  297.35944 
 568.80701  296.9436 
 488.67819  300.05096 
 582.93781  301.4169 
 947.76904  303.22015 
 206.77539  303.75488 
 957.48102  303.96826 
 547.99725  305.64914 
 167.67313  307.54443 
 220.79121  310.94952 
 532.45007  315.15738 
 549.70105  315.009 
 196.79094  319.53403 
 587.31348  321.73672 
 574.38452  323.68402 
 421.94553  323.90396 
 432.7131  326.55014 
 499.62402  326.07944 
 529.23615  325.84705 
 721.0094  329.12674 
 595.16168  331.18518 
 629.00635  330.78693 
 184.63326  332.06607 
 195.0574  332.19894 
 924.84308  332.12485 
 126.21379  333.87497 
 738.92792  336.70917 
 397.29935  338.45905 
 439.47702  337.96512 
 378.11569  340.51578 
 458.85849  341.29498 
 565.48041  341.00717 
 930.60065  341.267 
 436.38345  341.50092 
 920.61603  341.95981 
 506.62164  342.69946 
 517.11646  343.08234 
 107.47394  344.23746 
 419.19821  345.48758 
 480.13467  344.8208 
 352.50635  346.05048 
 626.75708  348.0997 
 750.2984  348.29178 
 954.02783  348.82623 
 372.14636  350.53394 
 392.1666  351.12109 
 425.14627  351.40372 
 589.80176  351.28769 
 638.1369  352.19479 
 934.01471  352.827 
 402.36642  355.10229 
 549.51727  354.66806 
 600.71454  355.07114 
 622.19153  355.13269 
 94.997459  356.66891 
 676.59576  357.56366 
 333.49319  359.71475 
 574.82819  360.10043 
 388.50067  361.78101 
 902.41919  363.9487 
 367.36087  365.15274 
 616.54651  364.77554 
 910.73743  365.28778 
 427.36456  366.17191 
 607.39917  368.31967 
 396.26062  369.85999 
 406.53827  372.46979 
 337.99908  375.87601 
 354.05209  376.41086 
 728.77679  376.29709 
 99.769249  377.1279 
 620.37927  376.64346 
 908.74469  378.95123 
 917.95685  378.78412 
 719.28253  381.92023 
 378.35471  385.46957 
 675.41327  387.68307 
 387.431  388.82635 
 657.71558  391.21146 
 686.27173  391.45523 
 714.74847  393.28506 
 647.01404  394.42264 
 465.26141  395.73978 
 383.34067  396.84296 
 536.12653  397.48007 
 891.02521  398.04907 
 663.96863  398.63422 
 907.8205  400.15942 
 544.20331  400.95874 
 605.75873  404.31625 
 655.41309  404.46841 
 343.2561  404.91919 
 331.39069  406.04858 
 702.7475  407.42233 
 375.59564  409.07291 
 923.48541  408.46652 
 484.24371  410.22183 
 894.76129  409.526 
 59.453293  413.44193 
 913.33057  412.63718 
 723.18042  413.83197 
 691.81812  414.7258 
 734.95642  416.14392 
 164.22774  416.51511 
 360.75143  417.59607 
 176.82494  418.32022 
 314.70264  418.76114 
 325.84723  419.17099 
 370.37891  419.02335 
 679.11499  418.78281 
 667.34906  421.29889 
 900.28601  423.12903 
 343.81097  425.33389 
 729.61926  425.37115 
 420.84415  426.18585 
 353.38452  427.02481 
 370.82825  428.46359 
 360.05035  429.15192 
 592.10858  429.04251 
 489.25262  429.95251 
 678.48474  429.71219 
 739.17542  431.80646 
 208.39037  433.50812 
 312.1655  432.7005 
 323.04581  434.53152 
 701.84851  435.17026 
 899.51459  437.29926 
 339.43741  440.8963 
 313.34424  443.78815 
 356.38815  444.69153 
 913.6192  446.73215 
 760.36847  448.04562 
 749.49988  449.3078 
 902.27527  449.95898 
 732.28223  453.06012 
 920.40411  453.99402 
 335.6272  455.15906 
 768.21985  455.19171 
 309.3985  455.86835 
 740.16681  455.95059 
 717.33832  456.77499 
 320.08401  457.78363 
 696.53345  461.19678 
 706.47833  461.21027 
 750.2182  463.01688 
 759.05768  463.68359 
 338.55502  467.46429 
 354.01077  467.12653 
 147.18385  469.26611 
 263.35965  469.64984 
 329.58066  469.75842 
 903.65979  469.9838 
 320.56433  470.67026 
 422.63806  471.30331 
 750.33826  470.922 
 916.27356  470.83237 
 741.22101  471.45941 
 723.09448  474.81482 
 130.02753  476.40869 
 710.81958  476.47546 
 757.2146  481.10446 
 314.47864  481.40094 
 339.79626  482.01492 
 625.21686  482.32513 
 928.38068  484.37848 
 615.63824  486.15115 
 916.33405  485.94669 
 309.6445  488.28424 
 339.69727  490.11166 
 298.19037  490.9155 
 773.6861  492.28589 
 142.24292  493.17014 
 406.31305  493.50781 
 929.17419  495.01382 
 785.22217  496.54288 
 325.73099  496.89383 
 757.99408  496.87836 
 683.60645  499.03506 
 777.823  499.14374 
 341.02295  500.98987 
 560.65991  501.13541 
 713.89935  501.3252 
 725.16113  501.63062 
 741.47266  501.91501 
 922.68945  502.79718 
 933.34772  502.66034 
 331.01401  504.29117 
 572.9646  505.33142 
 542.11267  506.79715 
 305.48795  508.37714 
 503.63333  508.66129 
 734.60651  513.90771 
 275.06702  514.76276 
 533.94073  516.87134 
 743.87878  517.04578 
 253.87352  518.45123 
 496.02036  518.23517 
 543.70685  518.25214 
 683.35345  517.58362 
 766.63745  518.86713 
 66.332451  520.46045 
 148.86269  519.63281 
 459.35931  519.63647 
 714.55933  520.65204 
 931.43915  520.552 
 226.95523  522.19421 
 921.28656  521.41199 
 639.46777  522.83307 
 338.61969  524.33142 
 649.50995  524.41504 
 519.46661  524.72479 
 528.80963  525.00201 
 748.26379  524.79913 
 485.67203  528.43097 
 312.96951  528.6792 
 949.36407  529.92163 
 938.69678  530.99719 
 304.62711  533.8183 
 557.70642  534.34723 
 916.60608  534.48285 
 927.15723  534.13074 
 772.71246  534.57538 
 72.725166  536.81641 
 289.72351  536.63641 
 328.88858  537.15497 
 511.70547  536.65277 
 338.47656  537.9325 
 942.27264  541.41589 
 733.56842  544.57129 
 934.1593  546.57111 
 95.030708  547.43909 
 104.5343  547.31024 
 958.72766  547.46234 
 306.07825  548.08002 
 58.335709  550.53168 
 318.36508  551.12793 
 948.86298  551.46307 
 112.1041  551.93408 
 938.55389  552.16577 
 747.87939  553.33936 
 474.97845  557.49286 
 304.23297  558.26941 
 758.3653  558.56445 
 342.87311  560.49371 
 721.69739  559.56665 
 333.21884  562.40704 
 296.17126  562.76129 
 710.85205  563.48779 
 666.70599  563.5946 
 738.10504  564.13281 
 335.59595  566.29639 
 312.20111  567.70825 
 937.95447  568.00543 
 948.3429  570.36774 
 957.63074  572.24335 
 715.01147  574.13708 
 279.47079  576.44189 
 728.08136  578.03851 
 918.42529  580.01263 
 60.498337  582.43488 
 69.45916  582.09772 
 946.29987  583.02332 
 705.88342  585.10205 
 956.46692  585.26318 
 116.54664  585.48468 
 636.54785  585.70349 
 936.44348  587.79041 
 354.73996  589.5155 
 606.56714  590.0575 
 615.63135  591.40228 
 708.33044  595.76422 
 301.21524  597.15808 
 289.3038  598.77087 
 328.6528  600.2298 
 59.162853  601.11035 
 711.00629  601.2915 
 699.90564  602.03278 
 353.74225  603.65283 
 319.28912  604.70856 
 108.27297  605.25165 
 464.11807  607.22339 
 721.40961  610.26007 
 942.65118  609.73474 
 105.15157  610.91443 
 115.38116  611.61292 
 954.37299  611.17188 
 307.83368  612.20343 
 700.6441  612.91382 
 347.55121  613.85046 
 691.9812  614.35712 
 941.29486  614.99042 
 357.36664  618.49292 
 717.25519  620.17114 
 283.65707  620.65729 
 686.83722  621.32202 
 931.11884  621.0459 
 947.06537  620.7699 
 294.56912  623.34174 
 99.128708  623.47357 
 734.11682  624.38287 
 934.50739  624.47028 
 342.83099  627.90869 
 668.97699  631.97595 
 275.7251  633.27307 
 352.61853  633.97357 
 679.4574  633.97565 
 688.45581  633.65057 
 370.32874  634.92792 
 945.49738  635.19568 
 511.97134  636.29541 
 581.89374  637.65906 
 592.40796  639.91168 
 542.19116  644.91937 
 379.63391  646.14685 
 369.89655  646.93353 
 66.079826  647.63062 
 747.49298  648.16937 
 921.10577  647.91699 
 949.30206  648.17639 
 966.47046  653.1496 
 571.43451  654.14362 
 690.64423  653.86481 
 582.35522  657.43018 
 703.31812  656.52637 
 888.44641  657.12286 
 932.5473  657.89508 
 400.13919  660.34766 
 923.15161  659.73273 
 660.0022  661.33832 
 673.16302  661.35571 
 468.28513  662.85236 
 593.466  662.97833 
 80.823441  663.89374 
 90.207909  663.86743 
 115.10732  664.04321 
 332.7533  666.95197 
 349.81342  667.99457 
 709.9613  668.81763 
 299.79196  670.34875 
 398.68823  670.48578 
 650.41907  669.75049 
 742.77252  670.50226 
 642.11316  671.11414 
 939.47357  671.70551 
 950.11993  671.63104 
 319.85757  677.5788 
 120.16445  679.54358 
 635.36383  678.73798 
 936.51587  682.24689 
 409.92453  683.60706 
 421.40009  685.52106 
 629.62421  684.79602 
 946.42755  685.53693 
 431.90448  687.16309 
 640.06378  687.45654 
 957.26617  688.93573 
 720.33936  692.58203 
 627.15039  694.35962 
 710.52264  694.02063 
 446.48352  698.44958 
 331.11682  699.63916 
 354.92627  700.49213 
 369.50211  700.15125 
 894.06342  699.68726 
 134.29124  706.51801 
 631.44836  706.11676 
 451.15973  707.59796 
 345.13724  709.88647 
 722.56  710.25781 
 901.52594  709.84967 
 916.5885  711.2384 
 926.69769  712.38141 
 370.45139  712.72162 
 481.04883  712.86249 
 743.27521  714.43317 
 583.47284  714.76886 
 440.88544  715.69226 
 533.82727  716.02588 
 602.18756  715.74261 
 429.2309  716.96161 
 549.38507  716.60132 
 136.7348  718.2655 
 956.78583  718.07489 
 159.43579  718.89648 
 473.82397  719.33936 
 283.79703  720.30969 
 342.59448  720.7323 
 411.34503  721.86279 
 401.67004  722.60858 
 580.23267  724.2934 
 897.68359  723.53638 
 421.7872  725.20148 
 569.39929  724.52496 
 140.4532  725.93896 
 439.72794  726.28302 
 527.25623  725.99286 
 334.0166  727.06689 
 518.10474  728.04565 
 606.28534  731.22272 
 412.99524  735.0899 
 572.13788  734.85919 
 877.85773  734.63953 
 391.78482  735.96625 
 455.29001  735.79163 
 403.09344  736.52112 
 423.86804  737.13257 
 444.14899  736.57806 
 593.01343  736.98505 
 380.43845  739.20453 
 504.45901  740.43787 
 519.17419  740.21631 
 946.00989  740.98584 
 536.30298  742.55334 
 956.95215  741.71094 
 351.97012  743.45251 
 556.50055  742.87903 
 584.02435  747.0885 
 448.552  747.90588 
 574.61743  749.12946 
 438.30988  750.10712 
 363.70233  751.36041 
 469.77029  750.77429 
 635.80634  750.80389 
 645.51044  750.48328 
 478.63019  752.30182 
 534.24054  756.55835 
 386.41107  759.27594 
 857.21661  758.83044 
 524.43964  759.48224 
 375.09317  761.04413 
 793.13062  762.20532 
 802.00867  761.61633 
 477.53824  763.76404 
 452.31024  765.1864 
 955.76093  764.96021 
 233.21524  766.25537 
 965.61597  766.13898 
 618.97186  768.3208 
 506.97556  768.70038 
 630.54126  768.74799 
 679.85144  774.29193 
 670.80377  774.85895 
 896.45966  776.95569 
 209.44489  781.00922 
 185.83458  781.80365 
 905.89893  785.6571 
 546.79297  786.86542 
 557.08258  787.42279 
 896.89319  788.26953 
 63.002689  788.89832 
 217.97285  788.92548 
 900.6593  794.34979 
 910.42279  795.29651 
 757.23743  798.42889 
 218.13309  801.06488 
 810.2066  801.94836 
 906.69995  804.39783 
 895.9715  804.50378 
 135.59761  809.45654 
 505.82559  813.58862 
 494.6694  815.16412 
 896.30103  815.13599 
 394.29852  817.41852 
 403.99484  817.54352 
 887.46344  817.82635 
 897.72375  818.9884 
 217.36688  819.86566 
 487.90112  822.92505 
 632.96619  822.72327 
 657.07092  824.77228 
 504.78156  827.27802 
 262.55856  831.15698 
 391.14584  830.77039 
 401.44318  831.42023 
 253.98004  834.94971 
 871.36182  835.68445 
 191.77534  837.33636 
 201.98944  836.88885 
 882.22815  839.46082 
 228.36317  841.51703 
 639.1662  840.78546 
 663.88434  840.69373 
 684.54535  846.95703 
 237.2401  847.68695 
 515.22156  848.06104 
 225.00812  849.10016 
 780.32147  849.04028 
 191.96606  849.83905 
 789.35352  849.7085 
 504.69839  850.95148 
 689.19727  851.65894 
 325.91489  853.81061 
 797.16785  853.64056 
 806.13672  854.37695 
 276.95679  855.43768 
 860.13086  854.88586 
 535.63708  856.3222 
 524.91638  857.84052 
 321.53027  860.59302 
 870.54602  860.89355 
 446.33362  863.51019 
 455.19275  863.198 
 548.32892  863.18176 
 851.38861  864.02026 
 229.37077  864.53149 
 375.33057  866.13342 
 386.19928  866.04608 
 644.54517  866.39868 
 814.68646  865.50842 
 239.39842  866.23254 
 281.79321  866.55078 
 426.54883  866.77313 
 511.11942  869.12244 
 786.31696  870.73242 
 326.14935  875.41418 
 769.09277  874.64478 
 193.92509  876.36578 
 312.95486  875.52197 
 536.69061  875.66821 
 839.60687  876.82642 
 273.4248  878.48065 
 547.04572  881.2215 
 775.01569  882.67743 
 262.01697  883.6629 
 529.41498  887.59753 
 865.11932  889.41791 
 776.64862  891.4071 
 545.00458  893.12689 
 554.18896  893.75726 
 660.70782  893.66345 
 671.13983  893.96637 
 736.84906  895.98688 
 364.21649  897.59235 
 891.58667  900.00592 
 421.38644  901.57294 
 265.85043  906.22467 
 515.01941  908.17108 
 530.49396  909.16858 
 540.1958  909.4566 
 743.93964  909.55627 
 732.67474  912.91547 
 348.98175  914.88159 
 496.92914  915.61993 
 252.01274  918.46747 
 261.02939  920.32343 
 509.29388  919.73029 
 647.79938  922.03815 
 520.70441  922.71552 
 531.43115  922.83295 
 394.44812  926.62061 
 442.03003  928.54169 
 504.3913  930.55194 
 578.47607  931.8125 
 645.26184  935.37219 
 722.95056  935.61298 
 373.7081  937.28772 
 654.22815  936.91852 
 713.82977  936.60394 
 340.41296  939.98975 
 580.46649  941.26929 
 514.27081  945.10822 
 442.36646  949.46277 
 272.99869  960.42609 
 580.44086  961.08386 
 591.40814  960.79742 
 264.04584  966.31097 
 486.61148  57.032253 
 509.711  523.74359 
 483.73187  556.47876 
 649.92749  658.11609 
 454.92227  851.42072 
 325.91733  875.48438 
 517.41589  94.638855 
 567.73059  94.129112 
 586.00317  93.190712 
 620.12592  105.6843 
 439.77344  112.10162 
 455.91159  113.77144 
 710.60059  124.57123 
 347.14975  126.50121 
 422.14526  125.31622 
 744.20844  127.08432 
 216.73213  130.66893 
 664.17328  129.36189 
 679.27399  130.15846 
 199.6237  134.40741 
 477.9278  136.05388 
 696.42255  140.04399 
 741.87494  141.6987 
 671.70453  144.90924 
 710.30414  143.49525 
 767.42822  143.60602 
 248.15157  148.97998 
 376.50235  149.64348 
 686.34564  150.34709 
 460.21548  158.91937 
 477.39447  159.06863 
 512.10016  161.66705 
 526.86066  162.38132 
 867.44434  169.69623 
 511.91827  180.94124 
 748.0777  185.49287 
 294.98883  188.5128 
 897.97327  190.95193 
 734.90918  194.43356 
 245.80582  196.01897 
 788.44403  201.52173 
 772.26538  204.16156 
 813.99274  205.7347 
 827.84418  206.34972 
 181.28484  207.10823 
 438.34241  210.11864 
 452.03665  210.07529 
 168.16248  211.72127 
 898.13971  211.1967 
 806.54077  215.81798 
 871.17847  217.33269 
 885.57971  218.11813 
 793.40326  220.26843 
 776.96997  226.21237 
 179.55518  227.37332 
 173.38919  241.10719 
 627.54828  247.09129 
 642.54602  249.52718 
 195.51469  270.99442 
 181.55849  275.99097 
 889.62598  282.58948 
 550.29077  284.04919 
 913.22864  286.55115 
 510.96738  289.10306 
 899.21863  292.06155 
 206.36655  303.43738 
 167.9931  309.48184 
 548.45557  309.86414 
 127.39462  317.27271 
 576.7453  321.10483 
 498.23016  323.85257 
 432.21002  327.51773 
 468.10052  330.31177 
 526.33685  329.62015 
 595.40942  329.16257 
 193.83904  331.19708 
 926.17059  332.98267 
 394.7688  339.10468 
 459.02283  340.27325 
 565.03076  340.35202 
 543.04108  341.29147 
 915.58093  341.37589 
 108.22852  343.77783 
 350.73917  344.70557 
 517.271  345.06671 
 592.35449  348.03442 
 421.71271  350.26263 
 401.96194  352.59665 
 622.66815  351.01529 
 637.76019  351.66891 
 455.13272  354.10556 
 383.52472  360.10104 
 366.08487  362.63617 
 584.95142  363.26938 
 614.73065  363.97754 
 394.12219  368.92874 
 442.66718  370.52747 
 407.85394  373.33905 
 337.50198  375.05963 
 354.00278  378.01797 
 619.71075  378.31277 
 718.35864  379.49582 
 375.98575  383.60895 
 384.94077  394.24554 
 660.55383  392.65463 
 643.74567  394.14426 
 687.12842  393.72119 
 711.37213  394.70721 
 616.98767  397.67233 
 890.59375  395.34225 
 344.16556  404.64404 
 330.70309  405.35626 
 527.42297  406.84824 
 373.42029  409.33264 
 689.57977  411.49493 
 911.43652  412.84033 
 923.63202  410.81378 
 162.88216  415.91153 
 177.13799  415.21881 
 678.41168  419.01291 
 311.36801  420.9238 
 666.28485  420.50024 
 342.26324  426.09778 
 419.73203  425.94601 
 729.13605  425.8938 
 325.93839  427.32358 
 357.04657  428.24323 
 370.61603  429.69617 
 589.75714  432.57056 
 899.48303  435.22879 
 701.58459  438.41147 
 340.33133  439.58539 
 357.0369  443.20135 
 748.19189  445.9447 
 759.1615  445.68445 
 915.51563  447.60089 
 900.32623  451.02863 
 307.02655  456.40891 
 728.96332  455.5914 
 707.68994  459.15878 
 762.92523  461.20441 
 691.88342  461.31155 
 749.18512  461.48843 
 355.88504  463.78088 
 146.91379  466.32278 
 418.91336  471.01004 
 901.7395  469.70389 
 916.64056  470.03989 
 737.27045  471.92474 
 723.13574  475.16534 
 708.57495  478.0491 
 755.66852  477.88565 
 623.40698  479.67474 
 337.57327  483.76843 
 915.01532  484.71066 
 311.79028  486.54263 
 405.72653  490.75015 
 771.09479  492.18405 
 681.99054  494.69608 
 784.46417  496.32608 
 327.10577  498.4032 
 931.64191  500.76706 
 341.3981  501.5975 
 572.36804  502.052 
 710.92725  502.20566 
 918.53735  501.7717 
 731.92847  509.60065 
 253.37091  517.12091 
 274.1394  517.91577 
 544.46619  517.2926 
 712.4032  517.60748 
 744.54785  518.67328 
 765.0899  518.86035 
 638.88275  522.88025 
 919.90839  521.31818 
 338.55759  524.26318 
 652.86981  524.6568 
 482.48904  526.38397 
 313.09116  530.24542 
 497.74173  529.1571 
 725.08679  529.81848 
 302.099  532.42352 
 925.38702  532.13745 
 288.07587  535.88391 
 326.85535  535.35358 
 339.33148  539.66327 
 510.30859  539.42328 
 529.69653  540.73218 
 732.92511  543.34943 
 89.409004  549.81891 
 305.40463  552.75214 
 757.50958  557.1012 
 721.74707  560.14307 
 738.11047  559.92194 
 294.50055  563.01917 
 666.4494  561.51917 
 707.06061  561.15302 
 331.939  563.96008 
 936.31677  567.0365 
 346.69962  572.35693 
 713.53119  573.37427 
 632.71838  582.49817 
 338.07162  584.21576 
 704.20996  584.37537 
 719.68707  589.13708 
 933.98486  588.87561 
 615.2254  591.38898 
 303.39249  596.1748 
 287.15451  597.18719 
 353.98651  602.95911 
 697.95966  599.71814 
 329.15485  601.89349 
 463.63577  603.70819 
 104.23708  606.02118 
 311.85941  606.44379 
 291.54031  607.75671 
 344.80835  613.14056 
 701.87054  613.56299 
 686.19952  616.31091 
 718.61627  615.427 
 358.98291  618.45642 
 98.131241  619.29742 
 282.23254  619.94342 
 296.15735  623.05078 
 929.99896  623.60626 
 355.55634  636.46838 
 689.75562  635.53491 
 668.85583  641.60223 
 382.01608  645.38885 
 921.02747  646.2381 
 363.51682  648.05206 
 570.70856  652.18616 
 702.7757  654.36407 
 467.94196  661.25702 
 350.10349  664.63208 
 593.02167  663.65381 
 651.23425  668.42145 
 395.47989  669.31958 
 741.11859  670.00012 
 629.08124  679.45648 
 421.5238  687.32574 
 640.25714  687.82874 
 719.71539  690.88715 
 612.20593  691.89691 
 445.24078  695.96619 
 368.2529  698.02881 
 353.87274  699.19226 
 892.77533  699.44043 
 130.87053  704.07721 
 529.35138  712.32013 
 586.17444  711.8222 
 911.70477  711.49817 
 925.80707  712.84045 
 600.20691  714.02667 
 547.9873  716.69177 
 398.08469  719.60284 
 466.5687  720.29663 
 139.22093  722.06525 
 895.62598  722.11597 
 421.35922  723.21393 
 436.3746  724.83685 
 577.66272  724.50696 
 526.92096  727.62073 
 485.50131  730.00305 
 605.23187  731.02466 
 377.3447  735.70496 
 396.52121  735.31757 
 454.21964  736.8432 
 502.69257  737.37323 
 555.07813  738.43182 
 591.18701  740.59009 
 573.88208  747.99152 
 645.24054  748.664 
 631.3219  749.64276 
 520.93512  758.83734 
 448.90521  763.46246 
 476.46078  763.39081 
 630.33069  767.2691 
 186.3047  780.19556 
 207.74214  780.51288 
 895.19653  793.41815 
 755.39862  797.71869 
 908.00348  797.25806 
 807.71912  802.04803 
 391.314  814.29108 
 404.35028  815.32941 
 895.22571  817.95612 
 631.15137  820.18652 
 654.06  820.69531 
 486.1637  822.99194 
 502.38144  825.60803 
 869.90063  836.38226 
 661.74451  839.89319 
 883.79962  839.26996 
 190.04716  842.69739 
 683.62378  846.62451 
 776.77142  846.48535 
 806.22418  849.89142 
 535.62616  853.33856 
 324.16687  856.3219 
 854.98975  856.10632 
 869.5401  858.62872 
 827.64691  862.90082 
 226.30844  863.66144 
 239.87381  864.07172 
 282.88925  863.98438 
 372.18845  864.41272 
 386.80838  863.94934 
 813.56805  865.68225 
 783.93805  869.89282 
 534.26569  873.646 
 260.87347  880.73724 
 300.53281  879.58075 
 547.33575  879.55121 
 230.70621  882.15778 
 774.64423  888.89117 
 658.52344  890.34955 
 863.5918  889.04846 
 540.1286  892.40076 
 553.59161  891.63519 
 513.03528  908.22174 
 729.86926  910.98651 
 646.25519  918.67102 
 393.89917  923.54871 
 393.38516  389.96558 
 329.7114  565.70422 
 649.23083  653.98041 
 347.52167  127.71161 
 661.76636  129.34334 
 680.05707  129.43976 
 478.5155  134.07944 
 199.01201  135.77554 
 455.7128  136.02879 
 766.39648  143.0459 
 671.3941  145.03191 
 248.83435  147.29759 
 690.15814  148.39825 
 375.81171  149.23297 
 457.38318  159.49623 
 479.2261  159.34158 
 511.46503  160.2382 
 528.49933  162.29384 
 512.31946  182.04599 
 749.85461  185.06862 
 294.00403  187.28252 
 732.71539  194.58055 
 791.30359  205.17125 
 810.05853  208.62408 
 437.75684  209.1071 
 868.09491  217.55206 
 884.81909  217.77377 
 774.36371  224.3093 
 179.77997  228.18378 
 624.70477  247.6653 
 645.3103  247.93295 
 179.55344  274.85406 
 891.34247  283.14276 
 510.39578  289.68533 
 211.89429  297.34177 
 547.38281  310.28558 
 576.5849  320.5993 
 477.06351  326.49295 
 467.58566  329.98221 
 543.57013  339.21378 
 350.21823  342.46234 
 567.6178  341.6019 
 518.1333  347.66415 
 594.98157  348.82797 
 421.87201  349.05621 
 399.83014  351.71939 
 458.2034  356.99493 
 581.16162  365.16269 
 410.84018  373.52844 
 423.36792  372.31845 
 354.33551  377.76715 
 719.02032  381.20349 
 374.54587  381.75333 
 620.51569  381.58099 
 659.50067  390.95911 
 891.83813  393.95355 
 384.58569  396.10773 
 642.20935  395.32617 
 689.71875  398.93906 
 707.95758  397.87921 
 372.48859  409.89496 
 179.44005  414.98233 
 420.2951  424.69009 
 325.71021  427.02817 
 371.02777  429.62927 
 730.91638  429.81302 
 588.9743  433.87784 
 614.03784  433.16357 
 902.22943  434.55554 
 340.21896  436.60629 
 357.905  441.01541 
 697.93475  442.43701 
 900.8913  457.12766 
 710.06494  457.5079 
 749.89191  460.69571 
 687.95203  461.52319 
 355.45044  465.38528 
 415.18066  469.63861 
 736.07062  471.10086 
 755.91522  476.60947 
 333.80923  482.2572 
 705.61383  482.92368 
 311.78467  490.58725 
 680.48132  495.57074 
 768.4248  495.56161 
 784.50446  496.9455 
 342.11612  500.45624 
 731.74506  504.98022 
 710.0647  508.16022 
 255.1792  516.44666 
 318.66739  518.39581 
 274.04779  520.63519 
 744.19843  520.35992 
 765.1745  519.58563 
 339.448  523.97284 
 639.71185  524.21527 
 658.69434  524.80133 
 343.57651  533.25519 
 285.03644  535.45135 
 322.89471  539.07892 
 529.54932  539.98834 
 509.90143  542.02502 
 340.16516  548.45221 
 736.77362  557.58752 
 758.65869  556.97125 
 702.63025  560.51605 
 718.10876  559.23444 
 648.34106  562.79156 
 293.00223  563.84174 
 346.05539  570.40527 
 713.88684  571.25952 
 632.27747  580.33771 
 703.62  585.56537 
 719.02661  591.0918 
 289.73419  605.10059 
 309.49136  602.88922 
 331.57092  605.39661 
 701.36115  610.63745 
 684.76886  614.9267 
 360.25235  617.92328 
 669.49335  636.98578 
 693.21362  636.99597 
 360.58215  641.49603 
 384.26477  643.95367 
 352.40866  662.36566 
 593.17731  664.63062 
 392.80789  668.82184 
 654.04675  666.98767 
 414.70111  671.48016 
 629.18341  674.67542 
 639.52136  691.00714 
 442.37967  691.90198 
 609.47699  691.7403 
 719.96204  691.36243 
 370.15198  696.52368 
 556.19922  697.60297 
 892.13751  701.17047 
 129.43382  704.36774 
 585.39874  709.80396 
 601.45422  712.23352 
 544.92798  718.40057 
 894.54663  719.9704 
 436.98715  724.35815 
 468.5567  723.38831 
 576.58612  727.25494 
 524.87585  730.59656 
 607.36023  732.21912 
 396.34277  736.58923 
 504.30432  736.87933 
 590.92346  742.45825 
 627.91144  748.80267 
 645.1792  748.95593 
 514.97009  760.38806 
 446.82693  763.54297 
 475.02411  763.2926 
 187.24783  780.62634 
 404.31107  814.77271 
 631.14795  819.20398 
 651.79498  819.15039 
 660.74182  840.78351 
 534.7276  851.44446 
 852.42828  853.4599 
 326.35001  860.50909 
 871.76086  859.63153 
 284.58902  861.66583 
 388.26462  863.59491 
 225.26526  866.80804 
 811.41364  867.10266 
 327.9668  869.86017 
 531.12549  873.88446 
 229.20941  880.15808 
 551.28345  883.36627 
 790.91827  211.12167 
 644.81146  246.71257 
 208.57085  290.87381 
 550.14026  305.74704 
 577.58203  317.79419 
 471.94501  328.31332 
 540.81287  335.73932 
 422.89474  345.31909 
 597.40784  349.83765 
 514.86292  351.62817 
 565.4502  352.97397 
 350.12543  371.55234 
 409.85992  376.88272 
 658.02386  385.37628 
 397.211  392.88354 
 626.86847  389.77832 
 424.93307  419.27264 
 320.94168  430.20255 
 709.08527  449.58047 
 678.34839  457.33441 
 356.49292  466.11722 
 409.30646  469.82645 
 336.38525  483.65579 
 733.71307  496.08676 
 344.02347  505.69037 
 705.72791  509.00055 
 314.45724  516.63831 
 476.14948  514.57684 
 280.58258  524.58856 
 344.29883  525.45862 
 658.8858  528.26343 
 535.87848  535.56488 
 343.79633  556.5694 
 695.53888  563.76172 
 696.83875  583.10925 
 725.27625  585.67993 
 309.41138  600.49243 
 283.88351  604.00897 
 678.33948  614.13318 
 330.98788  613.32367 
 361.55954  613.83228 
 661.62671  628.46521 
 696.4071  637.68091 
 353.21167  640.93414 
 385.21808  640.0675 
 586.69928  655.87134 
 349.9024  665.26538 
 652.63678  667.27606 
 388.81467  669.87482 
 619.45294  675.05511 
 452.10931  690.51434 
 471.84879  725.12329 
 583.60645  732.60352 
 617.38934  743.45264 
 652.8703  817.18079 
 532.25671  845.8457 
 538.44885  335.09491 
 601.05225  350.51691 
 564.44177  358.76587 
 404.33359  389.03677 
 625.9541  392.19995 
 712.27478  444.25342 
 671.15027  453.38147 
 702.77716  498.23077 
 352.08752  523.38306 
 460.82578  518.50427 
 343.84171  546.28424 
 335.98569  568.84094 
 683.51538  578.94513 
 340.29651  584.70538 
 729.6192  585.56042 
 361.37411  609.72723 
 331.20807  627.76672 
 706.76019  635.5412 
 584.41351  653.25568 
 425.59976  663.7428 
 618.92798  672.79071 
 452.20132  687.14459 
 404.73206  397.51407 
 358.38272  521.4718 
 459.60492  527.56323 
 665.88037  596.08203 
 378.63907  611.6261 
 622.5907  652.26257 
 443.73663  674.78479 
 464.56604  530.16962 
