 606.63824  5.0375576 
 602.35699  28.10535 
 581.93134  44.305172 
 283.13681  52.332802 
 618.69904  65.326096 
 367.37085  67.977074 
 503.83658  75.922523 
 431.12061  83.474358 
 494.56143  90.376762 
 500.97107  90.016045 
 582.11322  90.116753 
 394.5975  92.101242 
 633.41058  93.885361 
 293.46738  95.686378 
 737.992  97.461609 
 310.68231  101.63268 
 704.04279  106.24844 
 273.81451  109.444 
 553.5285  116.21989 
 416.66901  118.13035 
 490.54446  126.78809 
 518.35168  128.38844 
 685.02985  132.0466 
 762.23584  133.93007 
 236.13129  139.31639 
 298.16315  153.33896 
 293.51657  156.73984 
 729.50861  158.1835 
 525.21075  160.00848 
 297.19028  162.08667 
 569.63068  163.38913 
 783.63269  170.92213 
 588.51428  171.76103 
 777.75769  172.0063 
 567.79468  172.9176 
 798.31189  174.41862 
 786.58624  176.09077 
 232.70929  176.76314 
 266.87399  176.71085 
 570.10864  176.91582 
 586.5871  176.95869 
 804.47229  177.72459 
 563.93359  178.22856 
 769.79724  181.71487 
 803.98248  187.41884 
 485.82123  196.48145 
 492.56613  197.86774 
 487.32462  203.983 
 503.84106  210.43698 
 768.30096  210.56404 
 484.12509  213.51572 
 228.15039  215.52206 
 228.96504  228.12453 
 922.03271  242.09082 
 792.42694  256.5918 
 866.65015  265.12668 
 690.138  266.267 
 874.05145  266.55414 
 826.13208  273.47379 
 826.28064  288.89935 
 927.82184  291.27502 
 498.60025  291.79272 
 930.24622  299.07492 
 381.79163  320.66736 
 529.42682  327.18066 
 99.495399  331.44037 
 357.81625  332.67715 
 419.62708  335.43854 
 507.05722  342.49377 
 492.17059  342.82104 
 483.56308  344.28967 
 535.07336  344.63849 
 477.93231  346.0036 
 447.11957  346.79739 
 542.00751  346.70627 
 166.20125  347.67917 
 437.37787  348.66943 
 557.77417  352.94046 
 439.59  354.40628 
 593.11139  354.02045 
 418.44925  356.10593 
 985.65527  356.84564 
 184.10614  358.49765 
 993.30585  359.64536 
 948.10333  362.33374 
 575.26105  362.86829 
 923.09052  363.93719 
 929.74768  363.72937 
 745.9115  367.34756 
 612.11017  370.52817 
 605.53864  372.58838 
 1014.8604  373.21933 
 598.33008  373.92902 
 611.63745  377.34271 
 362.24329  378.13669 
 982.87994  383.30087 
 638.26941  387.39542 
 343.22983  387.85526 
 387.42035  395.84122 
 358.89069  397.49731 
 325.54535  401.86349 
 383.84729  406.246 
 944.12335  408.03046 
 560.53717  410.21051 
 147.89053  411.24402 
 374.14551  414.77466 
 943.86346  416.10822 
 951.07391  415.95566 
 114.91955  419.9447 
 664.65704  421.17877 
 120.47159  422.13123 
 373.74585  422.14191 
 367.48471  425.2392 
 502.11151  429.22195 
 730.15747  430.67001 
 368.16293  432.91293 
 362.09003  433.6163 
 933.77008  436.64963 
 927.81195  437.52737 
 335.78781  439.17157 
 672.40027  441.95779 
 314.23328  445.67105 
 358.6312  445.75381 
 99.422966  447.41495 
 320.07269  446.97519 
 353.40042  448.4953 
 932.13983  450.91568 
 354.12506  454.41721 
 302.22717  454.80682 
 346.10065  455.01355 
 68.782776  455.70465 
 349.72949  461.00623 
 687.00983  461.68814 
 49.811619  467.87558 
 902.72162  469.578 
 910.83807  470.73752 
 916.80798  471.41891 
 274.93304  474.49026 
 308.09283  474.83453 
 740.44183  474.88541 
 746.72296  474.63849 
 94.083679  475.98068 
 321.12091  476.74261 
 789.12018  476.64798 
 102.21763  478.0126 
 795.14819  478.2326 
 335.4043  478.54712 
 260.06601  482.27597 
 338.6532  483.83411 
 333.93869  488.18961 
 738.42255  491.21991 
 310.49246  492.87173 
 765.99518  493.34637 
 744.35217  497.11459 
 700.89166  497.64078 
 60.074306  504.48438 
 54.506649  505.48337 
 903.17706  506.07272 
 710.76843  508.29727 
 744.66602  509.42786 
 558.11597  511.54214 
 283.89276  516.7973 
 570.05035  519.19806 
 295.34213  523.19379 
 530.88153  524.18768 
 506.22717  524.65753 
 537.7951  525.07391 
 288.94513  526.05859 
 499.89246  525.8656 
 513.64978  526.86432 
 489.49106  528.0567 
 496.92761  531.96179 
 333.03833  532.7124 
 326.75104  535.21667 
 514.32452  537.25378 
 100.6389  542.35516 
 779.25012  542.04333 
 524.1554  543.21942 
 730.40375  543.88263 
 736.95251  543.58881 
 632.63708  545.12537 
 519.5426  547.35718 
 774.17297  548.15656 
 780.98645  549.09186 
 466.22195  551.40759 
 511.4921  550.56146 
 472.49622  553.05432 
 54.463341  555.43158 
 48.40123  556.65247 
 333.16235  557.47479 
 736.90039  558.42645 
 742.54504  559.37146 
 285.90161  561.27606 
 516.37616  564.94659 
 273.83032  585.04883 
 338.02853  589.44653 
 911.67932  590.16772 
 97.872375  590.672 
 92.321419  591.57269 
 316.0484  604.25537 
 928.80334  606.02649 
 903.65314  606.54474 
 913.64917  607.12842 
 92.864601  609.41028 
 596.91846  610.33643 
 348.55533  612.72089 
 926.13849  616.44165 
 710.21161  617.37262 
 353.28775  621.24994 
 430.89117  627.66992 
 689.02216  627.64459 
 436.27817  628.82196 
 684.03448  629.10706 
 677.55139  637.13715 
 322.16876  637.47571 
 922.02405  637.77191 
 364.88049  640.73218 
 676.69531  644.19037 
 929.22137  647.51703 
 373.96524  649.94153 
 322.98199  651.48492 
 662.10077  653.92529 
 127.03745  655.55151 
 655.2713  659.03815 
 661.10321  662.15332 
 543.44104  662.97241 
 388.6998  664.2049 
 652.63434  664.58929 
 298.92255  666.72906 
 391.93219  669.32025 
 644.62695  668.72607 
 397.40384  671.73846 
 638.92566  672.29004 
 925.48688  672.66205 
 383.91293  675.27551 
 975.73279  676.19086 
 637.36304  679.80402 
 311.01044  680.599 
 614.42499  684.94354 
 620.84796  686.00256 
 627.19482  685.94116 
 612.13666  691.12323 
 618.04633  692.22473 
 973.0257  691.96771 
 415.31311  695.53534 
 423.63333  694.9776 
 609.59528  696.19843 
 906.25653  696.06635 
 603.05426  700.88104 
 425.80988  703.34253 
 444.1821  705.96777 
 603.98822  707.70874 
 466.62219  709.521 
 585.27991  711.48773 
 591.54236  713.33368 
 484.58047  716.19025 
 578.3335  717.10016 
 497.13025  718.8728 
 565.05981  718.63202 
 511.41046  720.70532 
 570.07495  721.20868 
 415.30524  721.67883 
 141.20062  722.69006 
 501.48294  722.85352 
 486.61307  724.18152 
 528.25006  723.90173 
 478.51376  725.46564 
 536.21167  724.92133 
 543.47949  727.04156 
 562.27063  728.46283 
 932.65131  727.65375 
 682.87933  729.67999 
 540.32996  733.42206 
 932.73657  733.83575 
 939.40222  735.8952 
 575.60016  739.20557 
 462.70792  739.85321 
 682.18921  744.79041 
 549.33112  747.89581 
 431.43875  755.27734 
 479.69879  757.34509 
 539.19714  757.41962 
 907.02948  759.35687 
 852.46594  763.29858 
 546.42413  764.61517 
 591.21008  770.67053 
 597.19458  776.08777 
 874.51971  778.15253 
 881.82062  778.28082 
 189.95627  778.89081 
 208.04742  783.70453 
 583.7702  785.8338 
 881.98956  786.39282 
 851.83978  789.77435 
 911.8736  793.06134 
 188.06982  793.96014 
 829.80286  795.43939 
 341.25278  795.44916 
 348.6666  795.82477 
 627.76349  799.49908 
 744.23901  808.08282 
 750.53668  808.31763 
 448.61783  821.37555 
 221.05219  822.60797 
 261.06293  823.72742 
 907.71045  833.37299 
 199.0134  836.23889 
 387.62802  838.16986 
 323.55197  839.35352 
 393.46432  839.62708 
 834.59552  840.4068 
 840.98071  841.53296 
 258.42755  847.02393 
 597.64655  848.00128 
 382.97284  848.68774 
 752.09558  851.4364 
 462.37949  856.37366 
 469.92868  857.48798 
 852.39783  860.42438 
 296.91736  868.32538 
 847.57721  868.76648 
 190.11662  872.8634 
 621.24304  873.18292 
 334.44339  880.60284 
 279.18634  881.40039 
 835.68066  882.40997 
 178.48804  890.12183 
 725.36975  892.3526 
 477.87277  894.14856 
 483.83344  896.45135 
 721.50323  896.97681 
 321.44458  901.69708 
 740.09473  902.01813 
 467.04059  910.67456 
 716.91779  913.99585 
 597.94836  916.6972 
 832.59381  917.20856 
 761.04095  918.03522 
 800.16144  920.2489 
 704.68433  922.46307 
 363.71686  932.47296 
 621.67859  931.81134 
 510.04941  937.11041 
 136.14374  945.91742 
 791.47394  946.0011 
 136.31305  952.6651 
 568.21515  952.81116 
 133.06732  958.19452 
 418.86353  978.79749 
 546.55096  993.33649 
 482.97607  1020.2401 
 520.81946  1021.985 
 605.68134  4.5552826 
 613.34058  5.6952229 
 606.96783  14.871232 
 483.70917  27.688351 
 603.13373  27.7006 
 614.83636  29.669828 
 624.15515  36.134834 
 582.42328  44.448425 
 282.63095  52.504925 
 590.91309  51.646172 
 619.38885  53.478756 
 563.25946  61.458656 
 626.32129  64.584267 
 618.45465  65.73568 
 367.67664  68.000511 
 279.50125  73.222076 
 249.24966  74.408035 
 503.60556  76.360771 
 513.49347  76.514771 
 252.57828  82.135193 
 430.77011  84.325615 
 733.16083  85.081223 
 270.16541  87.09594 
 364.263  87.33683 
 624.26855  86.999367 
 372.08957  87.660835 
 325.66934  90.260185 
 493.69943  90.511292 
 501.04544  90.93338 
 582.07587  90.861862 
 386.69623  92.254189 
 394.56104  91.79834 
 633.43304  91.982544 
 293.30054  94.428375 
 455.09027  94.570709 
 738.10986  97.03199 
 219.58635  97.704269 
 347.58331  98.133865 
 563.52197  98.659676 
 482.63086  99.707085 
 311.21478  101.65741 
 415.22479  102.5857 
 536.90417  103.0092 
 745.12  104.92159 
 696.26093  106.15131 
 704.3905  106.34908 
 735.96155  106.80025 
 272.82474  110.0551 
 656.76398  114.09789 
 373.48022  115.468 
 424.41721  115.78036 
 553.61047  115.71634 
 416.4516  118.06215 
 500.77661  119.02469 
 657.8302  120.18137 
 451.61496  120.85011 
 209.81911  121.83552 
 461.03113  125.54156 
 650.59161  124.75883 
 256.79803  126.01216 
 510.5661  126.40111 
 418.3273  127.23071 
 353.56168  127.66212 
 518.49353  128.37044 
 322.17004  129.05103 
 676.99207  129.21765 
 331.20563  129.60484 
 667.44623  129.50272 
 438.15051  130.98674 
 685.44708  132.31021 
 382.80557  134.09497 
 761.56494  134.44005 
 487.19894  135.58995 
 229.11023  138.14279 
 236.64023  139.86433 
 542.37225  141.14209 
 518.59644  143.33206 
 332.32401  149.24666 
 299.82593  153.832 
 735.12872  154.02658 
 361.40454  154.77362 
 537.953  156.20612 
 224.55284  156.49156 
 236.22813  156.78766 
 291.90247  157.52371 
 525.6059  158.96434 
 729.27795  158.93349 
 741.3186  163.01553 
 569.58722  165.08522 
 239.53699  166.89923 
 281.14664  167.21469 
 723.276  167.00891 
 257.42545  169.63303 
 776.64746  171.04901 
 587.45728  172.16187 
 569.05432  173.03467 
 798.32269  174.16544 
 232.43651  176.69662 
 267.5538  176.68069 
 732.7702  176.46486 
 804.9978  177.37708 
 295.81247  177.8165 
 769.28833  182.52283 
 803.8559  187.60593 
 731.36066  188.83089 
 226.33311  190.53358 
 746.45593  191.70772 
 824.13623  192.11568 
 815.08679  192.65457 
 485.06152  196.18811 
 545.39111  201.38184 
 504.90866  203.45013 
 553.9505  203.25104 
 488.17926  204.99413 
 817.63574  210.35568 
 501.93768  211.02216 
 768.25189  210.37186 
 760.32855  214.98503 
 227.61949  215.67896 
 236.32317  216.64198 
 236.66415  228.16856 
 228.35887  228.95238 
 797.40588  234.10603 
 221.5473  237.93864 
 921.81958  241.05716 
 821.6554  241.80817 
 914.26099  244.69012 
 634.14032  245.03261 
 941.37775  245.06198 
 266.39484  247.08272 
 512.12653  250.54605 
 204.56932  252.75851 
 824.53851  253.96161 
 245.25607  255.2666 
 836.81219  255.59956 
 792.7403  256.69955 
 684.2428  263.49759 
 865.92792  264.88528 
 145.37985  266.16156 
 691.315  266.19781 
 626.39197  267.21332 
 874.1217  266.71323 
 944.65033  269.83511 
 671.68011  270.98068 
 826.28687  274.39941 
 139.89651  277.34158 
 681.69196  276.85056 
 838.82355  277.50284 
 219.18073  279.16229 
 674.14508  279.12363 
 834.5224  280.44138 
 228.3598  281.83405 
 683.9101  282.22684 
 920.06677  284.67944 
 826.19061  288.57483 
 125.32027  290.22949 
 928.81342  290.20538 
 498.46158  292.33237 
 667.39392  297.20279 
 585.74695  297.53027 
 79.238304  303.79153 
 559.30511  304.50259 
 126.60817  308.7157 
 602.32684  311.06952 
 939.30756  313.61304 
 946.96484  314.49011 
 463.73325  315.89127 
 381.17038  322.00983 
 406.24139  321.80588 
 425.73807  322.50192 
 438.17157  322.92206 
 460.93515  322.89755 
 563.16846  323.1843 
 580.69092  326.75259 
 529.47443  327.65857 
 924.63867  328.93079 
 99.083946  331.28616 
 399.32596  330.39978 
 358.48361  332.39008 
 559.58136  331.65768 
 934.8053  331.82074 
 428.18002  333.328 
 445.93164  333.09946 
 420.07779  334.72562 
 428.95541  337.19452 
 487.92017  336.93924 
 392.72119  343.41464 
 506.65417  343.13718 
 921.2395  342.9187 
 413.79395  344.18799 
 933.26099  343.74261 
 534.27087  345.46802 
 446.76483  346.59421 
 542.23535  347.44455 
 700.30707  347.12 
 166.1143  348.32928 
 361.23911  348.53488 
 548.8573  348.19278 
 437.22028  348.53864 
 566.22351  351.89523 
 420.18311  353.28793 
 557.58551  353.27057 
 570.43219  352.94052 
 592.63184  353.5498 
 655.87152  355.81946 
 429.50015  356.96979 
 919.65765  356.548 
 985.41431  356.99872 
 183.79352  358.65195 
 614.55499  359.39044 
 993.8222  359.00696 
 948.22797  363.05634 
 974.08539  362.89865 
 196.27481  364.32822 
 574.81488  363.88373 
 930.86047  364.46457 
 922.54108  364.60657 
 399.76929  366.29541 
 746.55127  368.698 
 373.6767  370.3736 
 407.63333  369.91165 
 612.75861  369.59659 
 994.93201  370.5762 
 651.72205  371.45767 
 1007.1494  370.71539 
 605.14508  372.51184 
 1015.0227  373.23776 
 597.79071  374.38458 
 361.9855  378.38409 
 401.64474  379.67841 
 611.51929  378.69864 
 763.13995  380.17557 
 223.79718  383.15851 
 975.38  383.30188 
 983.81793  385.11194 
 638.12134  386.62003 
 330.53076  387.81924 
 350.58636  388.33554 
 393.02939  387.69339 
 629.54071  388.03378 
 342.45804  388.59274 
 697.75958  390.18402 
 970.65845  394.62057 
 376.38477  395.83939 
 385.98257  396.64185 
 681.93036  396.91406 
 359.19696  397.93924 
 326.31943  401.48654 
 655.56616  400.98843 
 335.66711  405.23471 
 375.15082  405.21692 
 552.79401  405.56415 
 384.08926  406.95242 
 945.64545  407.82919 
 156.22583  408.76028 
 544.4483  410.15472 
 559.83539  409.62863 
 712.75592  410.07281 
 147.99187  411.19666 
 324.5249  410.74326 
 139.52971  411.90805 
 434.91663  412.1012 
 373.26703  415.29953 
 942.69641  416.60687 
 745.28894  417.08896 
 951.21155  416.58249 
 367.39828  420.34351 
 692.37177  419.6853 
 663.88177  421.50751 
 980.19568  420.96396 
 120.71884  422.11359 
 374.94565  422.18692 
 736.37482  421.52682 
 272.04202  427.34604 
 330.10547  427.05347 
 345.53537  427.13721 
 972.95557  428.39594 
 501.81583  428.85117 
 678.19135  429.68549 
 670.08954  431.09222 
 729.86975  430.66913 
 368.54095  433.17862 
 920.3833  436.19379 
 927.67865  438.02567 
 328.38046  439.51776 
 336.26859  439.43091 
 361.92334  440.70331 
 672.0484  442.04517 
 714.96484  443.504 
 68.443634  443.72171 
 313.57846  446.12259 
 98.757523  447.19019 
 320.43173  447.3797 
 923.71216  450.51114 
 689.84033  450.71146 
 932.1297  451.56528 
 678.40179  451.81711 
 345.7713  454.31351 
 734.53815  453.89816 
 302.36087  455.01685 
 68.772957  455.90683 
 428.40231  458.03012 
 687.38556  461.43298 
 343.35916  462.67044 
 738.35895  466.11084 
 902.37158  467.3248 
 78.433006  469.81213 
 319.11334  470.21365 
 917.5163  471.60635 
 44.590946  472.96304 
 342.28049  472.59714 
 52.970833  474.41141 
 227.12337  474.11377 
 307.46869  474.21124 
 746.92499  474.33032 
 254.01813  474.6012 
 275.08771  474.65344 
 740.15112  475.14667 
 93.717445  475.93402 
 102.02577  477.52142 
 334.46429  477.0459 
 408.26184  477.38287 
 795.29132  478.13486 
 904.99023  478.55536 
 85.322136  481.70245 
 260.83615  481.76297 
 932.05426  482.93228 
 922.06293  485.18076 
 102.30944  487.48895 
 333.20612  487.64322 
 34.826927  490.5621 
 737.47809  492.27679 
 310.57724  493.71799 
 754.14844  492.84317 
 765.39099  493.72131 
 336.40549  494.86722 
 700.24677  495.88266 
 907.42584  495.67871 
 708.92639  496.88361 
 744.03613  497.31046 
 915.01031  497.7074 
 302.18222  498.66714 
 625.80109  503.28784 
 53.471081  505.10471 
 325.6265  504.57614 
 60.911392  505.82065 
 752.05548  506.55997 
 333.8797  507.56781 
 903.56354  506.73276 
 501.77145  508.26266 
 760.51123  508.25699 
 710.77979  509.19083 
 786.07635  509.22534 
 323.67221  509.41754 
 743.89777  510.54465 
 558.67639  511.04153 
 300.20593  512.27942 
 700.44495  513.005 
 723.90985  513.32568 
 711.7948  514.3764 
 750.50922  515.76794 
 551.1355  517.29852 
 492.93124  517.5083 
 570.43762  518.7738 
 905.39221  519.55975 
 915.35522  518.96075 
 706.03644  522.37079 
 48.083813  522.82886 
 296.056  522.80292 
 530.67029  523.21497 
 745.40601  524.59021 
 288.28195  525.46582 
 538.6759  525.01135 
 757.41846  525.19586 
 481.29993  525.86292 
 506.16684  525.79224 
 513.86627  526.83948 
 921.31683  527.16315 
 490.56808  527.52142 
 734.8407  528.21912 
 523.90424  528.75415 
 680.51306  530.97406 
 333.84488  532.34131 
 97.117493  534.58789 
 326.71481  536.12836 
 489.36508  536.0755 
 505.03946  537.58258 
 514.4129  536.60931 
 710.3457  537.30786 
 901.12244  538.51434 
 269.39218  538.87561 
 721.07788  539.57166 
 753.72162  540.12518 
 771.44995  539.46527 
 91.415321  540.80713 
 100.56844  542.52832 
 729.84949  543.39703 
 780.04871  542.73199 
 524.24463  543.44537 
 737.00745  543.45746 
 1004.1305  544.32202 
 551.6662  544.638 
 632.94159  545.6076 
 521.46021  546.13568 
 773.68835  547.86499 
 781.47827  548.5163 
 641.79968  548.90302 
 422.90488  550.25104 
 336.69376  551.17639 
 465.7316  551.55023 
 504.48404  551.0473 
 83.701721  551.50751 
 729.48877  552.23596 
 472.94498  553.24921 
 55.201206  555.73419 
 48.345242  558.08429 
 332.6777  557.57526 
 707.76044  557.89056 
 736.48041  558.53131 
 911.25641  558.43634 
 286.20526  560.92017 
 338.57849  562.6792 
 759.36108  563.77521 
 517.086  565.21698 
 313.27505  567.56287 
 913.41492  567.54474 
 46.946434  568.78473 
 921.66876  568.48181 
 304.4071  571.33545 
 406.19913  573.60687 
 289.34891  575.50934 
 916.1297  575.60254 
 925.86694  577.79095 
 265.54358  581.38708 
 979.61694  581.40308 
 711.32074  582.88916 
 722.09357  583.79364 
 274.87418  585.03149 
 330.86148  584.60315 
 58.400864  588.20404 
 66.408562  589.23083 
 338.1268  589.91614 
 911.85962  589.98132 
 255.3486  592.47455 
 652.22455  591.77295 
 92.158653  593.05005 
 920.14087  594.46021 
 706.85065  596.08868 
 910.01508  595.55988 
 322.46957  598.35736 
 340.64227  597.78619 
 696.87799  598.25299 
 445.81158  599.40808 
 744.10522  602.3454 
 724.2572  604.67297 
 904.39728  605.9408 
 329.44116  606.46503 
 589.5011  607.14905 
 914.12927  607.32178 
 927.0824  606.47119 
 597.34875  609.33905 
 93.830734  610.97913 
 348.43591  611.34253 
 926.97748  616.52795 
 710.49872  616.48077 
 687.84686  619.3653 
 346.88345  620.65674 
 325.67166  621.29688 
 354.46902  622.09985 
 942.45081  627.24268 
 689.27313  627.93945 
 922.67847  628.58264 
 932.73578  628.46997 
 305.36807  635.16724 
 488.6348  635.36603 
 678.27258  635.71021 
 921.80151  638.34131 
 321.91809  638.72235 
 104.19524  639.74829 
 364.34549  640.32874 
 291.31345  643.37817 
 313.73206  642.80823 
 306.05334  644.07928 
 918.29816  643.99646 
 669.52039  645.28607 
 677.35126  644.7486 
 698.47119  645.93347 
 928.8288  647.17896 
 516.15753  650.04346 
 556.56342  649.95129 
 936.93274  650.04163 
 322.96207  651.74463 
 662.27234  652.13654 
 567.0683  652.72473 
 691.71008  655.29102 
 126.76185  655.80084 
 311.33057  657.70972 
 923.72339  658.20905 
 643.02466  658.65619 
 105.83131  659.77209 
 543.41559  663.23199 
 661.22845  663.49182 
 379.72845  663.93127 
 652.86639  663.3548 
 298.51169  666.46149 
 391.11661  668.88452 
 554.2558  668.73621 
 642.52386  669.91571 
 321.40009  672.18829 
 398.72565  672.04297 
 924.61566  672.55054 
 335.35211  674.56989 
 383.99634  675.32751 
 974.55127  676.36829 
 392.60013  677.36041 
 248.17509  678.98267 
 310.90067  680.16833 
 637.95618  679.68036 
 979.21967  682.11859 
 916.56146  684.01959 
 620.90668  684.82996 
 660.25122  684.33295 
 628.21002  686.03674 
 412.4556  686.55811 
 641.95581  688.26172 
 717.67212  688.20789 
 927.51746  687.45807 
 973.47272  691.09473 
 610.80499  691.71466 
 618.21429  692.51929 
 297.08359  694.22986 
 624.36432  694.20789 
 415.47113  695.43115 
 423.68433  695.12482 
 905.9895  696.71552 
 391.66919  700.33783 
 602.33429  699.79504 
 365.11969  702.28296 
 373.89539  702.20093 
 404.97202  702.02094 
 677.56079  701.85059 
 425.19217  704.86267 
 444.30002  705.62378 
 383.66437  708.1413 
 604.54907  708.19623 
 466.63425  709.88232 
 402.12637  710.69659 
 584.24951  710.84052 
 311.9101  713.31726 
 591.56995  713.01654 
 673.64056  712.98083 
 363.55038  714.66431 
 372.19809  715.21899 
 190.99675  715.60309 
 438.29675  716.21387 
 469.9693  717.7937 
 887.95691  718.56433 
 383.07474  719.09821 
 495.80862  718.56934 
 511.06354  720.92334 
 855.09943  721.86469 
 141.39426  722.30811 
 414.80435  723.23944 
 916.32153  723.26923 
 527.3822  723.5509 
 576.44971  724.15619 
 486.798  725.24084 
 165.42696  725.13336 
 478.1485  726.30786 
 544.05542  726.0202 
 496.42902  729.1012 
 562.65063  728.9679 
 682.83203  728.45978 
 898.07782  730.46985 
 889.71448  730.69629 
 932.43066  731.19031 
 529.71271  733.04773 
 571.78198  733.27875 
 405.15445  733.88867 
 540.32904  733.92395 
 342.51697  735.59528 
 940.24847  735.60278 
 462.91766  738.75751 
 576.32721  739.12933 
 87.029068  740.87665 
 478.33691  740.59656 
 426.70459  741.71875 
 434.68866  744.81787 
 564.75513  745.29791 
 682.29968  744.82959 
 170.75279  746.2392 
 902.42578  745.34906 
 549.83295  748.59344 
 422.74619  750.68536 
 408.33398  752.84576 
 431.41495  755.23889 
 899.13611  754.57257 
 530.55054  756.51947 
 539.02826  757.06769 
 865.66022  757.24182 
 479.45526  758.27698 
 487.67535  758.15881 
 907.29449  759.42218 
 174.8804  760.87341 
 546.67981  764.07635 
 852.84418  763.87219 
 918.95624  766.38892 
 590.70233  770.16846 
 599.33661  770.88776 
 857.79834  776.28174 
 137.82857  777.89221 
 190.12509  778.83777 
 874.01813  778.94366 
 882.85608  780.25494 
 146.13521  780.62488 
 921.61566  781.1637 
 208.03578  783.99445 
 569.96637  784.49841 
 882.83502  784.07239 
 584.02399  785.5733 
 172.97559  787.80365 
 136.35167  790.62146 
 824.82562  789.8241 
 851.92145  789.71423 
 496.28891  790.62775 
 504.88361  792.71191 
 911.81201  793.28052 
 188.00914  793.92871 
 341.27621  794.00403 
 180.70093  796.06079 
 349.26614  795.96533 
 830.49188  795.71979 
 621.08862  799.80029 
 628.47028  800.09387 
 180.19003  808.51581 
 438.97763  809.05396 
 743.52667  808.63232 
 751.1651  808.61127 
 218.82338  810.29572 
 180.01167  814.40759 
 806.98499  816.11115 
 266.85684  817.36615 
 907.93878  816.72015 
 447.68491  822.24396 
 221.03526  822.6814 
 261.29025  823.61298 
 211.15898  832.2547 
 908.15485  832.78143 
 250.68237  835.52002 
 198.89348  836.11761 
 314.65488  837.86566 
 387.0206  837.96771 
 701.32019  838.73566 
 323.66132  839.99701 
 394.19193  839.69604 
 575.00946  840.22516 
 833.90442  840.38379 
 903.4516  839.82996 
 841.34235  841.19287 
 183.27362  842.24677 
 911.46393  842.32129 
 886.12274  842.83795 
 259.04111  846.38525 
 442.28317  845.82281 
 383.57095  847.84167 
 392.11761  848.53888 
 597.86792  847.58521 
 364.28262  848.84698 
 840.71143  850.46558 
 752.53644  851.04138 
 849.27167  851.05225 
 476.25531  855.5528 
 462.27216  855.84644 
 470.8262  857.03265 
 576.44843  858.87036 
 844.41046  859.39008 
 743.97235  860.4422 
 852.42859  860.72473 
 446.73016  864.44373 
 601.81635  863.27576 
 484.28201  865.23413 
 183.07178  867.56323 
 296.74304  868.23254 
 836.95728  868.64697 
 847.00934  869.54303 
 190.61765  872.35004 
 621.08643  873.08777 
 299.89832  876.63519 
 835.45374  877.45746 
 278.99887  881.68463 
 352.65802  881.61169 
 835.79169  882.60754 
 479.26443  883.97339 
 578.84351  885.19824 
 461.25677  886.35541 
 177.79173  889.3808 
 809.47992  891.56561 
 716.03247  892.39392 
 724.63989  893.3775 
 476.90237  894.23767 
 484.28348  896.6803 
 805.85132  896.93396 
 730.93225  898.56219 
 321.69443  901.40601 
 739.72766  901.80426 
 265.62225  904.55151 
 443.74744  905.5462 
 424.38123  907.99139 
 459.40964  909.03229 
 467.19489  909.45959 
 367.96582  910.69318 
 668.33533  912.27734 
 717.18579  914.37683 
 590.79498  915.11768 
 746.51617  914.78693 
 598.53625  916.76172 
 832.66809  916.89386 
 186.43076  917.72766 
 760.8158  917.50269 
 457.66565  920.01257 
 801.14679  920.29779 
 446.36038  921.18494 
 669.87524  920.79584 
 704.75562  922.54907 
 429.61832  923.98383 
 769.27014  928.94159 
 664.11511  929.94336 
 364.27838  932.00922 
 621.7796  931.86823 
 704.52838  933.51178 
 502.35532  938.18854 
 509.979  937.55072 
 436.51834  940.17371 
 136.68411  945.56769 
 791.57568  946.43451 
 156.82451  946.51379 
 501.81573  947.60736 
 136.68909  952.15686 
 567.6897  953.25336 
 575.14435  956.09216 
 153.69107  957.13501 
 132.45441  958.73987 
 635.00348  967.36102 
 643.26251  967.60449 
 510.30429  969.11725 
 418.77438  978.30634 
 536.21588  981.91699 
 553.4989  991.7337 
 546.16174  993.65332 
 491.10574  1017.5486 
 482.5484  1021.173 
 519.91052  1021.1926 
 595.98907  1021.097 
 328.85211  525.84454 
 604.70355  4.3479099 
 643.49329  11.926286 
 603.64819  27.972944 
 589.44354  51.751217 
 627.20807  65.099823 
 280.00272  72.312004 
 513.41406  76.093323 
 503.30923  76.577797 
 623.59222  87.188354 
 363.29999  88.015923 
 373.43347  88.194916 
 581.89172  91.357826 
 385.28192  91.934227 
 347.53622  98.79776 
 481.58167  98.785675 
 526.98944  98.406387 
 414.91696  102.7209 
 745.77698  104.82901 
 695.22412  106.6975 
 735.70374  107.98409 
 425.20474  115.36472 
 416.20282  117.65783 
 460.78653  125.61956 
 471.034  127.22171 
 651.07849  126.98434 
 353.51041  127.74808 
 417.26361  128.04352 
 510.04898  129.51704 
 676.26886  129.82114 
 686.24561  132.50601 
 518.88098  140.1882 
 246.21255  152.63275 
 236.2428  156.66429 
 291.03766  156.90666 
 239.38536  167.57544 
 364.71558  168.69728 
 558.89191  172.88902 
 805.27618  177.10611 
 769.24371  182.90149 
 225.73811  190.37088 
 544.73303  201.23553 
 554.73401  203.24817 
 502.07147  207.07121 
 816.48682  210.05801 
 210.32103  212.66606 
 759.41272  215.12012 
 237.16972  216.86543 
 222.82047  238.35977 
 920.98291  240.17973 
 634.43903  245.22824 
 912.68829  245.006 
 862.62726  264.57596 
 692.34644  266.98282 
 160.74841  271.00549 
 826.46295  274.74982 
 215.7674  278.3385 
 228.48224  281.00027 
 125.16933  288.11072 
 586.77209  296.92612 
 666.53571  297.06354 
 522.85181  300.85199 
 558.99738  304.26376 
 602.87653  311.57446 
 407.39587  321.33197 
 529.62573  328.20065 
 934.84106  331.24432 
 555.7356  336.62854 
 616.25098  339.13873 
 413.78372  344.03122 
 933.1474  343.7832 
 480.1738  347.17496 
 419.97266  352.80627 
 656.08899  355.34738 
 183.32533  358.85648 
 994.34985  358.8743 
 573.80176  364.58792 
 931.31683  364.55746 
 993.95538  370.6015 
 1015.1933  373.06693 
 972.24768  384.19791 
 984.40668  386.13586 
 638.00787  386.48627 
 342.07428  389.25201 
 698.11737  389.72525 
 482.95023  390.49396 
 376.60114  394.33615 
 772.40948  393.60965 
 367.76486  402.10696 
 157.61562  407.81488 
 947.28546  407.99786 
 543.24097  411.44397 
 325.92773  411.9848 
 941.42017  416.70712 
 745.83716  417.55823 
 951.36688  417.97296 
 691.86761  419.24954 
 329.64877  426.76498 
 345.57779  426.65543 
 271.8829  428.3028 
 952.26483  430.66983 
 729.43097  432.26465 
 919.45813  435.58017 
 346.26715  439.26666 
 362.0665  442.43445 
 715.45123  443.60077 
 69.177757  444.61856 
 678.30292  451.34357 
 923.21893  451.04706 
 734.27167  453.17307 
 738.42957  466.15942 
 902.3493  467.08032 
 45.329067  471.28604 
 342.85828  472.92627 
 306.91486  474.01456 
 275.37576  474.99548 
 331.1297  472.70645 
 921.82159  485.19037 
 103.59242  486.72855 
 734.36725  494.81836 
 754.34302  492.66351 
 764.95374  493.54517 
 907.16565  494.10281 
 625.93109  503.04901 
 51.867985  503.53641 
 501.97971  508.47379 
 760.94055  508.31812 
 334.20261  508.93967 
 455.80609  512.13446 
 492.66739  516.60864 
 751.25348  516.05493 
 311.22247  517.24121 
 915.81848  518.86926 
 904.39874  520.08026 
 296.36987  522.70959 
 480.09607  524.64758 
 539.71759  525.0719 
 491.38608  527.95142 
 523.59198  529.15765 
 302.97217  533.30176 
 504.99036  537.75293 
 720.79651  540.36572 
 754.17206  541.69617 
 550.45105  543.26923 
 523.02484  545.42261 
 642.78003  549.39014 
 678.36292  548.99689 
 83.172569  550.78491 
 286.82834  560.61877 
 914.98853  575.69946 
 979.91473  581.93335 
 275.8848  585.07684 
 329.50467  585.29663 
 255.79332  591.57806 
 920.63354  594.52661 
 696.51086  597.98755 
 322.6647  598.73621 
 903.97467  605.77222 
 925.97693  605.96899 
 588.88892  606.54291 
 914.23218  607.29608 
 348.39014  610.15765 
 597.61127  609.65491 
 94.354691  610.89563 
 710.47571  616.13013 
 687.66284  618.82135 
 356.08121  622.51434 
 943.0719  625.85895 
 922.22498  626.91553 
 273.02747  632.11353 
 678.45227  634.8916 
 487.42542  636.0495 
 103.2345  639.07813 
 373.03632  640.0351 
 698.33508  646.26697 
 928.94781  646.64734 
 566.19788  652.89246 
 106.3669  659.29462 
 643.19226  658.81799 
 708.72205  661.55554 
 543.46051  663.6355 
 390.21384  668.50482 
 553.30096  668.90259 
 641.4812  670.30273 
 971.50952  677.90936 
 248.51022  678.9342 
 980.28918  681.40002 
 660.71991  684.00238 
 717.76447  688.15186 
 927.58771  687.82623 
 305.94867  689.31683 
 392.12192  700.62238 
 373.86157  701.9491 
 677.14935  702.00293 
 383.33109  707.32135 
 605.58936  708.36554 
 190.64186  715.25464 
 362.9585  715.59473 
 372.93524  715.69214 
 888.66571  718.36426 
 470.09607  719.77026 
 141.25699  722.42102 
 403.52023  722.53009 
 916.24225  723.487 
 321.91943  723.5683 
 414.75195  724.05951 
 593.02173  725.20679 
 164.17789  725.7572 
 487.4212  726.8866 
 683.2381  727.05267 
 562.59259  729.60748 
 888.73926  730.1427 
 932.40796  731.12018 
 539.79828  734.13593 
 171.55472  735.2226 
 331.37503  734.83582 
 342.4726  735.02399 
 395.50766  734.69702 
 87.033882  740.9599 
 902.37598  745.12878 
 550.24963  749.30878 
 897.45441  754.73395 
 488.83878  758.08716 
 478.30609  759.58789 
 906.88525  759.6991 
 916.90894  765.2619 
 858.32629  775.47998 
 137.59416  778.17096 
 882.99292  782.7738 
 570.21051  784.09534 
 172.53429  788.89502 
 135.80206  790.29199 
 506.13098  792.2746 
 340.27844  793.61841 
 350.15323  795.16315 
 180.35625  796.28351 
 335.06143  806.40588 
 439.37088  809.06006 
 450.68829  809.42175 
 218.01457  811.04419 
 907.12842  817.0675 
 447.56693  822.38983 
 210.69862  832.5069 
 198.88629  835.48492 
 249.43781  839.74152 
 700.99927  837.96472 
 902.15558  839.55286 
 363.39792  848.0307 
 392.31009  849.06995 
 198.3672  859.33636 
 840.50543  860.10895 
 577.88086  859.7486 
 837.14392  868.20233 
 847.15326  869.71472 
 299.40771  877.4256 
 824.26794  878.18811 
 352.18109  880.65845 
 331.6218  884.62665 
 578.41791  885.48279 
 461.30966  886.3924 
 468.06305  909.41968 
 368.20432  911.44507 
 699.51965  914.78625 
 446.47604  918.88586 
 457.04617  921.36304 
 704.01257  933.09668 
 791.65027  946.22156 
 502.33646  947.91846 
 575.77783  956.47467 
 634.36774  966.6507 
 509.29868  969.41107 
 535.63483  983.07446 
 607.2536  15.426397 
 243.58517  23.723322 
 484.30777  27.060715 
 614.90863  31.183708 
 623.31189  37.929985 
 608.84265  39.231236 
 564.84027  61.484962 
 256.01312  80.211617 
 282.45508  85.293289 
 269.27231  87.921951 
 570.94299  89.870811 
 634.72626  90.049065 
 588.38763  104.93909 
 312.60107  108.25965 
 508.15128  107.66772 
 524.45508  112.48009 
 638.29657  112.03616 
 311.86966  112.73895 
 655.7829  116.58325 
 489.82932  116.68024 
 439.79605  133.20102 
 738.53961  136.22542 
 541.21582  138.32774 
 301.94986  155.90753 
 225.15939  157.91411 
 522.40063  157.98015 
 355.22311  159.01154 
 536.97186  159.76427 
 727.95209  163.12857 
 741.67969  164.9785 
 774.16992  167.54202 
 571.47058  169.62379 
 584.80475  172.51337 
 230.95964  175.86574 
 731.13647  178.60428 
 758.84589  180.21869 
 831.87152  182.87476 
 568.23688  187.56274 
 743.99768  188.56409 
 828.01611  199.86774 
 490.64337  204.36974 
 240.13834  225.076 
 798.04694  233.19345 
 903.52557  236.3743 
 785.84833  239.82112 
 513.73212  250.45766 
 206.73752  253.25182 
 821.55646  255.40221 
 836.85272  255.04984 
 164.15591  256.15741 
 244.49733  255.94508 
 949.28912  257.33145 
 804.33496  260.16293 
 230.31204  267.44897 
 946.02692  267.67044 
 670.70074  274.00394 
 838.22186  276.40311 
 850.61517  275.82999 
 140.77452  278.92114 
 684.64941  278.58279 
 941.46631  284.05164 
 917.32867  286.74869 
 929.63171  289.32339 
 547.24463  295.48724 
 971.10144  305.01593 
 452.11301  312.81152 
 463.65903  318.85385 
 380.34689  322.01505 
 425.99557  322.5675 
 581.24249  321.3533 
 348.13104  327.39819 
 361.36441  331.79803 
 465.99765  330.76746 
 517.72791  331.09961 
 605.31531  337.21573 
 487.30017  337.50357 
 429.33096  339.08087 
 449.32983  340.51413 
 391.48114  343.11493 
 443.22641  347.75891 
 544.08325  349.09775 
 623.09418  349.1279 
 362.70648  349.63336 
 568.89984  351.79556 
 378.87552  354.4548 
 591.74133  354.20111 
 921.20203  353.94095 
 451.66238  355.83844 
 430.71033  357.36127 
 983.11688  357.6936 
 195.97182  360.84763 
 465.49179  362.69312 
 945.16785  362.69861 
 399.2598  364.90341 
 616.14136  366.9621 
 648.56317  373.7764 
 623.16321  374.63589 
 350.5051  378.24185 
 403.3548  377.04697 
 661.51044  378.24512 
 609.2381  380.32996 
 330.73895  387.82462 
 325.97833  396.81949 
 357.96164  399.85046 
 640.05096  399.65228 
 341.11649  401.20938 
 372.71588  403.96024 
 385.05954  409.65881 
 351.45938  413.90088 
 434.27377  414.0531 
 736.87506  419.22525 
 368.67239  420.81268 
 661.17487  420.64011 
 318.47964  424.60056 
 678.46375  425.08917 
 702.9845  426.10873 
 365.78561  438.45752 
 703.44916  447.3446 
 600.89429  448.0379 
 690.86652  450.93896 
 318.73468  452.27744 
 303.04688  453.28973 
 344.86121  457.67758 
 70.844086  460.44385 
 56.538555  472.61649 
 317.35825  472.15735 
 708.58612  473.17401 
 253.83389  474.52441 
 408.68298  474.44147 
 333.69986  486.22144 
 933.10986  484.58694 
 720.99817  494.63846 
 697.24316  496.46924 
 710.73077  496.97037 
 300.35059  498.42639 
 286.87656  499.5325 
 771.5517  504.00967 
 890.61572  504.70627 
 324.71753  505.80283 
 752.69812  505.7699 
 615.71698  506.78299 
 905.21741  506.68951 
 538.26837  511.54813 
 710.77057  513.36169 
 724.30939  514.17285 
 739.7298  513.54523 
 570.38892  516.11011 
 286.53659  526.22687 
 922.08636  526.80518 
 681.6062  529.94232 
 324.73251  535.29785 
 92.274216  536.97321 
 709.28088  539.27576 
 902.5174  540.48486 
 914.24121  540.30432 
 781.83453  546.16553 
 336.1514  547.06348 
 632.70801  546.98523 
 726.96338  553.91418 
 326.12646  554.77716 
 708.1864  556.03741 
 911.87677  558.26337 
 924.69293  557.92609 
 274.73773  558.85516 
 737.77844  559.4599 
 48.123257  564.28302 
 715.39496  567.97461 
 314.66238  570.66492 
 277.0264  571.24152 
 300.83127  571.20508 
 337.67603  575.10168 
 925.96802  576.0238 
 292.97006  577.14905 
 264.52057  581.70996 
 762.4635  581.21399 
 722.33301  583.82629 
 653.1817  590.58563 
 339.73596  593.14258 
 910.14099  594.31714 
 733.1001  595.2525 
 446.21332  596.70428 
 708.18207  598.94305 
 722.20959  602.23907 
 744.14063  601.78979 
 617.83203  605.74628 
 333.63223  607.87177 
 632.81915  608.61548 
 698.13763  610.01624 
 932.8338  627.14856 
 307.66617  635.15283 
 323.65671  638.39362 
 918.62671  642.62958 
 680.03381  647.71399 
 368.9248  649.39435 
 92.620628  653.76331 
 440.30624  654.53583 
 693.93103  654.80536 
 925.73169  658.93982 
 913.79034  663.32623 
 377.78775  664.86096 
 663.05823  666.02191 
 361.14096  669.59601 
 321.96301  671.42749 
 335.42389  673.38147 
 563.86786  677.07941 
 412.47458  684.79224 
 334.68671  687.53296 
 673.31635  689.45685 
 914.44238  689.60223 
 618.22864  692.39691 
 903.83551  695.79492 
 362.65054  700.67365 
 596.53577  701.78296 
 426.69403  708.48425 
 708.29584  709.27942 
 915.25354  709.01001 
 433.74432  711.89343 
 580.07605  710.6955 
 398.59485  711.65924 
 339.81436  712.99115 
 353.57913  713.15253 
 447.22116  725.59277 
 670.97058  725.56116 
 579.32776  727.04742 
 406.62723  734.74329 
 460.96411  735.336 
 475.8782  738.43359 
 530.94342  743.06909 
 563.73706  745.35864 
 514.10223  745.85748 
 914.83563  745.65369 
 405.30188  751.96216 
 431.61597  755.9696 
 529.23096  758.22131 
 851.24738  766.82318 
 587.03778  770.34338 
 600.63373  771.07874 
 148.89307  778.61053 
 581.8288  786.16492 
 851.47357  788.84589 
 345.52808  809.07025 
 168.4778  810.67975 
 180.62987  813.01685 
 895.87158  814.80835 
 431.10052  816.24023 
 265.33643  820.92096 
 221.58186  822.30939 
 168.27425  829.26831 
 169.52933  833.09949 
 312.1297  838.14166 
 238.80585  840.16174 
 262.57544  840.46143 
 324.84714  840.14063 
 575.49292  840.21307 
 912.18658  842.65967 
 596.79456  845.21454 
 443.78625  846.51715 
 752.11084  851.20398 
 189.62616  852.27936 
 473.57526  856.20056 
 600.74878  863.1438 
 620.32208  873.83563 
 469.95145  875.7063 
 834.47052  880.5929 
 479.75803  883.26324 
 714.112  890.44135 
 805.87732  895.96246 
 321.41217  900.23328 
 740.29938  900.70264 
 818.65442  900.95392 
 443.91791  903.76257 
 298.96136  907.23248 
 456.40787  906.89117 
 790.62457  912.53925 
 197.18733  913.32153 
 436.02603  912.84857 
 588.64899  914.28302 
 747.29877  914.56866 
 716.10315  914.67078 
 800.39355  917.26776 
 807.81995  932.51398 
 570.79321  940.19843 
 656.80786  945.3078 
 136.38611  948.8338 
 152.15393  952.20599 
 420.32358  973.81427 
 515.25232  1010.7222 
 486.81711  1019.4307 
 607.59576  15.402456 
 243.02441  24.741604 
 609.05383  38.279728 
 267.30405  87.39447 
 524.45776  111.88489 
 655.00262  114.89944 
 517.00299  158.21724 
 771.72614  166.97618 
 571.7865  169.66362 
 238.4583  187.94012 
 749.47083  188.71136 
 241.62204  223.00082 
 225.05563  223.71758 
 785.83551  239.49167 
 164.58366  256.10614 
 820.83545  255.2077 
 947.30646  264.68488 
 670.07013  273.99268 
 685.40533  277.88272 
 916.51642  286.70401 
 548.67285  294.4064 
 430.1767  338.02219 
 940.69012  332.02609 
 409.66577  342.21713 
 449.71982  357.12503 
 196.36537  360.47501 
 432.12228  362.19159 
 646.76892  375.46326 
 392.76483  388.77695 
 327.16089  392.64114 
 388.13306  411.61923 
 738.69769  420.99014 
 678.16913  423.12338 
 732.89929  451.68695 
 318.59167  453.17099 
 330.75613  472.04636 
 408.55319  474.69318 
 708.9917  474.99585 
 696.86737  496.86298 
 733.77307  496.00198 
 341.21365  499.28 
 766.22717  508.13632 
 333.83936  512.65369 
 738.55389  514.13727 
 299.82138  518.26935 
 286.26056  526.0423 
 321.10199  536.26257 
 91.327141  535.97729 
 769.20233  541.59644 
 919.18542  543.3606 
 326.79727  555.74725 
 737.76172  559.64844 
 46.625183  565.89032 
 447.87927  595.86316 
 708.38257  599.7597 
 334.40424  608.94891 
 340.0213  617.42963 
 362.12692  621.39825 
 695.05603  632.98059 
 328.63727  634.3017 
 664.2204  647.75366 
 680.61145  647.41956 
 368.21262  649.21899 
 695.466  651.74072 
 564.39453  677.95496 
 633.59656  682.02405 
 914.69519  690.56024 
 617.4129  692.55713 
 598.30164  694.6991 
 596.07825  701.46527 
 398.40744  710.71881 
 548.89185  724.91272 
 514.008  744.97363 
 563.39673  745.14935 
 586.77917  769.71332 
 134.66556  782.89844 
 851.15173  788.0097 
 167.91728  811.35779 
 168.60376  831.22498 
 238.51454  840.58771 
 839.24939  860.40466 
 620.51575  874.62378 
 443.89044  904.78693 
 759.72198  914.87146 
 800.37976  917.22626 
 570.44263  938.84937 
 151.91852  951.58575 
 552.59918  993.22504 
 487.76788  1018.4423 
 632.58716  18.366016 
 591.09875  55.394337 
 563.25928  59.615452 
 626.7843  70.40168 
 582.1261  71.191078 
 614.08514  80.842155 
 586.97522  100.42144 
 415.55658  108.95394 
 314.06686  109.77219 
 432.35437  112.96154 
 731.1543  117.68719 
 523.16754  134.59126 
 351.73059  156.78761 
 743.27527  165.73563 
 568.20612  189.42789 
 825.48041  198.44304 
 903.74304  240.40388 
 190.48477  246.75661 
 838.47601  259.3681 
 856.49438  267.86514 
 140.93658  276.74323 
 819.03723  277.22403 
 837.20251  290.52789 
 588.36169  296.60791 
 578.8335  321.60104 
 499.2746  326.97974 
 606.69678  335.80038 
 449.20602  337.28723 
 376.76645  354.8223 
 400.21289  363.47925 
 403.78323  379.15152 
 603.25073  382.53851 
 341.81335  397.54437 
 371.92496  408.40289 
 353.6153  410.74316 
 950.78516  411.55338 
 723.89661  435.35043 
 368.67346  441.02713 
 599.76447  450.76773 
 421.49887  454.60013 
 738.06903  470.57733 
 349.73584  471.9722 
 257.41586  474.94876 
 273.79062  482.67499 
 714.20923  495.48352 
 282.33136  499.35352 
 733.88409  504.45074 
 319.82059  507.64175 
 749.70685  509.66287 
 485.50864  513.3764 
 506.0748  519.09558 
 757.95984  522.71539 
 476.37775  524.73669 
 497.19205  526.42249 
 902.90894  527.36798 
 680.8399  527.79187 
 340.82565  532.65887 
 344.05835  542.07196 
 336.25278  542.80835 
 505.03931  543.89685 
 522.02948  544.2442 
 726.83881  543.7417 
 324.26071  548.02429 
 337.09283  551.49933 
 916.23407  555.21399 
 757.80487  564.44995 
 271.90775  565.5929 
 718.88513  569.97614 
 734.82892  566.55548 
 294.66095  568.1936 
 315.30588  576.73175 
 738.20795  583.65631 
 636.28461  588.72864 
 747.49603  600.12988 
 724.69916  599.30322 
 910.87457  599.40668 
 616.10675  604.20062 
 704.0614  594.4621 
 579.85114  615.7301 
 928.39716  626.06195 
 385.99136  653.06543 
 643.23492  664.82465 
 912.1109  669.35254 
 625.54266  687.79858 
 898.43854  697.08545 
 521.74512  704.3363 
 573.87335  709.96368 
 603.20807  713.37726 
 430.38736  715.66962 
 357.49292  715.38483 
 548.80786  754.78107 
 427.15363  756.2395 
 469.52164  759.18353 
 854.01154  766.51532 
 867.37488  779.62738 
 190.42374  833.68298 
 575.43286  837.94623 
 592.99451  840.88916 
 252.67073  845.31067 
 189.19905  854.81531 
 745.3277  856.34546 
 599.83484  864.57117 
 847.25043  871.79779 
 298.09256  886.50592 
 484.45593  886.89301 
 786.76093  909.63232 
 717.10773  915.90564 
 704.59766  931.27582 
 573.68457  958.58167 
 421.04877  970.54889 
 539.89941  160.7803 
 731.34637  177.66383 
 232.80569  183.47676 
 835.13385  281.48764 
 918.28656  330.89731 
 569.93781  347.19464 
 544.79535  353.48282 
 413.60535  373.29178 
 369.93564  419.80099 
 372.00842  444.23706 
 446.40088  460.7818 
 625.03192  453.88452 
 340.2829  455.83868 
 340.55542  488.59567 
 336.53796  494.69226 
 334.80383  505.75247 
 921.95154  532.82324 
 651.0542  554.50793 
 341.20215  584.10242 
 677.61212  602.65552 
 348.91293  599.93396 
 330.9397  613.88477 
 346.07642  617.16907 
 922.12128  653.74915 
 686.11377  652.08331 
 919.78461  699.72095 
 504.28662  721.81256 
 896.77979  721.65802 
 924.98065  730.01758 
 436.21103  843.73358 
 734.98016  892.09833 
 724.13782  892.53729 
 735.66644  915.57428 
 706.16309  919.87006 
 253.00188  246.88649 
 582.12012  318.79443 
 504.35324  326.01434 
 404.49292  350.43085 
 622.76514  370.67264 
 379.77859  386.95313 
 170.66943  393.12503 
 374.11426  400.11276 
 394.80063  409.95541 
 443.65009  409.51498 
 326.78235  462.32339 
 353.92035  473.87012 
 707.16858  491.50949 
 280.58603  486.95117 
 717.46875  488.64169 
 738.30389  492.92123 
 752.1698  514.40894 
 311.99094  519.81366 
 622.01563  521.06659 
 895.76245  536.55273 
 699.25641  546.13031 
 332.05023  555.53754 
 721.54468  576.39618 
 711.87347  567.07574 
 319.65161  581.8233 
 342.3974  612.85718 
 676.3241  644.23694 
 652.89777  644.79565 
 392.11548  651.17877 
 635.24054  655.74652 
 638.41705  662.83704 
 668.51764  668.03467 
 589.83008  688.65009 
 573.75873  701.57391 
 616.54669  705.99426 
 434.94897  719.5791 
 604.56934  720.89484 
 542.87207  747.70673 
 399.37939  749.83636 
 574.95996  761.52625 
 851.02338  775.90546 
 168.29582  821.15033 
 785.08362  904.64954 
 419.0322  378.55255 
 349.00958  434.37024 
 697.58923  446.02032 
 631.26685  453.91281 
 451.84348  463.87152 
 335.55029  474.61237 
 685.74823  492.1738 
 346.29044  514.21405 
 732.48273  541.323 
 725.70868  565.37756 
 718.32727  593.20386 
 692.85724  644.06567 
 557.04608  671.18579 
 546.21777  162.134 
 646.59753  415.89334 
 675.34973  425.90216 
 367.81714  461.39783 
 676.3075  469.13126 
 701.91266  466.64279 
 327.24762  524.86066 
 351.71817  521.55365 
 315.74792  539.08374 
 332.21631  568.59943 
 680.59418  572.96588 
 709.78369  631.41541 
 639.10974  650.0257 
 676.17267  666.4314 
 630.48358  354.59369 
 365.20844  399.62744 
 407.70187  400.24225 
 343.53168  405.33765 
 350.26645  424.17471 
 720.0813  462.08075 
 707.41144  537.62726 
 336.71106  604.11096 
 719.92297  610.92438 
 342.64758  635.63855 
 616.96057  656.1767 
 604.30011  680.19592 
 608.5387  730.09369 
