 992.45795; 29.881155;
 901.06274; 30.94548;
 715.81525; 35.781357;
 712.03406; 42.56649;
 845.37708; 48.857769;
 685.4787; 50.369644;
 681.39771; 56.199387;
 731.59302; 62.430344;
 689.12219; 61.432709;
 967.85095; 65.548447;
 683.27869; 68.757416;
 863.6322; 68.265488;
 685.03143; 69.523651;
 883.16223; 68.057693;
 873.92371; 73.714523;
 234.73479; 73.446121;
 964.06946; 73.523903;
 420.36435; 76.143463;
 444.78952; 76.139885;
 975.04047; 81.701736;
 442.64453; 84.542274;
 816.14362; 87.605576;
 871.47614; 86.162125;
 699.4295; 89.253441;
 900.49426; 89.987434;
 384.05688; 92.096733;
 381.94443; 99.586517;
 466.18954; 99.859055;
 719.38483; 100.66531;
 397.33371; 111.2764;
 484.53278; 118.21838;
 204.01138; 118.15545;
 399.75931; 118.83518;
 195.32916; 121.50244;
 224.02585; 121.91866;
 481.40448; 123.02512;
 786.93616; 125.67773;
 858.19617; 126.1541;
 194.65434; 132.15854;
 854.12659; 133.64542;
 580.65778; 136.31538;
 406.29129; 143.52975;
 710.92725; 142.295;
 414.94412; 148.35686;
 423.66006; 151.07457;
 430.25266; 157.88766;
 44.710934; 158.2876;
 443.96841; 160.86685;
 654.17352; 160.59741;
 38.367496; 164.35513;
 747.48352; 164.98816;
 442.45547; 166.97502;
 966.41663; 165.6842;
 400.62894; 166.31711;
 844.49933; 169.66164;
 863.61371; 169.6557;
 857.68805; 174.38927;
 445.81409; 176.84467;
 994.12238; 176.84135;
 265.35431; 181.65016;
 502.34479; 190.40222;
 635.57806; 192.86473;
 526.51379; 197.31947;
 524.82495; 203.00966;
 971.34918; 208.14571;
 550.89417; 218.54657;
 519.38745; 222.01549;
 558.19519; 225.18623;
 859.91864; 233.21288;
 73.165863; 243.43724;
 185.18802; 252.48903;
 653.57288; 255.71631;
 236.76346; 255.99896;
 797.1889; 257.3063;
 176.28656; 260.01871;
 174.84117; 266.703;
 759.0899; 269.53973;
 186.37912; 274.17563;
 752.85156; 273.45657;
 182.94081; 279.46658;
 758.59125; 283.80362;
 616.68848; 286.59198;
 415.61249; 289.8974;
 848.99652; 290.27325;
 618.81818; 290.02277;
 149.83272; 292.00092;
 183.38474; 294.45673;
 44.954666; 294.85895;
 615.9035; 298.01736;
 843.91791; 298.28104;
 181.38316; 299.91351;
 768.98779; 300.03568;
 881.75696; 301.62839;
 777.22748; 303.80032;
 789.89374; 304.31689;
 641.11548; 306.26044;
 622.02728; 307.45099;
 768.71484; 308.03925;
 365.20642; 312.63239;
 616.46252; 312.67029;
 43.284267; 315.02408;
 286.86255; 318.69891;
 616.19299; 321.23035;
 697.80634; 322.59845;
 621.61334; 326.06604;
 911.21576; 327.29221;
 496.32495; 329.09067;
 94.383896; 329.69925;
 235.03864; 330.17059;
 703.50183; 329.56757;
 617.23761; 332.58133;
 907.58746; 333.5386;
 492.233; 335.93423;
 700.81134; 337.14435;
 666.87122; 341.24109;
 616.76611; 343.4281;
 82.513634; 350.25461;
 70.850479; 350.64218;
 169.04385; 351.00323;
 794.375; 352.77344;
 622.8996; 353.08743;
 812.27393; 354.30444;
 79.170944; 355.04745;
 164.10999; 356.62906;
 606.89655; 355.35901;
 601.0636; 359.23184;
 618.7843; 360.17834;
 624.67407; 363.30295;
 166.46161; 365.6265;
 636.30438; 366.65814;
 709.50159; 366.22537;
 607.44958; 368.72266;
 163.29259; 373.86188;
 171.99788; 370.97739;
 249.77249; 371.89087;
 599.88495; 371.49609;
 579.56903; 372.97006;
 430.06198; 374.97372;
 438.4801; 380.00766;
 703.78711; 379.42642;
 709.84351; 387.89001;
 860.513; 387.15387;
 567.25323; 388.51138;
 758.27777; 388.18198;
 869.91064; 388.93182;
 720.96985; 389.56613;
 447.42419; 391.30777;
 729.10168; 394.22504;
 862.89673; 394.06094;
 966.04553; 394.53983;
 680.62006; 395.31485;
 948.98535; 396.23105;
 579.89081; 400.69775;
 849.52625; 400.75195;
 729.01678; 403.1098;
 852.10669; 402.91309;
 957.55597; 405.08057;
 684.27515; 405.64847;
 558.53796; 408.64029;
 471.00293; 409.6897;
 693.15863; 410.28787;
 732.41772; 412.08459;
 436.13348; 415.24814;
 552.12305; 415.30377;
 451.96851; 417.85345;
 461.57303; 417.26129;
 536.81274; 421.04965;
 638.85803; 421.11392;
 736.6684; 422.01141;
 319.98239; 423.48691;
 363.33273; 427.4274;
 499.67828; 425.94009;
 314.99072; 432.50949;
 261.10861; 437.30911;
 300.60931; 438.3414;
 90.104584; 441.85739;
 258.12991; 441.88544;
 349.94009; 444.05124;
 981.69312; 444.91766;
 51.17165; 445.55011;
 255.27762; 457.38181;
 488.57819; 465.43539;
 292.42038; 480.41409;
 538.72449; 485.04874;
 536.08746; 491.12524;
 513.8147; 492.75662;
 515.32941; 498.66428;
 499.42755; 502.14505;
 512.33075; 503.15121;
 823.65436; 503.93881;
 974.22571; 520.83984;
 152.42493; 524.15454;
 824.13257; 523.35986;
 155.02315; 525.75092;
 623.70648; 525.97974;
 833.60431; 526.45129;
 968.4743; 527.35913;
 199.74763; 529.02124;
 584.54388; 533.30219;
 447.81052; 542.16656;
 593.61694; 541.49255;
 451.01331; 542.58832;
 137.20093; 544.54596;
 157.88481; 547.49377;
 378.99942; 552.35687;
 457.94287; 552.18237;
 388.45239; 552.63519;
 465.68356; 553.28271;
 825.95819; 554.98663;
 905.89709; 555.2713;
 599.98334; 557.13831;
 385.01297; 559.14697;
 453.64648; 557.9342;
 162.87094; 562.15332;
 906.63269; 558.64368;
 824.04834; 562.77795;
 456.12338; 565.38733;
 210.2373; 566.9483;
 609.42822; 566.97363;
 802.26343; 568.71576;
 180.48375; 569.28552;
 214.09424; 572.31226;
 794.98785; 572.95306;
 894.69019; 573.42737;
 209.03287; 578.69806;
 680.0285; 583.73932;
 91.993736; 587.65027;
 675.74054; 590.23511;
 354.54156; 589.63824;
 349.43137; 596.67877;
 44.669369; 596.625;
 545.77454; 600.57782;
 194.67233; 601.56732;
 412.24976; 604.10681;
 548.17627; 606.922;
 976.17493; 609.94885;
 225.453; 613.20502;
 72.298645; 614.91339;
 950.83112; 613.67218;
 962.06952; 615.61243;
 60.51926; 621.24103;
 532.65302; 622.75171;
 98.661163; 624.54315;
 901.59528; 624.78503;
 539.68573; 626.28833;
 898.8869; 629.08551;
 304.12393; 630.63361;
 409.17474; 633.87408;
 252.95348; 637.70819;
 895.80029; 637.94312;
 108.53448; 640.20563;
 354.23969; 640.85223;
 538.47821; 641.71283;
 350.09872; 646.44885;
 543.45844; 659.64038;
 163.61284; 659.43994;
 859.50519; 659.85968;
 820.8067; 662.88611;
 844.97003; 667.40765;
 319.58417; 667.91174;
 868.56573; 676.97083;
 947.93359; 676.78363;
 131.65918; 681.07135;
 805.46124; 682.84558;
 615.80066; 685.01984;
 544.4892; 691.33246;
 610.81439; 691.95404;
 820.08179; 696.54517;
 979.29968; 697.87756;
 611.27435; 699.82965;
 202.73135; 699.72455;
 211.55627; 702.99762;
 605.70563; 703.26245;
 976.07477; 702.52496;
 153.62013; 704.70044;
 197.63515; 706.25903;
 936.7597; 707.45239;
 227.21547; 707.14832;
 600.98639; 708.58997;
 150.37238; 710.66376;
 246.07039; 710.87799;
 226.80998; 714.7536;
 380.81644; 712.28192;
 194.74931; 714.25739;
 216.18904; 714.55261;
 455.7937; 715.1087;
 377.3573; 719.72473;
 189.6022; 721.01257;
 216.12901; 722.52283;
 86.937836; 724.26624;
 116.19284; 729.41321;
 213.62039; 728.75409;
 328.01733; 730.27844;
 102.39992; 732.86176;
 287.90323; 733.57837;
 177.41342; 736.44501;
 282.8613; 740.12628;
 360.71555; 741.46704;
 178.86879; 741.89685;
 345.04279; 750.94025;
 613.328; 753.16907;
 144.82521; 754.13574;
 765.90704; 754.47009;
 163.96268; 755.84729;
 621.18811; 757.9469;
 947.02893; 758.47961;
 369.3331; 759.05267;
 203.10425; 760.6756;
 414.81241; 761.83044;
 211.47234; 763.97321;
 365.89044; 766.52271;
 623.36115; 766.22882;
 208.9637; 768.79816;
 415.26529; 776.09857;
 405.87695; 778.16418;
 622.40051; 777.6264;
 904.43695; 781.21136;
 742.42487; 780.97534;
 908.95898; 781.58765;
 919.88373; 787.26959;
 903.83539; 788.78418;
 253.77956; 791.17151;
 265.36554; 792.38861;
 425.02414; 791.81342;
 640.06299; 793.71857;
 332.9632; 793.36987;
 38.036034; 795.5014;
 912.95038; 794.7179;
 46.802643; 795.36383;
 269.87665; 795.79761;
 432.98569; 795.86261;
 911.03674; 800.92175;
 229.12459; 802.1037;
 267.32355; 801.99719;
 904.06012; 801.65948;
 897.55029; 803.95587;
 423.26239; 806.29724;
 109.80743; 810.56696;
 634.91138; 810.15265;
 895.94464; 814.34698;
 691.19366; 820.25677;
 875.38379; 820.44983;
 370.12671; 823.38275;
 364.88284; 828.27936;
 817.63074; 838.84656;
 858.27545; 840.24622;
 99.736618; 844.76221;
 201.04012; 855.72144;
 266.81366; 857.04205;
 276.56186; 859.19647;
 199.35327; 861.04785;
 677.2345; 877.27069;
 314.6463; 881.26709;
 939.06659; 881.14099;
 324.30759; 883.57788;
 673.65894; 884.56384;
 819.02704; 883.58655;
 346.02652; 886.86237;
 867.76471; 888.23022;
 920.6355; 888.6001;
 949.21002; 892.38135;
 916.65704; 894.6297;
 297.72586; 895.9043;
 36.928505; 898.98193;
 251.52911; 899.4975;
 401.57458; 901.33191;
 814.7652; 906.38013;
 186.66527; 915.63409;
 414.9614; 920.08759;
 712.99658; 921.03479;
 703.45984; 920.05548;
 60.874645; 921.27173;
 184.18983; 922.40973;
 260.4151; 923.47461;
 671.14331; 923.36414;
 409.31381; 924.27155;
 488.36755; 923.66016;
 504.04578; 926.94171;
 360.85474; 927.58252;
 166.92548; 928.71954;
 256.70764; 929.1604;
 45.567478; 930.34204;
 218.36646; 930.81268;
 201.46062; 932.10541;
 369.89194; 933.15076;
 417.65445; 934.95587;
 199.45099; 937.08356;
 186.35062; 938.27716;
 223.79077; 939.21387;
 466.57938; 938.29468;
 370.00464; 944.26257;
 237.88342; 945.05975;
 187.81624; 947.79431;
 223.54698; 951.69745;
 381.1055; 953.09613;
 228.85028; 956.11493;
 720.00232; 957.12866;
 757.18829; 955.52673;
 767.58917; 958.44476;
 749.48596; 962.28571;
 422.00897; 963.6972;
 589.8988; 965.94489;
 427.68698; 971.65588;
 481.32129; 973.2038;
 906.30072; 974.18262;
 566.97314; 976.00952;
 576.94574; 976.21313;
 478.27048; 978.24371;
 683.10199; 978.30786;
 721.7558; 979.263;
 102.10952; 981.43317;
 152.29956; 980.19061;
 680.19867; 985.43811;
 892.44574; 984.73199;
 443.61221; 986.04175;
 455.75412; 987.64453;
 466.866; 990.17078;
 877.5517; 990.32922;
 210.92332; 993.33655;
 650.75165; 993.58038;
 790.28589; 993.9895;
 888.49786; 994.48401;
 769.08655; 44.192017;
 889.02789; 43.776047;
 916.87482; 44.34935;
 208.73701; 48.291588;
 653.74829; 50.894917;
 741.58563; 50.660667;
 772.68616; 51.990387;
 922.31921; 51.79002;
 871.19562; 59.030476;
 959.1604; 60.302303;
 828.36414; 63.196918;
 901.58923; 63.444973;
 235.28886; 66.07093;
 444.16174; 66.251373;
 834.90222; 69.712067;
 353.62872; 72.158173;
 648.71167; 71.907059;
 787.44537; 75.336685;
 724.59576; 79.169067;
 894.98718; 80.128174;
 232.57399; 80.969238;
 885.09387; 85.423531;
 822.25165; 89.685463;
 457.48862; 92.392082;
 89.70079; 93.038246;
 78.578331; 93.802795;
 114.89111; 94.981544;
 813.91913; 97.508888;
 913.02179; 96.220337;
 709.96301; 102.97224;
 391.26352; 104.13023;
 206.38109; 104.80246;
 403.22226; 104.72852;
 742.37762; 105.28354;
 727.00995; 108.03079;
 228.93747; 109.40857;
 475.81207; 113.9387;
 187.94276; 125.09067;
 704.02911; 128.81943;
 400.89954; 131.90552;
 212.90115; 136.06711;
 740.03503; 137.63782;
 882.09155; 144.10503;
 943.3114; 143.96619;
 734.9234; 146.7515;
 314.49695; 150.77306;
 707.85266; 151.1899;
 752.73865; 156.1958;
 824.37549; 155.7984;
 761.41711; 157.99956;
 79.703613; 159.90305;
 836.14862; 162.9131;
 307.76877; 163.99768;
 814.03625; 166.04047;
 649.91272; 168.85104;
 878.65643; 177.68518;
 513.98871; 182.25136;
 625.68378; 184.06564;
 333.65659; 194.08427;
 716.03827; 196.35248;
 354.76129; 197.98064;
 975.20935; 198.83127;
 646.32068; 202.16576;
 707.35699; 202.4406;
 166.0417; 203.35095;
 949.57446; 203.73265;
 237.79317; 205.11015;
 966.90308; 206.6416;
 498.82104; 212.1694;
 650.28455; 212.14938;
 744.66821; 212.85649;
 978.20343; 213.20842;
 656.72534; 216.06192;
 869.24664; 218.11534;
 867.5033; 227.64011;
 514.99188; 229.9715;
 572.65179; 237.24342;
 241.27676; 238.02798;
 187.50096; 243.20268;
 669.6687; 243.19238;
 858.13702; 243.32628;
 363.67566; 243.58263;
 817.12646; 247.3027;
 237.44708; 249.30084;
 608.40704; 254.52158;
 642.21802; 253.81491;
 692.18396; 254.58716;
 889.27454; 256.31189;
 371.72171; 260.88361;
 640.33795; 265.21213;
 440.71887; 276.35077;
 301.9447; 277.96643;
 308.28485; 283.17786;
 421.29095; 283.04004;
 222.48839; 283.65689;
 316.91879; 284.97424;
 42.585861; 285.91895;
 815.47198; 285.90967;
 864.42273; 294.32199;
 47.259953; 298.11533;
 645.85004; 297.6001;
 208.83501; 301.08011;
 834.16913; 300.87402;
 930.20929; 306.18906;
 370.40671; 307.12827;
 752.16089; 308.20496;
 398.49237; 311.04483;
 296.30347; 311.79019;
 659.29382; 320.30347;
 488.81772; 323.69785;
 280.9191; 327.7836;
 645.57916; 327.83572;
 849.33325; 329.17395;
 669.09894; 331.22733;
 870.10028; 331.33505;
 694.40259; 331.67068;
 656.81287; 336.01956;
 790.22992; 340.76108;
 78.778366; 343.30435;
 497.92953; 344.31427;
 405.5683; 352.43341;
 494.16711; 352.04852;
 898.44824; 373.04807;
 250.95467; 374.97919;
 886.85852; 381.52951;
 584.10956; 382.73312;
 685.29828; 382.81226;
 724.16595; 382.9183;
 437.46002; 387.71899;
 637.95215; 389.53262;
 255.07451; 392.47095;
 755.69489; 396.12408;
 941.96381; 396.67499;
 444.44031; 399.655;
 721.30719; 400.3959;
 709.99701; 401.74265;
 568.12738; 402.78024;
 455.83261; 406.25256;
 646.63184; 412.74176;
 670.67023; 412.78134;
 708.5708; 412.94562;
 740.3512; 416.19293;
 787.69232; 418.22986;
 367.7565; 418.93646;
 354.6077; 419.83368;
 110.272; 426.96851;
 335.48413; 428.96124;
 626.97369; 431.41931;
 123.79132; 431.66504;
 970.82977; 431.97101;
 505.13217; 432.8815;
 747.43597; 432.9155;
 83.295883; 437.27832;
 121.58892; 442.26273;
 911.8609; 443.89066;
 104.7491; 450.19553;
 44.236286; 450.62793;
 352.18533; 455.52042;
 565.56421; 455.7608;
 496.16873; 463.51096;
 247.09155; 464.59647;
 759.39636; 466.33548;
 569.2066; 468.16644;
 834.77063; 468.43594;
 761.43573; 474.4588;
 604.66229; 476.66129;
 758.55389; 482.35635;
 849.52234; 505.65771;
 455.5983; 506.92923;
 478.12634; 507.09183;
 533.38464; 511.76523;
 680.22815; 514.42389;
 827.06934; 514.67999;
 596.34949; 516.91522;
 369.89304; 520.4809;
 105.5375; 524.10614;
 97.900986; 526.82361;
 452.37186; 535.36932;
 687.81006; 539.75433;
 96.689064; 540.95612;
 378.29257; 541.29333;
 828.88629; 541.43231;
 681.6532; 546.3183;
 619.79633; 547.20923;
 604.10596; 550.03961;
 148.99159; 551.39471;
 587.11365; 550.90649;
 509.74393; 554.38782;
 515.9942; 559.08099;
 394.99414; 565.98187;
 813.62476; 565.8512;
 507.89734; 572.32959;
 493.22885; 573.95123;
 97.377701; 578.28253;
 909.46161; 579.01868;
 952.28357; 579.05139;
 180.06026; 581.43854;
 398.52582; 580.52032;
 192.41609; 586.42352;
 896.12305; 585.6452;
 550.41504; 594.36346;
 314.01923; 596.24377;
 511.54599; 596.57355;
 79.479248; 598.24225;
 833.30829; 602.21411;
 75.809975; 606.81104;
 547.60968; 615.40466;
 631.67358; 618.15039;
 970.41632; 617.73273;
 573.04388; 620.72931;
 944.93988; 622.26825;
 938.94312; 629.01117;
 542.98602; 634.31836;
 546.87848; 638.19562;
 310.21115; 640.3299;
 403.0629; 642.32721;
 634.58813; 652.81378;
 113.01942; 656.0119;
 103.58956; 662.30829;
 160.12309; 666.96045;
 535.23108; 669.43933;
 931.7832; 668.86206;
 110.74105; 669.70923;
 825.80762; 670.3916;
 550.31866; 670.63629;
 356.94955; 674.30591;
 773.51111; 679.83673;
 794.94116; 681.98859;
 958.0777; 681.94415;
 972.35474; 686.00073;
 446.73523; 687.90576;
 871.20117; 687.65814;
 294.12695; 695.06195;
 252.2282; 696.9585;
 69.117775; 698.65338;
 819.36108; 705.12988;
 822.56079; 710.57324;
 928.78552; 710.76697;
 80.794548; 715.56128;
 943.04529; 715.72119;
 204.88176; 718.09222;
 685.96216; 718.26202;
 127.44585; 723.31;
 356.67645; 727.64764;
 362.21765; 731.6756;
 733.24066; 734.39014;
 209.69455; 735.81073;
 333.27335; 737.51752;
 597.84509; 739.52881;
 386.19086; 742.10071;
 329.4873; 744.65619;
 287.18927; 750.09314;
 341.74805; 749.07825;
 702.26837; 749.67889;
 195.91641; 771.21259;
 849.36664; 771.64172;
 581.63995; 774.69019;
 811.40149; 778.08923;
 237.5424; 782.43738;
 620.14093; 784.09473;
 827.15814; 785.55481;
 479.93164; 794.19849;
 232.07774; 795.63818;
 631.03601; 799.78516;
 329.33069; 802.9176;
 891.32092; 806.65674;
 816.3089; 812.0578;
 252.6174; 814.69073;
 418.75198; 815.20087;
 645.39606; 815.52911;
 108.96571; 818.15173;
 885.02228; 819.18719;
 422.57291; 821.85217;
 816.81183; 824.49207;
 871.98749; 828.71521;
 112.2411; 829.55908;
 655.58563; 833.62494;
 366.02158; 836.01849;
 379.16171; 836.50586;
 104.0285; 838.10913;
 494.24005; 844.25012;
 353.12244; 848.84302;
 112.19573; 855.7558;
 805.91321; 857.70856;
 645.95703; 861.27386;
 816.59302; 861.30896;
 920.03986; 868.00757;
 470.76398; 873.74408;
 818.98993; 874.31488;
 928.08972; 878.56818;
 456.82944; 879.64435;
 652.47583; 879.76459;
 331.33505; 886.58307;
 811.7879; 891.85864;
 45.510292; 895.24945;
 810.05212; 894.83673;
 960.86206; 896.72852;
 413.284; 909.08435;
 369.0607; 923.1322;
 479.87152; 926.07996;
 471.84772; 930.06903;
 866.34015; 930.2157;
 499.42709; 930.9671;
 362.44385; 937.07379;
 409.47192; 937.0733;
 188.60121; 938.16736;
 884.78156; 940.39417;
 919.79785; 940.45483;
 963.83179; 941.40234;
 150.1702; 943.84155;
 607.33069; 948.74884;
 896.81281; 952.58203;
 710.31659; 954.93591;
 527.21649; 956.0072;
 427.94617; 957.62262;
 890.12128; 958.13336;
 777.07373; 960.98364;
 704.6709; 962.66376;
 580.27631; 964.67188;
 147.06491; 965.72705;
 738.5412; 968.62994;
 535.85699; 969.88977;
 956.03534; 975.61749;
 469.91837; 977.22058;
 680.89386; 56.467609;
 235.28563; 73.734314;
 224.65068; 121.78403;
 480.96353; 123.88677;
 526.28052; 196.35771;
 176.02902; 259.67078;
 183.62822; 293.97775;
 53.762997; 303.5896;
 168.88179; 350.50006;
 79.497826; 355.32935;
 607.34076; 354.95422;
 257.80997; 442.20343;
 538.6463; 481.97705;
 513.66998; 492.69879;
 499.91251; 501.65195;
 199.78752; 528.64301;
 457.36295; 552.3175;
 452.73169; 557.49683;
 802.11255; 568.10492;
 544.88019; 600.01971;
 540.6405; 627.4303;
 354.78821; 640.81488;
 975.40045; 702.25171;
 217.1274; 722.96698;
 621.49133; 757.30963;
 211.65167; 762.71814;
 623.97662; 765.66931;
 208.78082; 769.12036;
 623.09387; 777.72632;
 904.00165; 801.09839;
 911.78137; 802.07294;
 200.57857; 854.8139;
 343.83765; 884.05402;
 415.30505; 920.02728;
 261.29047; 923.21161;
 201.99896; 930.85797;
 199.24515; 937.13574;
 227.06204; 954.20203;
 479.06079; 979.29565;
 871.32391; 58.948017;
 689.40753; 60.273029;
 638.0863; 61.827816;
 893.354; 62.211819;
 902.24854; 61.628193;
 731.21991; 63.259766;
 787.82764; 63.758877;
 235.69818; 64.52552;
 883.08978; 67.486481;
 833.89423; 67.605927;
 863.38983; 68.486435;
 682.67126; 69.017998;
 213.37555; 70.709831;
 353.07642; 73.317238;
 648.57166; 73.075958;
 963.95013; 74.344398;
 445.29459; 75.358528;
 874.60785; 74.448372;
 788.42188; 76.466904;
 418.8811; 77.260765;
 724.70319; 77.803497;
 184.03329; 79.739288;
 191.54179; 79.854965;
 663.02277; 79.782516;
 894.99908; 80.060966;
 233.2681; 81.903221;
 442.29721; 85.211929;
 870.81689; 84.541451;
 71.980515; 87.078163;
 816.82788; 87.379883;
 886.51642; 87.48867;
 700.35425; 88.621475;
 185.36821; 91.105843;
 384.79596; 91.548195;
 78.434753; 93.18409;
 89.678802; 92.96611;
 457.40729; 93.250183;
 114.7129; 94.489098;
 711.40332; 93.623444;
 912.30334; 96.361725;
 584.16919; 98.745232;
 380.96707; 100.23558;
 465.56378; 100.00999;
 719.03082; 99.97081;
 350.3717; 103.28045;
 708.88538; 103.33698;
 743.96649; 103.18127;
 391.46384; 103.65729;
 404.06451; 103.95401;
 206.91864; 104.79151;
 481.1283; 105.30986;
 727.88348; 108.95895;
 228.91116; 110.31799;
 245.88231; 111.60448;
 474.76877; 113.59708;
 853.80316; 114.42801;
 361.91248; 115.62298;
 398.74545; 116.64747;
 204.35536; 117.67353;
 215.34415; 117.78481;
 490.90237; 120.68019;
 933.18713; 120.94716;
 195.75369; 122.93209;
 787.7146; 125.82236;
 858.89246; 125.75268;
 704.23877; 129.98936;
 195.31181; 131.81721;
 853.27521; 134.29207;
 930.85828; 134.05083;
 213.01874; 137.05005;
 740.89209; 137.18114;
 711.07092; 141.79651;
 881.93701; 143.39642;
 943.28101; 142.76109;
 831.38452; 146.13744;
 734.67871; 147.06078;
 418.03494; 149.96867;
 314.70145; 151.12912;
 481.28473; 151.01262;
 708.04065; 152.11647;
 753.15851; 155.23157;
 824.11572; 155.27415;
 535.58008; 157.84975;
 430.44717; 158.59912;
 654.8302; 159.33763;
 80.352539; 159.92725;
 835.9848; 161.10287;
 307.51773; 164.08118;
 812.56482; 164.25392;
 398.86462; 166.11981;
 747.42816; 165.59515;
 442.26205; 167.56096;
 863.09906; 168.09061;
 844.48694; 169.93835;
 73.169716; 170.79079;
 649.03009; 170.64153;
 456.62769; 174.37436;
 188.86809; 176.4295;
 445.15463; 176.87444;
 858.10291; 176.48923;
 924.43335; 177.45985;
 878.30518; 177.91043;
 266.07449; 180.94983;
 627.07983; 183.44283;
 943.56506; 184.95146;
 129.05803; 186.53731;
 635.31866; 192.62375;
 333.62906; 193.69276;
 439.65939; 194.31299;
 714.87415; 195.83641;
 354.11765; 197.1212;
 503.38199; 199.81732;
 646.37457; 202.11856;
 707.62982; 202.82683;
 166.73085; 203.48804;
 523.95496; 203.77509;
 950.16742; 203.69835;
 238.18979; 205.99506;
 273.14783; 211.96327;
 498.27704; 211.5927;
 745.10138; 212.71294;
 653.03015; 214.1541;
 940.29187; 213.68636;
 182.3004; 217.62106;
 550.39423; 217.69226;
 868.96289; 219.29782;
 519.61224; 221.03296;
 87.593246; 222.28535;
 738.28003; 224.28511;
 538.90674; 224.86572;
 640.0816; 225.18723;
 366.84158; 226.25018;
 558.99658; 226.74567;
 514.82513; 230.84975;
 859.69885; 233.38669;
 757.04968; 235.05983;
 572.67108; 237.19199;
 240.97542; 239.02785;
 73.158463; 242.30045;
 965.4375; 242.15387;
 187.33476; 242.57848;
 669.4801; 242.67331;
 363.96417; 243.80016;
 856.97156; 243.5067;
 652.85944; 244.88409;
 591.51782; 248.48489;
 816.94684; 248.16907;
 237.57578; 251.93925;
 186.08801; 253.82307;
 641.28912; 253.53839;
 692.75067; 253.84813;
 356.04733; 255.26518;
 608.09241; 255.08414;
 889.26489; 255.96436;
 653.63354; 256.61218;
 878.09363; 257.40848;
 797.31262; 258.02933;
 370.90891; 259.89914;
 230.27448; 264.03036;
 639.11945; 265.39996;
 174.63307; 267.11438;
 758.7807; 267.32748;
 902.09644; 270.07181;
 440.39261; 277.25461;
 171.98894; 278.12729;
 183.10242; 280.00824;
 307.40536; 281.95599;
 222.7323; 282.92636;
 327.46875; 282.56125;
 759.17798; 284.47229;
 815.66333; 284.47864;
 825.42889; 285.78131;
 619.36517; 289.91827;
 834.9978; 290.04898;
 847.51288; 289.64178;
 149.35112; 291.09818;
 415.37619; 290.8392;
 863.95935; 295.41739;
 216.68573; 296.77396;
 919.23035; 296.64688;
 614.85846; 297.63855;
 646.65662; 297.92068;
 843.36847; 298.88498;
 209.61398; 300.52637;
 834.56836; 301.09592;
 882.34784; 301.91177;
 789.58917; 303.48315;
 369.0817; 304.54315;
 777.30322; 303.673;
 930.56549; 306.38754;
 621.39111; 307.01328;
 640.74561; 307.11755;
 751.72131; 307.32535;
 353.75217; 307.95682;
 296.93802; 309.96259;
 768.08063; 309.60181;
 399.96237; 311.48212;
 409.11392; 311.35669;
 615.83691; 314.86688;
 287.29904; 318.64832;
 659.14313; 320.46603;
 938.66528; 319.84912;
 698.1059; 320.7999;
 621.90332; 325.60861;
 644.91998; 327.06433;
 809.91595; 326.79166;
 70.039398; 327.68842;
 280.69614; 328.41733;
 703.6814; 328.01743;
 849.75183; 328.31427;
 93.702866; 329.82306;
 235.3784; 329.55463;
 669.22626; 331.09488;
 870.02594; 331.61841;
 694.3335; 332.65604;
 616.99841; 333.77063;
 906.97107; 333.56644;
 656.69476; 334.48395;
 492.0733; 336.01682;
 744.55469; 335.87299;
 700.91669; 338.87869;
 77.230278; 341.43463;
 177.14513; 342.13022;
 616.82281; 342.51083;
 666.85742; 342.42896;
 790.83594; 341.80673;
 648.25604; 344.20337;
 414.22812; 347.05728;
 70.025154; 349.93076;
 494.2684; 352.20718;
 623.91101; 352.54401;
 650.7384; 354.65768;
 812.18573; 354.75085;
 163.20805; 356.59018;
 600.88934; 359.72031;
 624.6593; 363.8576;
 898.66534; 363.53683;
 710.18341; 365.16821;
 168.1124; 366.12415;
 636.96472; 366.42639;
 773.95526; 367.01425;
 608.6933; 369.87357;
 598.56152; 370.99628;
 948.37317; 373.14304;
 429.17331; 374.1825;
 899.21826; 374.14606;
 163.37054; 375.34781;
 251.28648; 375.76855;
 607.89496; 378.32986;
 703.00378; 377.60242;
 438.84924; 379.25021;
 887.10651; 379.60608;
 584.10828; 382.31265;
 685.27985; 383.12936;
 725.27228; 382.8219;
 759.13568; 387.50711;
 437.30652; 388.78586;
 566.84497; 388.68774;
 637.14764; 389.26636;
 709.91418; 389.03101;
 871.27954; 388.59152;
 447.79431; 390.77414;
 776.07928; 391.43976;
 861.93176; 392.8136;
 729.80768; 393.59848;
 678.92499; 394.98471;
 738.15784; 395.80643;
 754.22272; 397.09439;
 941.46082; 396.62805;
 443.59555; 399.45071;
 709.5683; 401.2308;
 850.23615; 400.67377;
 568.03107; 401.97168;
 580.53717; 402.30106;
 727.98285; 403.92776;
 456.03406; 405.49255;
 684.19305; 404.9682;
 958.68427; 405.65634;
 558.44263; 408.28638;
 373.90463; 409.45935;
 470.92249; 409.21448;
 731.26318; 409.95697;
 693.82269; 410.65936;
 224.95227; 411.52191;
 669.20209; 411.79257;
 706.72101; 412.46368;
 647.32507; 413.02347;
 435.2699; 415.29718;
 552.00635; 415.4212;
 742.57898; 415.30106;
 954.8786; 416.89874;
 463.81592; 417.87079;
 919.09979; 418.24625;
 353.55661; 419.32214;
 368.45828; 418.4704;
 788.07141; 418.68027;
 638.46393; 421.11383;
 321.97406; 423.41513;
 498.81305; 425.16037;
 110.25179; 427.57233;
 336.91968; 428.48245;
 364.22607; 428.3356;
 71.346664; 430.71808;
 624.74438; 431.35907;
 123.77257; 431.75586;
 316.03571; 432.80389;
 747.78784; 432.55698;
 505.36273; 433.99472;
 687.0296; 433.83496;
 300.37741; 438.02194;
 88.882584; 441.15552;
 121.88575; 442.24359;
 912.12183; 443.60974;
 102.85604; 449.3577;
 514.9173; 454.34955;
 566.27576; 455.29834;
 351.88297; 456.67764;
 257.31723; 458.4946;
 475.94553; 462.0499;
 490.44885; 465.31393;
 248.13837; 465.84738;
 569.40497; 467.7637;
 400.06577; 468.7272;
 535.29004; 469.32776;
 836.297; 469.22653;
 760.36694; 471.20569;
 604.81232; 475.97653;
 864.26874; 476.71362;
 488.6889; 479.08759;
 292.78824; 480.35577;
 757.06232; 482.44489;
 251.1474; 489.39322;
 535.28333; 491.66995;
 811.67633; 497.25916;
 965.0863; 500.91107;
 824.94824; 503.24814;
 849.73999; 504.58932;
 455.90482; 505.95313;
 476.90582; 506.38269;
 613.15955; 507.04153;
 708.89093; 506.79337;
 446.24078; 512.57178;
 533.05188; 511.52777;
 827.17169; 513.25781;
 679.73383; 513.81232;
 733.3374; 513.63202;
 357.83594; 515.92676;
 469.30887; 516.09033;
 598.12061; 516.80005;
 753.81482; 517.5849;
 873.62793; 518.42133;
 370.26437; 520.98682;
 823.18701; 523.02881;
 104.55563; 523.98303;
 152.52115; 524.30054;
 611.96948; 525.63416;
 624.18475; 526.17944;
 834.37653; 525.86542;
 872.58179; 527.27948;
 368.10202; 532.44604;
 65.384682; 532.90863;
 583.77509; 533.06628;
 884.64368; 533.02917;
 454.1243; 533.98224;
 95.59375; 538.54565;
 378.49481; 541.24603;
 593.67365; 541.4071;
 446.80103; 541.88019;
 137.39915; 543.54358;
 829.65948; 543.02374;
 621.49243; 544.83258;
 158.16907; 546.17706;
 681.20117; 546.98932;
 604.3609; 549.16797;
 77.529968; 549.63831;
 586.849; 550.26373;
 148.34801; 551.43323;
 378.63956; 552.54321;
 390.74789; 553.10846;
 466.21768; 553.37891;
 826.40192; 553.65875;
 515.87799; 558.09473;
 599.46887; 558.3244;
 905.74786; 557.58667;
 384.39014; 559.68878;
 163.34639; 562.97845;
 824.10681; 563.37604;
 395.24655; 565.82526;
 609.66565; 566.18585;
 813.0434; 566.49615;
 456.21722; 566.78583;
 180.70433; 568.9259;
 214.49295; 570.69989;
 509.43866; 571.27393;
 793.22577; 572.27118;
 894.5473; 572.90491;
 493.4747; 574.19617;
 355.69073; 575.46136;
 97.881035; 577.95068;
 952.57098; 578.16846;
 909.20435; 578.94324;
 208.73155; 579.50958;
 179.57718; 580.87323;
 398.0936; 581.18469;
 785.69257; 581.86981;
 803.96942; 581.7002;
 679.44019; 582.9585;
 319.91678; 584.01422;
 192.64238; 585.18817;
 489.87186; 585.1026;
 91.298233; 587.32129;
 353.16779; 588.16754;
 676.35107; 591.01489;
 551.70306; 591.88641;
 500.21378; 594.32886;
 403.95416; 595.19055;
 511.78638; 595.7655;
 314.99689; 596.94141;
 348.6329; 597.36963;
 81.978668; 599.31219;
 194.48787; 601.23834;
 833.61731; 601.62811;
 412.66113; 603.82574;
 77.166817; 607.09497;
 506.24432; 607.10303;
 549.88275; 606.83655;
 83.249031; 612.12531;
 226.44556; 613.25256;
 536.97314; 613.05054;
 950.86841; 612.88641;
 72.455978; 614.71478;
 548.13654; 616.35498;
 964.10803; 616.36371;
 632.36627; 618.1427;
 573.08704; 619.58521;
 60.127155; 620.77008;
 843.27911; 621.46033;
 531.6568; 622.88861;
 71.725044; 623.54077;
 943.38409; 623.84906;
 100.32936; 625.32898;
 304.5629; 632.36298;
 409.49899; 634.07214;
 254.32516; 637.32599;
 546.96344; 636.99579;
 894.97174; 637.2403;
 309.2749; 639.08881;
 108.0765; 640.02454;
 537.94482; 642.02148;
 401.7919; 644.11334;
 348.56622; 645.82458;
 862.23309; 649.56635;
 60.289684; 651.35724;
 310.11902; 652.29828;
 634.58984; 651.862;
 112.87364; 654.39636;
 408.47543; 656.79651;
 164.54761; 659.36011;
 859.95941; 659.52936;
 544.18994; 661.00787;
 938.17798; 661.0802;
 103.57635; 662.31329;
 820.05493; 662.82782;
 159.91208; 667.40741;
 319.34515; 667.00397;
 843.70416; 666.93701;
 534.68304; 669.18011;
 112.05458; 669.8241;
 931.41022; 670.21228;
 357.5304; 675.20013;
 947.83588; 675.93158;
 868.9256; 676.74365;
 773.41351; 680.3103;
 59.433723; 680.81012;
 118.01334; 681.40283;
 131.91631; 680.82593;
 542.70624; 680.9635;
 958.33423; 682.40234;
 805.89294; 682.60974;
 616.73279; 684.45129;
 447.68289; 687.65735;
 871.64429; 687.66199;
 729.08551; 689.29919;
 104.1421; 689.9743;
 544.55103; 691.22491;
 609.8736; 691.90167;
 293.61676; 693.15155;
 819.63507; 694.55499;
 252.75323; 697.13721;
 69.776924; 699.45184;
 203.21976; 698.61566;
 442.00922; 699.17603;
 612.03113; 700.39575;
 811.02197; 700.32953;
 544.38599; 701.41052;
 725.38678; 701.51831;
 212.54298; 702.87805;
 226.63858; 704.97424;
 197.2903; 705.77551;
 600.35181; 708.66699;
 820.74152; 708.49054;
 928.43701; 710.04675;
 246.05611; 711.09143;
 381.72015; 711.22375;
 302.47507; 711.97278;
 531.96979; 711.90222;
 195.11191; 714.33972;
 215.1212; 713.97742;
 309.76358; 714.96466;
 455.97769; 715.46393;
 943.20538; 716.36224;
 227.95044; 716.69751;
 685.65674; 717.7085;
 205.70616; 720.21106;
 325.21738; 719.69409;
 377.92468; 720.56512;
 127.97562; 722.43451;
 189.27791; 721.62982;
 99.460388; 722.90747;
 724.72296; 724.75012;
 87.656502; 725.89825;
 238.86456; 726.9035;
 933.79596; 726.8642;
 214.23404; 728.95618;
 361.41745; 729.6084;
 943.81879; 729.38385;
 116.74738; 729.73151;
 102.8112; 730.92938;
 330.24445; 731.25751;
 288.78323; 733.65143;
 207.64832; 735.20837;
 595.0166; 734.63544;
 732.8183; 734.49426;
 93.225494; 736.34351;
 177.76295; 735.61029;
 333.81418; 736.01245;
 438.74564; 739.08252;
 282.24649; 741.03894;
 360.92532; 741.7674;
 386.26984; 742.88409;
 329.17715; 744.43915;
 482.79263; 748.44775;
 519.90027; 749.20618;
 286.83682; 750.29382;
 702.91553; 750.80011;
 612.33337; 754.27216;
 754.98621; 753.55969;
 766.2572; 754.6153;
 164.20102; 755.98621;
 405.68634; 757.29828;
 369.95526; 758.27698;
 508.65314; 757.98621;
 947.89105; 758.09918;
 478.8179; 759.0376;
 204.18929; 759.85498;
 514.65881; 760.7785;
 761.49792; 763.84937;
 365.4296; 767.67566;
 848.60004; 771.07117;
 195.63875; 772.28339;
 581.07788; 775.11377;
 415.90048; 775.92126;
 405.43362; 778.42474;
 811.30377; 778.59363;
 908.66711; 780.46442;
 238.4344; 783.33142;
 620.09515; 785.21997;
 827.46295; 784.73193;
 919.979; 787.62964;
 746.56409; 789.30322;
 902.53027; 788.89056;
 423.57703; 791.14252;
 267.51379; 792.98462;
 333.38931; 792.65192;
 480.48975; 793.75818;
 639.57288; 793.95984;
 231.44336; 794.82465;
 913.49817; 794.49536;
 434.03506; 795.80414;
 328.93457; 803.1947;
 475.42206; 802.61646;
 649.51599; 805.45819;
 423.01788; 806.28265;
 635.28705; 809.66876;
 110.57883; 812.18817;
 816.52405; 811.72107;
 251.82687; 814.47162;
 646.31683; 816.46625;
 895.03082; 816.21765;
 417.83868; 818.28162;
 874.06; 819.86444;
 886.1463; 819.57416;
 818.52936; 823.72144;
 112.79037; 829.39746;
 654.9433; 833.66382;
 88.629395; 836.35144;
 104.11801; 837.10828;
 380.03162; 837.0238;
 818.02521; 838.55927;
 858.48212; 839.76685;
 493.91357; 844.45398;
 99.784142; 845.58789;
 352.92444; 849.85071;
 113.13288; 855.54919;
 96.897781; 856.07953;
 265.79279; 857.15924;
 805.67853; 858.44519;
 277.41293; 859.17078;
 361.4278; 858.9812;
 644.57404; 860.40967;
 769.01434; 860.40289;
 671.97009; 863.44153;
 930.6142; 866.71405;
 470.2804; 873.38843;
 664.59149; 872.59259;
 321.4736; 874.00659;
 819.94452; 875.03131;
 362.46686; 875.66394;
 677.83447; 876.52197;
 928.13763; 878.42908;
 457.46518; 878.95728;
 820.30804; 881.30524;
 325.15442; 883.00891;
 437.60236; 882.69141;
 673.56116; 885.1264;
 920.83173; 887.97455;
 867.22522; 888.73126;
 948.91046; 891.27673;
 810.73096; 893.48816;
 322.24457; 894.35547;
 916.38177; 895.27936;
 298.53525; 895.61316;
 959.66479; 896.50171;
 401.09738; 901.78033;
 815.17896; 906.52325;
 413.43573; 908.56366;
 867.69324; 909.53082;
 721.19983; 912.09918;
 726.57404; 913.90765;
 805.03125; 916.5531;
 702.35028; 919.32257;
 61.229168; 919.77576;
 183.46994; 922.53174;
 714.02319; 921.90631;
 369.11777; 922.65033;
 488.65994; 922.85004;
 671.23175; 923.12018;
 408.7872; 924.00354;
 506.83398; 924.58801;
 432.37991; 928.41913;
 866.94873; 928.4035;
 166.85141; 928.66095;
 471.76712; 929.32025;
 256.7095; 929.50824;
 499.31845; 931.1842;
 371.37589; 933.96436;
 418.72833; 936.05664;
 718.84906; 936.6839;
 189.00247; 938.01422;
 361.92865; 938.21429;
 799.48975; 938.15216;
 224.05986; 939.30103;
 408.41043; 938.7243;
 466.8255; 938.6084;
 919.79114; 940.28723;
 964.21606; 940.80627;
 884.67096; 941.76501;
 150.4277; 943.70776;
 369.2825; 944.17401;
 788.34259; 946.28888;
 186.99123; 947.38922;
 423.74698; 947.12714;
 654.70813; 947.35614;
 607.50104; 949.55615;
 381.3334; 952.42865;
 710.73181; 952.37756;
 897.71478; 953.74756;
 104.25285; 956.36591;
 889.80103; 959.51581;
 776.75616; 961.42914;
 420.85989; 962.78168;
 704.98206; 963.43188;
 748.9068; 962.88452;
 579.61652; 965.15479;
 202.20992; 927.60693;
 198.49208; 936.71136;
 820.30023; 86.387276;
 440.87027; 87.585258;
 705.42621; 87.016083;
 886.53839; 90.805252;
 114.13745; 91.486893;
 182.63602; 92.470665;
 855.34827; 94.02858;
 912.23145; 95.460251;
 460.15292; 97.37188;
 717.39478; 97.941345;
 481.04379; 100.60626;
 584.76025; 99.360283;
 745.00861; 99.300095;
 811.37683; 99.090828;
 406.966; 101.87988;
 703.6225; 102.3911;
 228.0323; 110.58597;
 729.14325; 110.89001;
 853.95422; 110.38041;
 908.38574; 110.86347;
 363.2258; 114.62002;
 475.49063; 120.51463;
 207.44328; 117.34261;
 396.47998; 117.59465;
 572.10065; 117.46902;
 931.82294; 119.79593;
 860.2337; 125.16129;
 196.20576; 127.3166;
 212.82655; 133.46246;
 705.80731; 133.16702;
 851.48334; 134.70633;
 743.77728; 136.12267;
 881.88501; 139.95251;
 650.02917; 142.72176;
 183.9194; 143.61388;
 441.0387; 144.59506;
 832.90863; 144.02399;
 418.07507; 147.02249;
 734.28809; 148.13222;
 315.26971; 149.19678;
 482.46082; 149.72876;
 691.68927; 150.07245;
 869.25409; 151.1955;
 159.39211; 153.24066;
 754.47632; 153.08992;
 382.3093; 155.89522;
 657.35248; 155.9855;
 706.5979; 155.47531;
 835.8584; 157.27803;
 430.85715; 160.81285;
 810.4328; 161.58121;
 861.50415; 162.04807;
 307.11511; 163.31462;
 394.12762; 164.51413;
 745.82623; 168.80888;
 457.72107; 171.54099;
 646.19092; 172.3882;
 687.36194; 173.06949;
 825.71399; 172.33775;
 847.08215; 172.8618;
 186.29526; 173.35089;
 739.38977; 174.80272;
 923.65778; 173.96783;
 879.6109; 176.81905;
 853.3479; 179.79071;
 267.01871; 180.0403;
 792.6637; 183.47552;
 129.20572; 185.16925;
 334.53827; 190.7359;
 633.94141; 190.31496;
 243.22276; 191.47168;
 346.19421; 192.32253;
 669.37921; 192.42763;
 715.45074; 194.0024;
 742.14325; 195.14758;
 871.51184; 195.79735;
 320.81497; 206.47112;
 666.17963; 201.36914;
 151.22557; 204.37985;
 706.8313; 204.78238;
 373.9552; 205.15715;
 237.33568; 208.02109;
 328.24384; 207.41095;
 745.55865; 210.10617;
 228.74457; 213.70845;
 272.61932; 213.80611;
 549.82434; 214.5854;
 652.3205; 214.569;
 567.62958; 214.89337;
 519.23083; 218.688;
 867.9989; 220.75021;
 85.806122; 222.07222;
 537.18439; 225.06113;
 740.19873; 226.74471;
 366.06561; 228.52483;
 640.59583; 227.97925;
 552.89844; 232.28889;
 675.5824; 230.68202;
 513.28101; 232.74408;
 264.56635; 233.60251;
 710.35358; 233.71037;
 760.25079; 236.55524;
 828.84192; 236.95071;
 573.22424; 237.17564;
 668.55994; 241.17558;
 263.85873; 241.4893;
 364.90936; 242.89334;
 644.88794; 244.02751;
 854.19739; 241.56282;
 240.31174; 244.79478;
 767.11365; 243.68777;
 587.35193; 245.70291;
 432.67407; 247.68565;
 639.2746; 251.15788;
 184.7729; 255.0074;
 750.58234; 254.22745;
 889.86908; 254.20381;
 353.85654; 256.686;
 606.5047; 256.45746;
 371.548; 257.84302;
 654.41583; 259.24478;
 876.0564; 257.09827;
 796.2384; 259.19141;
 226.82123; 262.33197;
 172.40681; 265.96854;
 636.35938; 267.66055;
 898.83801; 270.81015;
 363.41077; 273.29163;
 306.32501; 276.91577;
 223.68365; 279.44492;
 323.47882; 279.79892;
 355.26526; 280.5433;
 170.47423; 280.88052;
 656.85791; 283.18188;
 829.92279; 286.63782;
 839.69159; 286.31375;
 292.32581; 288.5444;
 414.37445; 293.42807;
 625.23309; 293.49689;
 767.77087; 294.37738;
 214.57265; 295.68307;
 609.88062; 295.92606;
 863.85065; 296.89984;
 916.90869; 297.01389;
 667.21356; 299.1105;
 367.50027; 302.16101;
 777.54633; 301.94403;
 838.92505; 301.15994;
 146.34024; 304.20978;
 353.40961; 306.22058;
 930.80988; 306.61426;
 404.87122; 311.05954;
 640.21692; 309.18463;
 751.3819; 308.66022;
 767.89093; 312.80164;
 208.13649; 314.24515;
 288.36023; 315.76682;
 611.2663; 316.3342;
 646.04706; 321.36761;
 703.7215; 323.36493;
 236.14973; 326.55664;
 622.18793; 325.54855;
 807.7384; 325.10895;
 849.05902; 326.06177;
 327.39737; 327.42816;
 774.00092; 327.66425;
 91.200897; 330.32755;
 669.09515; 329.82886;
 279.22568; 331.08109;
 740.22992; 332.03293;
 869.48297; 332.6871;
 614.26874; 337.72046;
 696.97986; 337.94586;
 176.66769; 339.19647;
 821.94324; 339.2326;
 235.03999; 343.84842;
 792.23431; 344.32028;
 417.25391; 345.66815;
 650.35931; 348.90079;
 625.54279; 350.29004;
 886.53192; 350.5119;
 86.77813; 351.09732;
 402.49493; 353.43497;
 812.07922; 355.57993;
 895.41742; 359.44827;
 710.75977; 361.65277;
 597.18201; 363.49805;
 170.89107; 366.39755;
 419.92749; 368.46729;
 624.54431; 366.98053;
 638.03125; 365.89719;
 771.51245; 370.12549;
 425.7677; 371.87399;
 609.92957; 373.69598;
 252.54971; 376.11914;
 900.25909; 376.45792;
 162.72672; 378.7453;
 439.03552; 378.38028;
 702.42322; 377.04541;
 631.18237; 380.69733;
 684.89862; 381.26334;
 758.1629; 384.83008;
 634.23383; 386.3945;
 873.95239; 385.41013;
 730.19318; 386.26111;
 708.3335; 392.40787;
 860.67023; 391.10464;
 437.59473; 394.70569;
 675.6217; 393.94934;
 566.99713; 400.73529;
 754.05432; 399.78528;
 849.24585; 400.15305;
 248.70027; 402.69217;
 457.40134; 403.7674;
 582.96509; 403.11508;
 471.11145; 406.77768;
 725.828; 405.87637;
 372.62646; 409.42554;
 649.50757; 410.43372;
 663.20105; 409.2894;
 226.4827; 411.4538;
 698.88873; 411.09576;
 139.95818; 414.06351;
 431.47794; 415.37814;
 549.27112; 415.04391;
 916.59924; 416.8259;
 788.56665; 418.0097;
 466.37955; 419.49588;
 495.71463; 423.73755;
 539.43555; 426.11206;
 118.40401; 429.39899;
 363.64096; 430.24268;
 621.73004; 431.50818;
 687.86676; 431.72369;
 749.91577; 432.57858;
 784.60077; 431.56705;
 315.9371; 433.22302;
 298.35654; 436.7059;
 85.83284; 438.27438;
 101.44028; 448.58673;
 606.01807; 449.30795;
 290.62497; 451.1803;
 730.39728; 458.32864;
 259.06546; 459.03955;
 675.86835; 461.00381;
 492.48285; 463.80862;
 570.25537; 463.9014;
 401.79568; 466.82135;
 473.37625; 465.21942;
 760.89862; 468.48294;
 248.00102; 469.65945;
 344.87793; 470.60095;
 838.58331; 470.97458;
 911.58875; 470.42267;
 604.07422; 472.53455;
 862.87274; 473.99191;
 537.76349; 475.8967;
 292.79102; 479.06842;
 385.82544; 479.77243;
 487.11462; 478.94077;
 560.2511; 479.82733;
 751.9635; 481.78738;
 812.37427; 481.98727;
 359.04739; 485.15143;
 250.0528; 487.37326;
 685.77545; 492.97836;
 899.92456; 488.10648;
 613.07813; 489.43201;
 164.33604; 497.62225;
 284.33167; 493.802;
 680.88983; 493.49225;
 751.37952; 499.84589;
 810.13611; 499.44235;
 616.13824; 502.89709;
 850.28113; 501.3689;
 455.42093; 503.01379;
 708.59943; 503.71069;
 692.2713; 505.31281;
 828.17676; 506.9126;
 546.67572; 512.01965;
 445.52933; 513.54358;
 677.81366; 513.54474;
 469.16147; 516.28589;
 355.83777; 517.61609;
 601.16876; 517.77905;
 754.47314; 517.57233;
 796.71143; 519.26178;
 101.85033; 522.17383;
 609.18494; 522.4494;
 879.57312; 524.28729;
 909.09717; 521.87;
 151.46509; 524.14722;
 626.0639; 526.79742;
 819.15137; 525.22522;
 456.01608; 530.12598;
 365.28894; 531.04694;
 580.07605; 531.28552;
 885.50983; 533.50604;
 910.2915; 534.96436;
 93.617714; 538.2489;
 378.32889; 539.35449;
 448.3815; 541.54346;
 597.06689; 541.71289;
 869.64063; 542.33936;
 620.31586; 544.89746;
 160.05992; 545.47791;
 679.04718; 546.00653;
 831.10992; 546.54871;
 145.39403; 551.3407;
 466.09106; 553.13544;
 855.37207; 554.01434;
 377.88208; 556.19415;
 515.5; 555.08899;
 902.54803; 556.20544;
 327.59732; 559.5105;
 398.76196; 562.2132;
 611.09167; 563.4798;
 824.73303; 563.94092;
 162.87949; 565.22107;
 182.51457; 566.60986;
 216.50052; 568.42572;
 456.81927; 568.28143;
 508.58243; 570.44415;
 790.06415; 569.10046;
 893.979; 570.1236;
 354.28671; 572.36243;
 493.89035; 574.802;
 100.94744; 576.50232;
 906.83948; 577.08765;
 607.25879; 580.95837;
 177.49236; 581.76257;
 209.38057; 582.47864;
 319.34723; 581.77875;
 396.42023; 582.8457;
 587.12793; 582.28406;
 803.21222; 583.16113;
 89.497459; 586.08514;
 350.9512; 586.18781;
 892.59296; 585.68793;
 485.02875; 586.99377;
 551.15839; 590.71863;
 495.35907; 592.45294;
 511.6235; 591.539;
 681.68127; 592.9068;
 853.23083; 596.57312;
 314.46683; 598.17548;
 346.54346; 598.80438;
 194.74327; 600.05994;
 835.08899; 600.35675;
 414.77194; 604.27289;
 672.11749; 603.17511;
 272.63757; 606.93677;
 502.69962; 607.01428;
 227.71692; 611.4115;
 573.0708; 615.77179;
 403.77148; 618.92749;
 634.08069; 618.19421;
 364.05301; 620.51776;
 103.0656; 623.55042;
 219.82892; 623.05139;
 528.94739; 623.98993;
 410.78915; 634.46149;
 546.97137; 633.40155;
 892.59448; 634.22308;
 307.7074; 635.1048;
 103.37542; 640.2865;
 146.69165; 642.82825;
 344.27887; 641.25116;
 537.05573; 645.70032;
 361.4603; 649.17505;
 405.30237; 651.17621;
 862.20862; 652.42804;
 114.19225; 654.1673;
 307.32657; 653.41168;
 350.81717; 660.24487;
 816.19348; 660.95337;
 653.55322; 662.70618;
 834.12823; 661.89124;
 546.85498; 663.18835;
 115.38045; 665.68726;
 320.3349; 665.45349;
 160.2222; 668.2135;
 929.47119; 673.66125;
 359.17764; 675.72308;
 852.7807; 675.23022;
 869.40546; 675.31775;
 486.71829; 677.68793;
 539.08386; 678.41504;
 333.2139; 679.9173;
 772.70428; 680.91364;
 792.35529; 682.97327;
 601.91718; 684.86859;
 620.05939; 683.65631;
 449.66904; 685.57166;
 106.53955; 687.26385;
 730.33679; 687.13037;
 292.96271; 691.38873;
 544.93176; 691.31903;
 819.90588; 691.83392;
 253.55316; 695.88422;
 441.63708; 701.1001;
 723.2951; 702.15277;
 537.75366; 705.67828;
 384.02097; 708.56873;
 598.71667; 707.49164;
 673.05695; 710.13361;
 819.31219; 709.89728;
 244.57166; 711.40845;
 305.2616; 712.25977;
 215.17578; 713.48743;
 326.37732; 716.09918;
 337.31937; 713.82813;
 130.03134; 720.42029;
 100.68976; 722.80597;
 520.64063; 728.0946;
 300.79245; 725.78204;
 413.59445; 725.53479;
 723.54486; 726.36707;
 86.145142; 728.26349;
 205.46782; 728.04242;
 362.354; 727.17346;
 118.42486; 731.76471;
 242.25082; 732.13922;
 595.5686; 732.29559;
 335.2934; 733.88251;
 176.57646; 734.90912;
 290.63; 735.89197;
 437.61707; 736.97455;
 516.79608; 738.95758;
 360.88434; 741.52087;
 934.74841; 742.3288;
 342.8588; 746.31885;
 416.87595; 746.85229;
 487.30267; 747.05096;
 555.09717; 748.1413;
 756.7442; 752.78815;
 164.53894; 755.41833;
 370.21606; 755.44592;
 609.30536; 755.70685;
 205.97578; 757.13403;
 508.88123; 758.62598;
 479.6554; 760.78113;
 567.48676; 759.37;
 725.89532; 759.67548;
 335.12354; 764.50482;
 726.82642; 765.71912;
 196.32681; 771.76862;
 457.96802; 772.12561;
 417.57666; 773.70801;
 581.66107; 777.19183;
 738.20441; 772.05054;
 908.06238; 777.22552;
 809.94037; 780.078;
 796.3645; 782.53473;
 828.4776; 781.49622;
 924.20233; 786.25055;
 410.42099; 789.00665;
 898.70142; 788.16943;
 335.2738; 790.27667;
 415.87366; 790.38947;
 269.06027; 792.13757;
 776.40698; 794.80457;
 936.35175; 793.77533;
 436.58093; 795.28278;
 913.55444; 795.86938;
 552.32971; 801.89502;
 648.75482; 801.46167;
 328.42932; 803.90887;
 423.28665; 806.1499;
 635.30591; 805.6579;
 817.04785; 808.75446;
 383.2981; 810.48529;
 250.42444; 811.89014;
 111.28934; 814.96735;
 647.11133; 816.71167;
 416.46274; 818.16217;
 870.72235; 818.27728;
 891.23474; 819.61566;
 627.64636; 822.93488;
 819.75787; 826.26093;
 936.75299; 831.37347;
 506.0874; 833.42517;
 652.55688; 833.45496;
 818.08661; 835.3576;
 859.33856; 837.11475;
 89.267876; 837.49243;
 379.49686; 837.54456;
 271.88672; 842.9541;
 492.06815; 844.99365;
 93.657654; 854.83191;
 354.65762; 854.51086;
 279.25436; 856.83148;
 639.10138; 857.39368;
 770.61261; 861.08148;
 803.19391; 859.23401;
 670.57971; 861.94659;
 611.90808; 863.60254;
 272.06955; 872.9035;
 359.02533; 872.11353;
 470.40518; 872.37622;
 677.73828; 871.68835;
 456.71326; 876.32111;
 820.81604; 875.87988;
 873.12054; 876.6795;
 878.14276; 878.39886;
 327.09937; 880.43384;
 433.63562; 881.1922;
 638.1557; 882.89642;
 925.43854; 881.46875;
 809.46234; 890.75293;
 298.31656; 893.35199;
 320.27576; 896.11322;
 399.23364; 902.32648;
 815.92224; 905.54865;
 724.55225; 910.79541;
 372.40112; 911.48352;
 417.1214; 911.53113;
 699.05316; 916.15491;
 802.27051; 918.50519;
 672.69568; 920.98999;
 407.84845; 922.88953;
 868.82849; 924.77625;
 716.02637; 925.3949;
 256.11188; 928.65851;
 470.14447; 927.84967;
 372.92041; 930.46625;
 500.49777; 932.82922;
 608.17609; 933.08844;
 800.36414; 935.0567;
 744.88965; 475.82501;
 409.21774; 571.21545;
 634.27209; 857.83942;
 198.06877; 936.96454;
 436.64893; 115.79635;
 572.14783; 116.78478;
 208.83937; 118.20908;
 732.14905; 118.30049;
 397.76877; 120.20377;
 817.10815; 123.22991;
 860.53381; 124.10837;
 196.99283; 130.16479;
 208.79752; 134.27092;
 708.13129; 135.34601;
 882.39313; 136.88965;
 440.25125; 142.36983;
 419.88724; 143.26588;
 182.0741; 146.99936;
 316.46063; 147.53661;
 483.54575; 147.06596;
 754.93634; 149.65898;
 655.48749; 152.58676;
 837.11273; 151.86655;
 161.42735; 153.81677;
 278.97769; 153.31866;
 695.93292; 154.0946;
 863.0614; 157.41132;
 808.6759; 159.45158;
 391.32666; 161.77405;
 306.97684; 164.2123;
 432.09351; 164.54865;
 684.66412; 168.4052;
 459.46573; 169.86304;
 644.47797; 172.85739;
 743.82275; 173.03119;
 883.51941; 174.2765;
 266.90558; 179.95647;
 794.17749; 183.37964;
 161.22946; 188.1487;
 337.87842; 187.98326;
 241.3188; 189.52171;
 645.63239; 194.3477;
 667.50781; 196.14992;
 867.935; 196.8596;
 149.75562; 203.78114;
 196.27525; 204.01038;
 373.69922; 203.40088;
 744.99133; 203.37703;
 850.29785; 204.10918;
 551.13409; 210.89583;
 231.93384; 214.03363;
 272.94238; 213.685;
 651.91559; 215.55247;
 517.76965; 217.64977;
 869.06311; 221.23456;
 537.20795; 226.67046;
 739.25586; 227.66405;
 365.78165; 232.94667;
 712.74133; 234.12009;
 263.99469; 236.80016;
 903.06421; 236.81882;
 575.79236; 237.90373;
 830.26563; 237.745;
 765.40253; 240.61304;
 874.39154; 239.44992;
 853.31299; 241.10172;
 670.4494; 244.63171;
 241.63588; 246.54692;
 372.19003; 251.74431;
 892.37811; 251.14505;
 185.5031; 253.63818;
 673.62683; 253.66289;
 607.28351; 258.18161;
 351.84753; 260.66577;
 794.95837; 260.41608;
 170.73462; 265.94556;
 635.71973; 270.39203;
 897.54211; 272.48972;
 227.05504; 273.68344;
 308.81503; 273.78592;
 359.08862; 278.00165;
 739.67242; 283.66333;
 833.23163; 284.51727;
 291.6051; 288.74704;
 659.58441; 287.10458;
 697.96393; 290.92337;
 626.59705; 292.26758;
 768.85175; 291.93402;
 604.11749; 293.40216;
 214.26382; 295.63919;
 864.42126; 296.64435;
 779.65161; 301.59732;
 835.88873; 301.56573;
 359.59979; 303.78558;
 290.81015; 312.70755;
 404.75119; 311.483;
 209.79932; 316.28714;
 643.63837; 314.89484;
 771.11707; 317.4697;
 706.16003; 320.44675;
 239.0713; 324.59338;
 805.55499; 325.6181;
 848.47522; 325.30426;
 738.3949; 328.20471;
 329.30356; 329.95685;
 667.31122; 329.32062;
 276.39545; 333.80533;
 610.72015; 335.15265;
 870.28638; 336.30853;
 695.11987; 337.75912;
 175.3223; 339.37469;
 335.07993; 343.25711;
 419.61279; 343.97549;
 232.12094; 346.42462;
 793.11499; 346.08768;
 627.17792; 348.97717;
 653.4082; 350.04507;
 887.95435; 352.25854;
 275.36871; 355.89691;
 400.26346; 358.32492;
 711.89172; 358.3562;
 813.20599; 357.12674;
 218.72626; 361.13907;
 595.20117; 362.59818;
 172.09294; 366.1434;
 772.07147; 370.71326;
 626.22241; 372.2923;
 254.07097; 376.68274;
 608.1604; 376.35803;
 702.89337; 377.38101;
 440.64169; 379.73648;
 683.36334; 379.23431;
 875.11377; 379.50293;
 162.31303; 382.55234;
 757.67267; 383.13391;
 141.09573; 391.27606;
 861.23145; 391.91431;
 673.04993; 394.57184;
 163.97319; 395.75119;
 436.14252; 395.73456;
 707.33429; 395.535;
 847.35126; 400.46378;
 459.73648; 402.37506;
 247.77098; 403.33884;
 585.94568; 403.79419;
 759.56067; 404.57217;
 724.36151; 407.00473;
 542.31519; 407.61557;
 652.90912; 407.15854;
 373.85068; 409.0242;
 229.40894; 411.03143;
 136.33427; 414.73047;
 699.18903; 412.84143;
 470.07477; 422.70105;
 117.9836; 427.49146;
 537.4873; 428.50323;
 363.36682; 430.66733;
 688.21497; 430.68182;
 744.39459; 429.90823;
 301.1416; 432.63629;
 439.41302; 432.52963;
 619.88202; 432.78604;
 753.44781; 432.57962;
 784.65894; 432.78244;
 603.3114; 452.78165;
 287.19003; 453.15189;
 729.51117; 455.36966;
 259.90146; 458.79553;
 570.7334; 460.55124;
 493.76376; 462.88879;
 671.89081; 464.85303;
 709.96259; 463.51147;
 403.44373; 465.57358;
 471.7742; 466.13217;
 762.74231; 466.60452;
 602.90643; 468.29419;
 343.79834; 470.56317;
 863.26569; 472.27893;
 536.70184; 473.33734;
 712.30579; 473.99765;
 247.00906; 475.8493;
 840.67389; 476.35794;
 292.82376; 478.07495;
 314.53403; 480.35306;
 560.11908; 480.26385;
 813.62885; 480.35895;
 384.43723; 481.59192;
 362.02432; 488.17126;
 451.55103; 493.89499;
 611.32104; 493.28403;
 283.58887; 495.83249;
 894.64923; 496.50082;
 750.27576; 497.13364;
 851.83044; 497.4184;
 706.2348; 500.60501;
 806.84253; 502.01703;
 696.47357; 505.203;
 831.54572; 506.53958;
 541.8139; 510.50497;
 676.72559; 514.68298;
 836.41748; 515.55188;
 758.28564; 518.82983;
 354.56375; 519.91071;
 606.86859; 521.6026;
 151.76149; 524.47693;
 814.45319; 523.79919;
 629.45679; 527.78809;
 458.3811; 529.36908;
 377.81964; 539.1358;
 445.89438; 540.49658;
 599.56354; 541.56012;
 162.16068; 544.31793;
 619.8161; 546.7326;
 676.38696; 546.11774;
 869.95874; 546.1568;
 831.29932; 547.26849;
 466.83832; 551.5708;
 516.0564; 553.19031;
 900.6723; 554.95764;
 375.64261; 556.92432;
 326.85989; 561.39655;
 495.63528; 559.59247;
 185.29878; 563.17981;
 611.26819; 563.24298;
 786.24713; 564.13092;
 219.32553; 565.74274;
 162.19905; 568.53711;
 353.29633; 569.35712;
 457.23627; 569.15778;
 508.70987; 571.41779;
 904.9325; 575.68152;
 320.91876; 579.08862;
 174.93216; 583.11316;
 210.00655; 583.86542;
 281.85086; 586.86584;
 397.45273; 586.4118;
 607.83234; 584.95526;
 352.29132; 587.49194;
 890.04376; 587.34467;
 510.78464; 589.19916;
 486.35852; 591.23883;
 551.09369; 593.84711;
 660.90131; 593.60712;
 851.40717; 596.16815;
 194.72275; 599.64478;
 314.50095; 600.95679;
 493.2421; 598.28595;
 840.67627; 599.44775;
 417.9339; 603.10602;
 673.50317; 606.64453;
 273.06369; 608.14722;
 228.20319; 610.07428;
 572.35669; 611.64362;
 400.61136; 619.00903;
 635.78638; 617.56421;
 364.29733; 622.83417;
 526.4906; 626.52087;
 888.99231; 627.99213;
 549.28082; 632.77722;
 308.92038; 633.40002;
 413.24118; 634.78748;
 147.29259; 642.75867;
 406.37451; 650.65637;
 863.89099; 649.01349;
 361.77979; 651.78638;
 304.53918; 654.10895;
 116.60469; 658.84888;
 813.82434; 659.43774;
 653.79694; 661.17145;
 834.32678; 662.02234;
 436.13052; 664.50775;
 549.46185; 663.00677;
 708.38348; 665.979;
 871.78687; 674.8374;
 484.60294; 676.22821;
 849.90063; 676.45782;
 536.17938; 677.25513;
 331.51315; 681.90826;
 764.22296; 682.53912;
 450.95053; 683.40143;
 731.28369; 683.82343;
 773.14838; 684.23346;
 790.1936; 683.7467;
 599.34094; 685.26062;
 817.74823; 686.46307;
 692.23242; 687.72467;
 253.85521; 694.19257;
 441.39493; 703.99164;
 723.14642; 704.1615;
 217.09787; 712.20062;
 536.11743; 705.45587;
 671.38733; 707.88855;
 598.19159; 709.16492;
 814.62634; 710.22028;
 132.52222; 717.50977;
 414.28394; 723.43384;
 362.97708; 725.87012;
 722.3075; 726.40515;
 204.47263; 729.12665;
 246.88371; 732.29053;
 437.18353; 731.84979;
 597.35059; 731.4649;
 119.28083; 733.22144;
 175.24934; 734.91949;
 290.24588; 735.5708;
 578.01056; 738.62555;
 901.90137; 738.11755;
 340.5; 740.44855;
 519.24005; 740.02747;
 487.43661; 744.89264;
 419.99039; 750.83087;
 208.50162; 753.84137;
 564.7265; 754.80365;
 165.04419; 755.80084;
 369.96976; 755.61646;
 606.38507; 757.83734;
 509.68707; 759.7818;
 478.55414; 763.55188;
 334.31003; 766.7522;
 419.27347; 770.7674;
 196.31683; 772.08673;
 458.92575; 773.71375;
 830.0672; 777.58447;
 582.18109; 780.06708;
 806.60126; 783.69714;
 338.99246; 788.73254;
 895.15479; 787.91956;
 411.00781; 790.659;
 775.94635; 794.26788;
 552.61816; 799.48773;
 639.20679; 801.51147;
 327.11487; 805.26038;
 818.19092; 805.14813;
 384.68051; 808.245;
 251.78819; 810.44867;
 417.02359; 819.00653;
 893.2597; 820.78931;
 627.60675; 822.88;
 505.51434; 829.44537;
 820.35675; 829.65649;
 650.67725; 835.74689;
 862.19501; 837.01959;
 490.29803; 846.5658;
 280.28329; 853.98175;
 800.40338; 861.82526;
 774.36096; 864.97333;
 356.13721; 866.92255;
 673.53259; 865.64722;
 453.85678; 872.35925;
 271.52982; 874.763;
 824.15564; 873.6759;
 876.40424; 875.47345;
 329.62924; 877.19781;
 428.85873; 879.33795;
 806.67719; 888.1485;
 296.07559; 891.43182;
 320.72992; 897.94287;
 671.41119; 899.90338;
 396.66443; 904.79279;
 817.18243; 906.80273;
 337.48749; 185.1412;
 799.8949; 187.46315;
 665.61688; 193.49634;
 373.98846; 197.23611;
 749.29547; 198.67975;
 195.40086; 202.25957;
 553.38647; 203.97862;
 279.11133; 209.10313;
 323.41974; 211.40167;
 235.85475; 214.1972;
 653.50256; 214.84734;
 418.59894; 227.22322;
 733.82819; 228.44553;
 825.62103; 227.71092;
 540.36615; 232.76205;
 367.25049; 236.15462;
 581.64569; 237.02522;
 636.9859; 238.06929;
 771.41309; 237.08089;
 267.54385; 238.67426;
 240.10234; 246.01814;
 669.39856; 251.28929;
 605.15637; 264.18854;
 794.58911; 263.4408;
 225.61292; 269.98178;
 310.40573; 269.59076;
 352.48938; 272.228;
 832.94519; 278.21078;
 283.7399; 285.61777;
 730.1853; 282.64462;
 626.1712; 291.67731;
 661.73224; 292.35727;
 773.69238; 290.51236;
 357.90091; 304.39163;
 402.46094; 307.94965;
 705.37463; 310.36206;
 206.19087; 316.57748;
 291.20538; 313.97852;
 644.41516; 316.38269;
 667.76074; 315.37866;
 240.33942; 322.24918;
 737.01385; 325.1731;
 772.52673; 323.30023;
 805.96857; 323.6629;
 845.08148; 327.48462;
 335.7912; 334.34491;
 691.21332; 337.09189;
 274.30591; 339.66595;
 422.41718; 339.19183;
 626.43909; 346.87949;
 791.8736; 348.53;
 174.58772; 351.24103;
 225.1933; 352.28021;
 656.19031; 350.75241;
 717.72009; 355.6572;
 820.52466; 361.69937;
 413.73672; 368.63367;
 255.54926; 375.69131;
 625.99402; 378.66663;
 728.85797; 381.47156;
 461.73099; 397.22626;
 377.40308; 401.4259;
 545.59888; 401.34409;
 239.25215; 404.3443;
 590.31879; 404.27548;
 651.85913; 405.72601;
 504.78622; 408.71616;
 765.6076; 406.7464;
 717.02289; 410.85483;
 617.95221; 429.77515;
 362.26968; 429.80307;
 439.97372; 431.52887;
 534.33856; 435.56326;
 682.48547; 434.36694;
 259.88953; 456.46118;
 567.36066; 457.32175;
 602.78271; 460.58435;
 759.90979; 459.97546;
 498.33331; 462.83218;
 708.66168; 462.90851;
 335.81259; 466.36887;
 411.0936; 465.74069;
 658.15442; 470.78271;
 812.14148; 475.94934;
 248.74727; 482.34796;
 368.8302; 489.70123;
 740.96466; 487.59058;
 616.26727; 495.77103;
 694.03302; 495.32367;
 804.13037; 515.13434;
 601.76538; 519.44135;
 673.80249; 520.96399;
 763.55396; 521.19696;
 351.28851; 525.48102;
 636.89526; 523.62146;
 673.58118; 542.39215;
 515.20624; 548.68799;
 827.16119; 547.14075;
 606.08344; 558.62213;
 781.59424; 555.52954;
 186.6886; 560.46118;
 225.0258; 558.71295;
 357.67435; 558.86298;
 403.82599; 560.24731;
 322.82562; 568.60822;
 459.98904; 573.45856;
 213.70544; 581.33923;
 289.32306; 585.51007;
 394.14664; 591.21014;
 842.89166; 592.77844;
 486.57581; 599.08978;
 660.15118; 598.13086;
 205.42099; 604.43628;
 575.61865; 605.73468;
 224.10829; 608.08051;
 269.14301; 610.79535;
 391.10992; 610.01849;
 630.6076; 616.51245;
 310.42264; 630.74799;
 555.07819; 634.95605;
 367.37628; 643.52209;
 409.76682; 648.29395;
 293.9263; 654.98248;
 554.03235; 660.19922;
 475.00269; 671.5885;
 446.34308; 674.57568;
 593.94867; 676.70044;
 730.67749; 675.53461;
 688.02393; 680.43604;
 821.33099; 680.81744;
 789.65186; 687.27875;
 215.06581; 694.89618;
 523.30548; 694.65057;
 670.16492; 704.88983;
 334.7869; 706.33655;
 721.43835; 715.66077;
 813.72723; 713.2934;
 597.10101; 720.31433;
 202.65517; 725.77777;
 363.81235; 728.98474;
 520.30231; 733.10455;
 485.05679; 734.74609;
 342.65442; 739.28522;
 567.30359; 747.20447;
 604.53235; 757.46118;
 731.62439; 756.7536;
 329.93143; 765.16272;
 421.617; 762.38605;
 508.82748; 767.10181;
 836.43823; 767.6828;
 464.12744; 773.46948;
 579.08331; 783.40771;
 346.62427; 793.02686;
 640.21222; 791.9433;
 772.45703; 791.69592;
 406.41797; 794.01648;
 813.125; 797.33612;
 382.39279; 811.14221;
 417.74875; 816.22186;
 626.63586; 819.15991;
 505.69098; 823.87811;
 822.0011; 832.01257;
 654.27216; 839.3338;
 277.0582; 844.90271;
 604.6806; 843.71356;
 728.00922; 231.30862;
 776.93494; 231.3186;
 630.05292; 235.03038;
 371.56561; 238.23586;
 537.86499; 238.43083;
 272.05832; 242.35089;
 666.33893; 247.5145;
 311.12894; 269.4639;
 351.76321; 271.17767;
 604.27936; 270.19702;
 775.38495; 288.02429;
 692.53949; 300.44714;
 358.93387; 308.32605;
 291.73074; 315.49261;
 240.44974; 319.49118;
 749.59094; 325.60794;
 338.25412; 337.11505;
 383.29471; 336.75723;
 427.82013; 339.71695;
 276.48572; 343.46957;
 684.42194; 345.33801;
 624.92572; 347.14447;
 662.16693; 350.4426;
 729.50787; 369.44412;
 257.23166; 376.85794;
 376.62015; 394.02969;
 464.11023; 391.28653;
 543.26025; 396.9292;
 501.11258; 403.94125;
 769.50922; 404.55457;
 234.12082; 407.1377;
 658.48376; 411.79895;
 713.79712; 413.62488;
 433.57037; 429.75009;
 533.49261; 439.30212;
 751.76758; 449.16034;
 416.31738; 456.17902;
 326.21393; 460.75165;
 606.6673; 458.42673;
 709.86499; 460.26181;
 722.13165; 467.49588;
 654.7876; 471.35626;
 732.65179; 488.22995;
 374.00256; 490.90643;
 697.55078; 493.93115;
 622.66498; 503.69128;
 763.43079; 521.10168;
 588.63049; 525.53607;
 676.00421; 528.98206;
 348.65955; 532.37805;
 514.36548; 551.88953;
 414.34164; 558.76685;
 604.45258; 558.6438;
 317.27902; 566.54742;
 480.1333; 592.37543;
 396.0527; 598.94537;
 581.34515; 602.82294;
 672.33252; 607.56769;
 266.95825; 615.64905;
 627.72186; 619.92151;
 408.4809; 631.08551;
 363.47958; 640.9057;
 556.76123; 649.51904;
 667.38654; 649.18701;
 452.75766; 669.09949;
 727.99695; 667.88373;
 596.71112; 671.56793;
 690.81683; 680.0047;
 521.45313; 688.89612;
 786.60144; 690.13531;
 334.14636; 698.95117;
 721.1839; 711.25653;
 429.20544; 715.82599;
 516.25458; 732.13257;
 352.60403; 736.83075;
 568.38013; 744.89771;
 607.49536; 756.39954;
 738.10962; 758.64197;
 422.95898; 762.36804;
 326.76013; 767.59015;
 471.39011; 777.44592;
 502.26636; 774.05762;
 764.17426; 781.9527;
 576.66956; 789.32837;
 580.21875; 231.05098;
 669.33911; 353.81378;
 466.74213; 377.44745;
 366.44232; 392.41931;
 652.34711; 414.58701;
 426.73926; 435.77267;
 376.87756; 496.39722;
 621.26447; 505.7579;
 417.10706; 553.14465;
 581.3064; 594.93286;
 479.77396; 600.93872;
 398.05905; 611.60107;
 624.92664; 627.73407;
 348.49905; 642.80865;
 552.20807; 645.30719;
 454.94388; 663.72278 
