 272.56799  29.594976 
 286.67712  33.651001 
 345.00146  33.671604 
 281.94067  35.214581 
 254.00812  36.02253 
 262.54065  35.53294 
 347.92838  38.64526 
 277.66055  41.843372 
 353.26495  42.448238 
 286.50436  43.928013 
 292.63116  44.006741 
 347.87158  44.791653 
 80.960999  47.324619 
 332.31161  46.218769 
 325.67825  49.201065 
 216.78014  48.246323 
 227.83546  48.146782 
 222.35133  49.138077 
 258.4946  49.197609 
 265.45319  49.441807 
 324.5184  51.990124 
 296.57022  54.603851 
 306.54324  53.869717 
 269.47253  54.666412 
 368.95908  56.32394 
 217.91643  56.526627 
 222.70691  57.002045 
 237.22804  57.177025 
 353.30551  56.438461 
 324.58853  59.795513 
 212.89224  61.003384 
 305.18436  60.551544 
 227.97047  63.405609 
 236.60591  64.287086 
 154.38622  64.757584 
 148.97307  66.075989 
 160.82982  66.207619 
 330.19623  65.596848 
 177.65919  69.719688 
 218.09445  69.560913 
 374.18799  68.814255 
 348.85931  70.939499 
 356.77759  70.951912 
 107.373  72.141983 
 157.28101  71.011902 
 391.98547  70.729126 
 407.00775  70.879929 
 90.140114  73.030014 
 141.40254  73.010086 
 184.3475  73.001686 
 98.585175  74.30677 
 190.81094  73.701294 
 197.94968  73.919739 
 230.90793  73.457321 
 178.99551  74.566696 
 203.73729  75.464989 
 209.56808  75.25222 
 248.43723  74.485733 
 366.39539  76.885635 
 403.30896  76.341995 
 373.99966  78.896729 
 390.68005  77.658386 
 237.5963  76.091225 
 353.23325  78.71386 
 123.62691  80.524803 
 405.66922  79.249939 
 180.95444  80.637474 
 193.34161  81.206261 
 361.41705  81.33445 
 72.891815  83.263298 
 232.63779  82.552216 
 101.89034  84.707176 
 162.66443  86.364563 
 401.35361  85.427795 
 238.62726  86.211243 
 247.91743  86.607094 
 274.67761  87.725632 
 130.22609  88.844704 
 266.85165  87.360695 
 375.92111  89.233932 
 260.66534  90.658478 
 450.48645  91.039528 
 460.19513  91.343529 
 144.94691  90.810349 
 371.64862  92.997612 
 69.10318  96.366493 
 137.34416  97.151329 
 266.8923  97.141998 
 476.79446  98.369331 
 395.28488  98.215782 
 147.96957  100.18708 
 85.37574  102.07822 
 387.74933  103.03474 
 476.31561  103.20102 
 121.22152  103.92225 
 115.34155  105.32383 
 156.45465  104.47289 
 253.97739  104.55172 
 260.87497  104.65024 
 417.16095  106.59214 
 91.967453  106.80425 
 408.51999  108.2438 
 431.31052  108.48717 
 438.534  108.21204 
 85.983955  110.2979 
 393.98486  110.03397 
 226.06572  110.74471 
 238.93286  111.31811 
 400.4895  111.6116 
 477.39557  110.97075 
 79.002151  112.30795 
 233.46234  111.93375 
 462.98615  114.16906 
 470.75122  114.1951 
 118.45745  114.83543 
 427.65024  113.15037 
 88.795273  115.7225 
 411.74191  118.38705 
 420.26291  115.87493 
 302.90076  118.25508 
 307.8786  118.0938 
 84.155067  119.21606 
 495.2406  118.76463 
 407.79236  119.84182 
 88.661537  124.605 
 341.6817  124.48794 
 419.87399  124.84224 
 81.144547  126.65845 
 478.12454  126.71513 
 550.81964  129.01173 
 329.91177  128.78094 
 250.03523  130.01044 
 242.3853  131.11028 
 338.15619  130.39951 
 378.07257  134.16487 
 471.46674  132.9796 
 479.19623  134.62006 
 559.75769  134.98479 
 565.21985  134.78725 
 281.08612  137.13478 
 75.061707  139.52451 
 84.704376  140.11531 
 92.112183  141.85425 
 330.30173  140.68112 
 472.42813  141.01212 
 479.93839  138.72881 
 506.93158  143.78195 
 513.95471  143.01517 
 91.503479  143.48462 
 481.95496  145.3448 
 557.21381  145.23477 
 85.650406  145.5468 
 550.47137  147.18781 
 474.77869  146.89157 
 503.72067  146.52438 
 51.301029  147.97166 
 287.12994  147.25722 
 526.56573  148.37546 
 487.68332  148.72662 
 514.85632  149.31985 
 83.705597  151.27504 
 265.68314  149.96324 
 77.048515  152.11374 
 106.18165  152.11887 
 480.526  151.53719 
 238.19756  152.98238 
 272.85709  153.63489 
 297.09848  153.8226 
 252.53967  155.09781 
 304.94229  155.91846 
 504.6832  157.61093 
 96.906715  157.68205 
 512.03033  158.35333 
 75.662598  161.13187 
 104.23154  161.05074 
 286.28955  160.13321 
 53.216213  164.91719 
 89.880486  164.49423 
 301.66519  166.05319 
 214.36766  167.64973 
 258.57767  168.18498 
 241.69737  170.18234 
 274.02316  170.26849 
 221.01868  169.5295 
 312.53745  169.88017 
 330.46863  170.01193 
 381.57861  170.0858 
 495.98785  171.95195 
 81.82843  172.18881 
 89.550529  172.08871 
 200.40587  175.70822 
 342.62524  175.64166 
 191.36687  175.78818 
 223.53004  175.67361 
 235.83492  175.71713 
 295.51718  176.14809 
 497.95496  176.48122 
 261.97003  177.31052 
 282.92474  176.6813 
 492.14404  176.96632 
 215.59392  180.36507 
 247.75137  178.48984 
 268.90665  178.92455 
 41.149841  178.92657 
 176.26706  178.47118 
 275.9765  179.34218 
 398.15558  179.27124 
 327.81937  181.58368 
 187.45515  181.3279 
 336.10272  181.11391 
 511.05359  180.53709 
 310.18564  180.77303 
 204.52654  182.0936 
 233.80025  183.29089 
 265.98209  182.54842 
 326.76532  183.55403 
 501.80493  183.06842 
 286.35889  184.306 
 357.33234  183.91577 
 33.853611  184.748 
 167.04434  183.99725 
 314.76688  184.59312 
 176.70396  188.29741 
 194.38582  186.04532 
 300.34848  187.44855 
 184.52444  188.09302 
 482.91498  188.02196 
 487.90323  188.45877 
 307.01392  189.30171 
 323.66272  188.8868 
 200.3517  190.71625 
 207.08791  193.44711 
 168.22247  194.00763 
 386.86053  193.70349 
 153.38879  195.8334 
 177.43149  195.5829 
 326.1774  196.40929 
 35.554562  195.63979 
 381.33575  195.6851 
 486.9801  196.39061 
 190.11871  198.4155 
 356.82474  198.88524 
 195.9375  203.14383 
 363.93619  202.74722 
 339.97354  203.25406 
 377.94125  204.17696 
 349.5289  202.3506 
 176.29269  206.95058 
 478.18369  204.61078 
 239.06557  206.29897 
 323.89322  207.6926 
 467.09576  208.86256 
 278.99643  208.97755 
 345.89545  208.67441 
 164.30231  209.98645 
 170.70117  209.52309 
 374.05325  209.36082 
 283.38644  211.08417 
 187.61485  212.44778 
 496.53445  213.01175 
 345.51071  211.44775 
 383.88657  212.43387 
 274.51202  215.08487 
 490.11462  213.59546 
 239.74225  215.77942 
 366.29169  213.18315 
 390.73724  214.8632 
 69.817123  216.04362 
 180.2283  215.47704 
 185.67281  216.38245 
 249.8168  215.95613 
 359.41528  216.4279 
 77.660576  215.80893 
 153.0732  217.77344 
 160.59601  217.08766 
 352.76242  217.74409 
 483.09531  218.14322 
 426.26358  219.0051 
 387.67029  220.60519 
 170.2388  220.92516 
 128.73073  222.0042 
 178.91954  221.98769 
 186.48563  223.28717 
 152.49945  223.47391 
 160.95586  221.94785 
 214.46523  223.24242 
 309.54642  227.7061 
 372.58252  227.40829 
 475.16483  226.64612 
 484.15527  225.92436 
 67.736374  228.06233 
 252.7612  227.42111 
 168.65359  228.17786 
 154.29309  230.17172 
 178.1734  230.07774 
 491.91287  231.4015 
 405.17715  232.47757 
 399.20831  232.98241 
 484.74991  234.12527 
 388.75537  236.45456 
 149.95651  237.02339 
 165.22832  235.68398 
 542.74567  235.55504 
 156.52654  237.04387 
 380.73376  237.1281 
 394.12436  236.5546 
 409.61642  238.24854 
 71.52813  237.75285 
 368.07025  239.14995 
 376.17929  239.20375 
 399.89291  240.06371 
 405.16989  240.79416 
 167.21989  242.17744 
 177.41759  242.63762 
 494.54538  244.07727 
 59.323036  242.98546 
 124.13526  244.00758 
 156.31467  243.98651 
 161.70198  243.60948 
 486.26199  243.83664 
 393.5708  245.89915 
 384.79095  248.20772 
 48.929222  247.88564 
 213.74176  249.18126 
 377.06631  249.63094 
 153.02966  250.08615 
 403.31378  248.90672 
 502.27399  250.78433 
 494.32703  251.94167 
 328.18051  252.63782 
 166.89838  253.33261 
 143.91228  253.68654 
 150.93031  255.65295 
 485.01859  255.72136 
 55.199738  257.00247 
 206.37402  258.99951 
 413.12952  257.20978 
 160.22182  258.50638 
 214.53691  258.89539 
 404.6124  258.8241 
 420.38464  258.8222 
 534.67566  258.93631 
 206.12975  259.84085 
 168.89105  262.16412 
 361.67108  260.09659 
 497.8241  261.29587 
 504.06143  261.28351 
 379.27466  262.96082 
 386.20883  261.89362 
 395.13727  261.8107 
 147.21468  265.06345 
 292.55511  265.43216 
 511.74417  264.68301 
 279.80951  266.79565 
 299.57108  266.24048 
 163.01237  268.22806 
 391.04477  266.51175 
 129.96091  270.22559 
 117.98474  269.88696 
 155.70189  270.29996 
 261.65491  269.82245 
 361.91394  270.39801 
 398.15564  271.28546 
 409.75601  270.28806 
 58.140854  271.18399 
 504.24884  271.00696 
 102.71661  272.21677 
 380.57367  270.65292 
 498.37958  271.91217 
 166.48428  274.06281 
 277.4162  273.66232 
 283.25784  274.46289 
 484.98187  274.32135 
 151.23329  275.41742 
 255.32597  273.55008 
 337.44629  274.98654 
 235.93813  276.06299 
 160.56158  277.41714 
 508.44067  276.53043 
 264.50815  278.16058 
 269.35907  277.83374 
 274.74814  278.5141 
 501.80362  278.0798 
 145.57381  278.30038 
 414.74734  278.22876 
 495.80704  278.86685 
 137.31136  279.73657 
 96.770454  281.94357 
 166.66008  280.9158 
 257.17447  280.9176 
 510.98471  282.40405 
 291.91638  283.29178 
 264.95938  286.3974 
 391.32718  285.01221 
 526.62097  285.54144 
 31.951017  286.02368 
 146.83728  286.15509 
 520.13123  286.0589 
 125.63295  286.62378 
 154.06007  286.65393 
 276.1651  286.59128 
 508.33057  287.97162 
 514.36377  287.69916 
 36.091713  288.95154 
 163.68898  288.77692 
 448.98041  290.31509 
 146.43243  289.5011 
 112.05276  291.64697 
 167.77284  292.42056 
 265.19736  291.84973 
 405.90814  292.05716 
 442.05939  291.57813 
 140.1122  294.5282 
 385.29111  294.06937 
 377.63031  294.47314 
 394.70233  294.02405 
 161.48875  294.89853 
 249.71057  295.53131 
 149.95859  296.56961 
 509.17926  296.84573 
 85.501015  297.80927 
 515.29163  297.89374 
 520.49701  299.26672 
 381.44089  301.48358 
 388.97153  303.34167 
 406.97577  302.19666 
 497.94989  302.51349 
 164.74182  305.92792 
 514.75385  305.33209 
 37.992214  307.27417 
 167.87025  306.82718 
 375.763  307.86139 
 508.15979  308.82104 
 212.97704  311.37216 
 543.16339  310.93881 
 318.5741  312.07928 
 323.83847  312.27042 
 548.40869  311.90729 
 144.40363  312.76349 
 152.06673  316.34271 
 173.56609  314.65018 
 372.75931  314.73779 
 32.024456  317.92105 
 393.88455  318.07037 
 545.57404  318.15073 
 137.87305  319.79364 
 29.923067  321.19601 
 147.78023  319.84293 
 169.85431  321.46494 
 218.39441  321.22397 
 237.6575  320.64188 
 385.27621  321.18332 
 520.05536  320.83762 
 36.061707  321.90582 
 374.49716  323.86386 
 512.97809  322.71869 
 367.67163  324.12814 
 176.68765  325.63651 
 384.27438  324.97064 
 506.7142  327.48245 
 516.1662  327.27621 
 138.90665  327.62677 
 392.52081  327.65903 
 508.49606  328.47403 
 276.87915  329.81314 
 365.93011  326.73224 
 296.97803  329.92532 
 156.06216  331.71152 
 166.28528  332.11761 
 127.36642  332.87918 
 182.29305  333.81973 
 360.71674  334.86035 
 367.29202  336.04678 
 515.62311  333.24286 
 304.55215  335.89221 
 263.84164  338.87009 
 311.02414  338.96805 
 174.34523  340.69324 
 181.36865  339.56287 
 188.07834  339.34958 
 356.06293  339.27036 
 501.89105  341.37347 
 281.96289  342.26892 
 400.78476  341.67313 
 518.22351  342.03726 
 178.16943  341.16901 
 527.97693  344.4101 
 368.10632  345.6185 
 352.01718  347.94791 
 375.64648  346.35229 
 298.91144  346.69635 
 482.89264  346.616 
 508.75333  346.99796 
 503.09839  348.03827 
 305.34052  348.6394 
 345.19241  349.06406 
 350.23669  349.7691 
 34.043694  350.73935 
 160.26492  352.02283 
 170.36331  351.30655 
 239.85439  351.52792 
 311.87753  352.06351 
 520.31665  353.53058 
 197.02641  353.68085 
 379.51099  353.53342 
 398.40659  354.20828 
 141.40198  355.67615 
 345.65097  354.93457 
 347.81003  355.09418 
 513.04395  354.85806 
 337.67462  357.12134 
 151.93866  357.75723 
 36.45639  359.72974 
 379.50031  359.6911 
 203.70926  361.26651 
 508.65323  361.86057 
 516.87091  362.9375 
 185.19991  364.03088 
 211.99335  364.151 
 217.86522  364.07941 
 333.28741  361.69028 
 195.06917  365.70599 
 339.71118  365.2236 
 493.75323  365.02115 
 524.21149  365.35397 
 386.2388  366.64246 
 331.41623  368.68866 
 225.80948  369.16129 
 487.72342  371.21213 
 152.19829  370.66049 
 158.6718  370.70981 
 172.23196  370.92166 
 180.65613  370.38889 
 529.6944  375.41101 
 43.796303  375.01752 
 228.58221  375.06598 
 333.95825  375.3819 
 326.36264  377.53912 
 387.28354  377.24463 
 492.30914  376.6424 
 500.8877  377.32236 
 180.80827  379.19016 
 246.03117  378.17828 
 259.3252  378.36673 
 507.11761  378.96786 
 399.76227  379.07944 
 215.4547  380.13361 
 274.86685  378.90994 
 307.62204  378.96866 
 316.46606  380.36169 
 236.36584  382.5202 
 286.03894  380.72906 
 45.113022  382.42801 
 58.031532  382.17786 
 241.96855  382.46527 
 37.942364  383.02374 
 130.38046  382.64142 
 204.9593  382.95532 
 262.17044  383.41455 
 124.69821  383.89508 
 198.22124  382.70892 
 211.4062  384.97461 
 242.62724  384.78943 
 296.90445  384.99155 
 303.37411  386.10489 
 490.00153  384.8837 
 46.65609  385.22147 
 220.75874  385.85983 
 234.53986  385.90042 
 273.30771  387.08615 
 325.85031  386.23114 
 160.1033  386.55875 
 267.54871  387.11533 
 319.67166  389.94479 
 249.41814  388.9422 
 195.39276  391.47421 
 206.02696  391.25986 
 230.68367  392.36472 
 299.81644  390.76031 
 478.92706  390.63416 
 198.57434  391.95139 
 212.24916  392.12329 
 223.86263  391.73474 
 185.9894  392.62216 
 311.61908  394.40646 
 259.10562  393.02576 
 268.09021  393.5105 
 277.83469  396.4021 
 517.52985  395.85495 
 525.38403  394.81662 
 290.42001  394.05518 
 227.92625  396.86917 
 306.45886  398.07834 
 220.23752  399.02744 
 300.84003  399.72418 
 176.93608  399.98465 
 239.31013  400.11191 
 335.44482  400.49438 
 342.9697  400.02139 
 244.39307  400.83636 
 311.08551  400.62183 
 277.22452  403.49503 
 190.15234  404.09131 
 263.94162  404.83725 
 270.61801  405.64685 
 467.09946  404.92145 
 183.28  406.39474 
 429.74167  407.06256 
 434.87952  406.56494 
 227.80145  407.90955 
 243.59595  408.16336 
 523.85571  405.65848 
 99.724258  409.66 
 287.94806  410.2897 
 531.02985  409.56622 
 262.12775  409.85065 
 340.5239  411.42224 
 334.15677  411.18588 
 515.91437  411.88501 
 357.9726  414.30688 
 363.24637  414.52606 
 484.00089  416.17328 
 491.05966  415.57651 
 72.24292  418.18857 
 84.846916  418.69836 
 96.231796  421.33081 
 283.24783  420.23999 
 291.78326  421.01196 
 490.74857  421.76736 
 90.128967  422.74927 
 270.80472  422.95068 
 491.68234  424.7533 
 499.50967  426.16055 
 408.99283  428.18433 
 89.757675  430.58395 
 440.17169  430.53928 
 491.52054  431.32422 
 498.37698  429.93762 
 41.039558  434.5824 
 260.44949  436.9761 
 492.04205  437.31659 
 192.89531  437.22769 
 253.51259  437.75638 
 88.741203  440.7681 
 200.2543  438.99823 
 492.28528  440.40237 
 122.56419  442.35324 
 249.50995  443.90952 
 335.19174  442.39969 
 349.26273  442.12018 
 259.12708  444.84631 
 115.37891  447.35397 
 191.80554  447.02432 
 197.8073  448.14267 
 266.34201  448.94885 
 477.8851  450.23923 
 110.29646  450.12515 
 73.398788  451.26355 
 80.336502  450.30811 
 101.201  451.4899 
 485.78134  452.25629 
 340.14441  453.78119 
 354.10721  453.24814 
 93.739815  455.56027 
 265.85809  457.38297 
 367.06696  457.57849 
 92.490387  458.20029 
 100.0433  457.72293 
 422.99365  456.81314 
 429.10645  458.41016 
 72.686539  457.56396 
 259.48584  459.56717 
 146.81261  460.34302 
 230.07664  460.37158 
 369.63898  460.20828 
 495.19394  460.14377 
 123.69052  461.4631 
 152.35837  462.49197 
 236.17702  461.00943 
 433.57864  460.93735 
 439.56424  459.97916 
 470.36078  461.70398 
 278.33963  461.53348 
 271.36746  463.2439 
 83.123863  463.15118 
 150.25688  464.89102 
 478.15155  464.47906 
 93.806114  466.8392 
 285.53073  466.49408 
 372.1488  467.95639 
 101.22049  467.35434 
 224.3432  466.97424 
 229.72945  466.5946 
 466.45215  466.63388 
 189.15073  467.9231 
 211.90167  468.25851 
 342.91302  468.68234 
 357.7139  467.01712 
 444.67563  468.37979 
 452.81897  466.44299 
 127.08227  468.23364 
 180.62065  468.47971 
 262.5274  471.35846 
 350.806  470.01645 
 427.15247  470.78958 
 219.45541  469.5744 
 73.555946  474.33884 
 152.49638  474.94778 
 278.03186  473.68646 
 399.17987  474.38062 
 417.40582  473.29819 
 459.01947  475.10861 
 120.8315  475.92758 
 285.21506  477.03323 
 347.65076  476.99942 
 137.10101  478.03561 
 151.11401  477.98532 
 113.99741  477.77258 
 401.30847  480.09088 
 274.06097  481.33426 
 96.804779  479.92197 
 475.14713  482.28201 
 283.67734  484.39539 
 422.02124  483.42899 
 289.04578  485.00693 
 352.45401  484.46381 
 359.08954  484.73111 
 398.68597  485.99756 
 174.99037  487.14572 
 109.85465  489.21579 
 491.8284  488.63947 
 209.06557  488.79456 
 374.12616  491.72678 
 116.0452  493.74265 
 196.32164  494.77252 
 273.55167  492.63834 
 265.02036  493.50504 
 281.00565  494.03284 
 403.20966  493.87515 
 209.99313  496.32004 
 395.83804  495.95679 
 254.09439  497.38126 
 360.27158  497.05084 
 165.43681  497.84531 
 142.72627  499.29019 
 541.61389  499.90796 
 112.40343  501.21487 
 261.81396  499.90109 
 306.59763  500.93161 
 275.47803  503.12552 
 345.33618  501.28836 
 268.85226  502.58688 
 192.73692  504.10165 
 221.10248  506.13019 
 247.02628  507.63321 
 258.78268  507.24759 
 308.51807  506.92252 
 303.60376  508.01764 
 343.8949  510.40039 
 390.6181  510.49872 
 179.75681  511.17209 
 385.30151  510.62808 
 159.83289  512.92041 
 304.8349  513.90894 
 141.80696  515.92102 
 263.28522  514.49384 
 275.68628  517.94977 
 109.86475  517.73285 
 152.91446  518.25238 
 221.14024  518.61517 
 102.53268  520.0835 
 255.23337  522.84613 
 295.01553  524.04047 
 304.75626  525.84033 
 311.56494  525.34778 
 119.52977  525.37946 
 113.05458  529.02576 
 328.15027  532.2442 
 340.35263  532.96149 
 385.83115  534.41803 
 259.44931  537.94073 
 336.08121  537.12207 
 258.62595  540.22626 
 343.47787  538.88641 
 108.84013  546.48126 
 347.39783  550.73151 
 96.08551  553.3183 
 363.90948  550.78192 
 319.46686  550.23138 
 370.02188  551.53503 
 86.000633  552.97015 
 95.471703  556.75049 
 329.99863  554.65753 
 323.64426  558.20667 
 304.06366  558.94043 
 83.73822  560.19672 
 314.86154  560.23444 
 295.07327  560.59381 
 309.96945  564.63568 
 329.96881  564.80945 
 298.09067  568.31586 
 315.01907  570.09558 
 321.28018  569.64746 
 348.22217  47.936054 
 252.43806  56.170605 
 277.94696  56.815437 
 361.64059  56.925514 
 369.11432  60.035477 
 187.14786  72.19088 
 171.67735  76.765099 
 382.97855  84.75219 
 359.76575  91.824753 
 79.071495  93.19133 
 363.97696  99.163803 
 468.59305  99.658379 
 296.69937  104.75905 
 127.52337  117.0463 
 253.92682  120.01604 
 99.564461  121.31369 
 481.16068  121.53438 
 361.57874  121.91115 
 416.55942  134.02576 
 297.86954  136.2518 
 556.43665  135.73958 
 309.38916  139.10617 
 84.461868  143.23718 
 117.30398  147.78502 
 455.55267  153.28557 
 243.28224  156.99767 
 66.991562  159.26714 
 549.53619  158.9603 
 267.79178  160.2823 
 294.84128  159.71381 
 347.98389  165.61868 
 251.25009  169.04083 
 50.778309  177.16383 
 139.98756  176.67996 
 158.97755  185.02568 
 217.10475  190.34755 
 69.12709  190.93719 
 227.4015  192.16983 
 295.97116  194.05283 
 486.74005  198.79112 
 309.78827  199.99477 
 227.9175  205.92747 
 252.9274  205.57632 
 302.70416  208.32079 
 212.64268  212.42703 
 316.09778  211.52728 
 356.05829  212.05695 
 220.75957  217.13033 
 474.63379  217.13254 
 295.53833  218.2886 
 258.319  219.44374 
 378.87326  219.88615 
 290.3096  226.14337 
 243.90128  226.71175 
 320.32022  227.81326 
 66.983757  233.96735 
 85.73497  238.62936 
 207.39883  243.64581 
 142.62497  244.54364 
 332.10471  246.31836 
 418.23709  246.25359 
 121.12477  251.17749 
 227.11171  253.98799 
 322.59869  257.44138 
 92.210037  262.11798 
 331.39557  269.62759 
 110.03011  271.95395 
 221.82152  272.88953 
 249.71001  276.88919 
 387.09485  277.73267 
 431.20813  278.00711 
 88.983788  283.85849 
 125.07708  283.94513 
 248.66548  288.48456 
 413.29556  290.10773 
 132.15987  297.70248 
 170.2381  300.82138 
 331.58664  308.68451 
 384.4552  309.70551 
 402.73651  310.6496 
 134.74049  313.56839 
 160.3623  316.78323 
 312.44498  316.61432 
 229.04622  319.44687 
 156.68504  323.97003 
 265.80225  326.14929 
 488.29926  333.60703 
 242.21751  338.08203 
 382.64902  342.1636 
 148.37961  351.87744 
 207.18736  354.34485 
 239.96478  362.24451 
 377.82123  367.16553 
 315.4939  367.69138 
 324.33414  368.38266 
 400.36508  368.1665 
 248.07854  369.12488 
 292.07986  368.99588 
 479.62534  368.81598 
 262.6727  371.12408 
 289.83481  372.621 
 54.427547  374.68997 
 190.87924  375.59009 
 513.26538  375.57465 
 298.28317  379.03647 
 170.8983  381.04706 
 340.39047  384.62265 
 180.13736  387.79025 
 121.39397  396.04245 
 173.35539  399.6131 
 440.96164  399.84103 
 293.35455  404.29822 
 474.33975  405.54236 
 129.28448  408.14929 
 444.10623  409.10504 
 305.89191  414.24426 
 317.58008  417.88046 
 242.91879  420.27365 
 401.6254  425.95099 
 447.63531  432.12582 
 81.802071  434.45248 
 484.74277  438.30524 
 102.93192  443.92532 
 273.84616  446.45361 
 552.08411  460.39072 
 143.43648  463.94101 
 434.69595  469.99017 
 482.86691  472.41074 
 270.31393  474.25003 
 225.03595  475.80988 
 146.39009  484.73373 
 228.20164  485.44531 
 407.07101  486.47122 
 346.56387  492.36447 
 382.88766  492.60135 
 205.04141  496.14139 
 219.43982  497.24442 
 368.2467  498.40701 
 177.54922  501.25287 
 214.10786  504.84253 
 320.3103  508.69226 
 349.82266  512.62939 
 102.5648  522.47614 
 263.09995  527.0014 
 546.91925  535.98413 
 353.84689  42.563267 
 285.52597  43.881577 
 228.29607  48.293404 
 222.26529  49.559467 
 266.16467  50.324505 
 237.56416  56.041653 
 214.22034  57.735977 
 325.17676  59.651329 
 154.12187  63.92181 
 147.81044  65.962471 
 392.12671  70.003288 
 231.23978  73.528511 
 141.02722  73.675224 
 203.64163  80.281662 
 100.9924  84.78299 
 400.33469  85.299759 
 459.26285  90.357613 
 137.7878  96.64592 
 261.70001  103.88127 
 438.88315  108.61179 
 86.163986  109.8975 
 226.43048  110.57101 
 233.69713  110.66833 
 84.367859  119.56579 
 250.2437  130.71381 
 514.60571  142.6806 
 526.66235  148.28111 
 83.852654  152.12155 
 237.424  152.33365 
 479.98453  151.93889 
 104.36156  161.06442 
 258.47134  167.66013 
 221.54965  169.45857 
 89.352974  172.07144 
 192.22916  174.71654 
 497.08484  172.97087 
 260.71423  177.37222 
 490.67209  177.03467 
 285.97949  185.94269 
 184.73927  186.91832 
 488.43216  187.20509 
 322.7981  188.96997 
 200.07211  190.53384 
 173.70419  208.67706 
 490.03372  214.15416 
 352.67227  217.81509 
 252.41901  227.79192 
 399.14041  231.98372 
 405.11176  231.72224 
 492.89645  231.82297 
 542.35962  235.49348 
 156.40775  236.88359 
 122.30389  248.08046 
 154.73628  246.78181 
 404.1525  258.95193 
 534.56201  259.05923 
 496.75143  261.54861 
 386.39301  262.43152 
 291.99014  264.97748 
 163.04868  266.94003 
 506.05957  272.03595 
 276.76028  272.56564 
 284.02478  274.49872 
 484.73245  274.85712 
 508.46909  275.56723 
 151.6093  276.24329 
 263.17676  276.17307 
 494.86963  279.72302 
 257.98767  281.20755 
 391.66586  284.84634 
 506.96704  287.20319 
 168.47916  291.99393 
 251.06651  295.65567 
 151.33517  296.55008 
 516.22424  297.1954 
 381.18793  301.36978 
 389.42963  303.24091 
 542.53503  311.40384 
 549.66418  311.39917 
 316.98267  313.32281 
 324.13141  312.89038 
 521.03772  320.69095 
 168.99316  321.79404 
 139.50417  327.95316 
 309.16409  342.6217 
 502.37827  341.0574 
 527.74963  344.30167 
 345.0708  347.3186 
 512.23657  352.22656 
 334.0007  376.24994 
 494.02972  376.54578 
 258.16223  378.4418 
 497.85336  377.98105 
 215.77826  380.01575 
 57.871185  381.79645 
 285.85828  381.57043 
 204.71074  382.87988 
 479.5618  390.00592 
 525.44214  394.8924 
 278.19473  399.12024 
 183.0345  406.11121 
 428.67291  406.57956 
 435.34528  407.76465 
 364.11053  414.34769 
 491.61926  415.53497 
 96.518372  421.31198 
 491.15182  429.77951 
 260.1554  436.69223 
 253.75905  437.64279 
 115.86697  447.62027 
 72.283524  456.22009 
 230.1432  459.78885 
 122.91016  461.43362 
 220.40193  468.57318 
 73.401245  475.39462 
 121.51676  476.77203 
 274.22983  481.66367 
 281.79361  484.76041 
 289.50363  485.12277 
 360.25534  485.0925 
 253.9991  497.21292 
 113.14577  500.75348 
 268.65997  502.15967 
 221.47581  505.78958 
 384.88391  510.07477 
 342.95551  510.89264 
 160.41672  513.29407 
 152.21468  517.99286 
 311.47223  525.77887 
 112.55003  528.89771 
 368.98892  59.186317 
 236.98318  64.047127 
 161.10295  66.806641 
 373.35236  68.740898 
 177.67703  69.917809 
 218.06964  70.30043 
 407.55112  70.328323 
 347.95154  70.802322 
 357.03574  71.232155 
 108.23806  72.471512 
 187.87343  71.672455 
 248.64655  73.585793 
 98.236893  74.600235 
 236.33159  74.773384 
 353.3172  78.580948 
 390.27847  78.482605 
 405.07568  78.768555 
 123.99397  79.857887 
 192.87628  81.057816 
 363.17258  80.424904 
 374.33478  80.746956 
 237.09523  86.240807 
 248.52864  86.642906 
 266.70367  86.73204 
 275.37195  87.619896 
 145.42654  88.861412 
 359.26413  92.377647 
 450.62485  91.935394 
 79.206802  93.234879 
 139.31171  92.745506 
 267.1459  97.512436 
 396.05692  98.289795 
 476.83353  98.921837 
 147.82608  99.843269 
 467.11755  99.832306 
 387.26218  102.98414 
 122.38635  103.58902 
 157.60231  104.56131 
 252.40013  103.84787 
 295.63034  104.97482 
 93.853195  106.08161 
 418.29501  107.71062 
 429.29852  110.23997 
 408.66772  110.89172 
 478.96509  110.97787 
 78.525146  112.73168 
 399.94199  112.82463 
 118.36886  114.3792 
 461.33875  114.35009 
 470.64258  114.51902 
 347.86728  116.46336 
 128.50055  117.85354 
 410.18927  117.94985 
 495.57596  118.56197 
 253.81979  120.90005 
 98.751068  122.0569 
 481.62469  121.87266 
 420.51929  122.63715 
 89.072861  124.40791 
 79.798416  127.03571 
 328.7988  128.8709 
 338.8252  129.85242 
 241.45894  130.82086 
 470.89056  132.63223 
 267.59857  135.28862 
 297.69382  135.63954 
 480.51865  136.64206 
 280.80713  136.63177 
 73.906319  139.39157 
 93.487251  142.36197 
 83.92775  142.7892 
 506.20978  144.01816 
 256.08658  145.3699 
 117.03796  147.25539 
 287.59674  147.20787 
 475.42426  146.9834 
 297.89395  148.10713 
 487.30594  147.80363 
 265.50229  150.25404 
 98.153694  156.26027 
 503.11945  158.25992 
 66.420403  158.65451 
 512.18475  158.68529 
 266.73947  159.74794 
 286.22556  160.31688 
 75.848892  162.19931 
 230.78284  165.05751 
 302.04254  165.70912 
 347.57904  165.93196 
 213.2361  167.18195 
 248.66557  168.6857 
 313.25351  169.25481 
 241.77693  170.12592 
 80.683578  172.80179 
 343.29672  174.96466 
 200.35268  175.58762 
 283.47061  175.91272 
 139.62801  176.99294 
 175.63297  177.48555 
 296.3866  176.66537 
 215.63065  180.18367 
 269.53586  180.28181 
 311.62415  180.9115 
 327.38101  181.24019 
 203.97301  181.76135 
 336.21429  181.53447 
 502.64117  183.39226 
 166.39078  184.16524 
 235.10147  184.23692 
 158.19128  186.28757 
 193.91966  185.95291 
 305.86749  190.01309 
 227.85437  192.7812 
 167.80106  194.16222 
 208.61348  193.71594 
 295.69901  193.6967 
 153.68797  194.92569 
 177.29453  195.38675 
 381.42065  196.01628 
 281.61389  197.41393 
 189.61299  198.06882 
 326.27475  197.50551 
 309.87814  199.93846 
 348.93811  201.24295 
 140.99316  202.47005 
 196.97499  203.92143 
 339.26959  203.81676 
 478.5957  203.87463 
 227.6747  205.19356 
 365.17776  205.33102 
 238.60709  205.8284 
 253.66454  206.01358 
 376.47031  205.62094 
 163.98387  209.40376 
 211.58415  212.51111 
 356.18289  212.49416 
 383.73315  212.90378 
 497.06815  214.13878 
 68.960625  216.10075 
 78.470818  215.51875 
 275.46506  216.23047 
 332.5813  216.04059 
 475.8092  216.23521 
 221.18571  216.60324 
 239.80908  217.35574 
 295.01892  217.11502 
 359.61249  217.09961 
 152.13199  218.58543 
 259.33267  219.06915 
 377.19547  219.49832 
 426.6683  218.92906 
 388.32242  221.35379 
 160.88451  221.64865 
 214.70354  222.82889 
 187.09369  223.67662 
 86.674263  225.16663 
 484.78351  225.49091 
 242.93631  225.81209 
 168.85915  227.08025 
 289.94202  227.30452 
 473.97391  227.30055 
 354.50705  227.81421 
 178.74696  229.2028 
 309.4288  228.54283 
 323.54956  228.81943 
 373.93204  228.59471 
 154.89731  229.75606 
 67.540604  233.23857 
 485.29431  236.66039 
 85.059532  238.04214 
 148.49672  238.11978 
 388.63101  237.62442 
 366.77414  239.29187 
 377.17618  238.52611 
 409.24768  239.30411 
 399.99023  239.81491 
 223.94522  241.33707 
 59.213291  242.12827 
 177.71265  242.73216 
 486.05978  242.56683 
 392.94348  245.8714 
 212.41058  248.81062 
 403.68661  248.61562 
 503.85437  250.11479 
 376.26379  251.24382 
 494.24783  251.20238 
 227.77557  251.64442 
 143.7285  253.15259 
 165.9691  252.65143 
 151.58185  255.95726 
 483.83914  255.54152 
 412.02319  257.95612 
 206.18109  259.33572 
 420.64334  258.93671 
 215.6153  259.75446 
 361.42963  259.90253 
 323.32724  261.41751 
 504.2121  261.36932 
 169.33641  262.52808 
 390.71732  264.83694 
 300.06448  265.69815 
 278.07608  267.61475 
 329.81171  267.54391 
 380.10208  268.61243 
 118.78829  269.38333 
 155.87259  270.04739 
 263.00238  270.87515 
 409.3558  270.7142 
 129.51437  271.68976 
 398.8765  272.20776 
 79.095879  273.32111 
 222.28177  273.04349 
 498.49893  272.5285 
 251.69701  273.93024 
 167.10994  277.73505 
 235.74295  275.55762 
 337.86847  274.93881 
 212.12137  276.15939 
 416.99854  277.01807 
 145.25122  277.87738 
 387.99612  277.60199 
 431.00037  278.7247 
 135.42752  280.05664 
 88.582962  283.89792 
 292.95184  284.05325 
 156.02905  284.90536 
 275.91638  286.16537 
 248.85129  286.92944 
 264.51773  287.99182 
 514.20001  287.76398 
 147.42206  289.32776 
 406.16785  292.02185 
 395.36566  293.2778 
 520.24133  292.99423 
 376.25058  294.41504 
 384.75235  293.79919 
 139.8584  295.22842 
 160.73329  295.42969 
 508.96661  296.79385 
 170.01231  299.08716 
 152.82147  301.70111 
 498.65958  301.5705 
 515.55591  305.09958 
 165.26749  306.43494 
 238.01813  306.26025 
 332.42926  307.61902 
 375.05548  308.68329 
 405.74014  308.81702 
 384.74518  310.39423 
 508.0166  310.22372 
 147.97668  317.14526 
 314.35956  316.93768 
 425.31027  316.43936 
 82.887001  317.65457 
 161.21101  318.08981 
 136.97887  319.11365 
 238.13841  320.22961 
 217.9281  321.43115 
 228.45284  320.62994 
 374.75323  323.41998 
 384.76532  324.58008 
 513.4295  323.49008 
 177.47955  325.40009 
 365.60657  326.06036 
 265.40833  327.25354 
 393.41312  326.61926 
 277.05612  329.49893 
 505.4689  329.36383 
 516.0578  331.49039 
 126.94383  333.12051 
 488.5293  334.20386 
 304.12137  334.85764 
 368.78424  336.47644 
 242.73425  337.99603 
 356.09506  338.20978 
 189.07858  339.04257 
 262.79214  339.48373 
 177.71852  340.61285 
 506.15555  342.16925 
 519.71295  342.30414 
 384.05457  344.46146 
 375.70633  345.53564 
 299.12228  346.1102 
 170.92738  350.42151 
 240.27594  351.13107 
 257.55902  350.55942 
 149.57005  351.80228 
 159.72882  352.43668 
 196.12065  353.49524 
 311.94742  352.5289 
 398.55453  354.55035 
 207.56821  354.66125 
 346.39328  354.75888 
 334.40472  358.67294 
 506.97791  361.91824 
 238.82896  362.49774 
 516.57404  362.86267 
 194.64168  365.32611 
 212.53755  365.48367 
 524.94006  366.1788 
 339.41525  366.90317 
 376.64969  367.39603 
 386.47961  366.702 
 225.22655  368.43951 
 322.0372  368.15649 
 399.53671  367.96143 
 235.73235  368.60281 
 248.66  368.43857 
 478.3634  369.35144 
 181.08612  369.92953 
 263.19382  370.15033 
 171.67058  370.67734 
 291.02011  370.71136 
 487.68878  371.65375 
 205.03111  372.87445 
 515.05219  375.65744 
 529.54901  376.28113 
 274.99594  377.95724 
 307.78705  377.89401 
 400.14645  379.16946 
 507.47604  379.50949 
 316.22583  379.55508 
 171.1667  380.88953 
 180.83127  380.58151 
 197.50459  382.15097 
 363.05939  381.82117 
 238.58923  383.91611 
 211.53754  384.57529 
 489.63837  384.6973 
 220.35931  385.54944 
 302.16922  387.34836 
 272.90421  388.27322 
 320.01334  390.383 
 184.60539  391.24023 
 196.61893  391.82468 
 259.59918  392.8284 
 230.07999  394.17105 
 289.97433  393.51535 
 121.88014  395.93384 
 311.00656  396.21799 
 517.14587  396.70032 
 219.91838  398.71085 
 301.54144  399.24335 
 440.33994  399.43469 
 173.41028  400.29312 
 333.98444  400.33801 
 343.37357  399.88943 
 189.7373  403.37762 
 293.77255  404.10019 
 522.7865  405.04926 
 267.85464  406.21106 
 128.69051  408.31818 
 226.99812  407.62454 
 243.43312  408.43927 
 531.51996  408.5509 
 99.727463  410.27023 
 446.02686  410.11896 
 288.32047  411.06573 
 334.83432  411.3038 
 305.80994  414.31638 
 483.35941  415.81049 
 72.982994  418.17902 
 316.3783  418.08923 
 281.18182  419.98129 
 82.71698  423.02234 
 490.41724  425.76843 
 499.09247  427.84589 
 408.65851  429.03348 
 89.916069  431.33035 
 439.31244  431.43948 
 80.890862  435.15912 
 483.98114  436.89172 
 200.66711  438.71594 
 88.244453  440.42218 
 492.15158  440.5928 
 123.8257  442.05325 
 335.20035  441.56253 
 348.58182  441.42102 
 258.71606  444.53571 
 274.32028  445.51053 
 81.387672  450.0593 
 477.42001  451.63321 
 101.82435  453.01535 
 353.56866  453.44614 
 434.53308  453.21771 
 486.79929  452.96225 
 93.137749  455.47723 
 186.33754  456.56772 
 422.0722  456.66187 
 251.20897  457.94907 
 367.01578  457.58472 
 440.12811  458.47195 
 221.07062  458.49161 
 258.31876  458.68768 
 278.45126  460.83218 
 83.738136  461.49664 
 468.70224  462.37363 
 142.58043  464.10803 
 152.83455  463.66504 
 478.33218  464.45779 
 127.98685  467.39822 
 358.69781  466.59286 
 453.60822  466.97775 
 92.969795  467.73834 
 102.13572  468.20621 
 179.7755  467.80075 
 189.74274  467.63129 
 342.68549  469.05316 
 371.99448  468.92972 
 444.28485  469.0726 
 435.77997  470.45932 
 493.41614  469.62369 
 427.0614  471.24115 
 261.74084  472.04193 
 152.83705  474.28793 
 277.19391  473.5629 
 415.62616  474.07352 
 113.32242  477.41144 
 225.15485  477.18793 
 285.78635  477.29846 
 136.8642  478.29092 
 95.729652  479.17847 
 352.16776  483.07904 
 421.40863  483.16895 
 475.05652  483.1796 
 145.91608  483.92731 
 227.15242  485.79138 
 209.99763  487.81259 
 109.67321  489.67108 
 273.45816  492.13559 
 383.87491  493.92484 
 264.31024  494.39789 
 346.28668  494.65842 
 290.67221  496.16406 
 395.0177  496.38235 
 165.64095  497.32935 
 205.75626  497.09583 
 220.55898  497.56451 
 357.76498  497.5701 
 177.43761  500.26746 
 344.97556  500.60266 
 192.96216  503.34766 
 276.45258  504.00656 
 295.84592  511.6925 
 142.08929  515.10492 
 348.90714  515.86389 
 112.09564  517.1178 
 277.22769  519.1062 
 102.20675  522.00073 
 254.54187  522.44238 
 120.45111  525.552 
 327.99136  533.24518 
 259.3237  537.04523 
 343.44217  537.32715 
 326.17157  60.181339 
 225.79002  109.3875 
 526.2876  147.85458 
 487.784  175.54663 
 290.44641  188.78429 
 494.40768  232.79453 
 284.91013  274.61636 
 283.5965  382.04688 
 492.6192  413.43271 
 275.99036  486.89832 
 233.75684  86.653465 
 248.67676  86.682068 
 448.89706  94.002106 
 267.79846  97.681915 
 397.1019  96.940201 
 477.16986  97.500504 
 145.86345  101.21974 
 159.84503  103.69836 
 292.60379  104.62258 
 384.51431  103.93397 
 418.2435  108.90503 
 430.75098  107.89134 
 115.34825  113.17921 
 457.98361  113.29312 
 470.9198  114.40224 
 407.48184  116.1375 
 420.25549  117.31275 
 129.87491  119.66777 
 325.5798  129.6772 
 339.41742  129.34113 
 266.92871  132.7997 
 467.75516  132.46765 
 294.30701  135.16232 
 475.42142  146.47563 
 488.40524  145.74054 
 506.50211  146.08389 
 99.325684  152.07613 
 264.74075  151.9117 
 286.69791  158.94896 
 231.02669  162.03081 
 302.13821  164.29831 
 244.17694  169.53526 
 497.31317  171.67104 
 282.0871  174.07552 
 176.5349  175.62859 
 216.39279  178.586 
 268.01227  182.13004 
 295.33792  186.03934 
 313.67667  181.52559 
 238.35046  186.15314 
 156.77185  189.47752 
 176.18484  192.72534 
 210.2547  193.85544 
 190.17502  195.53947 
 381.87796  195.73517 
 347.79742  198.19867 
 328.00662  200.56604 
 201.5195  202.05508 
 479.19739  202.1057 
 365.94934  205.13341 
 376.42032  206.7952 
 253.44954  207.95441 
 178.87134  210.10716 
 294.41327  212.70824 
 354.70966  215.16658 
 275.83304  216.10471 
 474.10623  217.33902 
 216.1376  220.68651 
 388.08139  219.42123 
 188.00841  221.97267 
 239.36346  221.33255 
 157.60347  224.54691 
 168.4536  224.33942 
 486.73856  226.0499 
 178.61995  228.16112 
 308.26413  227.57811 
 323.75995  227.5497 
 356.00049  229.55496 
 377.06894  234.3181 
 361.56897  238.6331 
 146.37434  240.57056 
 224.65749  239.86043 
 390.54471  240.54521 
 483.08188  240.61482 
 178.01009  243.14558 
 402.98364  246.17427 
 210.31277  247.60156 
 494.08221  248.85612 
 165.24724  252.49995 
 374.83813  256.96259 
 359.96719  260.89716 
 390.95041  260.22296 
 327.23163  263.5975 
 275.66858  266.30774 
 153.55357  268.97244 
 377.16058  266.78763 
 117.41973  269.21271 
 409.42557  271.36646 
 132.2151  274.17291 
 168.51363  274.75821 
 247.58673  273.24301 
 262.13815  273.86404 
 397.79263  273.19385 
 499.07901  273.00897 
 429.95508  277.52994 
 228.50072  281.6864 
 153.5571  284.19699 
 277.17673  285.25021 
 263.24768  289.93857 
 394.98346  290.36038 
 406.49976  291.46805 
 497.67361  295.28406 
 138.45549  297.68866 
 497.25803  298.46362 
 238.60559  303.55731 
 372.20755  308.87219 
 405.677  308.77768 
 386.48987  309.00854 
 504.29318  309.61615 
 146.96803  316.40714 
 133.19638  317.15231 
 161.42889  320.7594 
 238.80365  320.51624 
 312.19891  319.66211 
 221.96738  321.52484 
 178.88371  322.54282 
 362.83774  323.42499 
 277.05072  326.711 
 501.25418  327.43396 
 261.88705  333.97647 
 189.96553  336.75412 
 243.89842  335.70071 
 352.22079  334.99017 
 370.59274  336.61469 
 174.20685  338.63812 
 506.37607  342.35635 
 386.73395  345.33786 
 308.41815  348.14719 
 170.98393  350.86475 
 398.87  352.15546 
 193.7076  353.64722 
 207.85886  354.11954 
 345.9834  354.15234 
 233.46692  366.32288 
 320.28815  366.01114 
 386.34436  365.9408 
 339.85999  367.25308 
 181.23152  369.09039 
 290.8642  370.00235 
 474.13269  370.03427 
 205.35281  372.43723 
 487.19089  372.32947 
 277.11603  377.18124 
 181.09044  385.13943 
 221.08594  386.41885 
 241.11362  385.56729 
 259.84982  385.24722 
 271.53009  389.69403 
 306.92435  390.53757 
 196.33035  392.79556 
 290.133  393.52438 
 329.15845  398.40353 
 343.38818  399.20801 
 439.01212  399.85474 
 218.0341  401.83609 
 226.3622  406.97372 
 263.89493  405.71829 
 242.50816  407.013 
 100.3221  410.77979 
 317.34479  415.84265 
 283.6351  417.62051 
 264.45679  422.62933 
 484.55319  422.85373 
 243.28909  423.60483 
 498.61169  428.36816 
 200.64288  437.50949 
 260.26816  440.1962 
 333.3931  439.44165 
 347.94144  439.96933 
 103.07963  453.32568 
 353.41016  454.49402 
 420.85983  454.56152 
 435.83945  454.76169 
 367.69165  455.85733 
 254.119  457.28708 
 277.05569  458.29956 
 465.00906  457.98099 
 129.20509  464.85699 
 190.51004  466.77472 
 479.681  465.02628 
 153.40535  467.19989 
 494.32611  467.93909 
 440.19919  470.06699 
 275.39926  474.46976 
 94.301689  475.64407 
 108.3828  475.44952 
 288.47079  478.65338 
 350.75104  479.98639 
 226.8584  482.15558 
 473.98804  482.75186 
 145.31314  483.8522 
 420.9628  483.20596 
 212.14919  485.43015 
 262.79047  493.09918 
 344.90115  497.05609 
 178.28108  500.71762 
 206.76239  500.28815 
 193.04979  501.9762 
 294.15103  508.66608 
 225.81607  108.34184 
 228.05675  247.92007 
 403.78198  118.15205 
 322.52426  129.67085 
 339.3761  129.35303 
 464.62256  133.12558 
 477.013  145.80444 
 263.8454  152.56937 
 286.9971  156.23837 
 303.83276  164.1178 
 244.08176  169.58963 
 281.7749  174.19318 
 215.8143  176.07684 
 314.17606  181.75214 
 266.71182  185.29236 
 242.4319  188.37491 
 156.52872  191.88559 
 174.04178  191.83609 
 348.13678  195.57768 
 206.01608  199.91681 
 331.00461  203.63838 
 176.6331  209.96797 
 252.94014  211.15712 
 293.34906  211.0311 
 472.38333  218.40074 
 217.15213  219.3015 
 157.43704  224.23302 
 195.27306  227.46167 
 325.6423  228.08833 
 377.24554  231.37793 
 356.67117  235.17023 
 224.02751  237.50313 
 178.84096  243.10611 
 479.78537  243.24725 
 145.91592  245.4579 
 207.56343  248.81113 
 166.12027  253.60283 
 328.04929  260.04404 
 374.67612  260.46097 
 393.26904  259.83917 
 115.33012  268.91589 
 152.15141  268.828 
 169.68483  270.91879 
 134.38396  273.65448 
 244.97844  273.78635 
 410.21851  273.00476 
 281.80191  284.56894 
 153.3833  288.836 
 169.25865  290.55295 
 259.28137  291.26422 
 135.2023  299.32077 
 239.36977  300.97491 
 171.79529  304.66095 
 372.12277  307.12442 
 388.60425  309.03616 
 146.70461  315.94168 
 221.75345  322.68823 
 160.45203  324.71454 
 307.97348  323.06625 
 241.88147  325.33289 
 260.85483  334.75894 
 372.33627  334.5015 
 306.367  348.88245 
 211.90073  350.95404 
 170.5876  353.09689 
 343.55518  357.01672 
 324.36404  362.35629 
 230.32257  365.4147 
 340.96759  365.44354 
 386.92538  366.09189 
 178.82504  367.89157 
 204.15366  372.71768 
 276.84326  376.33804 
 242.04785  385.80759 
 178.30785  387.30402 
 220.65373  387.8082 
 306.65317  390.83737 
 326.83499  397.82361 
 342.759  400.48547 
 222.17789  405.13608 
 243.25197  404.87292 
 262.71811  403.96683 
 319.31512  414.90961 
 479.8649  423.1322 
 241.08275  425.52716 
 264.99734  425.39435 
 263.38184  436.56049 
 330.50952  438.03583 
 349.19907  439.57565 
 437.13593  452.96375 
 462.24121  454.10773 
 253.46671  456.19608 
 276.92001  456.48114 
 128.25807  464.83707 
 479.88675  466.79089 
 440.66998  473.91504 
 277.26617  478.13193 
 191.87863  353.16998 
 314.85117  178.04745 
 289.12109  194.39883 
 206.10909  202.18846 
 330.01151  204.56752 
 251.99278  212.55667 
 349.61319  225.84654 
 376.70309  226.47713 
 180.74745  240.16502 
 351.30707  240.02162 
 332.21701  255.84227 
 370.36649  262.52591 
 175.48125  275.35876 
 241.23468  277.12036 
 289.6886  286.88159 
 366.53448  306.58527 
 392.77896  309.08618 
 347.15204  329.27737 
 375.00955  333.46619 
 302.46735  345.58359 
 227.7438  361.1994 
 320.64899  360.67953 
 195.91354  365.63882 
 302.64182  391.59335 
 221.29533  411.52448 
 318.9342  416.78812 
 234.65562  424.98654 
 303.00497  281.2363 
 241.97905  281.52927 
 355.67834  292.09689 
 344.31039  324.27127 
