 266.38138  2.0561481 
 257.87482  7.1729722 
 263.96677  11.550921 
 280.49658  12.614143 
 261.30615  18.188351 
 266.81946  24.968498 
 260.27863  25.573168 
 272.42209  28.131693 
 265.09683  31.23723 
 6.5872498  32.714771 
 41.096954  32.673145 
 195.96931  35.846786 
 255.58545  39.272854 
 276.9584  43.571552 
 337.01587  43.529949 
 243.22939  46.182705 
 251.94751  45.529068 
 267.56631  52.819481 
 345.27057  53.533195 
 276.64023  55.302853 
 283.02789  55.775333 
 339.69159  56.228893 
 317.60342  59.094112 
 216.51018  59.952785 
 597.2074  60.367405 
 210.82288  60.978905 
 248.74062  61.509495 
 255.11665  61.61367 
 315.6246  64.272163 
 287.67627  66.873306 
 297.90463  67.46405 
 259.23669  69.063324 
 211.34064  70.031021 
 226.22554  70.22831 
 345.13007  69.575455 
 295.8688  74.314651 
 315.61975  73.590569 
 201.42751  74.746864 
 217.05397  77.081047 
 136.11078  80.282356 
 148.5827  79.994911 
 165.47447  83.265701 
 207.46501  83.787056 
 348.03296  84.383476 
 367.1528  84.201202 
 341.10739  85.090317 
 92.395592  86.184525 
 384.27234  85.940277 
 398.92691  86.334442 
 128.73364  88.05529 
 85.701271  88.951271 
 167.07651  90.258621 
 237.61525  90.276451 
 192.31812  91.212852 
 359.62628  92.186455 
 383.78439  92.51487 
 365.20337  93.334526 
 395.93158  92.596489 
 344.50107  94.927132 
 398.38205  96.377144 
 110.7057  96.526634 
 181.64502  97.24675 
 352.90109  98.500595 
 88.953224  101.25541 
 237.1293  102.9213 
 393.20267  102.83714 
 229.85086  103.53541 
 256.39426  105.66542 
 264.832  105.10983 
 117.94452  105.88754 
 250.19817  107.86947 
 452.638  108.92047 
 56.355473  113.87851 
 256.65964  114.40625 
 469.72699  115.67481 
 385.88235  116.87284 
 134.67972  118.37918 
 379.52963  121.81268 
 109.03532  122.57414 
 103.55593  124.50532 
 144.94592  123.87253 
 250.84294  123.87473 
 408.43729  125.49429 
 79.384338  126.32736 
 401.02951  126.78526 
 424.1145  127.74362 
 430.33749  127.90885 
 74.279968  129.71078 
 67.585976  130.87245 
 215.733  130.63463 
 391.95084  131.38222 
 468.37061  130.56078 
 223.07481  132.16536 
 456.06976  133.90448 
 418.41776  135.40414 
 462.3432  134.6844 
 404.71252  137.2198 
 411.39944  137.13385 
 73.238037  139.90601 
 332.0224  145.63609 
 410.10767  147.15602 
 71.1334  147.8091 
 320.94113  150.9919 
 232.64713  153.40096 
 328.22556  152.87477 
 463.05786  156.33067 
 469.55643  156.78513 
 556.42657  156.65454 
 65.009178  162.12962 
 81.005005  162.40688 
 74.372917  162.90948 
 320.49051  163.91881 
 469.98154  163.59169 
 498.3143  166.54073 
 504.47183  166.12189 
 75.657288  168.64777 
 541.58612  169.59344 
 277.00357  171.39099 
 464.09906  170.87465 
 516.75549  171.86613 
 478.64401  172.85126 
 504.9375  172.99454 
 74.157135  174.84744 
 255.77301  174.48579 
 470.51434  175.48476 
 228.43524  177.39072 
 287.13773  178.12474 
 242.58873  179.84744 
 495.56866  181.2753 
 87.489815  182.10963 
 501.41617  182.52371 
 66.421997  184.27675 
 276.68146  186.15694 
 44.178547  189.52533 
 291.22687  191.75562 
 248.93227  193.67427 
 264.71948  194.61205 
 211.78426  194.96201 
 302.08633  196.21375 
 74.627174  197.25513 
 80.984131  197.25121 
 483.79593  197.13536 
 191.86719  200.87924 
 182.36209  201.54463 
 214.20909  201.83472 
 226.20493  202.30115 
 285.52707  201.97328 
 486.64734  202.16512 
 251.93993  203.37733 
 272.74197  203.12422 
 480.6337  202.68053 
 33.316833  204.22729 
 258.9845  203.84413 
 167.70532  204.86607 
 205.37511  204.93898 
 318.80502  206.33086 
 178.52434  207.56514 
 325.73871  208.11102 
 224.08061  209.23065 
 316.79852  209.58501 
 489.06592  209.06921 
 195.32932  209.46426 
 304.58716  210.27826 
 26.435091  210.54132 
 276.39325  210.66515 
 157.93948  211.49422 
 175.73311  214.99928 
 297.7402  214.69376 
 313.35696  215.2818 
 470.8797  214.67023 
 476.00668  215.1219 
 191.50433  217.9287 
 197.38771  220.12144 
 159.69649  221.36827 
 169.2093  222.55505 
 315.90622  222.25389 
 370.34839  223.93111 
 182.07181  226.18372 
 558.93677  227.50203 
 187.34315  229.19969 
 352.38785  230.24052 
 330.07547  231.45375 
 367.35547  231.17621 
 465.26797  233.1994 
 269.31778  233.94289 
 156.26239  238.00356 
 162.78955  237.63399 
 361.58771  238.44141 
 264.71469  239.4315 
 482.77722  239.89665 
 372.63794  241.69614 
 476.88696  241.7281 
 355.4968  243.55083 
 63.937901  243.94421 
 71.269447  244.36453 
 146.48325  244.88881 
 348.23489  245.03802 
 153.04489  246.1515 
 341.68869  246.41272 
 162.61552  249.05461 
 375.82898  248.8287 
 171.77942  250.39685 
 205.98993  249.87918 
 154.06473  251.41212 
 178.25774  250.79324 
 145.18127  251.7507 
 243.50481  252.586 
 360.47552  255.21626 
 462.07147  255.07147 
 469.98663  255.21141 
 160.83551  257.45511 
 146.60626  258.88293 
 170.35696  258.94727 
 477.90994  260.43176 
 392.81174  261.01862 
 386.90536  261.6163 
 470.73859  262.56656 
 527.11115  264.24612 
 143.76471  265.42776 
 158.15775  264.84137 
 377.11679  264.65906 
 149.67545  266.21515 
 381.89859  266.00797 
 397.5611  266.49173 
 357.19501  267.80719 
 387.30576  269.164 
 392.87726  269.75443 
 169.55769  271.31525 
 54.900558  272.53732 
 118.35511  273.3808 
 471.65875  273.2532 
 479.25687  272.89767 
 149.58298  273.64349 
 206.71132  274.52286 
 388.22568  274.20523 
 381.77066  274.633 
 365.22302  277.3486 
 372.30896  276.54541 
 390.82758  278.86292 
 317.8692  280.60565 
 479.00443  281.94592 
 160.70094  283.06277 
 137.74716  284.16183 
 144.23001  284.11115 
 470.30319  285.29355 
 198.65427  286.06656 
 400.13568  286.00842 
 517.9292  288.42963 
 153.62001  288.29626 
 349.9429  289.34787 
 391.5575  288.44525 
 406.72607  288.44626 
 162.02838  290.47504 
 282.55142  291.17264 
 367.21826  291.04526 
 373.61304  290.81747 
 481.80228  291.13419 
 488.13876  291.14636 
 270.83612  292.69559 
 289.27563  292.87015 
 141.35887  295.10217 
 252.14919  295.41034 
 378.39969  296.87308 
 156.92749  298.0575 
 125.11336  298.54181 
 267.62747  299.2832 
 113.29095  299.72556 
 247.14648  300.05841 
 273.7179  300.44421 
 384.13992  300.05289 
 396.41183  299.91354 
 10.490959  300.73169 
 367.78909  301.09973 
 488.08316  301.24081 
 227.72441  301.77094 
 481.82947  302.14984 
 325.82202  303.03635 
 255.19765  303.90009 
 145.85515  305.84998 
 491.50995  306.59521 
 248.50793  306.93427 
 154.54906  308.04199 
 140.87801  308.96298 
 281.08258  309.1813 
 400.09842  308.65088 
 478.88132  309.17593 
 485.11703  308.59161 
 12.973743  309.76212 
 132.83064  309.79279 
 256.29025  310.93582 
 266.70453  312.75778 
 494.16101  313.08777 
 378.06476  314.85605 
 24.842346  316.04929 
 30.894932  315.56891 
 502.28604  316.07462 
 6.3239264  317.10989 
 141.87834  317.04745 
 490.29962  317.66748 
 496.76996  317.69608 
 22.403234  319.06442 
 141.03722  321.65701 
 241.49275  321.54785 
 162.49803  323.06073 
 371.73074  323.22363 
 391.7662  322.54623 
 135.51353  324.04095 
 365.20975  324.28195 
 380.67404  324.91 
 491.02368  327.56958 
 497.10522  328.13916 
 368.02853  331.18146 
 375.34421  333.10474 
 480.01138  333.26471 
 6.8694129  334.64905 
 159.31017  336.37689 
 495.62735  335.5528 
 362.85379  337.03644 
 489.74655  339.30145 
 307.21451  339.92252 
 312.61594  340.2453 
 522.79596  341.15329 
 139.71356  343.20755 
 359.08392  345.55411 
 229.91319  348.16843 
 30.94969  350.66116 
 37.332977  351.27408 
 371.271  351.3147 
 500.42474  351.08014 
 143.12314  351.54233 
 164.84782  352.72809 
 360.19614  353.12604 
 493.20822  353.80087 
 369.45901  355.93076 
 486.79507  356.1543 
 27.887308  357.19284 
 495.82343  356.95374 
 135.81862  358.1907 
 377.93262  358.10294 
 124.97935  363.3046 
 495.05957  364.38855 
 255.8833  364.95911 
 294.23703  364.85876 
 353.40891  364.75806 
 10.359888  367.09396 
 300.20093  367.05951 
 342.87088  368.85406 
 182.26767  370.31714 
 272.3504  369.7128 
 176.02745  370.94022 
 481.98779  371.25159 
 497.40097  371.82513 
 9.8505068  372.69128 
 172.92809  373.75861 
 506.51828  374.21094 
 288.41403  374.7774 
 354.3942  374.69931 
 361.53244  376.00574 
 294.5322  376.78625 
 332.5708  377.46637 
 463.52188  376.47849 
 232.18095  379.7915 
 300.7175  379.93777 
 166.09564  382.18045 
 365.01761  382.95044 
 192.29182  384.14456 
 332.4541  383.66504 
 383.13065  383.66937 
 491.71838  384.50464 
 326.60297  385.13153 
 198.69962  391.28482 
 320.93784  391.82153 
 495.32828  392.14423 
 205.85271  393.32504 
 326.95084  393.22308 
 501.66989  394.34122 
 190.41588  395.62274 
 370.85068  396.03433 
 176.73239  400.33124 
 466.99393  399.98267 
 168.82529  400.57004 
 46.991547  403.30151 
 321.54572  404.05872 
 314.20645  405.50989 
 238.49142  407.32684 
 478.86938  406.56888 
 484.832  407.2951 
 177.01584  407.90955 
 295.83585  408.24368 
 266.72235  408.70236 
 305.21423  408.95367 
 209.87135  409.58194 
 276.23914  409.89484 
 42.430122  411.4231 
 129.68335  411.30325 
 228.84207  411.13733 
 194.18695  412.56433 
 199.79495  412.19214 
 50.870304  414.05847 
 235.84767  414.20657 
 293.10144  414.11469 
 468.5639  413.73743 
 205.97391  414.5303 
 215.15579  415.15387 
 264.18906  415.25012 
 258.82275  416.13412 
 307.89157  417.8974 
 289.49603  419.04483 
 458.03436  419.04865 
 189.48705  420.07843 
 182.6353  421.47763 
 195.06412  420.71854 
 224.25208  420.60034 
 251.20149  422.11121 
 259.63104  422.42511 
 300.47501  421.44565 
 280.3688  423.39304 
 494.43176  423.29102 
 501.34003  422.95013 
 221.06152  426.28952 
 214.81578  427.71548 
 290.20148  427.65295 
 323.60098  428.06662 
 329.57162  427.90973 
 186.42079  432.48785 
 179.96048  434.06003 
 262.31641  433.54617 
 410.65082  434.7562 
 416.02399  434.59821 
 222.43523  435.89587 
 236.25456  436.20071 
 101.71494  436.62527 
 505.77277  437.15796 
 253.32942  438.34921 
 320.97284  438.79037 
 348.80365  441.64285 
 468.24182  442.78418 
 76.140915  445.02072 
 88.481514  445.07355 
 281.25009  448.26871 
 475.47894  452.85004 
 391.04938  454.828 
 420.32407  456.60156 
 467.43179  457.46832 
 473.82471  457.33957 
 48.269947  460.13141 
 252.35081  463.21771 
 245.98456  463.84732 
 468.02463  463.92966 
 196.28944  465.12799 
 92.99575  465.76575 
 468.15524  466.71237 
 322.19244  468.30087 
 335.66959  468.43539 
 251.51831  470.56485 
 118.01002  472.60684 
 194.37338  473.35294 
 454.22028  475.14148 
 78.995346  476.2175 
 104.98746  475.91614 
 461.41965  476.87054 
 326.11887  478.13531 
 339.58167  478.07156 
 98.707848  479.43701 
 97.868103  481.13284 
 351.22836  481.82751 
 403.56815  481.92245 
 79.035324  482.52228 
 353.06387  483.86221 
 224.73671  484.73343 
 418.01364  485.26938 
 447.43692  485.40335 
 269.06741  486.20282 
 152.29675  486.89703 
 453.83624  488.69519 
 98.988319  490.06216 
 105.38578  490.83551 
 219.23119  491.29214 
 342.37177  491.16464 
 430.53534  491.18536 
 129.12564  491.99744 
 186.44807  491.84961 
 208.1286  492.10306 
 328.93732  492.15973 
 422.94135  492.12228 
 179.40431  492.45801 
 407.00217  494.3385 
 269.2634  497.35504 
 397.65747  497.10114 
 436.14807  497.95105 
 124.18116  499.06717 
 152.9586  498.7023 
 117.9688  500.66879 
 275.37909  500.50455 
 103.26473  503.74368 
 265.36444  504.34796 
 450.46082  504.81992 
 401.73428  506.17883 
 273.48206  507.20731 
 337.66818  507.15759 
 279.28055  507.72354 
 114.72062  510.33667 
 205.5282  511.2533 
 265.18692  514.9425 
 257.16898  515.59222 
 271.48123  515.82184 
 383.75128  515.58643 
 377.38147  517.44904 
 254.17989  521.70917 
 330.71365  522.19751 
 260.5166  523.40808 
 266.52274  523.63794 
 190.95282  524.96924 
 366.94922  530.49438 
 179.16629  531.04517 
 328.93488  530.58649 
 256.16129  534.7771 
 124.24174  543.67743 
 299.50378  544.13184 
 118.63482  546.9845 
 314.73984  549.69073 
 252.05795  555.61279 
 332.42151  566.23932 
 352.26117  567.30414 
 105.08665  567.6568 
 95.613274  569.98364 
 315.81555  570.57452 
 310.15482  573.43793 
 302.75555  575.09808 
 316.18066  580.14191 
 308.12  583.04877 
 317.11722  587.87183 
 317.46207  597.41333 
 266.64249  2.7864544 
 256.68481  8.3441029 
 264.54041  10.853756 
 279.84677  12.744658 
 261.25684  18.161251 
 185.58266  27.370529 
 258.81772  26.969414 
 273.12537  28.750444 
 264.97165  30.642992 
 7.130764  31.872524 
 41.397491  32.67445 
 196.18465  35.123745 
 6.3226638  39.895481 
 254.97144  41.335987 
 277.81024  44.155266 
 252.65402  44.888138 
 337.63766  44.899792 
 243.37959  46.26413 
 323.89456  49.65593 
 267.88287  52.786907 
 345.87219  53.751717 
 283.04279  55.459377 
 339.69962  58.052094 
 65.501846  58.403805 
 216.94505  59.992977 
 248.01477  61.285103 
 316.95255  61.242088 
 255.68654  62.442455 
 340.56644  62.865242 
 287.18494  67.224113 
 297.15613  66.761284 
 259.43921  67.531456 
 226.46979  69.401001 
 242.31181  69.319641 
 345.22522  69.511574 
 353.37598  70.410759 
 316.09503  73.285454 
 202.00359  73.68663 
 295.7879  75.185638 
 361.13446  74.732162 
 216.84808  77.340523 
 141.63478  78.171219 
 225.60342  78.019989 
 135.05319  80.100243 
 148.39664  80.602493 
 165.4818  84.248878 
 206.94945  84.265541 
 365.50101  83.756554 
 340.3631  86.290581 
 399.45337  86.27327 
 93.905304  87.133339 
 348.64822  86.481102 
 175.07217  87.752899 
 84.877159  89.321587 
 128.45341  88.793106 
 220.40273  89.114883 
 237.75031  89.899216 
 224.89435  92.372833 
 357.89801  92.822845 
 382.83539  93.360336 
 344.48401  94.708488 
 365.68384  94.660713 
 397.85831  95.116318 
 111.04111  96.915558 
 181.93802  97.638451 
 352.57852  97.639427 
 88.179619  101.38844 
 374.63831  101.7906 
 392.48331  102.49548 
 228.28467  102.96148 
 237.50916  103.50922 
 256.69891  104.31126 
 264.59052  104.84253 
 451.88474  108.15606 
 443.06042  108.83885 
 66.079742  110.37036 
 351.56332  109.44777 
 256.48157  114.83939 
 469.47824  116.32358 
 386.638  116.98183 
 461.10086  118.27405 
 136.49229  118.9053 
 379.371  122.25034 
 109.7185  122.86668 
 251.6102  123.13322 
 145.08141  123.66114 
 243.75652  123.89863 
 80.189819  125.56223 
 408.69119  125.87288 
 399.98999  127.48834 
 422.86075  128.18073 
 430.75903  128.18428 
 74.56002  129.56424 
 216.05876  130.55702 
 223.351  130.84853 
 469.36441  130.94081 
 67.351776  131.63593 
 391.71683  132.03366 
 418.84299  133.84685 
 454.70361  134.54283 
 107.36145  134.71654 
 462.53958  134.89317 
 116.26089  137.18245 
 411.57675  136.73259 
 402.77121  139.18883 
 73.3013  140.11511 
 487.03317  139.80981 
 244.07272  140.85748 
 88.261482  141.99672 
 352.03543  143.21033 
 472.54245  142.67722 
 78.070183  145.8477 
 410.81985  146.64853 
 70.241058  147.52753 
 320.35226  150.94072 
 542.36511  150.67592 
 232.39035  153.32843 
 240.29079  152.87329 
 328.51904  152.56448 
 462.36969  155.31239 
 556.48486  156.06004 
 469.90543  156.50571 
 547.74023  157.66893 
 288.2489  159.02022 
 271.14383  159.89328 
 64.843399  162.22113 
 470.66019  162.22421 
 81.990402  164.42851 
 505.07669  165.85649 
 74.342873  166.60652 
 497.23257  167.01799 
 548.06067  168.58792 
 540.5412  170.34721 
 277.55954  171.30376 
 464.85391  170.48975 
 106.94411  171.5992 
 516.81836  171.84808 
 477.47043  172.36333 
 255.64339  173.84741 
 67.121422  176.03123 
 96.4188  176.15233 
 227.59642  176.90857 
 287.41745  178.33478 
 87.637444  182.09064 
 494.12909  182.00157 
 58.257576  183.28729 
 501.67679  182.6989 
 66.510246  185.23923 
 95.182335  185.46817 
 258.33008  185.42416 
 276.49936  185.32922 
 44.35545  189.51865 
 80.734947  189.06581 
 291.84167  191.65836 
 204.7093  192.91431 
 248.83289  193.21382 
 212.11464  195.17114 
 241.48737  194.94046 
 232.16331  196.00237 
 264.31436  196.16043 
 302.52585  195.91968 
 73.095215  197.48892 
 80.856224  197.22324 
 484.78619  197.55769 
 43.202393  199.96176 
 183.06656  200.58078 
 191.51161  201.42093 
 214.36835  201.08932 
 226.17067  201.97437 
 285.68854  202.20647 
 332.79025  202.29942 
 486.75989  201.59155 
 273.27228  202.72453 
 479.22021  202.67981 
 33.964111  204.64029 
 167.26813  204.51974 
 259.25934  205.12532 
 206.58238  207.45659 
 300.33768  206.65205 
 178.36807  208.30901 
 317.51212  208.02979 
 325.87653  208.12485 
 195.53461  208.84056 
 490.20282  209.34468 
 224.65144  209.81049 
 26.043886  211.30832 
 150.37364  211.43898 
 158.36653  210.55325 
 276.28458  212.11302 
 185.38934  212.77722 
 168.02315  214.33936 
 175.72243  214.24309 
 296.83737  215.20702 
 191.18008  217.78133 
 218.16495  219.01758 
 159.94887  221.14392 
 198.45634  220.62007 
 145.37479  223.20956 
 169.16026  223.13878 
 315.93759  223.09702 
 370.28989  223.5105 
 181.52147  225.92601 
 474.33008  226.52583 
 559.14124  227.15242 
 187.30957  231.32903 
 243.9128  230.97673 
 329.00806  231.32558 
 338.65732  230.94283 
 353.45456  231.26717 
 219.07138  232.31532 
 229.77017  232.04744 
 366.68927  232.36012 
 465.48367  232.42912 
 313.58981  234.12991 
 163.87241  237.49754 
 454.42874  236.6037 
 156.28731  238.13734 
 362.87946  237.88599 
 203.94629  239.53596 
 334.03363  239.91374 
 265.14481  240.25046 
 240.61101  241.29181 
 345.16626  240.98412 
 372.31244  240.71069 
 483.36993  240.90565 
 230.78937  241.70883 
 354.91162  241.92053 
 6.4256291  243.57794 
 71.570763  243.42482 
 285.6355  242.90712 
 63.706913  243.93283 
 211.84055  243.6299 
 249.07417  244.81584 
 348.42526  245.47133 
 145.3486  246.44266 
 341.67224  246.47978 
 413.90286  247.23119 
 162.54832  249.39166 
 366.93341  248.65437 
 376.28922  249.34882 
 205.88921  250.11882 
 121.73079  250.564 
 153.46931  250.75706 
 170.88158  250.70944 
 280.50531  250.74496 
 178.70735  251.80424 
 234.79764  252.06203 
 243.27643  252.95135 
 298.99066  254.45647 
 310.45517  254.84801 
 470.44846  254.62561 
 62.612572  256.61395 
 461.4238  255.65295 
 161.29073  257.17572 
 360.98053  256.68344 
 147.37233  258.91476 
 170.69308  258.96704 
 478.8782  260.92273 
 61.969364  262.7977 
 470.75171  263.46313 
 526.77911  264.19504 
 143.01231  266.32202 
 376.43927  265.89978 
 80.496849  267.48038 
 396.50775  267.50729 
 356.25385  267.68759 
 364.4892  268.10861 
 387.31497  268.88367 
 199.49971  270.40131 
 170.40012  270.98669 
 55.040062  271.86844 
 471.6777  273.42285 
 479.75653  273.56549 
 117.75532  274.22723 
 148.94093  274.37289 
 205.58197  275.1203 
 380.92398  275.05316 
 372.7504  277.00876 
 364.80298  278.67227 
 390.65024  278.02603 
 317.50763  279.86536 
 115.59669  280.38095 
 487.18127  280.5119 
 160.13573  282.28198 
 479.03439  281.73074 
 137.92056  283.06772 
 145.27699  284.48987 
 206.88977  284.88678 
 198.66487  285.39502 
 469.74609  285.59882 
 399.50027  286.78503 
 153.67256  287.8942 
 406.88913  288.28143 
 14.035129  288.42413 
 349.72668  288.39886 
 517.8078  288.51987 
 88.213928  291.53659 
 162.63603  291.25961 
 282.04913  290.78415 
 480.79233  291.40219 
 488.15192  290.95468 
 289.56891  292.07095 
 366.68228  292.09653 
 270.06616  292.89954 
 252.77869  295.46622 
 378.09518  295.13388 
 320.25629  297.1575 
 267.20856  297.98245 
 23.829786  299.18045 
 214.0464  298.99115 
 246.16722  299.49979 
 113.52236  299.40588 
 124.71221  300.50009 
 150.08276  300.30591 
 274.45782  300.45242 
 367.87125  299.57813 
 396.03519  300.09985 
 10.964919  300.60437 
 385.20117  301.15997 
 105.74911  301.81351 
 227.63837  301.77216 
 241.4261  301.64758 
 481.91885  302.39859 
 326.15121  302.92609 
 160.54965  303.99124 
 254.14453  303.47235 
 491.2464  305.1554 
 249.26784  307.09171 
 140.24548  308.52029 
 401.13983  307.8848 
 416.53763  307.97495 
 484.84686  308.06006 
 21.604111  308.97968 
 12.505327  309.62759 
 132.24725  309.98999 
 282.38251  310.01468 
 161.07588  311.56006 
 120.80795  313.3136 
 266.46365  313.12427 
 378.36331  314.62143 
 508.6954  315.38373 
 6.761487  317.47995 
 149.20023  317.03198 
 23.096218  317.90442 
 141.88135  319.33304 
 242.82288  321.71698 
 391.84082  322.46786 
 371.87912  323.48248 
 135.23793  324.37756 
 364.30759  324.04276 
 380.98669  323.7352 
 156.43332  326.08829 
 146.05081  327.02835 
 490.95334  327.34393 
 128.22331  328.27451 
 165.10246  331.40027 
 392.43512  332.49969 
 480.06256  332.77185 
 6.4056969  333.95749 
 496.17422  335.46497 
 160.00351  337.16385 
 320.23804  336.57129 
 362.3779  337.28552 
 38.919899  337.64203 
 13.882363  339.68961 
 370.93768  339.50937 
 489.61789  339.57071 
 312.79242  340.81625 
 388.6543  340.62781 
 522.31842  341.87183 
 140.62759  343.53363 
 131.00781  344.32327 
 301.96884  344.03308 
 358.91803  344.54694 
 221.58839  346.88617 
 156.2541  348.4404 
 230.09753  347.53598 
 31.225002  349.17834 
 144.65822  349.54779 
 211.11043  349.27673 
 134.37405  350.51138 
 501.77017  350.9129 
 38.085079  352.34351 
 164.16461  352.81061 
 361.06171  353.27921 
 256.86209  353.62097 
 493.39661  353.31177 
 370.2977  354.37106 
 352.49838  355.90741 
 172.01901  356.6412 
 267.84732  357.08502 
 378.20563  357.42291 
 487.20193  358.83984 
 124.78854  363.20013 
 495.49789  362.93494 
 293.77332  363.49094 
 469.2652  364.06729 
 353.97046  365.55847 
 234.84428  365.58551 
 254.58972  366.60495 
 299.85242  368.45398 
 343.17053  368.06339 
 10.552745  368.8942 
 183.2923  370.14185 
 482.78906  371.09689 
 173.39925  371.98691 
 497.42853  372.17426 
 288.68066  374.30704 
 506.47479  374.15408 
 354.33105  375.03464 
 361.51428  375.72409 
 232.2588  379.57474 
 300.93497  380.53635 
 492.6839  380.78162 
 146.03401  381.99231 
 166.55383  381.45447 
 156.74492  382.81796 
 498.83856  383.23877 
 191.5777  384.06546 
 333.2561  383.61874 
 383.0162  383.92407 
 491.12762  383.65494 
 201.65363  384.58728 
 33.76226  385.6712 
 138.97626  385.8356 
 324.84613  385.90622 
 232.38266  390.25201 
 320.89963  390.3183 
 198.16508  391.45447 
 486.79175  391.16031 
 494.89612  392.34052 
 206.20796  394.1405 
 327.16684  394.27191 
 502.04953  394.94595 
 190.03592  395.79953 
 304.48724  396.435 
 362.91772  396.16156 
 371.38467  395.81015 
 311.90436  397.25412 
 240.3421  397.77744 
 383.41418  397.69696 
 458.95447  398.35437 
 219.44748  398.81894 
 168.67142  400.49054 
 176.70406  400.05499 
 466.98999  400.45718 
 254.76967  400.61386 
 279.82294  401.47662 
 45.975624  402.8334 
 314.53299  406.53839 
 477.13583  407.2041 
 249.41365  407.85962 
 265.54874  407.68344 
 296.90784  407.32431 
 383.73669  407.89212 
 485.0491  407.98633 
 177.00873  408.73038 
 304.91956  408.67105 
 61.110413  409.84784 
 167.84879  410.07288 
 275.98019  410.79547 
 193.14001  411.84268 
 42.564491  412.62231 
 50.693996  412.98935 
 468.47571  413.46536 
 206.04558  414.06998 
 214.37491  415.08246 
 292.34998  414.83365 
 264.36319  416.20197 
 176.97098  416.75662 
 241.384  417.49667 
 307.98218  418.30225 
 192.22058  420.45367 
 181.92079  420.95123 
 224.06808  421.79828 
 251.03839  421.67145 
 259.5466  421.84436 
 280.3494  422.09579 
 299.93561  423.9234 
 493.80923  424.24313 
 214.3309  427.31931 
 170.66177  428.10059 
 290.31744  427.61816 
 322.21912  428.15616 
 329.89374  427.68188 
 186.29146  431.72815 
 283.3569  432.13696 
 498.98816  432.96622 
 261.2699  433.62976 
 129.1266  435.61511 
 221.36778  435.58197 
 236.38092  436.4407 
 101.73764  437.22824 
 254.65895  436.40466 
 424.94025  436.95441 
 506.00818  436.7131 
 278.75516  438.71973 
 321.49866  438.40359 
 349.6489  441.40033 
 294.94611  441.51031 
 468.79684  442.83411 
 76.898628  444.72629 
 305.30551  445.01883 
 87.488922  446.4248 
 272.09976  446.80179 
 281.85651  448.01767 
 8.6653996  450.40109 
 467.7955  451.84265 
 29.774847  455.30087 
 390.73523  455.16776 
 474.77603  455.4101 
 93.496811  456.92389 
 419.68115  457.3779 
 29.424303  459.62381 
 189.19586  463.32773 
 460.89185  463.5741 
 196.77927  464.69446 
 92.590668  466.02942 
 467.952  466.36371 
 124.69843  467.71951 
 321.98364  467.50824 
 334.78143  467.40427 
 242.38815  470.03708 
 250.99561  470.58859 
 265.21432  471.55991 
 194.36363  473.42145 
 86.037758  474.80176 
 454.18869  475.58972 
 105.0805  477.0033 
 461.76697  477.53488 
 339.14816  478.01385 
 326.60355  478.74008 
 97.791962  480.26254 
 78.411461  480.07507 
 402.862  481.4697 
 351.47598  482.51279 
 251.44881  483.77072 
 418.70261  483.73193 
 522.68372  485.02054 
 269.20596  485.71368 
 152.80482  487.18365 
 445.87424  486.68451 
 144.14946  487.70837 
 454.06961  488.53354 
 430.60007  490.43954 
 98.357155  490.68726 
 105.94997  491.24136 
 129.87059  491.448 
 342.91312  490.52267 
 178.5558  491.76657 
 187.1163  491.47653 
 328.80899  492.43884 
 355.65741  492.26532 
 422.77878  492.42468 
 215.97275  492.43976 
 335.86835  493.14713 
 413.80157  493.97614 
 406.33365  494.6817 
 457.81842  495.08469 
 254.14622  495.7699 
 268.69916  497.07239 
 396.92151  497.30585 
 153.20607  497.92093 
 262.68777  497.56885 
 117.49837  500.26974 
 125.03864  500.04446 
 220.14171  499.54343 
 275.76285  500.40457 
 138.99994  500.99475 
 101.38215  502.091 
 450.40369  505.3688 
 401.21786  506.05853 
 147.67525  506.82959 
 271.88971  507.4877 
 337.25348  506.28366 
 345.09518  507.76874 
 114.31189  511.11581 
 205.78937  510.48822 
 331.93323  514.52747 
 264.64462  514.52502 
 384.13989  515.37537 
 256.84149  515.69525 
 271.77429  515.92224 
 376.81589  517.35699 
 202.15823  518.0816 
 343.87399  518.26746 
 215.76704  518.7713 
 510.5419  520.44135 
 176.66162  521.50787 
 330.39819  521.74664 
 190.92134  524.43292 
 267.0607  524.48077 
 285.04153  532.08936 
 255.22183  534.23456 
 144.80363  534.63678 
 116.55392  536.28247 
 108.74251  541.01843 
 124.95961  543.70154 
 117.98147  547.03192 
 314.63025  550.46576 
 252.18837  554.76532 
 328.38583  554.91327 
 306.4314  565.44336 
 331.36731  566.91382 
 352.63947  567.3623 
 95.401314  568.19818 
 104.09876  568.48077 
 316.92203  569.78656 
 309.84113  573.9928 
 292.90854  575.77179 
 303.60547  575.75238 
 316.30612  582.0036 
 308.04367  583.1618 
 288.6579  583.55396 
 292.79874  591.69543 
 286.92856  596.39844 
 318.47745  596.6817 
 156.75964  296.77527 
 163.1608  322.54141 
 367.88928  331.17273 
 255.21513  9.1778641 
 264.87292  10.727905 
 278.728  13.632833 
 184.94556  28.041019 
 242.33723  46.595043 
 340.2106  49.92852 
 65.55748  58.435215 
 316.10474  62.326488 
 297.32712  66.432983 
 287.15747  67.129036 
 269.6188  69.05481 
 202.74329  71.321068 
 361.22427  73.680298 
 165.57474  84.935036 
 94.664909  87.335213 
 175.97093  87.149017 
 237.98708  89.527794 
 84.525589  89.191498 
 344.40921  94.938087 
 397.41522  94.720299 
 111.64593  96.17141 
 366.36404  96.62278 
 225.40883  103.40575 
 350.99915  109.84088 
 443.13715  109.97857 
 256.72583  115.24388 
 387.2713  117.173 
 136.29192  118.43836 
 459.58148  118.53521 
 420.72934  130.12979 
 470.25455  131.23587 
 107.01454  134.18535 
 453.00589  134.70984 
 338.48007  137.18542 
 243.87888  141.85187 
 78.283165  145.26472 
 329.5123  151.90517 
 63.662273  162.28484 
 83.328743  164.71133 
 73.599075  166.1019 
 465.6532  170.87717 
 477.15961  171.46719 
 277.93097  171.48352 
 257.68723  185.51691 
 66.774384  186.2254 
 43.996574  189.20598 
 485.81311  198.42247 
 332.87021  201.83101 
 286.60086  202.63708 
 177.25835  211.35577 
 218.34361  219.3071 
 370.34628  223.88596 
 180.98927  225.61298 
 299.65903  225.62228 
 337.92896  229.63928 
 218.76897  231.71371 
 465.96954  231.7426 
 365.18076  233.80788 
 165.36618  236.66499 
 202.73883  239.48018 
 179.23737  240.84448 
 266.44333  241.61624 
 345.24902  244.47073 
 72.325447  243.20387 
 231.23833  246.70772 
 250.38536  244.03973 
 365.82935  248.42268 
 153.56134  250.32414 
 206.20326  249.4558 
 377.06747  250.40149 
 178.93114  251.90228 
 280.23273  251.77119 
 471.11255  254.31544 
 298.88449  254.7663 
 161.21118  255.99817 
 460.20328  256.16254 
 355.30341  267.72076 
 396.31595  268.38849 
 380.46362  274.9628 
 116.68426  277.43008 
 391.07025  277.65054 
 488.37146  279.99832 
 478.95355  280.94363 
 145.6514  285.66364 
 198.37759  285.86548 
 13.636185  287.74454 
 349.7023  288.38797 
 398.19467  287.74326 
 162.82681  291.45929 
 395.70422  300.59348 
 385.56476  301.79086 
 374.85437  306.935 
 402.84915  307.24786 
 416.1265  308.51434 
 22.235806  308.90649 
 283.00497  310.6225 
 266.32733  312.78091 
 381.48355  323.29987 
 135.00975  325.17184 
 148.19313  331.76682 
 320.85831  335.67264 
 14.322622  339.71658 
 489.21783  340.42404 
 230.81615  347.11743 
 133.70409  349.98621 
 361.10153  352.98312 
 38.416687  354.15271 
 351.99393  355.23468 
 483.62714  358.62979 
 235.24678  365.37857 
 469.677  364.85434 
 10.318101  369.37347 
 184.48312  369.69028 
 173.1192  371.22198 
 232.5963  379.14578 
 300.85153  380.88351 
 146.91589  381.63116 
 490.40112  381.74179 
 333.27808  383.73309 
 190.69667  383.89661 
 383.51477  384.11783 
 319.42902  386.58582 
 240.69585  397.14816 
 383.62097  397.07373 
 457.86166  398.71243 
 177.21494  399.61441 
 467.11679  400.53064 
 45.690376  402.89645 
 493.48099  404.59399 
 476.0506  407.00876 
 273.97495  411.86517 
 467.89343  413.12106 
 291.43979  416.10086 
 180.18307  418.89984 
 308.24457  418.41238 
 192.12807  420.74844 
 279.96283  421.67383 
 299.6604  424.46667 
 493.56528  425.0784 
 213.85141  427.23602 
 268.8851  427.52142 
 320.87143  427.90784 
 170.74065  428.80768 
 185.69264  431.08652 
 128.60104  435.60532 
 235.9855  436.40643 
 426.65009  437.81799 
 278.68149  438.84805 
 77.295914  445.0173 
 304.35529  445.10449 
 271.84592  447.28378 
 8.86798  450.76022 
 466.70822  452.23358 
 475.24609  454.24768 
 30.034426  457.57672 
 250.76401  470.53018 
 86.98967  474.97705 
 338.7449  478.35461 
 77.790154  480.45706 
 351.31522  481.87543 
 269.20087  485.07748 
 143.31013  488.30383 
 455.92593  489.28394 
 178.00227  491.31128 
 431.32401  490.86444 
 97.720695  491.73599 
 253.69952  495.96979 
 395.35535  497.91901 
 100.46084  501.29056 
 337.10739  505.14987 
 450.27798  506.01886 
 255.56804  516.85333 
 280.86911  517.79108 
 202.93207  519.45367 
 341.54453  519.51422 
 191.21024  523.58447 
 144.98235  534.37292 
 334.06604  534.49146 
 108.36456  540.17853 
 330.3732  567.43561 
 104.3531  568.51288 
 318.92978  569.89581 
 286.78922  596.77948 
 275.05661  16.185387 
 261.0546  17.404066 
 196.00984  31.830725 
 256.23993  42.419285 
 327.28384  48.052444 
 270.25684  52.954147 
 338.65933  61.997517 
 311.09857  64.03096 
 216.81136  64.809677 
 258.4697  65.061592 
 349.41415  85.011993 
 389.4556  84.928726 
 224.62057  88.934792 
 382.87918  95.174339 
 192.59602  96.902962 
 355.44357  96.718102 
 239.04738  103.43671 
 66.561668  110.3869 
 469.87085  117.30731 
 148.07231  123.35277 
 377.40359  122.58149 
 284.6207  124.47999 
 410.58197  128.20447 
 400.25433  137.54314 
 118.42884  139.1324 
 412.10315  143.29102 
 317.67065  151.62286 
 460.20013  156.05939 
 544.9093  155.91263 
 257.97443  156.5699 
 286.93152  158.10193 
 471.84088  158.5816 
 244.09084  169.38971 
 288.08682  171.84131 
 254.93011  175.34785 
 91.524307  177.42271 
 56.565132  181.04413 
 276.76486  185.53741 
 221.92993  189.21112 
 291.82657  190.65294 
 236.41405  194.4424 
 273.16052  200.61998 
 44.267063  202.23924 
 32.052841  202.66783 
 206.69008  206.42732 
 259.46631  207.73915 
 304.09146  207.92738 
 228.04294  212.03433 
 25.230833  213.62375 
 149.14511  215.37273 
 281.09238  214.96169 
 292.44614  216.73958 
 201.77393  220.36781 
 169.52603  222.32217 
 316.92609  226.43068 
 192.30251  229.18761 
 244.3998  232.15593 
 327.57675  233.46278 
 186.25311  233.78722 
 355.55118  234.09177 
 284.37595  239.23283 
 462.50375  244.67349 
 312.88123  254.81247 
 216.29233  256.11145 
 171.64404  257.02432 
 344.21481  256.93848 
 61.618549  262.87155 
 366.34689  264.91309 
 78.628418  265.67239 
 217.50739  268.46771 
 470.35364  268.38983 
 140.42181  268.76508 
 170.24918  272.1084 
 203.07446  273.79877 
 219.69524  275.81418 
 147.42073  277.48212 
 159.03874  281.35193 
 362.52911  282.66235 
 378.27921  290.88068 
 266.89374  293.17316 
 317.72961  292.50821 
 366.6655  296.39536 
 114.41117  299.00772 
 241.67546  298.50861 
 149.07916  299.91544 
 253.91389  300.93961 
 203.26619  302.42715 
 125.36214  303.18835 
 482.3772  303.64575 
 161.29317  308.48245 
 240.15724  311.31027 
 150.95505  314.87073 
 255.02219  315.06744 
 482.70428  320.69849 
 392.80377  322.048 
 503.09457  324.49338 
 159.13644  325.7988 
 137.7766  331.60388 
 230.16635  331.83563 
 481.42279  331.84995 
 3.3774104  333.03513 
 360.88364  339.20111 
 371.85303  339.44632 
 391.15375  338.84854 
 303.15823  346.07483 
 143.87424  347.23749 
 29.050957  349.37128 
 212.69661  349.74472 
 158.15413  351.66965 
 268.08926  355.13995 
 173.43565  356.29678 
 255.43979  357.45837 
 496.49811  359.75687 
 293.76672  360.40717 
 253.46706  365.80676 
 341.88168  366.40784 
 356.60257  366.66394 
 486.56369  372.6243 
 312.31097  374.16565 
 501.36639  374.07419 
 372.23956  375.52765 
 167.65659  380.75824 
 247.27437  380.48273 
 202.54568  385.05087 
 34.24976  387.26932 
 229.88496  391.4407 
 327.0051  396.19724 
 218.49268  396.16983 
 308.33075  396.35318 
 227.69904  397.67752 
 253.83014  397.90536 
 281.15723  398.79248 
 199.55901  402.08243 
 57.578953  406.57809 
 268.63455  406.87329 
 178.01254  413.09534 
 234.15942  415.09192 
 215.67334  415.77826 
 421.4921  427.36618 
 256.79181  434.71304 
 21.823864  435.47073 
 222.70323  435.4986 
 101.28018  437.77289 
 471.88129  438.9473 
 460.1908  443.91849 
 87.161507  449.52789 
 256.1131  449.91367 
 237.78543  450.59344 
 417.46936  460.14093 
 321.74268  465.93875 
 333.7691  466.52933 
 107.06281  478.27328 
 89.349899  479.71802 
 415.3808  480.64359 
 247.11066  482.80365 
 443.22433  484.33026 
 154.64314  491.18369 
 468.24295  492.63501 
 266.47452  497.71005 
 113.15266  499.87277 
 222.70825  506.05008 
 348.18286  505.36014 
 147.46002  505.96005 
 208.75716  508.48181 
 268.15466  509.79834 
 330.99075  518.83673 
 217.64015  520.88324 
 178.55824  521.85266 
 285.06976  529.92737 
 119.79928  536.76965 
 267.15524  551.26373 
 251.53494  552.69366 
 326.21326  552.888 
 292.57605  581.0246 
 316.60526  585.56055 
 292.56  586.31555 
 179.08594  240.98546 
 179.34785  251.04436 
 378.74576  310.26486 
 364.13342  355.90588 
 311.4357  63.751625 
 224.05113  88.041008 
 346.54803  85.396736 
 358.27042  91.467918 
 376.84503  123.03828 
 458.8819  155.7964 
 277.62741  184.75922 
 235.61528  194.8152 
 272.91656  200.44215 
 304.54089  208.12407 
 259.26443  208.0275 
 357.03485  218.9286 
 172.0564  238.18951 
 344.24692  245.02129 
 462.40436  244.72649 
 183.47282  255.17053 
 282.43161  259.61795 
 366.35541  264.0835 
 345.39929  263.97693 
 170.25214  272.55807 
 144.93442  273.92383 
 378.29727  289.65005 
 317.49713  291.8367 
 167.60611  294.72571 
 360.84549  292.03116 
 127.54693  305.02759 
 403.9238  313.70581 
 477.14752  326.31271 
 360.43387  334.54166 
 375.33435  339.62543 
 485.38293  339.95398 
 28.097561  349.07394 
 45.222107  348.15634 
 215.11581  349.8392 
 172.97133  355.59595 
 496.72491  358.68594 
 481.97836  357.94473 
 356.98566  367.20425 
 486.81241  373.00742 
 494.63171  387.133 
 58.160988  406.16614 
 267.95575  406.306 
 252.12292  414.97943 
 234.45497  415.59891 
 295.71069  419.61649 
 255.17427  434.04309 
 256.80707  450.18124 
 456.87051  449.73468 
 90.540092  479.21619 
 224.47806  505.49957 
 208.84312  508.14825 
 285.68903  524.92444 
 316.5665  585.84668 
 350.99881  78.982384 
 68.722527  114.61495 
 410.55371  136.21506 
 469.25391  135.13773 
 256.32202  154.30043 
 89.764816  175.45413 
 253.77272  174.95154 
 51.86491  180.99945 
 28.126665  205.25714 
 286.2532  212.0498 
 233.72531  215.10063 
 149.66335  218.69609 
 321.63205  232.01938 
 283.48752  235.02132 
 175.32271  246.57158 
 213.73962  246.86151 
 316.16873  255.88786 
 59.950176  263.20551 
 215.66151  263.30139 
 220.62509  272.48126 
 460.07941  279.03006 
 199.00664  275.93253 
 152.46616  284.23035 
 160.20073  284.58966 
 148.50511  298.51959 
 199.49243  304.00558 
 273.12027  310.89426 
 249.77568  318.33841 
 480.15964  321.2941 
 231.57944  327.71411 
 298.20862  351.60556 
 252.06993  361.92386 
 294.85406  377.63184 
 316.92123  381.99841 
 328.98886  390.2077 
 183.25446  387.87686 
 313.80939  390.69217 
 346.61011  400.23306 
 199.02495  401.12512 
 466.59689  404.9838 
 25.097149  410.5174 
 315.08929  426.93338 
 213.91988  437.87393 
 22.570574  439.20279 
 107.53989  438.71213 
 234.89661  454.18835 
 473.43994  454.28979 
 256.27374  458.02536 
 245.69267  481.32898 
 269.04462  481.36374 
 453.03482  486.44293 
 350.37436  534.44232 
 306.82251  549.16449 
 296.08188  582.95593 
 291.04636  54.165089 
 243.21147  104.51607 
 449.74646  122.38778 
 61.32262  181.80505 
 197.36502  228.88475 
 192.26553  245.25093 
 188.89639  254.7448 
 157.25433  262.85489 
 139.26704  276.92392 
 174.2352  344.34592 
 159.25119  331.08176 
 170.7728  346.9487 
 180.10437  355.70941 
 339.55896  363.42349 
 359.96423  362.95746 
 320.89294  369.91708 
 190.711  382.11646 
 474.78918  487.74469 
 323.21695  59.720501 
 472.17188  134.8382 
 255.17964  180.83482 
 262.35947  238.20325 
 245.5872  240.16606 
 173.91171  243.27417 
 337.15497  258.42709 
 362.2218  257.37277 
 478.29941  271.53528 
 387.04004  286.38602 
 357.96747  297.71469 
 277.06116  312.84332 
 481.41785  328.49921 
 492.80399  360.74405 
 309.2359  391.24268 
 218.6297  385.72137 
 193.69131  393.78168 
 188.13474  407.2695 
 317.13254  435.37161 
 306.392  436.30698 
 322.37408  526.62921 
 315.46414  593.07709 
 267.83591  191.09712 
 300.71225  196.79807 
 350.77826  221.85318 
 155.67215  250.92384 
 375.05725  253.9848 
 155.68356  298.80386 
 142.46651  346.03564 
 365.36948  345.36124 
 151.07773  352.45978 
 163.87477  351.40994 
 190.77538  361.65329 
 310.28345  377.45746 
 257.01031  535.87976 
 291.45627  545.87988 
 386.69904  262.2868 
 189.19479  307.15231 
 237.21315  306.78766 
 179.99043  398.69089 
 258.04007  172.75168 
 296.40646  185.94472 
 315.10513  189.59177 
 288.77393  221.35596 
 295.26959  239.88313 
 346.73447  306.49274 
 383.08118  358.58032 
 216.33295  392.19122 
