 31.749506  1.7260735 
 65.271797  1.8699768 
 282.1756  1.9810439 
 215.0882  4.0649219 
 272.6741  7.8064284 
 293.39008  11.103287 
 260.71735  12.745118 
 269.06552  12.700936 
 283.86877  18.745127 
 360.11313  20.045216 
 292.56134  20.739317 
 298.86014  21.015587 
 354.24872  22.352648 
 233.77599  24.291489 
 228.16254  25.242022 
 332.40344  24.623518 
 265.00467  25.684814 
 271.50272  25.923273 
 331.08282  27.517374 
 302.88501  30.56567 
 313.20856  30.76996 
 275.20313  31.863607 
 228.1956  32.709698 
 242.85255  32.768326 
 359.6033  33.162334 
 330.60623  36.036419 
 310.93414  36.933865 
 159.16354  39.357971 
 233.51398  38.766468 
 165.82713  40.444492 
 241.79559  39.914566 
 153.57367  40.788845 
 182.37016  43.639015 
 223.55023  44.096756 
 381.34079  45.292778 
 110.62197  45.660629 
 355.35013  46.226181 
 362.40414  46.16354 
 145.70825  47.403221 
 398.16037  46.912445 
 103.24855  47.977249 
 183.20287  48.103317 
 235.88118  48.265171 
 412.84344  47.554935 
 208.2455  50.130661 
 253.28636  49.983173 
 373.78287  52.255527 
 397.52435  53.257355 
 409.92465  53.202721 
 127.19388  54.112217 
 358.8887  54.361275 
 379.36426  53.585575 
 197.38428  55.251392 
 412.18002  56.104034 
 367.16791  57.30687 
 244.66624  60.997459 
 252.05505  61.069969 
 407.21375  60.984589 
 271.22913  62.747261 
 279.4892  62.627808 
 466.34418  67.026909 
 71.73848  69.056381 
 271.16193  71.207565 
 149.77597  73.285797 
 400.17764  73.429848 
 483.58795  73.522217 
 123.1264  76.444527 
 117.68491  78.082298 
 159.14153  77.63501 
 265.09692  78.27552 
 393.50677  77.928108 
 482.99149  78.535461 
 93.392494  79.720161 
 422.6416  81.337471 
 87.887527  82.467468 
 415.03806  82.532455 
 438.2489  83.388908 
 81.211395  83.900215 
 229.54965  84.03347 
 444.53134  83.545776 
 236.91592  84.61953 
 406.18533  86.18615 
 483.01614  86.356316 
 470.76285  89.059631 
 477.04095  89.491524 
 432.78082  89.813026 
 85.481926  91.103104 
 425.87378  91.10202 
 419.02386  91.686028 
 501.95435  94.121574 
 89.48336  96.477028 
 82.921028  98.160393 
 345.92477  98.194061 
 424.76517  99.978584 
 334.64288  102.44466 
 245.35023  103.96612 
 341.89349  104.28211 
 478.54208  108.56448 
 485.18021  109.24828 
 573.1781  110.30415 
 75.248474  110.75243 
 84.745575  112.04723 
 91.502068  112.2387 
 333.88596  113.94712 
 485.96539  114.89503 
 85.116203  115.90382 
 514.802  118.28545 
 521.05872  117.87681 
 289.64273  120.18875 
 83.217598  122.36258 
 480.27902  121.59729 
 559.01733  121.69585 
 267.9552  122.641 
 533.81226  123.27207 
 494.92392  123.67285 
 521.75763  124.30101 
 239.91283  124.98775 
 299.68698  126.34318 
 486.84973  126.01803 
 96.093773  128.61122 
 74.442963  130.87183 
 512.7431  131.52292 
 288.69836  132.95169 
 518.76056  132.78052 
 51.054306  135.25334 
 303.50064  138.55067 
 260.06915  140.02176 
 221.85266  141.12923 
 242.1684  141.16992 
 81.18187  142.347 
 275.98337  141.48357 
 87.824524  142.60178 
 314.59167  142.57635 
 201.16161  146.34976 
 501.62665  145.6423 
 236.49016  147.62935 
 297.45529  148.10844 
 38.225945  149.04814 
 262.97766  149.30534 
 284.19116  149.13754 
 176.11214  149.87442 
 215.20482  150.40514 
 270.04971  149.67169 
 504.45068  150.6277 
 498.27875  151.05362 
 187.08978  152.46773 
 331.49454  152.22899 
 338.61154  153.42181 
 204.1898  153.67006 
 233.94687  154.16513 
 30.39859  154.50369 
 165.5536  155.65788 
 329.43594  155.57773 
 287.96951  156.67256 
 317.0257  156.81833 
 507.28812  156.83786 
 183.67992  158.99438 
 309.97363  161.22011 
 325.91772  161.18758 
 199.69156  161.69385 
 488.92661  161.67175 
 494.13544  161.91718 
 205.8158  163.88016 
 166.52513  164.89053 
 176.2462  166.17076 
 328.14853  167.97368 
 384.70831  168.49731 
 189.36937  169.51163 
 492.96857  170.6048 
 194.71413  172.38205 
 365.90536  174.08984 
 343.03204  175.24411 
 580.91815  174.84273 
 381.66669  175.49251 
 175.16641  176.75615 
 15.860585  178.24162 
 483.84097  178.73186 
 168.61479  180.07224 
 161.93362  180.5938 
 280.24313  181.12056 
 375.58475  182.17029 
 5.9521403  184.66728 
 65.314537  185.84935 
 72.679802  186.19901 
 387.24908  185.62355 
 502.26797  185.62953 
 151.09367  186.95335 
 183.89703  186.69554 
 275.3345  186.64532 
 369.1713  186.57376 
 496.22253  187.29984 
 361.62698  188.31404 
 354.90811  189.80112 
 167.67935  190.81355 
 177.30502  192.4213 
 149.03922  193.07739 
 158.64394  192.76363 
 183.95235  192.80644 
 390.51636  192.56981 
 213.31506  194.37878 
 165.17204  198.6965 
 252.8407  199.54872 
 374.41635  198.42741 
 481.25381  199.53629 
 150.06743  200.34789 
 489.49884  199.75099 
 175.09955  200.67758 
 402.45297  205.48793 
 408.64157  205.07025 
 498.01343  204.82913 
 146.63441  206.41197 
 161.71957  205.94121 
 152.646  207.12654 
 490.62564  206.86641 
 392.17712  207.78607 
 397.10999  209.05336 
 550.2735  209.46121 
 382.98227  209.593 
 413.73398  210.11513 
 371.37103  211.41415 
 163.58934  212.56447 
 52.334049  213.07986 
 403.02676  213.00703 
 408.66241  213.44 
 119.01044  214.02946 
 152.05797  214.28717 
 173.29793  213.45857 
 492.02072  217.05112 
 500.04327  216.86711 
 397.29291  218.06093 
 212.99773  220.3437 
 387.18878  220.30428 
 148.42494  220.68738 
 379.8623  221.17903 
 406.77927  222.31891 
 138.63405  224.70982 
 163.28438  224.71976 
 329.70007  225.70319 
 500.21924  225.52853 
 155.07776  228.97511 
 491.36035  228.46806 
 417.06705  229.68465 
 203.74603  230.86086 
 163.83624  232.20349 
 407.65268  231.61839 
 423.69684  231.76675 
 363.68832  233.26895 
 541.97809  232.88202 
 388.69537  234.49318 
 141.65512  235.22694 
 382.10519  234.69489 
 503.69278  234.88513 
 510.30701  235.06143 
 158.03313  238.25072 
 292.66898  237.95291 
 17.99844  238.74974 
 123.93186  238.84605 
 280.05417  239.22702 
 299.57831  239.45425 
 111.17734  240.1508 
 393.86465  240.50572 
 260.10141  242.22139 
 399.86481  243.18568 
 413.04205  242.86237 
 160.88947  243.87338 
 382.63376  244.57666 
 504.18933  245.3683 
 510.60913  244.63379 
 145.32167  245.7769 
 276.58978  245.9328 
 254.77711  246.65459 
 282.77667  247.09273 
 233.95732  248.15154 
 337.98505  247.60228 
 139.92993  248.7459 
 4.0002685  249.59923 
 131.1877  249.99062 
 263.15555  250.40237 
 514.77704  250.14363 
 501.53915  252.50948 
 508.03931  251.97096 
 255.64073  253.2843 
 21.693592  255.20784 
 290.44147  255.31342 
 15.704557  255.56184 
 517.42383  256.20065 
 140.18935  256.59363 
 263.97742  257.24191 
 393.48267  257.85211 
 274.979  259.0499 
 526.90558  259.88583 
 138.79077  261.66965 
 514.56757  261.87299 
 521.0863  261.73206 
 161.59656  262.89182 
 133.03215  264.15979 
 408.37277  265.05511 
 142.87561  266.96228 
 386.74918  266.42154 
 247.43217  267.93555 
 380.04636  267.54932 
 396.46841  267.97784 
 515.55798  270.81143 
 521.92682  271.87503 
 382.91901  274.56839 
 390.6799  276.36395 
 503.86423  276.8985 
 520.72949  279.46631 
 135.19531  283.3082 
 514.7132  283.15619 
 317.75134  285.0882 
 323.2496  285.41742 
 550.88318  285.42282 
 19.640064  287.31702 
 556.39301  286.48819 
 373.71564  288.8804 
 17.076324  291.07507 
 23.518593  291.9469 
 138.10403  291.62616 
 161.98465  292.3251 
 214.11188  293.06686 
 233.58092  293.55707 
 553.29016  293.00888 
 386.47342  294.56052 
 526.83411  295.34808 
 374.28903  296.95026 
 12.879835  297.62323 
 129.84351  298.4469 
 518.76917  297.66827 
 384.37216  299.73026 
 512.10699  300.2226 
 393.70654  301.75772 
 522.66583  301.97659 
 117.61945  304.03271 
 360.56119  308.15408 
 366.96466  308.87292 
 521.80823  309.21176 
 302.77808  310.30765 
 173.01137  311.01736 
 179.21707  310.94696 
 261.10556  310.71912 
 309.08432  312.30267 
 355.48825  313.38058 
 278.75153  315.43744 
 507.7695  316.12408 
 524.82916  316.88376 
 368.01532  318.98959 
 296.01929  320.29251 
 375.80219  320.19156 
 534.97021  319.59082 
 487.77188  321.39038 
 302.70255  322.15671 
 514.84583  321.9762 
 344.11169  322.58514 
 349.46964  323.43625 
 160.60336  323.55252 
 234.07913  324.67126 
 309.26126  325.19482 
 379.71362  327.4931 
 399.62289  328.03644 
 343.52307  328.70313 
 346.63815  328.89084 
 337.85193  329.85828 
 519.31677  330.08905 
 21.514597  330.65591 
 196.26782  333.31119 
 203.93724  335.84253 
 517.00195  336.4418 
 331.29913  337.09958 
 186.73796  337.58194 
 337.60135  338.52835 
 523.78937  338.20807 
 385.99881  341.4505 
 530.8067  340.646 
 162.45277  343.03958 
 171.03568  342.9953 
 329.04822  342.6705 
 27.91703  346.1666 
 492.66089  346.20239 
 220.93063  347.96188 
 331.56097  349.61456 
 170.91264  351.03513 
 239.15363  351.34152 
 323.12897  351.12299 
 207.06647  352.98618 
 506.45099  353.33463 
 42.50441  353.77704 
 228.01147  354.33344 
 271.29422  353.63165 
 302.444  353.70117 
 512.79803  354.23984 
 21.500978  354.5661 
 117.98326  354.85397 
 281.06552  354.52707 
 313.36154  354.586 
 189.994  356.2836 
 195.89107  355.83179 
 255.92331  357.0809 
 30.303148  357.57852 
 235.9001  358.37338 
 202.52518  358.59735 
 212.90474  359.04272 
 226.76332  359.09055 
 267.26102  359.91119 
 299.85135  359.66635 
 261.39227  360.93805 
 495.08826  361.08331 
 183.63052  364.53781 
 316.13998  363.96124 
 190.41261  365.12836 
 196.82426  364.64874 
 222.56485  364.87119 
 295.22556  365.12155 
 176.19487  366.27594 
 483.34232  366.77936 
 252.90703  367.97946 
 262.22867  368.07809 
 307.68677  367.53418 
 285.08472  369.92001 
 218.33119  371.80103 
 532.20709  371.76898 
 211.75624  373.09525 
 231.2231  374.013 
 296.0441  374.10526 
 306.71667  375.43802 
 340.0437  375.42685 
 333.78513  375.73154 
 271.09506  377.961 
 179.58087  378.57028 
 172.20844  380.08759 
 264.83679  380.0192 
 84.347183  382.24072 
 220.12274  382.16309 
 235.50006  382.07959 
 470.82294  381.52255 
 431.27393  383.39194 
 436.82855  383.01187 
 254.00363  385.28098 
 331.57297  386.03848 
 532.12024  385.50699 
 537.98419  387.34299 
 361.27032  390.49365 
 54.668129  391.56973 
 68.852135  391.47922 
 495.95853  392.92404 
 80.070183  394.89526 
 73.623291  396.12604 
 277.69815  396.24927 
 284.84579  397.03821 
 73.030861  403.69489 
 504.83301  404.19589 
 409.44626  405.42044 
 21.205717  408.19302 
 442.55533  407.71707 
 496.42319  409.43173 
 503.00964  409.40128 
 251.98991  412.85446 
 244.73834  413.64792 
 188.07877  415.08124 
 496.88846  415.85159 
 331.39365  420.1019 
 250.82735  421.12134 
 346.68884  420.65195 
 98.647797  422.39767 
 185.58385  423.95007 
 54.192719  426.12494 
 83.79567  425.82379 
 481.81216  428.5423 
 76.73571  428.90567 
 335.19489  430.92282 
 350.94061  431.1395 
 53.40786  433.9418 
 363.8793  435.12106 
 424.42581  436.32593 
 106.59788  437.23578 
 137.3201  437.35977 
 219.10576  437.29047 
 430.04886  437.34219 
 366.83243  438.53317 
 269.62973  439.61438 
 75.37838  441.58545 
 134.47508  441.33929 
 262.6268  440.88037 
 440.61005  440.68832 
 474.61258  440.6131 
 82.31324  443.28387 
 212.76514  444.21448 
 218.49501  443.94135 
 109.07451  444.96545 
 174.8876  445.15393 
 481.6745  444.83887 
 167.1669  446.11325 
 200.17291  445.51846 
 354.07794  446.33002 
 338.55704  447.04868 
 446.51892  448.17096 
 455.52805  447.79022 
 428.28088  450.31155 
 269.92728  452.10394 
 102.74973  452.66083 
 417.59909  453.35864 
 95.622047  455.16376 
 134.68031  455.22733 
 462.15833  454.7283 
 276.39008  456.01129 
 78.820099  458.59265 
 264.89792  460.00714 
 274.89615  463.34735 
 478.66342  463.05334 
 280.66763  463.93369 
 422.57809  463.94556 
 159.60667  464.97479 
 348.68994  464.69009 
 355.18759  464.61322 
 195.51886  467.79416 
 255.12117  473.35501 
 264.77243  472.75497 
 271.11734  473.72626 
 149.07927  476.16745 
 243.00151  476.75769 
 394.44235  477.42404 
 356.98141  477.76294 
 92.425911  479.45987 
 251.31824  480.51486 
 340.26306  482.39987 
 258.51126  482.5979 
 265.45139  482.44812 
 177.59044  483.98248 
 207.65283  485.64841 
 295.49252  488.73459 
 338.354  491.86594 
 388.20798  492.22992 
 142.05595  492.57312 
 382.59677  492.70465 
 253.49721  496.55762 
 207.07742  499.21167 
 97.601776  505.57626 
 303.47891  507.44632 
 91.461227  509.31332 
 321.15634  514.17694 
 247.9091  519.30682 
 329.26352  520.50061 
 246.23024  522.97925 
 73.676216  532.92566 
 61.170376  537.43573 
 364.87634  536.62036 
 71.06443  538.84717 
 321.65765  541.60284 
 58.403606  542.63776 
 315.39447  543.23108 
 294.68259  543.5824 
 305.79556  545.33539 
 321.961  550.32068 
 312.43655  555.47821 
 305.69989  555.94281 
 295.16003  569.32648 
 319.81027  569.2243 
 324.10571  573.42236 
 571.59857  591.69751 
 215.14069  3.3193543 
 282.00391  2.7693222 
 270.68036  10.950566 
 294.21765  12.001935 
 260.54675  12.901838 
 353.20819  13.815385 
 339.40149  15.587427 
 284.89111  18.079433 
 360.61011  20.019588 
 298.83929  20.720688 
 86.541801  22.213179 
 234.19678  24.508884 
 264.35358  25.46155 
 331.68271  26.42728 
 354.62903  25.85737 
 275.02527  30.161472 
 312.41559  30.146961 
 302.41806  30.742344 
 243.22478  31.593378 
 367.51001  33.655033 
 331.24124  36.004517 
 375.34561  36.67749 
 233.40779  38.89418 
 242.12157  39.726257 
 165.55722  40.9832 
 182.38994  44.791767 
 223.17896  44.819466 
 380.20209  44.923672 
 111.71632  46.186401 
 191.10678  46.508087 
 354.61987  46.884411 
 362.65466  47.392559 
 413.3371  47.324856 
 102.39948  48.184959 
 145.28624  47.907909 
 236.3847  48.506802 
 253.4303  49.47163 
 407.07648  50.754898 
 371.62549  53.064144 
 127.58775  54.269417 
 358.90567  54.409306 
 396.45425  54.013779 
 380.0423  55.204723 
 411.78064  55.313457 
 197.53566  55.54541 
 367.0892  56.790329 
 388.83551  60.334953 
 242.96141  60.642914 
 252.54248  61.224083 
 271.59543  61.992249 
 279.36221  62.418034 
 148.98383  63.172337 
 82.041862  66.228004 
 456.99045  67.096291 
 465.85782  66.505653 
 140.91805  69.736115 
 271.21164  71.582329 
 150.93364  73.316986 
 401.14545  73.624161 
 474.83844  75.561569 
 483.41827  75.222694 
 123.78141  76.625427 
 159.42189  77.466881 
 257.71613  77.979607 
 265.7803  77.81649 
 393.32797  77.798195 
 94.288551  79.037239 
 300.82324  78.832436 
 88.027664  82.013626 
 422.83875  81.754036 
 414.03503  83.532463 
 80.690155  84.600929 
 229.8517  83.882126 
 436.88239  84.073059 
 444.90637  84.019493 
 120.39912  87.170822 
 405.88727  86.757706 
 484.09506  86.619324 
 129.58344  89.602966 
 477.15817  89.550011 
 469.47189  89.44976 
 426.13931  90.471832 
 85.916306  91.788239 
 417.30725  93.00132 
 502.09424  94.015816 
 89.666298  96.154114 
 366.31192  95.607056 
 487.83997  96.759865 
 81.960686  98.179039 
 425.56271  98.997498 
 333.96533  102.41974 
 245.09912  103.68169 
 253.07402  103.85488 
 342.33914  104.02222 
 558.46503  104.87888 
 477.79306  107.78435 
 301.44504  109.3454 
 284.06003  110.11056 
 485.53372  109.74555 
 573.17914  109.82867 
 74.964027  110.71707 
 564.21356  111.20872 
 92.272873  113.15823 
 486.37463  112.64156 
 84.449547  114.47088 
 521.58337  117.53073 
 513.6095  118.64091 
 290.2012  120.33687 
 481.19888  121.24519 
 565.47406  120.99821 
 267.90714  122.47724 
 557.97162  122.56763 
 76.21772  122.8669 
 83.291695  123.36176 
 105.76315  123.29464 
 493.88226  123.15981 
 533.88904  123.24623 
 238.97124  124.21857 
 299.97058  126.62643 
 96.150215  128.61748 
 65.778114  129.84428 
 74.397072  131.91214 
 511.35733  132.20375 
 288.53586  132.58009 
 518.97699  132.95476 
 51.351898  135.18324 
 88.499695  134.97681 
 304.06677  138.42322 
 351.05609  138.2292 
 215.04832  139.2303 
 222.29666  141.07666 
 252.53957  140.67398 
 242.71454  141.84447 
 315.09802  142.38857 
 79.867294  142.58385 
 275.83493  142.56088 
 48.489624  146.03867 
 502.77353  146.42099 
 200.48543  147.11311 
 236.65973  147.3325 
 297.54575  148.40085 
 345.6217  148.10094 
 38.711693  148.79781 
 175.52461  149.41367 
 262.09152  149.3078 
 284.66293  148.74788 
 270.38107  150.81165 
 496.80911  150.95897 
 215.63063  151.75092 
 204.44887  153.30605 
 312.48935  153.06683 
 338.69333  153.34973 
 330.3429  153.96495 
 29.933187  155.01418 
 166.0264  154.77782 
 234.48775  154.87206 
 157.97923  155.89893 
 193.62776  157.02161 
 508.586  157.08949 
 184.10336  157.63954 
 287.68271  158.06303 
 175.7975  159.73241 
 199.48346  161.63513 
 309.11395  161.62898 
 206.65627  164.56834 
 227.30156  163.86838 
 166.83154  164.73438 
 151.57092  166.38895 
 176.1824  166.37762 
 384.6958  168.24242 
 188.94037  169.21364 
 328.48441  168.64438 
 492.90555  172.39159 
 194.06505  174.9913 
 342.04691  175.29379 
 351.79071  174.36192 
 366.71075  175.11436 
 581.08392  174.60828 
 253.82857  177.43584 
 381.02118  176.63779 
 173.90306  177.5592 
 227.81351  177.47221 
 239.07385  177.90073 
 484.06448  177.8488 
 169.31784  180.09781 
 325.93271  179.91609 
 162.04134  180.52773 
 377.08737  181.54927 
 472.58524  182.1515 
 211.75012  183.76517 
 347.26437  183.1445 
 358.29593  184.04184 
 5.7548881  185.1691 
 73.011177  185.3472 
 368.57999  185.2179 
 386.95071  184.7355 
 65.130424  185.82544 
 394.77451  185.60927 
 239.80273  187.49174 
 275.70264  187.35677 
 502.95627  186.9744 
 149.88762  188.88065 
 219.96014  188.31203 
 250.0545  187.94507 
 361.8374  188.71786 
 354.84357  189.88338 
 167.53123  191.59503 
 296.94629  190.72763 
 124.84132  192.05922 
 158.09099  192.19547 
 258.71301  191.75575 
 381.47717  192.41975 
 430.52069  191.89021 
 176.37187  192.80194 
 390.89163  193.14299 
 184.26582  193.94255 
 213.13966  194.70842 
 62.162205  197.9673 
 165.54691  198.54349 
 243.82872  198.73225 
 291.65283  198.57457 
 489.98764  199.187 
 252.52339  199.81071 
 321.27701  199.7578 
 374.92648  199.85835 
 480.66098  200.02559 
 150.80281  200.60416 
 175.37486  200.74362 
 310.95966  200.64963 
 61.479259  203.58746 
 498.99002  205.29584 
 64.775284  206.25647 
 145.87978  207.18196 
 80.079117  208.38602 
 490.57889  207.57143 
 391.45819  209.00909 
 549.97156  209.39589 
 370.31888  211.36551 
 412.67719  211.05891 
 378.62659  211.69026 
 52.659969  212.39778 
 174.19241  213.2748 
 403.12012  212.82339 
 118.46438  214.71255 
 151.34853  214.95746 
 205.25159  215.06374 
 492.14917  217.07784 
 500.47382  217.73779 
 396.50308  218.51001 
 115.82337  221.12445 
 212.03239  220.58472 
 387.64481  220.55655 
 379.47693  222.23442 
 406.47525  221.58162 
 138.94963  223.5609 
 162.84943  223.82513 
 508.52167  223.89795 
 329.40768  225.08646 
 500.24536  225.2641 
 146.03749  226.51035 
 7.424212  228.60258 
 155.52455  228.95615 
 490.83704  228.92175 
 203.88142  230.48396 
 416.32764  230.14917 
 212.38744  230.6176 
 85.431274  231.73376 
 423.85904  231.58418 
 164.37888  232.93045 
 363.47098  232.43921 
 541.88672  233.00749 
 502.68097  235.02205 
 510.27155  234.82918 
 381.58505  235.67651 
 16.824957  238.92155 
 279.55151  239.46754 
 299.89401  238.61623 
 393.47287  238.86336 
 111.3035  240.00436 
 123.46273  240.81482 
 2.7780814  240.75748 
 150.12672  240.60608 
 103.13953  241.92426 
 260.65503  242.35127 
 332.05777  242.09639 
 382.7215  243.03706 
 412.65466  243.0273 
 400.88342  244.22453 
 161.15912  244.87714 
 219.25891  245.20859 
 276.08701  244.8609 
 504.31912  245.39972 
 512.29907  245.44618 
 253.9785  245.71127 
 283.50333  247.15482 
 338.32925  247.48615 
 139.21271  248.34541 
 233.87534  248.09306 
 2.937012  249.29158 
 12.027979  248.88747 
 247.83849  248.97118 
 514.73169  249.21164 
 130.72804  249.97946 
 262.17447  249.51678 
 389.37939  250.45963 
 417.74014  251.00774 
 434.75577  250.9888 
 160.94348  251.52448 
 507.87772  251.70541 
 500.71472  253.29437 
 117.94443  254.09909 
 256.19165  253.5507 
 291.80951  256.16745 
 147.41576  257.05359 
 13.709058  257.28842 
 393.77664  257.58859 
 139.72572  259.92062 
 263.44083  259.20895 
 274.79364  259.26001 
 533.65955  259.53671 
 513.35889  261.11475 
 520.93665  261.88629 
 416.18781  263.03699 
 132.82751  264.74048 
 408.45648  264.84589 
 445.84958  264.80435 
 143.46759  266.87689 
 379.27435  267.38345 
 387.01318  266.77957 
 396.54031  266.88687 
 76.178955  267.77374 
 124.43868  268.15253 
 248.73848  268.10345 
 163.66661  271.48996 
 515.48163  270.8338 
 409.09082  274.96207 
 503.80127  276.41263 
 158.09645  276.67786 
 27.397692  277.68692 
 521.2699  279.40125 
 376.88928  280.8595 
 331.19138  281.43564 
 136.49239  283.40884 
 385.89642  282.77933 
 514.48022  283.13901 
 404.65872  283.849 
 126.45182  284.8172 
 151.17813  285.28378 
 315.95142  286.5412 
 323.52966  285.8266 
 550.19427  286.01755 
 557.56378  286.1149 
 373.70499  287.71915 
 18.179955  288.38373 
 129.18167  290.22351 
 311.27557  289.63229 
 139.37831  290.6181 
 224.7054  291.69843 
 24.299585  293.14789 
 161.27396  292.43478 
 213.20128  293.2514 
 233.74677  292.8652 
 148.35786  294.89365 
 527.64099  295.28946 
 12.886781  296.22134 
 375.31796  297.1427 
 519.29041  297.43127 
 385.38821  297.94714 
 130.26668  298.67487 
 262.78476  299.08511 
 366.45547  300.06955 
 393.86847  301.07346 
 274.06754  302.8082 
 117.57986  303.75116 
 493.43787  308.10132 
 522.07269  308.12802 
 302.20279  309.16132 
 367.4483  309.51672 
 180.27603  310.84158 
 237.4718  310.72272 
 170.21727  312.33109 
 259.93683  312.00833 
 308.85703  313.44128 
 355.74646  312.75259 
 383.16623  315.52979 
 508.22382  315.82062 
 524.7948  317.01306 
 368.0838  319.2226 
 296.20285  320.00491 
 375.84698  320.04224 
 534.81274  319.48834 
 350.87811  322.23813 
 138.26419  323.45718 
 161.12587  322.91193 
 507.37375  323.1098 
 150.84319  323.73038 
 234.18217  324.49554 
 188.95151  325.49652 
 199.4801  326.50153 
 309.59195  325.75351 
 130.8237  327.02487 
 15.457889  327.87936 
 399.44028  328.34216 
 344.64905  328.67392 
 526.76752  329.12332 
 519.05304  329.50024 
 22.098202  330.81467 
 336.1741  330.6601 
 195.50705  333.45825 
 234.0443  335.26889 
 204.07536  336.49222 
 331.32776  335.6011 
 514.92938  337.24335 
 186.2791  337.94904 
 337.94788  339.21899 
 523.25586  338.61151 
 312.22171  341.28506 
 377.8858  341.49655 
 386.48825  340.99429 
 531.00244  341.16211 
 218.12744  341.89111 
 241.7793  342.29901 
 288.01617  342.07391 
 321.75949  342.3667 
 162.34967  343.0965 
 170.96886  342.70251 
 400.70468  342.84784 
 484.65704  344.6897 
 257.33179  344.62015 
 26.746948  345.577 
 284.83823  346.49731 
 492.63351  346.79831 
 181.55801  348.0069 
 331.67117  350.38647 
 170.94907  351.69403 
 251.48923  351.75159 
 269.53952  352.36359 
 323.48767  351.85535 
 498.88266  352.16711 
 536.70911  351.55917 
 42.354885  353.36499 
 303.8974  353.03949 
 160.46698  353.62079 
 400.39948  353.94989 
 505.31039  354.18036 
 228.88657  355.5997 
 280.91074  355.39175 
 313.06699  354.57159 
 512.99847  354.94974 
 21.584923  355.49609 
 188.85257  355.67563 
 195.72066  355.79404 
 30.243942  356.49527 
 202.64781  357.96765 
 234.69957  357.26364 
 212.02905  359.11908 
 299.20685  360.18063 
 169.90974  360.86975 
 267.50064  360.84253 
 495.07031  360.78775 
 242.2915  362.49405 
 296.09116  364.33875 
 315.97476  364.52124 
 185.64047  364.62256 
 189.20331  365.20578 
 175.67877  365.79922 
 222.53317  365.87595 
 483.92944  366.32065 
 252.2832  367.11581 
 261.57648  367.55115 
 285.30841  368.32635 
 107.99252  369.07303 
 307.65295  368.93106 
 219.08597  371.20932 
 271.55362  370.80478 
 524.11737  372.64929 
 532.20251  371.89423 
 211.35913  372.84738 
 296.01385  374.29904 
 340.35043  375.25876 
 332.49017  375.64499 
 271.66809  376.40164 
 179.38863  377.69925 
 288.02615  379.2551 
 172.06609  379.83774 
 264.06595  380.2627 
 115.48904  381.42496 
 84.252342  382.50604 
 218.9838  381.99576 
 235.50743  382.44421 
 530.68555  383.15924 
 254.80603  384.7164 
 282.20728  385.35992 
 446.36365  385.61041 
 330.7496  386.75607 
 538.09943  387.21185 
 300.90048  389.5191 
 362.08041  390.32962 
 55.093151  391.34589 
 68.074516  392.07462 
 496.39233  392.84131 
 313.10785  393.49228 
 488.44669  393.58417 
 80.260696  394.82474 
 73.866058  396.0993 
 276.87933  395.62012 
 285.67084  396.58197 
 65.659225  397.67261 
 263.54773  398.08408 
 401.3403  402.81766 
 496.79202  402.83823 
 72.665314  404.46893 
 409.13245  405.36658 
 21.305382  408.18549 
 64.152702  408.47165 
 442.09695  408.32126 
 496.24292  407.55713 
 503.74365  407.99622 
 180.81085  412.86636 
 251.76122  412.65079 
 244.88243  413.55374 
 70.923668  415.14743 
 188.61073  414.41962 
 106.28747  417.35226 
 489.45233  416.88184 
 240.45261  419.65784 
 331.1124  419.54938 
 345.96692  419.63635 
 497.07394  419.47928 
 250.29491  421.1947 
 99.009842  422.50946 
 265.74451  422.86661 
 185.64314  423.88953 
 61.59235  424.99805 
 92.471382  425.20258 
 257.89713  425.35214 
 83.388115  426.55579 
 53.862148  427.63031 
 481.78149  429.28412 
 75.384483  430.63913 
 335.86566  431.45255 
 350.62668  430.90094 
 489.93408  431.55768 
 52.959404  432.51254 
 364.57925  436.1879 
 423.61963  435.50574 
 105.91514  437.33752 
 250.40207  436.73788 
 63.683411  438.66159 
 136.92162  438.66708 
 270.10614  439.18835 
 127.2836  440.22296 
 441.05347  439.29486 
 473.91843  441.49127 
 560.39447  440.85034 
 74.742409  442.64667 
 82.598152  443.08902 
 218.84933  444.39252 
 481.87866  444.29626 
 109.68761  444.61969 
 166.42761  445.53195 
 175.47662  444.92987 
 199.59818  445.50275 
 354.06152  445.86362 
 454.84247  445.86948 
 207.53287  446.81113 
 338.38062  447.36566 
 369.39719  446.72037 
 446.41531  447.9335 
 252.82106  449.31302 
 346.70782  448.95343 
 435.59082  449.60098 
 427.82382  450.55786 
 52.690521  451.69058 
 136.22638  452.11844 
 269.41583  451.7337 
 103.45751  453.54697 
 417.23755  452.95901 
 486.99792  452.83786 
 212.98077  453.49707 
 95.405403  454.50024 
 120.24261  454.59238 
 461.58789  455.28113 
 276.7865  455.66364 
 77.173203  456.8176 
 265.03409  460.19971 
 129.45242  462.16794 
 478.66434  463.34308 
 273.17108  463.5419 
 281.08127  463.99387 
 348.00995  464.33951 
 422.07288  463.76212 
 356.27335  465.00223 
 90.175117  466.73096 
 195.37512  467.20654 
 496.31592  470.20212 
 96.676132  471.48636 
 263.81531  472.16071 
 341.79755  472.40472 
 182.0065  473.38669 
 254.97137  472.79657 
 271.87479  473.49002 
 190.74892  474.72983 
 402.01276  474.78397 
 148.99866  476.33893 
 195.3502  475.58243 
 242.99008  476.70694 
 394.17078  476.86078 
 124.48175  477.58643 
 356.13855  477.68994 
 251.02658  479.70444 
 161.6245  480.44681 
 298.96103  480.73499 
 258.34259  481.98996 
 340.01944  482.33658 
 265.62451  483.09357 
 549.16602  482.86011 
 177.35081  483.51831 
 208.02527  485.46329 
 235.0797  487.86029 
 163.35681  490.50632 
 313.21967  490.11295 
 337.6301  492.16946 
 382.1712  492.1441 
 142.5813  492.88889 
 344.6163  494.0679 
 252.3304  495.3588 
 122.86962  495.65482 
 88.731033  497.18451 
 133.83899  497.91516 
 265.24112  499.099 
 80.495621  502.05029 
 243.38803  504.37582 
 98.481697  505.37149 
 296.20157  507.94211 
 303.25851  507.89551 
 91.038544  509.0051 
 251.63434  508.68976 
 321.02515  514.91614 
 334.05673  515.89801 
 247.31863  520.71198 
 337.07166  522.43549 
 85.788086  528.14594 
 71.966576  535.03156 
 311.08606  534.67096 
 340.82819  534.78082 
 61.069221  535.42792 
 365.34579  536.44257 
 322.20685  539.83051 
 314.96707  543.64349 
 294.49521  544.77509 
 306.40613  545.51886 
 299.45468  550.09882 
 322.0589  551.92865 
 288.30838  555.42859 
 312.47089  555.04358 
 299.21259  560.15729 
 324.2829  574.49408 
 157.86328  237.14124 
 382.86154  274.57806 
 259.83844  13.223044 
 287.23526  18.372593 
 353.71899  26.613487 
 274.4642  28.819801 
 312.66928  29.995798 
 375.29691  35.963409 
 192.42136  46.050018 
 363.0318  47.116947 
 102.27615  48.295418 
 253.60114  48.755569 
 127.96169  53.641457 
 207.95198  54.456974 
 395.95279  54.859043 
 411.42856  55.09589 
 380.15128  57.590042 
 241.47691  60.954819 
 82.221474  66.216408 
 456.97177  68.267746 
 271.36221  72.077126 
 150.8295  72.995987 
 401.63943  73.75177 
 483.60437  74.904274 
 473.81268  75.48008 
 299.22092  79.399124 
 435.04178  85.494553 
 120.33861  86.472481 
 467.5921  89.5168 
 352.52777  90.930244 
 343.41504  103.1439 
 301.05936  108.37673 
 73.39209  110.43651 
 487.30908  111.23882 
 83.822533  114.07777 
 290.62473  119.95014 
 300.53125  121.39541 
 481.98071  121.66487 
 493.53012  122.47433 
 74.579582  132.74928 
 350.74503  138.90044 
 346.19003  147.58781 
 503.72876  147.12076 
 175.1985  148.5443 
 298.47202  148.87132 
 215.808  151.39613 
 227.63187  164.19101 
 188.51547  168.82019 
 384.62949  168.47113 
 311.64786  172.41039 
 227.61562  176.9218 
 484.36978  177.31715 
 379.27271  178.11635 
 171.31813  179.38004 
 185.67896  183.20337 
 210.51884  183.79588 
 73.801781  185.24023 
 239.94197  192.11533 
 158.00839  191.97795 
 380.17551  191.94482 
 184.74048  194.3893 
 213.58183  194.11447 
 165.95242  197.20218 
 490.41455  198.80684 
 291.37787  199.58324 
 479.53366  200.43599 
 310.79602  201.26254 
 391.33362  209.94476 
 369.51505  211.38754 
 412.26651  212.12099 
 395.85095  218.53247 
 406.87338  221.12236 
 509.92761  223.47897 
 146.77577  226.32867 
 203.58519  230.74989 
 415.06427  230.76262 
 363.40445  232.45273 
 412.17664  243.51746 
 219.52812  245.33612 
 401.66251  245.04951 
 513.74347  245.74182 
 12.87737  248.80316 
 390.11993  250.35703 
 419.71057  250.23753 
 434.50735  251.59773 
 292.46216  256.7796 
 12.708775  258.69034 
 132.26663  265.09372 
 408.90097  264.67325 
 397.36063  266.328 
 515.31427  270.85178 
 332.02393  280.54056 
 514.34106  284.32291 
 128.23502  289.44095 
 234.39685  292.41135 
 212.66232  293.32681 
 23.984564  294.9675 
 375.52133  296.75568 
 385.52219  297.77289 
 365.90192  299.21393 
 301.78787  308.03638 
 493.93082  308.95831 
 181.45255  310.67807 
 238.01408  310.59665 
 139.69464  323.53433 
 234.53645  324.17166 
 187.87955  325.25073 
 309.61487  326.1123 
 345.09622  328.60623 
 518.15442  327.37814 
 399.81799  328.70062 
 186.18303  337.74658 
 171.30988  342.26782 
 242.32019  341.9285 
 400.20767  342.54816 
 257.78033  343.47083 
 26.182798  345.43018 
 483.02438  344.8754 
 492.72809  347.06082 
 523.27808  351.49289 
 304.13614  352.31604 
 160.81213  353.44186 
 211.78041  358.61441 
 297.5148  361.85742 
 494.62302  360.60776 
 316.2081  364.79288 
 252.39128  366.95395 
 284.75027  367.6752 
 306.71918  371.08936 
 523.66968  373.35812 
 162.38774  373.8754 
 271.62759  373.45172 
 340.57141  375.24677 
 331.077  375.48959 
 178.73363  376.73755 
 288.33118  378.90216 
 114.64262  381.47882 
 217.92957  381.79715 
 84.127602  383.62634 
 235.32674  382.7579 
 282.55243  386.1217 
 538.57404  386.35202 
 448.31512  386.6459 
 55.982998  391.47131 
 311.79007  393.8165 
 274.40265  395.40897 
 495.53159  403.8252 
 504.63757  406.03265 
 496.87372  419.26547 
 249.90828  421.00543 
 266.31824  422.4473 
 52.508465  430.82407 
 490.5058  432.01862 
 441.61679  438.14651 
 270.17542  438.40579 
 126.62234  440.25946 
 560.8656  441.63086 
 73.913567  443.73077 
 482.06958  444.31137 
 165.74748  444.81485 
 175.85921  444.67587 
 355.11264  445.34882 
 208.53688  445.95212 
 455.58224  446.55008 
 369.08923  447.4364 
 446.14203  448.49487 
 251.99969  450.09161 
 427.83591  450.75378 
 136.43097  451.65451 
 415.30447  453.95172 
 119.87564  455.10446 
 213.19243  457.1156 
 347.79465  462.98123 
 421.21552  463.22031 
 478.54578  464.10577 
 198.36598  465.30649 
 89.988777  467.03094 
 252.82115  474.2944 
 149.05963  476.31476 
 549.36517  482.15622 
 177.63776  482.55954 
 123.21342  494.90121 
 80.033508  501.36282 
 99.1978  505.53217 
 252.08197  509.16464 
 60.96817  534.83276 
 71.418747  535.31995 
 365.47659  536.64221 
 272.58752  11.277003 
 342.2955  15.278718 
 325.79959  28.229002 
 240.27995  47.539215 
 369.89221  54.999706 
 146.47981  61.636395 
 254.09053  61.583862 
 162.59859  76.770287 
 391.38788  78.411652 
 424.99835  84.471321 
 131.43353  91.498848 
 414.52512  90.594551 
 427.09991  93.332176 
 87.255737  95.708916 
 331.33932  103.71 
 270.60614  106.67468 
 475.85443  108.20612 
 561.12347  109.46487 
 256.44022  117.51998 
 99.754982  124.0676 
 267.23938  124.12022 
 64.508705  127.24097 
 288.55045  132.76688 
 232.25813  135.85887 
 304.38885  137.35599 
 247.51157  140.47156 
 37.449104  147.06418 
 284.95035  146.94077 
 49.785217  147.88817 
 270.64862  153.56299 
 316.53711  154.39664 
 237.95084  157.25545 
 28.878307  158.38663 
 156.15419  158.96664 
 292.52319  161.19893 
 304.93265  163.24565 
 209.75723  164.19278 
 176.42027  164.37308 
 329.43002  171.84462 
 350.62692  172.3439 
 198.96474  173.76392 
 340.89795  177.50168 
 254.30965  178.3896 
 369.1506  178.06078 
 179.72855  180.29118 
 295.4469  187.00368 
 277.00626  188.84369 
 481.39185  190.06349 
 260.33893  191.02487 
 391.84424  194.14558 
 176.33339  199.16121 
 223.77065  200.70639 
 325.02789  200.2254 
 357.43222  200.33278 
 373.92953  202.68913 
 61.408897  203.30786 
 78.005859  206.42607 
 143.10361  209.41832 
 380.66125  208.89433 
 490.67542  212.92683 
 174.41437  213.93106 
 224.48593  214.34125 
 393.44427  213.69456 
 116.86174  217.51694 
 149.72754  218.0248 
 209.45824  219.32004 
 161.09575  222.64801 
 226.58347  222.91829 
 499.79333  223.50868 
 393.55392  234.63274 
 329.43716  237.63446 
 112.35017  239.4216 
 149.85915  240.20392 
 276.34027  239.96053 
 381.59445  240.06741 
 124.03673  243.76152 
 249.23904  245.06226 
 261.73599  247.15385 
 504.85178  246.89621 
 208.19928  248.15396 
 162.00468  248.55037 
 150.20937  255.55464 
 246.8927  257.14606 
 274.8848  258.19193 
 262.79373  261.45804 
 527.59692  267.84125 
 145.54805  269.97794 
 504.95129  274.83142 
 234.84749  277.78229 
 217.46817  279.77191 
 375.60953  282.47052 
 408.30215  281.65555 
 386.59329  283.01254 
 139.55019  287.14157 
 16.291883  287.72232 
 155.22444  291.2486 
 313.25867  291.19803 
 221.63383  294.40399 
 170.48203  296.23184 
 274.16141  300.68839 
 510.01923  303.43976 
 523.11084  304.79022 
 169.51862  310.80948 
 258.46564  311.26776 
 355.13297  310.59506 
 370.59967  310.80508 
 513.07227  317.4787 
 528.86041  318.69849 
 321.74048  319.80072 
 386.78708  320.27771 
 162.91875  321.57373 
 250.88463  326.43152 
 200.1427  326.89346 
 15.582386  329.54562 
 330.85831  331.27557 
 231.27689  336.09946 
 216.72638  339.28445 
 337.60391  341.57104 
 229.79446  341.48529 
 317.70364  341.75861 
 286.92255  343.9509 
 196.45747  344.9241 
 39.662014  348.89304 
 270.77884  350.52576 
 171.33182  355.7334 
 278.14471  356.79669 
 232.59764  358.74576 
 186.89038  365.38528 
 210.83185  372.47888 
 442.67505  375.58636 
 258.88553  381.72449 
 487.16199  392.8259 
 65.834076  397.55679 
 439.40939  411.36911 
 82.266449  414.4899 
 331.43665  417.88098 
 344.19754  418.25888 
 63.816467  426.97665 
 85.757736  429.06149 
 349.88147  431.51691 
 172.78569  432.72369 
 364.36206  435.64059 
 437.04111  434.68256 
 470.75439  440.90005 
 137.84981  441.77994 
 498.29898  449.86142 
 266.76401  451.72925 
 75.588448  455.27261 
 90.38839  454.60199 
 128.93283  460.79749 
 214.57799  463.53552 
 359.2883  463.9982 
 282.48071  475.8045 
 192.31491  477.33316 
 162.26146  479.42096 
 352.79321  479.16177 
 208.73293  479.5672 
 339.35519  480.36411 
 287.33081  491.65594 
 343.90259  496.64761 
 92.731544  497.14447 
 246.40224  518.49414 
 333.85373  518.61078 
 339.11783  536.15436 
 325.55801  539.46472 
 309.84668  546.76855 
 294.70975  548.71509 
 322.79593  556.34753 
 294.27991  563.64819 
 329.58789  573.20435 
 289.22156  579.21802 
 185.70981  183.43143 
 394.1597  253.42148 
 272.75821  12.142916 
 360.11005  48.703732 
 81.762001  95.100845 
 298.9902  108.05232 
 474.45816  108.3273 
 99.19442  122.61609 
 246.51323  141.00406 
 284.65097  146.82643 
 270.36786  154.00726 
 317.19571  154.87424 
 177.81319  181.17934 
 154.50696  195.06194 
 359.0932  197.17273 
 293.67319  207.06731 
 380.78708  207.80511 
 174.76828  214.12456 
 222.96255  208.96935 
 142.37407  216.40096 
 393.51077  233.44913 
 329.02826  236.86897 
 164.45065  241.69122 
 381.88562  240.79965 
 126.76205  245.14621 
 420.76489  255.81987 
 168.30725  264.0842 
 503.2095  274.50354 
 375.1777  278.04272 
 525.8996  283.05365 
 14.547167  288.80182 
 523.28705  303.5899 
 374.00592  307.2009 
 370.93274  311.03119 
 513.58044  317.94016 
 387.35855  319.18976 
 529.69861  319.45987 
 200.42052  327.19699 
 272.323  350.8132 
 172.12383  357.88904 
 213.88611  360.13016 
 234.32759  359.95877 
 257.81656  381.06894 
 485.73303  401.26715 
 437.54703  434.5383 
 469.80078  439.41745 
 138.95262  444.65768 
 484.79474  444.60727 
 442.1752  449.37149 
 90.127441  453.25641 
 266.76733  452.10532 
 218.69159  460.90738 
 199.50632  464.72873 
 267.93762  465.87485 
 334.53064  518.80902 
 323.09933  558.0932 
 331.48419  571.69299 
 305.89102  18.080118 
 338.24759  27.04355 
 364.83408  40.452629 
 82.094765  67.607025 
 424.91583  90.897591 
 489.8222  104.22607 
 84.176086  106.6636 
 266.01282  122.29624 
 32.641853  150.437 
 298.29425  158.38339 
 243.30383  160.42787 
 371.03079  162.42238 
 156.28825  162.24899 
 334.64206  177.18634 
 181.60207  186.20734 
 295.05597  183.46735 
 328.22742  201.07664 
 56.892456  201.91969 
 359.43845  207.5506 
 182.28061  218.89961 
 204.9375  221.59717 
 151.82158  230.27325 
 149.2254  238.93935 
 204.18526  249.61255 
 281.66574  257.67288 
 503.66718  265.67139 
 158.23434  267.41187 
 236.07271  274.16476 
 390.32465  282.86066 
 508.27243  282.56857 
 32.446697  287.55038 
 161.68414  291.53064 
 217.81044  295.2326 
 307.68225  297.19504 
 504.86374  299.89603 
 257.1373  307.81622 
 303.75189  323.05515 
 326.81171  327.3168 
 180.15547  329.00348 
 338.81998  336.6908 
 323.78494  335.64127 
 197.06702  345.36096 
 357.99451  345.85104 
 476.80661  345.82495 
 41.028492  348.03577 
 492.47647  351.85159 
 302.23346  365.9754 
 323.3558  372.64304 
 210.63382  382.90341 
 215.6987  377.54996 
 258.05173  400.19626 
 233.5692  400.90103 
 66.655724  429.11096 
 244.55104  433.0304 
 286.87253  487.04657 
 97.060944  500.75204 
 290.04364  582.97583 
 186.84576  154.25391 
 204.8588  173.19185 
 160.15831  203.3257 
 185.0654  212.08391 
 480.98376  224.02702 
 375.07947  236.11177 
 388.75128  237.85893 
 174.80566  252.91611 
 150.76601  276.25345 
 362.97189  288.63617 
 178.12683  297.15289 
 480.74603  441.14282 
 298.35687  556.44073 
 317.5466  557.466 
 487.25021  88.633759 
 267.19464  127.18824 
 69.169945  127.91417 
 344.01962  189.45157 
 253.17421  186.4801 
 350.65857  202.22273 
 376.23358  200.27121 
 228.80957  211.53464 
 498.98364  215.77083 
 402.66571  230.11418 
 505.64117  242.59685 
 506.08746  274.31808 
 189.01758  303.71967 
 502.50577  293.4111 
 352.29047  305.29105 
 519.85834  302.39215 
 193.97017  320.72733 
 190.29884  334.82294 
 219.14177  328.96246 
 319.6153  335.90161 
 159.25987  365.51321 
 479.12506  399.1983 
 506.30237  443.43689 
 478.37051  451.14999 
 332.198  486.45782 
 365.77573  498.85385 
 289.07593  585.94617 
 279.78439  137.6528 
 368.49091  176.82655 
 291.99045  170.91989 
 386.81174  194.03949 
 407.45502  255.44978 
 296.53571  257.81625 
 159.38852  276.65353 
 142.1143  288.0965 
 185.62828  293.85547 
 333.56406  333.55234 
 320.41089  410.4231 
 243.97141  253.87532 
 376.26587  262.58664 
 144.20935  275.39005 
 381.11993  286.25644 
 398.35709  300.22571 
 342.36374  311.21783 
 321.34006  318.84225 
 177.20096  339.89105 
 216.69792  392.0947 
 293.26938  508.97125 
 270.12698  119.21381 
 220.37514  127.21938 
 156.6306  177.63399 
 307.06741  185.97017 
 190.1922  213.34888 
 350.06888  213.05545 
 181.99046  259.70862 
