 569.24945  217.73444 
 32.622078  225.84384 
 103.78568  227.50781 
 37.638828  230.87413 
 46.653172  234.70395 
 55.688206  235.35651 
 59.432365  243.91222 
 69.312149  241.99112 
 129.26776  243.07793 
 76.212303  251.72173 
 140.54245  250.22054 
 87.427269  251.40645 
 80.126251  252.99722 
 91.211082  259.10455 
 98.855278  258.72742 
 107.32718  262.73154 
 101.73456  264.36871 
 181.93001  265.89786 
 108.98429  267.66583 
 114.59064  267.53699 
 115.22749  273.56866 
 120.0931  277.26797 
 127.27802  278.64001 
 126.86919  284.14755 
 226.74553  284.45401 
 132.34518  285.3168 
 131.08861  290.8407 
 140.01588  292.98523 
 168.82545  296.64435 
 258.42944  297.71515 
 145.86615  301.03998 
 149.19904  302.82678 
 143.44711  306.8168 
 159.23  308.69916 
 151.99011  312.70023 
 164.31282  315.25473 
 171.04012  316.02817 
 90.537766  321.32944 
 179.567  321.43842 
 186.88553  321.12335 
 189.95248  328.35767 
 198.1116  329.29953 
 199.53983  335.31644 
 209.85208  336.61926 
 212.44612  341.5975 
 312.49857  342.57343 
 218.19933  346.33804 
 228.83284  346.93436 
 315.90961  350.62543 
 234.33827  350.19437 
 229.05437  353.14749 
 238.8763  357.00424 
 246.9906  356.24771 
 333.36789  361.15375 
 248.54893  362.75742 
 254.59412  362.95004 
 336.78873  368.87463 
 257.67056  369.06796 
 265.60019  367.77066 
 273.00888  377.55829 
 274.99527  377.96713 
 363.75388  380.66174 
 283.82947  381.05087 
 290.90088  385.75079 
 285.26797  387.05386 
 309.47104  390.74237 
 301.90912  392.17792 
 316.88028  393.28137 
 311.81772  395.73013 
 321.76535  398.1264 
 336.8793  401.57565 
 416.73627  407.37906 
 340.40488  408.39117 
 348.53995  410.16202 
 429.11441  411.65836 
 353.92349  413.77695 
 439.8551  413.9921 
 361.48627  420.99652 
 373.84207  422.05597 
 466.00995  424.99545 
 483.16492  424.82043 
 375.77185  428.69818 
 391.21744  430.81448 
 496.46005  430.34665 
 384.91458  432.34409 
 500.85657  436.85782 
 395.65439  438.45169 
 404.27267  439.5542 
 542.20776  440.8486 
 408.17017  439.94571 
 553.93414  443.61005 
 414.68292  448.13437 
 435.82556  451.47244 
 462.50992  453.0025 
 453.53882  456.16879 
 488.68768  462.72577 
 480.83249  465.80005 
 495.52899  468.47049 
 509.94083  466.82837 
 524.25537  469.98297 
 516.49017  473.35614 
 535.21826  473.66791 
 528.7547  475.67435 
 542.83966  475.61649 
 555.09204  477.237 
 434.23938  481.33362 
 547.77032  481.46072 
 561.53271  481.59647 
 566.82227  483.80505 
 161.89073  520.94855 
 66.924309  530.18945 
 51.453609  188.78554 
 69.459953  199.6324 
 75.979202  207.67041 
 149.99136  259.26584 
 242.16516  289.38464 
 138.17645  298.08301 
 250.28801  298.77454 
 279.80328  314.08652 
 344.99387  368.81461 
 296.33527  384.52823 
 383.63507  387.61261 
 374.81198  390.3504 
 396.71533  393.6937 
 306.91339  397.25314 
 413.90204  399.98499 
 352.03479  410.68033 
 457.61105  417.70349 
 85.059975  207.76999 
 101.17094  264.93671 
 108.61749  268.3172 
 118.19469  266.60596 
 131.83882  280.94556 
 228.87463  281.95844 
 132.93814  284.49686 
 168.57483  298.03839 
 141.5905  307.40805 
 165.80106  315.67737 
 187.37341  320.53275 
 209.1416  335.2767 
 197.41678  337.52841 
 212.93362  342.73459 
 255.02412  362.49332 
 309.94672  389.93167 
 315.30026  391.71201 
 336.72867  400.936 
 528.7594  476.07727 
 434.10986  481.2623 
 162.06361  521.01794 
 73.728767  198.10751 
 75.060532  208.42894 
 92.901505  223.63965 
 58.160061  225.5257 
 105.14671  228.0145 
 118.44727  243.58142 
 129.6123  242.7836 
 58.789486  244.65916 
 140.73595  249.74249 
 91.172867  259.20038 
 149.09331  259.6875 
 181.23309  265.27991 
 186.78302  275.22165 
 202.23213  275.99387 
 118.52845  277.18024 
 212.55827  279.78067 
 125.86717  289.1889 
 249.73466  299.31464 
 159.31374  308.409 
 178.6476  309.36221 
 280.41302  313.30371 
 150.15277  315.16879 
 178.10901  321.28757 
 90.656174  321.57669 
 277.82236  323.3399 
 188.93283  328.64813 
 198.81857  328.89874 
 298.8967  331.17145 
 301.61246  341.3313 
 312.80948  342.0159 
 231.86388  348.17752 
 315.83582  351.82547 
 248.33081  355.08377 
 238.7093  357.57843 
 332.67938  359.97037 
 346.39987  369.14224 
 336.75037  369.54868 
 284.46191  380.72879 
 364.96606  380.6709 
 294.46677  385.35428 
 332.96027  393.1174 
 397.84048  393.79492 
 306.44095  398.12497 
 416.4462  407.81985 
 339.40237  408.67203 
 428.72379  410.56506 
 445.71097  420.83643 
 482.2402  424.6532 
 496.13113  430.00061 
 384.54755  432.65048 
 510.84024  434.7836 
 501.40518  437.66965 
 395.15671  439.29346 
 425.83789  443.50101 
 415.06448  448.54593 
 436.40372  451.00504 
 463.89764  451.11411 
 453.18188  456.84631 
 468.17157  460.78558 
 488.35999  462.2019 
 508.68118  465.77777 
 495.83719  469.29776 
 524.99097  469.87997 
 537.47711  474.04068 
 102.74635  268.30295 
 254.77132  361.11932 
 261.09573  363.91531 
 322.31396  400.37112 
 88.962753  221.66655 
 105.9138  226.80373 
 90.192627  246.97304 
 139.25302  247.16402 
 180.07834  262.67303 
 134.21632  274.65906 
 187.623  276.36963 
 207.92661  276.76025 
 117.92986  278.97739 
 135.36516  279.25851 
 153.82417  303.85611 
 250.37413  304.31891 
 183.29501  308.03473 
 170.58214  318.45816 
 204.64795  324.85913 
 278.85037  327.44333 
 297.06146  327.90231 
 180.35225  327.75024 
 312.38779  340.62692 
 215.27054  346.29129 
 231.77087  345.27573 
 314.99338  352.9801 
 252.31706  355.74524 
 332.06238  356.03192 
 237.86935  358.3714 
 270.17764  377.6091 
 289.76791  375.92535 
 365.07468  379.2897 
 311.01077  389.98941 
 313.20111  389.86954 
 336.37701  391.13895 
 398.73849  392.52573 
 303.19553  394.04233 
 303.2265  399.62244 
 336.20435  408.66409 
 352.51239  408.17511 
 413.85556  407.91779 
 432.26813  409.67267 
 457.05255  416.1261 
 374.78439  419.87753 
 359.55063  422.27927 
 444.05969  424.03687 
 466.55688  426.63605 
 385.28064  434.25287 
 512.27917  433.77106 
 407.59363  437.42947 
 466.29291  448.3674 
 416.45081  449.49683 
 435.55539  449.32291 
 465.72  453.39804 
 452.2785  458.50922 
 485.09338  460.42004 
 507.56635  464.58212 
 495.92285  470.37396 
 138.08649  245.02223 
 179.31131  262.46078 
 160.17137  263.59595 
 134.57661  271.21893 
 209.29027  277.46964 
 186.00343  307.74277 
 171.71811  319.89792 
 297.2085  328.00131 
 278.75064  330.41867 
 205.0712  331.043 
 213.53192  348.48441 
 254.83952  355.22769 
 238.14323  358.56659 
 232.65317  363.80664 
 337.71884  389.21463 
 299.30475  392.41919 
 300.26721  401.95868 
 331.62936  409.478 
 353.27948  405.36563 
 375.4342  421.28802 
 386.87616  436.89188 
 406.69391  436.87839 
 433.69446  447.92313 
 469.96997  447.15512 
 416.89911  450.10355 
 481.04526  456.50882 
 472.30536  456.30154 
 115.20861  280.18298 
 231.10271  342.25793 
 266.76761  377.75531 
 323.08517  406.86307 
 357.56729  423.44281 
 465.73557  428.90292 
 451.82233  460.61603 
 211.8036  275.15002 
 249.53172  305.84012 
 172.56108  326.07434 
 201.77635  325.71182 
 206.55719  356.34579 
 254.35077  357.61826 
 333.58865  355.77209 
 224.12808  367.07712 
 364.1218  374.95029 
 291.22726  379.12445 
 350.90018  406.23712 
 381.9426  408.45276 
 373.28543  418.45517 
 260.96075  382.22244 
 249.28618  315.37451 
 266.25262  339.30823 
 252.79416  355.66513 
 300.62042  363.8847 
