 458.06015  112.717 
 60.38509  252.09412 
 84.629341  264.49011 
 28.907612  266.33777 
 36.619198  268.57248 
 44.087936  268.2789 
 53.943451  273.18539 
 46.30962  274.75046 
 59.853405  281.48981 
 113.68027  279.45273 
 69.788193  279.95447 
 72.457504  285.98001 
 80.964729  290.34351 
 95.035843  291.06143 
 148.01315  291.50339 
 87.062096  292.91251 
 92.938423  297.99625 
 95.289253  300.28799 
 213.84494  315.41901 
 120.96183  317.89536 
 115.24416  321.44141 
 129.63147  322.14966 
 123.72358  325.1181 
 134.42082  328.27017 
 140.00464  328.79321 
 70.956261  330.51221 
 146.35637  332.53378 
 153.39001  331.67047 
 155.40306  338.05396 
 163.28468  337.76639 
 172.74356  342.68726 
 175.66737  348.36722 
 262.16995  349.71179 
 181.05003  351.79822 
 189.312  351.96613 
 192.40068  352.10968 
 265.10754  357.31036 
 205.26085  359.37949 
 198.70753  360.37167 
 207.11055  364.41678 
 212.47964  364.06461 
 279.65512  362.3952 
 221.86156  367.64069 
 284.5062  371.25885 
 228.4689  376.49963 
 231.86865  376.88766 
 239.10225  378.49103 
 309.26382  379.69556 
 250.40125  381.01794 
 261.5083  386.172 
 255.96971  387.87769 
 268.52356  388.56299 
 278.91089  391.52927 
 272.68457  392.7243 
 286.4848  395.37671 
 289.49167  401.60251 
 357.75119  401.73914 
 300.68942  402.40326 
 302.23099  405.10736 
 309.16797  412.20303 
 320.448  412.49567 
 337.05847  419.70425 
 330.10538  421.49783 
 430.8125  421.02094 
 340.7995  426.46637 
 350.077  427.1499 
 353.20761  427.74103 
 359.21432  434.92142 
 379.35953  437.0889 
 403.40149  438.40164 
 394.69849  442.19354 
 519.89423  440.70151 
 526.52979  443.5397 
 427.7063  447.23843 
 420.62695  450.63428 
 434.30042  453.13876 
 445.80972  450.27087 
 461.26059  453.83664 
 453.72314  457.56003 
 474.81253  458.04874 
 465.58829  459.37408 
 478.0997  458.93332 
 490.13916  460.7464 
 484.16321  464.21997 
 497.34335  467.06949 
 507.81714  464.61426 
 501.09467  466.98825 
 512.84241  471.12167 
 520.7533  470.23526 
 524.9538  470.78079 
 535.86212  473.04279 
 544.52216  472.91803 
 531.02417  476.09 
 552.36157  477.3035 
 560.98199  475.93781 
 539.95496  477.10538 
 566.35712  481.89853 
 133.02408  489.96741 
 45.25795  495.82208 
 60.400658  243.09814 
 54.737934  244.63823 
 72.479393  259.98566 
 94.505714  275.47974 
 106.4669  301.97702 
 187.44308  304.12256 
 137.32574  314.90619 
 206.2709  317.42407 
 145.9536  323.33218 
 246.77536  338.74652 
 339.19244  390.2847 
 259.12024  392.4696 
 368.89484  403.77957 
 402.38449  416.59317 
 435.54456  427.71118 
 368.79144  431.18082 
 497.03439  440.2121 
 553.52557  450.20142 
 45.868198  275.4364 
 82.202896  293.58255 
 85.937157  293.1539 
 155.63277  326.65213 
 70.984093  330.58405 
 208.49461  357.06006 
 212.80147  363.6499 
 262.6525  385.33994 
 255.95679  388.35391 
 266.56714  386.92645 
 273.01498  393.93613 
 283.72787  392.59552 
 357.3772  402.32022 
 395.05075  410.1413 
 527.97522  443.92175 
 483.26666  465.01785 
 536.86719  472.64456 
 133.20058  490.06403 
 45.524693  495.86819 
 59.845505  242.04483 
 72.132957  260.40839 
 85.09642  264.20813 
 94.376976  275.19788 
 113.39624  278.86703 
 70.120071  279.63184 
 96.069618  289.64752 
 147.61003  290.8812 
 153.42734  300.01639 
 107.59016  301.04553 
 188.24193  302.66187 
 121.15105  317.18393 
 205.94003  318.061 
 129.29883  322.10504 
 146.66734  322.22906 
 135.7551  328.80707 
 145.19019  332.40317 
 164.64752  336.91483 
 231.03235  336.97781 
 154.26649  338.78983 
 247.8445  339.38681 
 262.26434  349.29312 
 252.06425  350.56235 
 179.61308  351.69226 
 265.02795  358.14325 
 198.49013  360.83868 
 284.71851  372.27731 
 240.01752  378.2261 
 310.41217  379.81985 
 248.80536  382.07443 
 283.59805  388.15994 
 318.819  388.44894 
 339.93356  390.35049 
 258.54483  393.52002 
 288.57349  401.8049 
 321.06775  411.94806 
 384.46063  414.43732 
 417.36365  416.33118 
 402.95963  417.51385 
 444.65576  425.06964 
 340.52222  427.00507 
 353.07095  427.05658 
 369.85535  429.63086 
 359.78882  435.19894 
 404.66815  436.44586 
 379.64502  436.83395 
 518.8551  440.15103 
 497.59106  441.43188 
 394.3623  442.94574 
 418.09824  445.09494 
 408.57117  446.10318 
 426.89371  446.99988 
 434.53534  453.86697 
 489.495  460.70401 
 507.32355  463.99509 
 523.82465  469.98999 
 512.80188  471.7211 
 220.36287  365.92776 
 529.36102  444.65393 
 462.40918  452.18591 
 111.39748  276.43661 
 146.32619  288.9176 
 108.82681  296.50314 
 155.19806  301.61935 
 170.40327  299.53058 
 94.452248  303.05362 
 122.48727  316.66385 
 206.98111  322.23776 
 152.06741  322.21332 
 138.87344  330.93326 
 150.06467  338.34311 
 167.2885  337.93192 
 247.27185  338.07944 
 231.86375  339.90378 
 191.87271  349.75504 
 177.67084  352.14407 
 211.46356  358.82507 
 264.00162  358.66956 
 279.15613  359.87399 
 197.86078  361.70355 
 225.92226  376.88785 
 241.69347  377.06375 
 309.46823  377.81192 
 263.091  385.82516 
 264.20242  385.97806 
 285.64764  385.86313 
 255.91118  389.78644 
 339.93491  389.50595 
 255.53244  395.70438 
 278.37421  398.32599 
 300.52957  400.26294 
 284.52808  401.60403 
 371.97455  403.16974 
 321.36438  410.85895 
 307.26633  413.28342 
 403.4834  418.54935 
 331.92084  423.7392 
 351.87253  425.04889 
 377.84253  434.94583 
 406.7005  434.11102 
 361.08786  436.06415 
 406.77618  439.42426 
 394.75388  444.73248 
 424.05042  445.36639 
 445.38132  449.24353 
 434.3779  454.66241 
 470.60498  455.71188 
 453.97565  458.4194 
 476.52975  457.71561 
 508.284  458.3826 
 485.67596  459.62445 
 507.181  463.28998 
 495.94412  468.06345 
 511.83441  472.19193 
 85.139244  262.65619 
 147.97263  282.18753 
 146.06102  289.41068 
 172.97891  300.32397 
 120.69891  311.09634 
 123.37865  317.54599 
 158.77301  324.1666 
 137.45064  330.84149 
 247.77211  337.98633 
 145.93732  339.58746 
 191.3147  350.64575 
 213.18736  361.60468 
 190.54999  367.29749 
 243.46512  378.51987 
 286.87228  383.16101 
 255.66504  389.53714 
 253.89989  398.13721 
 263.66837  400.55841 
 269.88391  402.30426 
 299.54449  401.00314 
 322.23764  411.46115 
 419.30563  416.03519 
 403.2388  418.6394 
 430.22849  419.79825 
 440.21259  422.37128 
 332.45166  424.96112 
 351.83804  425.11908 
 474.2991  429.93176 
 410.79303  431.42886 
 376.50705  433.71057 
 423.28192  436.01614 
 447.66519  450.29449 
 420.79785  444.11441 
 469.82269  446.58783 
 433.77484  453.81946 
 454.34433  458.31812 
 478.44284  457.71954 
 432.44492  461.38947 
 175.59644  353.79614 
 280.45303  358.60132 
 222.32198  377.42871 
 177.24138  299.32126 
 200.98268  331.3663 
 220.53177  348.06796 
 209.34753  356.90027 
 179.91089  367.95135 
 308.26813  372.52234 
 246.13365  376.26483 
 332.04102  395.89017 
 273.15146  400.99976 
 300.12695  399.37488 
 373.13791  399.48495 
 348.09146  403.48361 
 318.09351  407.53015 
 403.62781  420.09164 
 328.01395  425.56644 
 352.78525  423.27963 
 414.61145  424.1586 
 217.52736  378.46777 
 280.25906  348.84149 
 295.06372  356.01895 
 255.77226  360.61969 
 319.9599  360.19418 
