[659.38257, 29.519396;
 750.83209, 33.411621;
 1134.3732, 76.116241;
 663.87372, 77.728546;
 674.59869, 77.971924;
 947.75507, 107.5006;
 93.594521, 126.87224;
 319.43018, 133.77341;
 685.27454, 135.44482;
 985.95892, 138.84132;
 686.3136, 148.30304;
 801.03436, 169.97163;
 802.4964, 178.25926;
 793.02014, 180.22731;
 464.47546, 190.3123;
 848.90509, 191.36336;
 387.82401, 196.81197;
 815.62579, 200.11456;
 739.56036, 210.72394;
 818.68903, 211.18239;
 829.68121, 212.12122;
 732.94006, 215.87645;
 453.03308, 218.95961;
 450.29752, 230.24001;
 440.28629, 232.51056;
 824.81256, 235.407;
 433.25452, 238.94165;
 740.53632, 239.89902;
 754.66077, 239.90245;
 1261.0016, 280.52853;
 1283.2892, 281.52545;
 1269.2877, 284.9194;
 1261.7375, 289.59018;
 562.76593, 293.93069;
 553.97668, 307.02689;
 525.67365, 313.50757;
 144.51039, 328.32251;
 118.04937, 329.29584;
 372.88315, 338.92313;
 430.05692, 354.04193;
 442.21329, 352.80975;
 798.43109, 359.39746;
 768.54047, 359.48242;
 765.91785, 366.90201;
 169.3942, 380.34818;
 1194.8596, 397.84506;
 813.6535, 457.76758;
 35.00769, 458.73056;
 28.923935, 464.11777;
 116.34753, 467.91943;
 407.26794, 476.68924;
 128.35027, 481.60138;
 343.63324, 489.46289;
 208.46887, 508.63181;
 362.01917, 510.52603;
 196.09517, 517.58917;
 794.60645, 546.54749;
 799.78748, 551.05444;
 819.27643, 573.81628;
 752.09149, 587.47272;
 420.12775, 591.9967;
 567.00269, 595.01984;
 812.32068, 594.66003;
 168.57156, 607.02277;
 303.78134, 637.69409;
 108.6112, 662.30188;
 220.51636, 673.06323;
 713.20032, 678.67926;
 179.13528, 716.21735;
 424.836, 723.73792;
 1187.6068, 723.67188;
 716.85205, 741.88458;
 768.29688, 779.02667;
 77.819237, 814.35242;
 781.05139, 824.1521;
 758.91614, 832.93219;
 765.3847, 886.33209;
 145.42703, 927.10583;
 1309.5647, 939.3371;
 1031.6512, 948.854;
 660.47864, 951.39355;
 1291.7836, 951.98694;
 1285.3818, 960.43335;
 712.34827, 970.89557;
 1168.0599, 1007.3924;
 62.38628, 1009.8606;
 1309.489, 1022.6155;
 676.83185, 1043.2239;
 658.15454, 1046.8326;
 561.26233, 1050.7323;
 92.976501, 1053.7588;
 1205.4111, 1073.5629;
 680.06958, 1078.3198;
 660.22717, 1083.3999;
 663.80096, 1102.0997;
 668.09009, 1116.0551;
 1270.0426, 1117.6658;
 539.6286, 1124.7578;
 1263.3463, 1124.8271;
 735.42511, 1125.2921;
 662.8028, 1152.2528;
 648.97321, 1159.4319;
 659.97437, 1211.1643;
 659.63586, 1223.3481;
 1302.0117, 1223.6663;
 660.17328, 1228.9351;
 1356.2679, 1240.0681;
 676.68567, 1258.4806;
 673.23145, 1274.1154;
 733.28754, 1315.4572;
 662.0835, 1319.1477;
 680.1557, 1329.1627;
 527.00726, 1336.3959;
 665.18671, 1337.2292;
 242.62054, 1340.2656;
 670.83636, 1342.0229;
 1149.5544, 1347.343;
 685.24139, 1347.5022;
 667.55945, 1350.5001;
 700.06281, 1353.1132;
 666.93903, 1364.5924;
 452.54611, 1377.9536;
 664.86432, 1380.4027;
 384.3526, 1385.8601;
 1303.7, 1385.7783;
 1295.3969, 1391.8986;
 673.11353, 1392.0078;
 682.73785, 1392.2205;
 1198.2946, 45.352055;
 207.49358, 53.188553;
 464.62979, 54.973457;
 504.28159, 55.678879;
 943.69708, 56.916332;
 495.5993, 57.895882;
 639.17297, 59.019276;
 92.585869, 60.373535;
 453.9191, 68.374039;
 801.09497, 69.554108;
 877.89856, 69.75235;
 373.27667, 70.977783;
 519.03467, 72.412781;
 773.86133, 72.059631;
 907.16919, 72.265968;
 597.54718, 77.005829;
 397.24588, 78.312943;
 369.99042, 79.139481;
 603.38385, 84.271027;
 423.39026, 87.920853;
 504.23846, 89.225441;
 1221.2864, 92.995377;
 678.06976, 94.415535;
 874.61041, 105.13844;
 481.6026, 108.98058;
 1015.5633, 108.63104;
 895.64911, 119.38044;
 1166.2922, 126.17459;
 287.77621, 129.14503;
 226.42441, 133.81052;
 845.38538, 133.93524;
 977.37811, 140.42133;
 302.85944, 143.90881;
 162.88475, 145.43913;
 549.86743, 145.44026;
 992.69464, 149.44887;
 367.08942, 151.17924;
 471.28992, 151.34378;
 86.822121, 153.49974;
 284.79486, 153.51936;
 1230.8401, 155.39236;
 454.16431, 166.30379;
 573.01489, 167.99178;
 387.30466, 169.75801;
 791.85028, 170.41641;
 459.6889, 173.85251;
 178.70303, 176.5123;
 477.08722, 176.48662;
 319.8316, 180.68217;
 739.16949, 184.39896;
 553.72675, 186.10017;
 330.44763, 190.05305;
 384.01059, 189.97049;
 320.87152, 190.81207;
 713.7735, 190.4731;
 569.95349, 193.00758;
 806.29962, 196.54572;
 395.38898, 197.65334;
 471.78751, 198.00728;
 743.55627, 198.18356;
 616.30798, 198.62871;
 1227.4963, 204.65013;
 440.90701, 212.13403;
 577.73016, 213.90465;
 999.96466, 214.87784;
 307.74557, 219.28096;
 557.92413, 222.00011;
 738.49878, 222.66942;
 751.4646, 225.42314;
 430.46899, 225.61629;
 1230.4963, 227.96645;
 734.86169, 230.14397;
 273.02615, 232.50069;
 833.05914, 232.6685;
 520.37952, 234.57857;
 942.1889, 238.38327;
 750.0459, 239.00966;
 181.05109, 240.03917;
 455.02936, 239.5764;
 802.11371, 241.00308;
 542.97729, 249.59529;
 368.9021, 252.69342;
 103.74375, 255.06104;
 168.18208, 257.8895;
 894.95593, 260.81741;
 104.67529, 264.09302;
 1275.0979, 265.5029;
 579.69629, 267.20758;
 1009.9183, 270.89755;
 1386.0536, 272.01309;
 719.97821, 273.34988;
 794.59314, 276.03824;
 1292.1852, 275.5271;
 844.81488, 277.65659;
 1244.1771, 283.40179;
 804.09418, 286.84781;
 762.78027, 287.76129;
 779.01141, 287.89252;
 333.7037, 293.52142;
 469.11987, 292.49377;
 843.06128, 294.29114;
 184.97908, 296.91504;
 1087.1495, 301.94836;
 42.895893, 302.90033;
 1214.3447, 304.95679;
 342.62048, 313.84402;
 842.47168, 317.39835;
 1269.4061, 319.62628;
 346.54367, 321.27133;
 501.76199, 330.10986;
 864.31592, 332.40039;
 201.97653, 333.30704;
 397.06451, 335.2569;
 546.22235, 335.09903;
 235.46121, 336.12741;
 332.49911, 339.45511;
 498.37317, 342.07043;
 845.8667, 343.26715;
 142.63127, 344.91388;
 767.4787, 346.14316;
 1089.0652, 348.12457;
 191.62637, 349.00488;
 730.86627, 348.74902;
 1249.6052, 348.68759;
 775.78516, 354.72006;
 186.35579, 356.16553;
 508.99448, 360.4765;
 752.90363, 362.46143;
 849.56079, 361.50861;
 109.15697, 367.20062;
 365.1232, 369.11206;
 631.0567, 368.89377;
 1321.8024, 368.54095;
 134.86113, 370.38226;
 701.30719, 370.95206;
 768.82642, 375.3436;
 889.76349, 377.46008;
 482.57397, 381.10617;
 255.52448, 382.57346;
 787.39581, 384.32251;
 705.40118, 386.16083;
 1233.9434, 385.55551;
 414.5379, 389.81067;
 929.94061, 393.06818;
 771.82227, 393.8718;
 811.06348, 395.65463;
 133.48563, 400.02054;
 906.40094, 399.58859;
 546.95282, 400.51407;
 1272.5288, 403.56363;
 1349.8856, 410.44382;
 281.37427, 413.62341;
 795.48773, 414.71887;
 299.3812, 421.32208;
 321.99759, 422.73682;
 1304.5354, 426.82181;
 469.55865, 429.73727;
 701.74469, 430.10019;
 321.92752, 431.02075;
 672.70789, 431.11676;
 503.05106, 433.42926;
 781.27698, 436.41516;
 367.39935, 440.19135;
 284.8316, 441.44342;
 629.07587, 441.23169;
 894.93231, 442.89056;
 508.12567, 446.9216;
 821.74573, 447.24594;
 1212.4691, 448.95023;
 669.99615, 450.97406;
 140.07269, 452.1618;
 421.91733, 469.66324;
 149.62302, 473.33884;
 141.33842, 477.77774;
 824.51129, 483.7009;
 803.336, 485.79654;
 186.91504, 487.48093;
 684.03571, 489.36923;
 412.36551, 490.28473;
 936.98059, 490.02432;
 842.84161, 502.56842;
 101.67467, 504.05087;
 574.53473, 505.50195;
 678.52258, 505.6221;
 114.79289, 506.81503;
 829.58551, 506.63181;
 668.80548, 511.7915;
 808.95142, 511.67703;
 193.6765, 528.13214;
 725.46735, 528.37219;
 794.42194, 529.16473;
 1361.97, 528.63776;
 512.46149, 533.15967;
 129.14046, 543.0639;
 621.62408, 543.73346;
 139.10759, 544.62976;
 1350.5286, 546.50403;
 157.47374, 548.67303;
 313.15668, 551.06714;
 550.67749, 558.83405;
 794.36383, 559.1629;
 1110.8116, 559.75842;
 727.91785, 562.1438;
 824.15479, 564.34528;
 744.73138, 564.73303;
 694.94672, 567.79639;
 833.30048, 567.48865;
 802.68927, 577.6488;
 792.06482, 578.53491;
 641.10071, 580.09094;
 834.19983, 583.28308;
 814.82568, 586.40131;
 1037.2655, 585.89056;
 360.04016, 587.20557;
 609.88428, 591.23621;
 731.95673, 592.01447;
 742.94574, 592.37585;
 926.63171, 591.69257;
 265.16217, 597.25549;
 258.71109, 603.82684;
 773.02917, 605.22357;
 1286.8832, 604.68329;
 1151.8086, 612.43378;
 1164.9365, 612.03259;
 743.13336, 616.36652;
 1337.4767, 616.7984;
 773.02435, 621.26758;
 170.42719, 623.49249;
 993.33722, 623.85327;
 843.78339, 624.82568;
 1254.7124, 629.43738;
 112.01382, 630.3941;
 472.44003, 629.63806;
 248.77513, 635.8244;
 940.30847, 644.20343;
 118.94083, 645.85889;
 129.30553, 649.98926;
 1163.0437, 676.42554;
 337.14276, 679.47992;
 166.97452, 682.76398;
 704.19336, 683.27258;
 399.17401, 683.99658;
 800.0567, 689.88251;
 1386.4597, 689.81561;
 154.14903, 692.76099;
 715.84686, 695.03839;
 899.69196, 699.03949;
 744.07843, 701.02594;
 1183.2422, 711.43311;
 159.72552, 713.34692;
 664.50378, 714.18109;
 169.08406, 715.10144;
 212.70454, 717.01666;
 205.1601, 721.34912;
 1195.2411, 726.56409;
 1169.7634, 729.48145;
 1338.3439, 729.06775;
 301.01733, 735.03076;
 1102.944, 735.95514;
 1185.493, 736.64581;
 1112.5162, 738.51007;
 66.857361, 740.37561;
 165.25365, 741.34424;
 1270.7881, 743.90582;
 1180.597, 747.25098;
 290.46121, 749.0722;
 724.97046, 749.12573;
 1334.9657, 752.72839;
 987.5083, 756.44769;
 1059.8225, 761.24445;
 750.0152, 762.6734;
 776.47076, 769.39941;
 700.7818, 772.61993;
 1143.0792, 774.32379;
 484.83817, 776.14087;
 718.28418, 776.02307;
 197.45715, 777.22656;
 175.59671, 780.22363;
 204.52942, 779.92584;
 910.77704, 782.2439;
 1350.2032, 781.50922;
 725.52087, 783.9046;
 708.73688, 786.63007;
 771.82086, 787.01868;
 667.09827, 788.02002;
 1213.4496, 793.30548;
 620.8974, 794.39789;
 752.79095, 797.1944;
 873.16949, 797.59216;
 122.3724, 799.383;
 131.58139, 800.32458;
 1151.1083, 800.41547;
 753.89508, 806.8728;
 793.17499, 813.47552;
 759.50916, 815.39587;
 724.95813, 818.81256;
 1406.7623, 821.37994;
 1316.2705, 823.49109;
 869.47327, 835.90704;
 271.04529, 843.10394;
 984.14111, 844.98981;
 758.67163, 868.72577;
 746.65973, 872.51434;
 702.51257, 876.18073;
 1398.3545, 882.47394;
 1049.663, 886.08917;
 288.10773, 892.35291;
 223.42763, 893.14117;
 1051.9303, 896.0141;
 947.21368, 901.40979;
 760.54639, 904.01843;
 1337.926, 903.77997;
 732.92639, 911.69702;
 765.38672, 914.21942;
 745.06903, 914.9314;
 176.09572, 916.55945;
 564.64563, 918.5304;
 171.34166, 924.27673;
 572.2923, 924.06982;
 460.06039, 926.70044;
 176.86032, 932.66217;
 418.70041, 934.55658;
 755.9657, 933.62769;
 308.54114, 934.66724;
 409.03049, 938.63538;
 665.60345, 939.57739;
 1300.9299, 941.83484;
 653.85852, 942.97894;
 1067.2329, 942.90002;
 1291.9462, 942.73096;
 158.17673, 946.49329;
 1299.7196, 951.15558;
 681.45813, 953.81964;
 125.22958, 959.47998;
 655.37958, 959.35535;
 688.0722, 960.21387;
 819.28314, 962.93433;
 229.43338, 963.49011;
 1062.7736, 966.01691;
 685.49762, 967.88043;
 328.53918, 968.68304;
 116.27447, 976.91791;
 675.85486, 978.10059;
 767.68622, 979.94171;
 390.10062, 986.23718;
 347.07745, 989.40399;
 1137.609, 989.46698;
 746.89758, 991.47314;
 1254.851, 991.9209;
 75.883087, 998.96307;
 468.17001, 1000.7761;
 1185.4424, 1004.4394;
 777.86023, 1004.8849;
 72.707588, 1007.1574;
 734.71167, 1007.9363;
 1148.9899, 1008.4862;
 1120.1217, 1009.0255;
 1399.8215, 1008.7318;
 404.37634, 1009.7427;
 1023.6103, 1015.2703;
 659.8299, 1017.4321;
 1305.8765, 1017.1778;
 1384.5676, 1016.6218;
 170.74028, 1018.168;
 249.45628, 1022.1899;
 733.71045, 1022.0626;
 1392.3226, 1022.6197;
 654.2489, 1028.2944;
 130.62625, 1029.3824;
 1403.6233, 1032.229;
 166.77232, 1034.8625;
 387.84021, 1036.6321;
 733.50854, 1036.604;
 727.59155, 1047.6583;
 1340.9241, 1052.1317;
 728.53656, 1056.5054;
 689.11798, 1058.8458;
 699.12518, 1067.3511;
 71.814026, 1067.5914;
 689.81976, 1072.0314;
 747.25287, 1076.7455;
 198.03839, 1083.3157;
 1220.8528, 1084.7931;
 741.13043, 1089.4126;
 374.88495, 1089.931;
 222.52394, 1093.9088;
 595.6358, 1093.8171;
 668.0661, 1095.5509;
 810.55182, 1098.254;
 1112.3615, 1101.0592;
 1396.9232, 1103.702;
 574.66827, 1105.2344;
 670.06708, 1106.1472;
 729.55103, 1105.8856;
 1284.6008, 1109.3163;
 604.57294, 1111.4908;
 690.54108, 1115.6299;
 678.56805, 1122.2483;
 200.92444, 1123.4619;
 531.21075, 1128.2296;
 682.63831, 1130.9492;
 1320.745, 1131.7098;
 670.66394, 1133.7903;
 1307.0377, 1134.2445;
 728.30548, 1138.3904;
 680.27557, 1143.1581;
 339.06479, 1144.4691;
 668.09912, 1145.0114;
 58.490383, 1147.4847;
 456.89618, 1149.9604;
 674.34424, 1149.5715;
 329.91718, 1153.3982;
 308.2103, 1155.5891;
 679.98096, 1156.0555;
 719.6308, 1157.342;
 911.97369, 1157.9105;
 667.94678, 1158.8137;
 822.32874, 1161.1206;
 660.47467, 1162.1787;
 438.08746, 1162.6536;
 653.30371, 1165.782;
 677.86328, 1165.5967;
 488.13779, 1167.2333;
 729.1322, 1166.6144;
 710.72015, 1168.2205;
 982.58826, 1167.4871;
 1210.3286, 1167.5046;
 667.97229, 1169.7501;
 1167.3618, 1169.6342;
 651.88556, 1175.0374;
 717.18933, 1179.0909;
 244.66896, 1181.104;
 1051.1479, 1180.9308;
 658.98663, 1181.5535;
 1193.1715, 1187.0959;
 1369.349, 1197.7502;
 675.75873, 1199.7386;
 661.02649, 1202.021;
 748.52386, 1203.5002;
 1369.5956, 1217.4047;
 274.67892, 1219.2037;
 769.93872, 1220.2639;
 906.85126, 1221.08;
 1093.2859, 1231.0402;
 680.29462, 1236.1947;
 741.78485, 1236.4324;
 721.69489, 1245.6832;
 685.75922, 1249.7283;
 799.65656, 1250.4602;
 926.68048, 1253.7982;
 744.4422, 1261.9026;
 732.97992, 1266.4033;
 261.84409, 1266.7209;
 679.81598, 1268.6254;
 270.06503, 1269.8315;
 385.22708, 1272.6799;
 667.80725, 1279.0227;
 728.54016, 1285.7693;
 737.90656, 1289.7904;
 106.93317, 1292.9313;
 512.36139, 1293.8076;
 675.14728, 1295.5756;
 733.07513, 1299.3356;
 741.54138, 1302.5659;
 871.58099, 1301.8232;
 659.66327, 1304.4513;
 1098.2815, 1308.3507;
 668.28076, 1310.8435;
 568.27289, 1312.5383;
 234.25285, 1322.2926;
 703.52429, 1323.8998;
 1172.0956, 1328.9839;
 991.49634, 1329.7832;
 1210.1122, 1329.537;
 720.45935, 1330.7375;
 1145.1073, 1335.0459;
 1279.1227, 1336.4136;
 1006.2162, 1340.8203;
 515.59955, 1346.597;
 709.88965, 1349.5142;
 735.76141, 1349.5256;
 947.65497, 1362.7668;
 693.72015, 1363.8796;
 1140.1764, 1375.7039;
 1304.1039, 1376.8805;
 677.48041, 1379.3881;
 1244.998, 1379.744;
 172.97318, 1381.775;
 1170.8732, 1382.6106;
 689.10834, 1387.2671;
 1208.3258, 1390.1177;
 1200.4011, 1395.458;
 675.82605, 1405.3325;
 898.02173, 1406.4635;
 939.66168, 1408.0941;
 686.45679, 148.29968;
 563.328, 293.97205;
 812.87878, 594.56189;
 495.2908, 58.088585;
 92.216072, 60.09549;
 454.38663, 66.021408;
 465.09088, 67.280869;
 801.43103, 69.305771;
 373.77887, 70.937698;
 907.33813, 71.861595;
 398.71558, 77.612541;
 231.75594, 79.086922;
 351.80893, 79.295616;
 603.45593, 84.751503;
 503.83353, 87.881706;
 1127.7068, 91.81398;
 271.51752, 94.875137;
 677.0083, 95.991592;
 258.60599, 98.208008;
 223.50146, 101.36729;
 874.69464, 105.1378;
 189.62573, 108.79274;
 482.02454, 109.2911;
 1253.1569, 118.99841;
 1166.4844, 126.54923;
 287.9686, 128.96962;
 226.74622, 133.82269;
 685.14435, 135.38185;
 986.25159, 138.76105;
 976.73175, 140.25121;
 163.04773, 146.16364;
 549.59564, 145.49564;
 723.66791, 147.74963;
 367.69208, 151.09164;
 471.51074, 151.60623;
 285.25961, 153.49706;
 1230.4563, 155.38477;
 453.68671, 165.97519;
 800.64923, 171.21577;
 477.19534, 176.24619;
 802.78711, 177.0551;
 792.71075, 180.34161;
 319.00562, 180.76993;
 739.5011, 184.69493;
 383.71326, 189.33929;
 330.33847, 190.09279;
 320.5116, 190.81592;
 464.56088, 190.83185;
 714.63446, 191.37241;
 214.94632, 191.83812;
 848.87225, 191.53012;
 259.53214, 192.78818;
 445.45712, 193.15981;
 807.15375, 196.19429;
 471.87033, 197.8998;
 742.87598, 197.79318;
 815.08783, 199.80034;
 1227.4337, 204.813;
 204.07039, 208.16895;
 740.29779, 211.55013;
 441.04095, 212.39027;
 818.54773, 211.77492;
 829.54645, 212.13805;
 577.86169, 214.07851;
 731.61603, 214.36867;
 804.74231, 216.33545;
 1240.686, 215.60222;
 453.14233, 218.24289;
 739.05371, 222.59982;
 429.73767, 225.37323;
 752.46942, 225.81387;
 724.47784, 227.06137;
 1230.5751, 228.13763;
 450.03284, 229.96469;
 439.71667, 232.14328;
 520.16498, 234.59218;
 823.99323, 235.98065;
 865.32782, 238.41745;
 432.89227, 239.20671;
 750.83966, 238.70616;
 784.00256, 238.61365;
 181.19189, 240.31851;
 807.15637, 239.92247;
 740.03809, 240.50125;
 801.71838, 241.19244;
 1321.2517, 244.345;
 542.45435, 249.38602;
 759.1958, 248.73117;
 368.46188, 252.2005;
 894.78363, 259.88818;
 706.83429, 260.88449;
 104.03668, 264.63327;
 854.69012, 269.77481;
 1010.3334, 270.5686;
 719.3573, 273.8605;
 794.74945, 275.03339;
 844.74561, 277.72855;
 1260.0325, 281.9711;
 1282.7706, 281.66739;
 1244.1309, 283.20459;
 1270.2095, 285.69696;
 762.43372, 287.19937;
 779.39386, 288.11337;
 803.95605, 287.65717;
 333.71335, 293.09647;
 468.92767, 292.60266;
 842.89404, 295.40601;
 1220.5743, 296.87418;
 1086.6954, 302.1228;
 553.61475, 306.80228;
 652.1972, 308.5239;
 856.46387, 310.85074;
 885.80444, 312.03073;
 525.85455, 313.79666;
 842.34088, 317.29813;
 1268.9338, 319.39429;
 144.63152, 327.89233;
 786.60522, 328.17899;
 118.07293, 329.33087;
 501.93112, 330.87814;
 864.27502, 332.28821;
 201.88924, 333.44342;
 397.55862, 335.78528;
 332.12445, 338.55157;
 372.74698, 338.73184;
 781.92517, 338.82541;
 498.12122, 341.89822;
 143.02303, 345.00775;
 767.98846, 345.86313;
 191.36337, 348.47144;
 1249.2947, 348.76053;
 858.69342, 349.83524;
 442.67004, 351.96045;
 777.00958, 355.28174;
 256.629, 358.77454;
 768.28204, 359.41043;
 798.12164, 360.00153;
 849.66064, 362.05829;
 753.66266, 362.91034;
 1321.8762, 368.29233;
 134.47589, 369.62604;
 702.09033, 370.3143;
 767.80444, 377.62674;
 889.37964, 377.64386;
 901.09674, 379.02621;
 483.1387, 381.40649;
 255.46402, 382.64145;
 787.48694, 384.43643;
 358.06628, 386.83856;
 706.05676, 386.82605;
 807.39917, 386.60757;
 414.47382, 389.6492;
 929.63208, 392.15631;
 772.52667, 392.90509;
 811.45178, 395.72345;
 1194.8951, 397.71353;
 906.76111, 399.03934;
 546.9364, 400.11255;
 692.65295, 401.53107;
 1272.9182, 403.815;
 281.7066, 413.58243;
 795.84949, 414.97214;
 767.81854, 420.97839;
 299.04523, 421.52512;
 672.52026, 431.32303;
 612.76331, 433.47849;
 837.54877, 434.75732;
 851.52386, 436.35791;
 629.26898, 441.39893;
 894.85059, 442.59399;
 799.45422, 444.34421;
 821.05676, 446.73596;
 1212.4507, 448.96603;
 669.40582, 450.87769;
 1330.3077, 450.84232;
 813.82855, 457.17899;
 322.4126, 473.02161;
 557.31146, 474.19003;
 406.91806, 476.22919;
 141.39764, 478.10718;
 873.4585, 481.24075;
 129.62305, 482.18024;
 156.75525, 484.21222;
 1381.1196, 484.95639;
 804.38123, 485.95737;
 186.8434, 487.37952;
 412.7063, 490.19568;
 684.08081, 489.61707;
 936.84375, 489.9747;
 757.38837, 492.89255;
 842.98901, 502.65375;
 678.55304, 505.70743;
 292.38443, 507.32092;
 829.78967, 506.95886;
 209.27792, 508.93011;
 362.0759, 510.54553;
 669.02118, 511.58017;
 809.25311, 511.93457;
 797.86407, 513.82623;
 196.18864, 517.75073;
 789.68451, 520.98444;
 193.63676, 528.67761;
 725.9765, 528.6402;
 794.04163, 529.54407;
 512.27722, 533.64063;
 129.32033, 542.89532;
 139.16725, 544.28027;
 818.15448, 546.43793;
 313.0498, 550.82135;
 346.47958, 551.00745;
 800.60187, 550.71869;
 827.909, 554.17242;
 550.68073, 558.92371;
 794.65906, 559.85388;
 728.13556, 562.17297;
 823.47632, 564.43036;
 743.89771, 565.02563;
 627.90497, 565.97565;
 833.61237, 566.97839;
 695.0932, 567.76447;
 819.55981, 574.05017;
 547.9809, 577.59802;
 792.02545, 577.7616;
 803.32587, 577.46942;
 641.33734, 580.27991;
 738.54724, 580.05981;
 834.48627, 583.40015;
 188.38947, 585.24347;
 814.65088, 585.46466;
 752.60925, 587.65552;
 777.01215, 588.42365;
 609.32721, 591.64014;
 731.27844, 592.11768;
 926.92322, 591.75903;
 419.89761, 592.5957;
 743.00848, 592.64771;
 566.63483, 594.60712;
 265.23413, 596.81622;
 806.05688, 601.16913;
 773.31665, 604.97217;
 1286.1556, 605.22247;
 168.06406, 606.75818;
 788.41272, 608.65173;
 810.98596, 611.76038;
 1048.2871, 611.76971;
 1151.803, 612.30066;
 1164.6012, 612.47894;
 1300.236, 612.13971;
 742.16638, 616.38269;
 753.33075, 616.23682;
 1337.4744, 617.33325;
 791.11206, 620.04626;
 771.69226, 621.00348;
 993.68359, 623.35297;
 170.20042, 623.51129;
 843.91071, 624.33881;
 1254.6902, 628.76074;
 472.59821, 629.85266;
 248.3689, 635.71289;
 757.25653, 640.28638;
 940.54346, 643.76483;
 118.3517, 646.74072;
 128.69649, 649.47144;
 783.24078, 654.23639;
 796.12573, 655.59485;
 108.49741, 662.1745;
 219.48233, 672.5069;
 432.07721, 672.08557;
 1163.905, 676.69232;
 713.3172, 678.30994;
 337.24039, 679.2356;
 167.29311, 682.68939;
 398.05695, 683.90973;
 1144.3125, 685.90149;
 1199.8972, 686.02301;
 899.25867, 686.98932;
 799.60931, 689.40851;
 1386.3868, 689.88171;
 153.54971, 693.23413;
 715.21606, 694.84583;
 900.25372, 699.23761;
 743.89948, 701.2583;
 1171.6425, 709.35944;
 1183.2496, 711.30237;
 313.15408, 711.92114;
 159.44392, 713.28668;
 664.64728, 714.24872;
 169.28465, 715.10773;
 179.13647, 716.289;
 1325.4673, 720.29443;
 1187.79, 722.76416;
 424.90579, 724.08844;
 1195.1609, 727.98041;
 1169.6205, 729.2995;
 1337.9287, 728.54852;
 1102.6915, 735.90656;
 1185.8153, 737.51825;
 222.24481, 741.09528;
 165.0867, 742.15338;
 716.13873, 741.76746;
 1387.5206, 749.21069;
 725.57733, 749.49731;
 1335.3386, 752.68323;
 986.91724, 756.38782;
 1175.1648, 757.68286;
 1153.7102, 758.81793;
 704.83453, 760.76953;
 749.60962, 762.51917;
 1351.6428, 761.59637;
 766.49451, 766.39764;
 757.01074, 769.27557;
 776.33459, 769.28839;
 276.76593, 769.83386;
 1142.9539, 774.39673;
 717.96417, 776.15894;
 485.06409, 776.62463;
 768.99054, 778.15326;
 202.37952, 779.39343;
 1211.1661, 778.88373;
 174.78929, 779.87396;
 1349.9211, 781.51465;
 909.85052, 781.56946;
 725.91766, 783.46985;
 708.0249, 786.47809;
 772.72729, 787.35797;
 666.698, 788.03143;
 761.35114, 790.72131;
 620.95349, 794.09088;
 718.11554, 795.12085;
 873.6283, 797.29688;
 121.51927, 799.19678;
 131.7471, 800.21863;
 1150.5604, 800.35925;
 724.37213, 804.66162;
 753.7088, 806.82623;
 793.3064, 813.77612;
 1375.1992, 816.77216;
 725.08588, 819.00787;
 781.20074, 824.31152;
 1315.4552, 823.78693;
 508.63525, 827.15784;
 747.92255, 829.64966;
 869.84882, 836.0899;
 740.95215, 837.35547;
 709.09851, 837.67737;
 270.36844, 842.94617;
 747.40125, 850.31372;
 766.58618, 857.41046;
 1109.3588, 863.96954;
 753.66663, 864.55908;
 857.67859, 866.6781;
 757.8858, 867.961;
 702.55066, 876.1795;
 835.21307, 880.77869;
 754.85162, 883.57196;
 341.90729, 884.80878;
 765.67615, 886.30609;
 756.11322, 888.35443;
 223.45641, 893.30811;
 288.35309, 892.58624;
 1051.583, 896.323;
 665.11371, 899.297;
 947.31146, 900.77917;
 760.88281, 903.34491;
 748.13989, 903.91791;
 733.62701, 912.55884;
 744.44672, 914.43536;
 765.88013, 913.9812;
 429.29761, 915.39044;
 1020.9958, 915.2688;
 176.22536, 915.64368;
 564.0285, 918.49133;
 757.35339, 923.26202;
 171.55302, 924.63654;
 145.61742, 927.25183;
 756.05444, 932.35699;
 177.09077, 932.72021;
 308.8826, 934.68842;
 461.69144, 936.82568;
 409.12292, 938.96118;
 665.33893, 939.44867;
 1300.8199, 941.62323;
 653.16431, 942.64264;
 1189.7122, 943.44513;
 1067.4227, 943.4599;
 1032.2134, 949.17706;
 660.69611, 950.96826;
 1291.7528, 952.19641;
 682.37799, 954.46045;
 762.30151, 954.83722;
 735.61572, 955.5072;
 1072.4102, 956.1308;
 125.71037, 959.3252;
 655.68652, 959.67078;
 1285.028, 960.57849;
 229.36935, 963.03687;
 819.6131, 962.69012;
 686.81964, 964.67792;
 1062.2676, 965.90582;
 743.40692, 966.56897;
 328.70737, 968.95978;
 712.25751, 970.93787;
 116.86025, 976.82513;
 689.03619, 978.39136;
 767.67987, 979.47382;
 173.65822, 980.29028;
 674.88757, 979.73755;
 672.41595, 984.92706;
 1126.2552, 984.98694;
 347.46979, 988.8725;
 1137.0938, 989.48352;
 747.34869, 991.44574;
 1254.7893, 991.56073;
 77.352577, 998.30212;
 1096.264, 997.8797;
 467.68176, 1000.7552;
 1185.8185, 1004.3735;
 476.88422, 1005.3987;
 777.87689, 1004.762;
 72.413918, 1007.1324;
 734.61572, 1007.4302;
 1147.1884, 1007.1452;
 1168.0857, 1007.4225;
 62.438568, 1009.5455;
 404.46277, 1010.4467;
 490.91095, 1010.1123;
 676.0144, 1009.5594;
 1384.7334, 1015.9666;
 660.57501, 1017.57;
 628.38281, 1022.0245;
 733.63068, 1021.9995;
 1392.8198, 1022.6259;
 653.93842, 1027.9955;
 668.42487, 1034.1462;
 733.73248, 1036.9509;
 387.39761, 1037.4159;
 494.70181, 1038.5421;
 590.00323, 1038.5422;
 558.13483, 1040.521;
 677.44751, 1043.78;
 657.80981, 1046.4954;
 728.98462, 1047.2368;
 668.65509, 1050.4113;
 561.22864, 1050.6967;
 92.588882, 1053.2302;
 522.48798, 1053.9694;
 678.03192, 1054.8202;
 739.71863, 1054.9753;
 727.97791, 1056.9097;
 390.54138, 1058.8551;
 689.1731, 1058.8094;
 745.59955, 1063.2314;
 984.19739, 1063.7896;
 1316.8359, 1065.8612;
 689.39551, 1071.6453;
 1205.4958, 1074.1635;
 747.41602, 1077.0433;
 679.5611, 1077.8445;
 659.85675, 1083.7424;
 1220.9454, 1084.6039;
 741.22565, 1087.4867;
 1041.4747, 1093.0153;
 222.93105, 1093.998;
 595.39014, 1093.7921;
 1366.1234, 1094.2716;
 668.10632, 1095.3544;
 810.63385, 1097.9921;
 1112.5963, 1101.6312;
 594.4823, 1103.96;
 574.74579, 1105.8562;
 670.70361, 1105.6237;
 729.91095, 1106.5078;
 888.05121, 1111.3818;
 605.00995, 1111.5957;
 680.43427, 1113.1442;
 690.62604, 1115.004;
 1330.5127, 1114.7556;
 667.56049, 1117.0386;
 718.93835, 1117.0844;
 1270.1354, 1117.7302;
 678.94489, 1120.9685;
 540.14807, 1124.4897;
 735.61108, 1124.806;
 1262.6765, 1125.5188;
 1296.637, 1129.0167;
 658.6994, 1130.5442;
 683.20203, 1131.3966;
 706.75372, 1131.5059;
 1320.7863, 1131.502;
 1307.5111, 1133.7335;
 670.93494, 1134.6582;
 728.53058, 1139.0762;
 1383.9037, 1142.344;
 338.82437, 1144.2277;
 668.45831, 1144.2528;
 58.326328, 1147.0186;
 456.75742, 1150.0702;
 674.3844, 1149.6302;
 330.15314, 1153.4133;
 662.36816, 1152.7147;
 309.02371, 1154.7408;
 489.95218, 1157.0333;
 719.20129, 1157.7701;
 648.78595, 1159.1472;
 911.52655, 1158.5142;
 659.85901, 1159.9691;
 822.31305, 1161.2379;
 437.92441, 1162.8829;
 678.50378, 1164.7225;
 729.46289, 1166.7622;
 487.88547, 1167.5718;
 709.46576, 1167.5771;
 1167.2913, 1170.0181;
 1335.7056, 1173.5906;
 651.15051, 1175.4587;
 717.65271, 1178.3862;
 963.09338, 1179.8578;
 244.73994, 1180.6846;
 1050.7003, 1181.0918;
 659.30078, 1182.3585;
 587.67554, 1185.5106;
 1193.4781, 1186.9641;
 87.288879, 1194.9761;
 1369.4479, 1197.568;
 675.64203, 1198.9698;
 661.86163, 1201.5601;
 436.31189, 1202.8779;
 748.35339, 1203.6775;
 671.3717, 1209.1395;
 726.92273, 1209.8134;
 659.84631, 1211.2661;
 718.26068, 1217.3196;
 1369.842, 1217.2335;
 274.42987, 1220.1123;
 907.7359, 1221.1611;
 1302.5035, 1223.141;
 659.40009, 1225.1161;
 682.15729, 1236.0837;
 741.41809, 1236.6949;
 1356.2524, 1239.9814;
 668.79303, 1240.3296;
 721.78021, 1245.3317;
 684.64288, 1249.2852;
 740.52026, 1251.4987;
 926.24036, 1254.1095;
 675.67981, 1258.2944;
 1235.8007, 1261.2626;
 744.83954, 1262.3047;
 261.34088, 1266.5825;
 733.25702, 1266.8798;
 680.27838, 1268.4645;
 270.99115, 1270.3838;
 385.02536, 1272.1836;
 671.69623, 1275.3335;
 1164.0028, 1275.6271;
 1006.4369, 1278.4478;
 668.41864, 1278.699;
 681.49261, 1282.6665;
 728.0625, 1285.8663;
 1344.7853, 1287.8667;
 738.79547, 1289.2832;
 106.31667, 1292.8394;
 512.20959, 1294.0132;
 674.94098, 1295.2467;
 733.06708, 1299.0031;
 741.99371, 1303.2401;
 659.44537, 1304.475;
 1097.923, 1308.3785;
 668.58142, 1311.1095;
 732.86853, 1315.363;
 674.15021, 1318.3093;
 233.61969, 1322.4081;
 615.59045, 1321.585;
 703.42188, 1323.8289;
 668.32007, 1324.5945;
 680.27631, 1329.1978;
 1210.1018, 1329.426;
 991.49329, 1329.8381;
 719.93256, 1330.9647;
 1279.3812, 1336.5762;
 664.72943, 1338.1255;
 243.15868, 1340.2506;
 675.98059, 1341.1659;
 1006.3078, 1340.9575;
 662.237, 1341.9113;
 685.59766, 1347.0249;
 710.60522, 1349.5337;
 735.51556, 1349.2393;
 667.08142, 1350.6272;
 699.7666, 1352.8835;
 69.399513, 1361.2566;
 665.91205, 1363.8254;
 1156.6906, 1366.703;
 671.35052, 1372.7096;
 1140.4088, 1375.2024;
 1303.9222, 1375.7365;
 452.10046, 1377.5609;
 677.20221, 1380.4612;
 1244.8832, 1380.0156;
 172.06471, 1380.6431;
 664.43036, 1381.5077;
 1170.703, 1382.377;
 1304.0559, 1386.0776;
 1209.4404, 1390.0287;
 672.96979, 1391.1743;
 683.89398, 1391.2731;
 1295.3307, 1391.5544;
 1200.2501, 1395.5648;
 674.68079, 97.158913;
 366.63022, 149.97336;
 1248.684, 158.22276;
 799.48572, 169.87827;
 790.32739, 181.58688;
 741.7403, 198.01653;
 816.11285, 209.42181;
 829.7417, 210.81355;
 453.88998, 216.42525;
 800.90405, 218.80154;
 738.70673, 220.74728;
 449.1084, 228.74673;
 437.75522, 231.77655;
 519.43817, 234.21829;
 822.39301, 236.30017;
 751.54431, 238.7643;
 782.01379, 237.94542;
 737.27649, 239.84537;
 801.61005, 240.09776;
 865.45288, 239.97479;
 1280.9373, 281.2814;
 1257.522, 284.18655;
 802.8512, 287.88803;
 844.16455, 297.96777;
 855.02728, 309.81549;
 848.58966, 330.27808;
 784.70178, 333.59531;
 857.88702, 346.327;
 773.86578, 366.09106;
 701.25214, 368.47025;
 901.18317, 377.43152;
 762.70154, 380.60403;
 843.01019, 387.88776;
 774.19189, 392.59869;
 789.56372, 397.98041;
 849.58203, 405.02637;
 836.74939, 431.10834;
 850.92828, 434.08548;
 798.1106, 442.90549;
 766.54663, 454.18161;
 813.68732, 455.8587;
 141.68593, 477.6853;
 869.92847, 478.51099;
 128.86136, 480.71619;
 803.71918, 486.71643;
 757.49207, 493.89011;
 843.39606, 503.21765;
 828.62085, 507.12741;
 813.41321, 517.2569;
 726.23981, 529.58936;
 801.28473, 550.1076;
 726.14777, 561.71796;
 742.12006, 564.60114;
 833.05725, 564.14636;
 819.66956, 571.60101;
 790.23712, 576.66107;
 734.20361, 580.37744;
 778.50403, 588.62982;
 743.42719, 594.60187;
 805.90552, 598.96722;
 787.37024, 605.14893;
 1163.4164, 611.2149;
 738.50183, 615.21368;
 768.38336, 618.87872;
 791.40363, 620.84338;
 781.72968, 652.57056;
 217.9091, 670.54242;
 1168.8368, 709.77625;
 1184.7177, 712.51019;
 713.06, 739.05457;
 725.64777, 749.40973;
 1335.1721, 752.44153;
 703.91364, 759.03381;
 747.4057, 760.57428;
 716.31488, 773.96167;
 705.82813, 786.38177;
 717.95233, 796.53497;
 791.23492, 813.16333;
 723.70276, 819.4967;
 746.17932, 850.34882;
 766.42896, 853.42102;
 755.4187, 863.47272;
 766.39191, 884.58746;
 751.45746, 885.41992;
 1050.4235, 896.85858;
 746.47272, 902.67047;
 766.09229, 911.02106;
 755.16901, 926.11218;
 649.78479, 940.21283;
 664.4118, 940.2818;
 1066.0261, 942.26776;
 733.2981, 951.92725;
 1073.214, 955.26434;
 761.23096, 957.54315;
 684.46173, 959.67072;
 742.40472, 964.42426;
 1060.4735, 965.63794;
 765.48981, 975.93573;
 689.30817, 978.34735;
 737.80426, 979.85474;
 672.27344, 983.08264;
 659.57605, 991.49719;
 674.63574, 992.70642;
 749.88684, 991.24023;
 735.34814, 1004.8714;
 776.63898, 1003.2551;
 1143.3868, 1005.3872;
 489.10956, 1007.9406;
 660.45239, 1014.9265;
 647.62622, 1024.3054;
 667.59375, 1033.3835;
 731.04285, 1042.576;
 654.97351, 1046.5778;
 678.79907, 1048.0533;
 739.18646, 1050.197;
 520.56604, 1054.522;
 663.07037, 1062.0793;
 688.50128, 1069.5331;
 674.99359, 1075.9089;
 657.83911, 1082.356;
 739.25, 1086.2162;
 668.32843, 1098.4152;
 729.79346, 1106.9482;
 679.42596, 1116.804;
 664.18109, 1117.3201;
 734.54083, 1122.6852;
 656.45856, 1125.6206;
 1259.8972, 1125.1412;
 685.13141, 1133.0425;
 668.58478, 1137.7295;
 673.80273, 1147.1143;
 655.41376, 1155.5337;
 717.79443, 1156.1589;
 909.44452, 1156.1394;
 680.82495, 1160.8633;
 705.07007, 1163.7357;
 730.37323, 1164.6519;
 717.53833, 1177.5144;
 659.23608, 1185.0647;
 659.11975, 1192.413;
 744.70349, 1202.1086;
 670.30725, 1206.7347;
 724.55927, 1206.3262;
 716.78168, 1216.9268;
 656.67706, 1224.1779;
 667.83142, 1236.8988;
 739.6236, 1235.0298;
 722.04053, 1243.9945;
 684.02496, 1246.6093;
 740.13702, 1247.3356;
 671.09906, 1256.4362;
 686.55212, 1266.3265;
 731.49615, 1265.776;
 667.38617, 1277.0203;
 682.52557, 1282.8805;
 725.17871, 1290.896;
 655.02747, 1304.4009;
 730.66174, 1313.4923;
 671.078, 1316.3877;
 682.19983, 1327.6265;
 714.36938, 1331.1185;
 676.06812, 1340.1172;
 661.30304, 1344.3744;
 733.88873, 1347.6609;
 697.74255, 1352.1998;
 678.97095, 1354.729;
 689.08295, 1366.5464;
 1246.365, 158.94841;
 799.51819, 167.31891;
 791.64423, 185.05577;
 742.12006, 200.25536;
 814.68091, 206.72151;
 831.82813, 210.04921;
 739.92548, 220.8136;
 448.78799, 229.02054;
 823.69269, 238.28438;
 733.75037, 240.52811;
 753.84149, 239.82735;
 801.94934, 239.53691;
 865.46478, 244.98024;
 802.93512, 288.7662;
 845.50647, 300.77698;
 854.29041, 307.61115;
 784.87, 333.77658;
 859.15643, 345.42972;
 774.11816, 364.55688;
 700.89899, 368.62552;
 760.62946, 382.42868;
 840.60681, 389.37985;
 784.13892, 397.862;
 847.53943, 405.98877;
 840.45465, 423.841;
 797.33124, 441.52679;
 764.15186, 454.27863;
 813.93457, 456.3447;
 834.99695, 471.74741;
 803.57806, 490.52838;
 758.51434, 494.80823;
 844.44476, 503.22571;
 828.36151, 507.87512;
 813.68829, 518.06348;
 727.54272, 528.45624;
 800.9527, 549.70416;
 743.92401, 565.06567;
 733.01978, 581.03827;
 808.9826, 594.05865;
 745.30731, 597.32208;
 787.82727, 602.30786;
 753.72723, 604.17487;
 769.53168, 619.64661;
 789.94128, 622.17822;
 782.37952, 650.00543;
 748.9986, 671.31763;
 1186.9276, 712.58667;
 726.4411, 749.69824;
 715.91974, 774.21057;
 699.33069, 794.13141;
 722.30707, 799.26239;
 724.57953, 818.47607;
 746.55286, 854.37244;
 757.41003, 866.11304;
 672.21222, 880.04095;
 745.09515, 902.1098;
 766.11249, 906.17432;
 755.73389, 923.49774;
 663.66785, 939.3548;
 684.18396, 959.948;
 763.3407, 959.08044;
 742.97125, 963.37073;
 662.68262, 966.15863;
 690.20325, 980.62427;
 670.67133, 985.88837;
 654.62061, 989.49115;
 675.94891, 991.02728;
 752.17004, 992.63068;
 735.77417, 1007.9177;
 660.24371, 1015.0605;
 666.59991, 1029.521;
 669.19519, 1032.8693;
 735.44055, 1045.8699;
 651.07037, 1047.8993;
 663.4502, 1062.1355;
 751.78009, 1067.5314;
 675.86389, 1075.2017;
 734.22028, 1080.2512;
 656.85681, 1081.9093;
 687.62762, 1092.3733;
 668.42719, 1098.8154;
 680.32635, 1113.6687;
 735.24823, 1121.7267;
 659.85925, 1118.6493;
 667.88904, 1138.2866;
 689.14819, 1136.717;
 673.55225, 1145.3926;
 717.1532, 1154.5693;
 650.7663, 1156.3016;
 701.80109, 1162.4147;
 716.85687, 1179.0253;
 658.67126, 1181.7922;
 679.82581, 1188.2286;
 670.24261, 1204.9958;
 654.21191, 1222.2026;
 683.88489, 1224.0344;
 668.21051, 1236.4982;
 739.66748, 1235.944;
 685.56189, 1245.8214;
 668.17902, 1258.4113;
 664.4928, 1275.1881;
 684.49359, 1279.197;
 723.39307, 1291.3912;
 687.8316, 1304.6414;
 730.20093, 1313.1132;
 668.11902, 1318.0045;
 800.88873, 196.2309;
 834.47552, 197.34967;
 740.60004, 215.98691;
 865.80414, 247.71773;
 849.38098, 306.04541;
 781.85065, 332.81552;
 857.47986, 340.05981;
 780.42249, 396.21841;
 843.23871, 404.38217;
 792.02039, 438.4165;
 756.24603, 453.42383;
 814.97247, 459.21942;
 760.42877, 495.23154;
 728.03583, 520.28815;
 800.18701, 544.53406;
 749.02576, 560.60913;
 810.98755, 592.14764;
 750.06573, 599.54285;
 763.58014, 612.27985;
 751.14917, 673.73785;
 722.3548, 810.20282;
 743.66962, 852.04529;
 769.87048, 898.5744;
 740.88525, 908.26868;
 749.62616, 920.1087;
 681.82318, 957.14697;
 759.909, 961.30945;
 731.07739, 1007.6022;
 660.88611, 1016.676;
 660.78778, 1059.7025;
 675.35529, 1071.3429;
 647.82971, 1081.1252;
 679.12012, 1110.207;
 715.64728, 1175.2582;
 658.06921, 1184.2651;
 645.51483, 1217.6583;
 668.9845, 1234.0477;
 735.32404, 1231.2559;
 660.26221, 1261.2997;
 689.70331, 1264.7019;
 643.70325, 974.79291;
 865.12354, 250.06357;
 850.42871, 313.89169;
 777.63495, 346.50711;
 844.92578, 403.38333;
 793.76862, 435.47864;
 752.78564, 452.80597;
 816.31232, 464.24994;
 759.84589, 495.37744;
 774.50116, 505.42725;
 727.56433, 521.79889;
 750.36072, 560.67731;
 813.71515, 591.26465;
 762.89917, 604.50287;
 713.64868, 772.60986;
 720.5191, 804.29596;
 741.32892, 851.37372;
 739.7182, 914.07001;
 683.73395, 956.1181;
 760.04755, 957.25983;
 660.84448, 1016.0095;
 725.80951, 1019.2249;
 680.55157, 1107.1364;
 716.08289, 1176.9034;
 658.01752, 1183.7188;
 778.98358, 358.70087;
 833.00977, 382.65445;
 790.53204, 418.24158;
 818.34308, 473.86362;
 754.81519, 498.46994;
 801.65393, 542.89966;
 752.98621, 584.3324;
 739.33496, 849.67627;
 834.19232, 497.13943;
 823.43439, 544.31757;
 742.49811, 567.63818]
