 55.506462  32.041317 
 205.57941  35.233257 
 263.36621  38.449223 
 269.82693  38.207699 
 284.84473  43.602127 
 342.17981  42.839905 
 260.72092  43.974236 
 279.11548  44.044849 
 251.31725  45.23991 
 345.12207  48.3577 
 275.22696  51.281242 
 350.28027  52.233856 
 283.80133  53.785133 
 289.90228  53.87767 
 78.723709  56.633175 
 344.94174  54.672428 
 329.35233  56.314075 
 322.87921  59.369816 
 214.18559  57.984581 
 225.25562  57.991714 
 219.81299  59.004459 
 255.88286  59.349957 
 262.7991  59.506699 
 321.61493  62.285522 
 293.90356  65.202675 
 303.76575  64.67746 
 215.46957  66.904472 
 266.93283  65.304855 
 186.91306  68.037895 
 220.18614  67.559082 
 234.70818  67.83683 
 350.16431  67.486137 
 322.07144  70.841614 
 211.01315  71.009354 
 302.37805  71.622635 
 225.43787  74.368294 
 249.79137  74.243416 
 152.40094  75.74868 
 234.10417  75.300156 
 101.88928  75.998833 
 349.09702  76.456596 
 147.00639  77.075035 
 158.87572  77.244453 
 327.16345  77.190186 
 175.43221  80.638939 
 215.79109  80.969261 
 353.5419  82.820114 
 370.73492  80.947983 
 105.91061  83.65509 
 155.36774  82.434265 
 345.67783  83.038254 
 388.41711  82.982292 
 403.27576  83.203239 
 88.761414  83.904518 
 139.30373  85.041061 
 97.102814  85.555695 
 108.83672  85.296272 
 182.28406  84.952248 
 228.58284  85.274529 
 396.83582  86.189636 
 188.7599  85.802795 
 195.79663  85.78524 
 177.00871  86.610413 
 201.57639  87.456306 
 207.38893  87.206703 
 245.83388  86.318771 
 362.99271  89.332344 
 387.12808  89.96743 
 399.80582  89.240005 
 234.43112  88.304871 
 369.9451  89.693428 
 349.84836  91.234146 
 122.16811  92.64164 
 179.08812  92.726433 
 191.34166  93.555893 
 401.79218  91.903511 
 71.860802  95.027733 
 230.23875  94.84494 
 357.84787  94.212868 
 100.74823  96.820816 
 397.60986  98.444328 
 160.95775  98.952553 
 236.33311  98.833763 
 245.43282  99.291489 
 128.90475  101.25301 
 271.95096  100.65483 
 264.11362  100.21472 
 372.17371  102.75773 
 257.92728  103.49033 
 143.17377  104.10129 
 445.93665  104.79908 
 455.60086  105.15072 
 466.82889  105.93218 
 367.8511  106.74023 
 451.20605  108.40264 
 68.594154  108.83391 
 136.04649  109.84225 
 264.08496  110.25279 
 471.87607  112.02785 
 391.06052  112.24113 
 146.71413  113.75703 
 84.875046  114.83049 
 395.11496  116.36855 
 120.43353  117.51478 
 383.73099  117.40602 
 155.15007  118.18923 
 471.14197  117.93688 
 114.59609  118.88965 
 252.44565  118.70612 
 258.21094  118.90504 
 412.61292  121.02174 
 91.514496  120.17149 
 404.10046  122.6073 
 426.6485  123.11507 
 433.79352  122.86794 
 85.771202  123.95469 
 78.885391  125.74663 
 224.29851  124.91021 
 389.70508  124.89478 
 471.99875  125.87965 
 396.0575  126.70596 
 231.10736  126.73447 
 88.516205  129.36971 
 117.97314  128.80067 
 457.70325  129.25003 
 465.38885  129.63014 
 422.64801  128.63837 
 406.91055  133.64977 
 415.33557  131.73639 
 84.743225  133.92024 
 299.74805  133.2608 
 304.67224  133.06224 
 489.33353  134.31366 
 403.10898  135.26605 
 89.020325  139.48628 
 337.81595  139.72269 
 81.436531  141.12396 
 414.8266  140.77312 
 472.16943  142.39694 
 543.74371  145.08733 
 326.28589  144.55986 
 247.64502  145.64561 
 334.4007  146.25536 
 240.14751  146.77916 
 465.39618  149.15575 
 473.01389  150.60054 
 552.24359  151.22421 
 557.76532  150.91182 
 278.23325  153.11525 
 75.870201  154.86279 
 92.64782  157.24127 
 85.252327  155.51569 
 326.63797  157.01155 
 473.07208  157.24989 
 465.99335  157.74626 
 92.251274  159.68008 
 499.96869  160.52974 
 506.90945  159.76549 
 85.120796  159.01418 
 475.34436  162.26735 
 549.70526  162.29298 
 496.67502  163.46439 
 542.56018  163.9165 
 284.15714  163.78708 
 468.20166  163.84389 
 519.07544  165.27446 
 480.84875  165.69263 
 507.6225  166.19907 
 84.697914  167.10744 
 263.06549  166.53464 
 78.007942  168.19722 
 106.84656  168.15979 
 245.88425  168.03201 
 473.83682  168.61142 
 236.15764  169.75206 
 270.16772  170.46892 
 293.96204  170.68936 
 250.19928  172.03041 
 301.57712  173.08249 
 97.854767  173.94348 
 497.13889  174.96236 
 504.45013  175.70789 
 77.051506  177.22681 
 105.10345  177.47992 
 283.35403  177.35402 
 274.27817  179.83183 
 55.213383  181.17551 
 90.980171  180.9559 
 298.36346  183.65201 
 212.8403  184.87964 
 219.93178  186.80058 
 256.24777  185.59433 
 271.32202  187.80095 
 239.76564  187.79718 
 308.97504  187.6433 
 326.4747  187.87952 
 376.422  187.74332 
 83.458992  188.95 
 91.010216  188.77226 
 488.15567  189.93028 
 199.58641  192.96294 
 190.59734  193.08887 
 221.95103  193.41609 
 338.39822  193.81145 
 233.83435  193.53255 
 292.29547  193.93481 
 490.03958  193.85793 
 259.50861  194.87724 
 266.28476  196.71869 
 280.03983  194.34236 
 484.33624  194.9444 
 44.220428  195.46582 
 175.85324  195.91327 
 214.38896  198.31421 
 245.68225  196.21767 
 273.12292  197.02808 
 323.78879  199.61485 
 186.81068  198.84241 
 306.67484  198.4384 
 331.9379  199.60626 
 232.10092  201.14249 
 37.020569  201.44926 
 203.54077  200.00104 
 322.86288  201.35564 
 493.57898  201.36482 
 283.27368  201.98531 
 311.00348  202.04948 
 166.96909  201.66475 
 352.71317  202.57832 
 193.64763  203.88512 
 296.84335  204.97064 
 183.9832  206.04515 
 303.36307  206.80121 
 319.65607  206.79048 
 474.91495  206.56703 
 479.83847  206.88737 
 199.51955  208.89586 
 225.85059  209.97711 
 206.23627  211.62543 
 168.28297  211.99855 
 381.20322  212.31483 
 39.08979  212.88019 
 153.92607  213.8989 
 177.31517  213.76901 
 322.11743  214.42996 
 375.78781  214.53081 
 478.72513  215.00505 
 189.61029  216.66093 
 351.86215  218.01839 
 561.83057  219.27266 
 194.94821  222.28195 
 358.90115  221.96574 
 335.07919  222.12625 
 372.27191  223.1329 
 175.71246  225.73811 
 237.13583  223.37697 
 344.70847  221.6087 
 469.80685  223.67514 
 276.07623  225.60027 
 319.80975  225.55591 
 458.94614  227.8188 
 164.62132  228.40378 
 170.9395  227.98283 
 340.12061  230.12793 
 368.45258  228.653 
 187.21753  231.05846 
 271.83902  231.67264 
 487.39078  231.86523 
 237.99287  232.86852 
 342.92831  232.38159 
 247.82074  232.51704 
 377.94315  231.68268 
 481.13156  232.71205 
 72.983246  233.98264 
 180.20328  234.05365 
 360.90836  232.49409 
 384.59659  234.02098 
 80.768669  233.71474 
 153.91605  236.13704 
 185.66037  234.81551 
 219.55026  234.63808 
 161.1884  235.48569 
 354.13806  235.55928 
 347.694  236.96799 
 474.05212  237.2028 
 419.02457  238.04832 
 170.69902  239.37602 
 381.66422  239.87347 
 130.39809  240.38408 
 178.97832  240.65892 
 186.51978  241.71327 
 213.44415  240.79724 
 153.43689  241.99203 
 161.61513  240.80107 
 305.52756  244.84425 
 250.59196  243.79042 
 366.77585  246.89919 
 466.15234  246.20288 
 474.99234  245.47769 
 169.2146  247.07414 
 155.35208  248.73924 
 178.40884  248.85747 
 482.31073  251.01479 
 392.46539  252.21944 
 398.26041  251.69037 
 475.29987  253.84734 
 151.15105  255.97018 
 166.03171  254.61673 
 382.23505  256.04489 
 531.28833  254.99016 
 75.44912  256.06693 
 157.64616  255.96652 
 387.52051  256.13983 
 374.27457  256.53244 
 402.46863  257.60818 
 362.13123  258.15674 
 370.23245  258.33051 
 392.91418  259.28992 
 398.15921  260.04526 
 168.01225  261.09171 
 178.0528  260.83051 
 63.717461  261.37906 
 126.50786  262.75647 
 157.56256  263.07227 
 484.47061  263.79291 
 476.41953  263.78564 
 212.83661  265.72763 
 386.71716  265.19995 
 53.785191  266.12891 
 370.71024  268.74667 
 378.04413  266.55862 
 123.58842  269.9277 
 154.39102  269.4231 
 396.2663  268.28323 
 323.65756  270.44388 
 491.88474  270.87094 
 483.9769  271.89459 
 152.77342  273.87177 
 167.73978  271.86917 
 145.71849  272.62003 
 60.295612  275.4614 
 474.76611  275.73001 
 405.32816  276.49585 
 161.39731  277.59882 
 205.94771  276.06503 
 397.21359  278.19986 
 412.44348  278.32227 
 522.70221  278.74289 
 170.03249  280.72998 
 355.79169  278.78232 
 154.68179  281.03271 
 372.63776  281.9707 
 379.41168  280.95053 
 487.01135  281.21478 
 493.10086  281.12308 
 289.02148  281.95087 
 276.72333  283.32291 
 149.06932  284.21054 
 295.90143  282.93851 
 259.37213  286.14896 
 384.0405  285.42502 
 33.826794  288.11847 
 132.57269  289.1456 
 164.33644  287.59097 
 121.16322  288.65121 
 157.51839  289.50095 
 355.92273  289.15585 
 63.483948  289.784 
 274.36295  290.1503 
 390.93515  291.02661 
 401.89706  289.91287 
 106.32754  291.0412 
 253.01114  289.9212 
 280.10199  291.03915 
 373.78967  289.78146 
 493.01846  291.0957 
 167.97835  293.01172 
 234.51385  292.36331 
 487.202  292.15573 
 332.30325  293.11624 
 153.19588  294.68851 
 262.01611  294.53165 
 271.91913  295.11755 
 474.19577  294.44159 
 162.24403  296.90466 
 254.95428  297.34952 
 496.74182  296.55917 
 147.78075  297.60666 
 406.74292  297.85583 
 139.7787  298.88116 
 484.42865  298.93231 
 490.22592  298.00092 
 100.93535  300.70099 
 168.26147  300.48291 
 288.49713  300.2077 
 262.3187  303.06375 
 389.09686  301.86279 
 273.28189  303.29752 
 499.15869  302.56543 
 38.834805  304.45786 
 33.235954  304.63135 
 149.16167  305.46289 
 384.03705  304.59549 
 514.0152  305.46417 
 128.88033  305.79636 
 507.66492  305.95026 
 42.927353  307.30026 
 156.36235  305.93268 
 501.97177  307.28796 
 30.07832  308.15518 
 262.62076  308.41278 
 496.07635  307.82196 
 165.58981  308.14093 
 439.19614  310.08707 
 115.85152  310.5701 
 148.18262  310.70551 
 169.44409  311.83627 
 248.04514  311.95148 
 397.8096  311.92871 
 432.47305  311.37827 
 558.69055  312.01974 
 142.74788  313.6199 
 242.80608  313.14392 
 378.05057  313.26135 
 370.55487  313.59671 
 387.1351  313.36365 
 152.33691  315.9068 
 166.03322  316.05737 
 90.541443  316.38574 
 496.69128  316.86868 
 502.62155  317.89905 
 507.60468  319.10834 
 171.96205  320.22141 
 374.23178  320.66397 
 398.66956  322.08804 
 381.41788  322.56833 
 485.79593  322.4321 
 166.89082  325.65646 
 501.83484  325.20889 
 46.245911  326.21939 
 169.73457  326.35025 
 368.64462  326.78925 
 212.8311  328.87314 
 495.37967  328.96048 
 313.74475  329.77332 
 318.92154  330.0173 
 528.77637  330.68439 
 147.41319  332.02423 
 533.95898  331.68195 
 175.30042  334.0657 
 365.39987  333.83456 
 39.901691  336.21179 
 154.7562  335.89667 
 236.47029  337.58682 
 530.74243  337.87909 
 37.970127  339.41171 
 141.13875  339.02151 
 217.97351  338.74731 
 44.066795  340.00894 
 151.10121  338.59409 
 377.58868  340.43582 
 171.73285  341.0625 
 506.33643  340.66449 
 367.28693  342.72864 
 499.53107  342.71536 
 178.48216  345.09003 
 376.53436  344.09216 
 34.723278  345.9975 
 274.10248  346.81448 
 493.07928  346.9902 
 142.37511  346.69626 
 293.08282  347.27676 
 358.92426  345.43204 
 502.26276  346.89279 
 384.41037  346.82419 
 131.65491  351.95764 
 168.58209  351.55692 
 183.87308  353.03195 
 353.86597  353.43896 
 360.31387  354.78424 
 501.767  352.70837 
 261.44016  355.85953 
 300.33286  353.242 
 305.97278  358.04883 
 182.90057  358.92181 
 189.71153  358.71902 
 349.29602  357.79303 
 278.78174  359.50327 
 391.97623  360.85059 
 488.34985  360.82483 
 503.81122  361.31525 
 179.99519  360.3689 
 294.94153  364.0802 
 360.84735  363.96252 
 513.03003  363.746 
 367.97153  365.18216 
 300.92355  366.21036 
 470.01422  365.9267 
 494.66504  366.26019 
 338.96713  367.22458 
 488.97324  367.27405 
 344.01355  367.98169 
 43.12059  368.55396 
 238.73511  368.936 
 307.20996  369.83578 
 152.09428  370.45816 
 163.08391  371.02252 
 172.84837  370.11594 
 371.48694  372.28131 
 198.02173  372.61951 
 339.59406  373.06705 
 389.49677  373.15253 
 505.50668  372.71576 
 145.30739  374.42166 
 331.57248  375.26352 
 498.42255  374.06586 
 155.35901  376.43054 
 45.769386  377.19839 
 371.75717  378.13663 
 204.49782  380.02274 
 493.72336  380.88464 
 327.4165  379.69571 
 212.04955  381.80902 
 218.06747  382.46625 
 501.78687  381.95667 
 333.69907  383.32837 
 196.35992  384.37869 
 508.83755  384.41211 
 377.82455  385.11664 
 325.62054  386.63898 
 225.77769  387.61417 
 161.97046  388.95471 
 174.79547  389.20596 
 182.90776  388.73297 
 473.87421  389.97211 
 51.76775  391.5683 
 328.0495  393.29401 
 513.49957  394.03836 
 228.21867  393.48444 
 320.90292  395.61203 
 378.53247  395.47888 
 478.18787  395.0849 
 244.80058  396.298 
 257.2749  396.51392 
 486.06335  396.01865 
 182.9995  397.36826 
 390.41446  397.29944 
 492.05981  397.54474 
 215.98061  398.33206 
 272.10925  396.96634 
 303.16153  396.69827 
 311.69122  398.2085 
 66.817284  399.19919 
 282.70038  398.75452 
 47.967709  400.97037 
 135.43727  400.14658 
 236.49307  400.85843 
 129.88721  401.18314 
 205.94896  401.00879 
 199.39014  400.6163 
 260.1207  401.60678 
 56.213554  401.97229 
 212.01439  403.43637 
 242.11412  403.13205 
 298.96371  403.93484 
 475.61664  403.16861 
 163.61244  404.2955 
 220.85396  403.85776 
 233.9874  403.53766 
 270.70798  405.16779 
 320.30746  404.0939 
 265.14474  405.0741 
 247.81728  406.72891 
 314.51077  407.70148 
 295.70627  408.38937 
 195.27585  408.93054 
 207.07552  409.013 
 230.29465  410.41107 
 465.0466  408.76709 
 187.96916  410.0173 
 201.29283  409.52081 
 223.80318  409.53799 
 306.63824  412.41275 
 257.23383  410.71088 
 265.81012  411.1008 
 274.88547  414.6593 
 286.70267  411.60092 
 501.18759  413.97766 
 508.80859  412.89417 
 226.93297  415.45139 
 302.28229  415.61945 
 220.43135  416.4119 
 296.67587  417.13739 
 238.57149  417.55328 
 306.08667  417.69012 
 328.94907  417.70441 
 336.4635  417.15695 
 274.42474  420.65756 
 192.24568  421.00919 
 261.78955  422.30252 
 185.77765  423.15543 
 267.81079  422.90613 
 453.40543  422.50143 
 417.91522  424.47516 
 423.00278  424.06027 
 227.51906  424.91312 
 242.65475  425.35248 
 506.70865  423.09656 
 106.99902  426.10416 
 284.27432  427.18854 
 260.2933  426.60455 
 513.61359  426.86331 
 328.04092  428.01642 
 333.93262  428.52322 
 350.15445  431.21991 
 355.43707  431.43402 
 468.91129  433.73785 
 475.76337  432.78043 
 81.462044  433.98538 
 92.938568  434.98776 
 104.01894  437.18176 
 279.54916  436.73401 
 98.385925  438.2493 
 287.26871  437.97794 
 475.18115  438.90201 
 268.13513  439.11646 
 475.69888  441.57822 
 482.82556  444.57007 
 98.245346  446.0452 
 398.12646  444.93475 
 427.24814  447.10242 
 475.57825  447.76669 
 481.6543  447.56058 
 52.573517  449.44858 
 194.94441  452.67401 
 251.85556  453.47406 
 258.4772  452.92468 
 476.06421  456.45758 
 97.360786  455.77609 
 202.19112  454.4404 
 468.85025  454.14072 
 129.411  457.33112 
 476.29416  457.14844 
 248.25041  459.77444 
 328.61829  457.78964 
 341.77603  457.70514 
 257.25012  460.35312 
 122.64274  462.15729 
 194.07228  462.15378 
 199.84694  463.22821 
 264.13446  463.7547 
 90.128021  464.63153 
 109.4797  466.20248 
 117.7168  464.845 
 83.310455  465.63794 
 462.22488  466.00925 
 469.79926  467.90179 
 332.59406  468.32544 
 346.2081  468.38388 
 102.29588  469.93582 
 101.75158  471.84366 
 108.53123  471.88547 
 358.50095  472.75394 
 82.790237  471.05991 
 410.54822  471.90643 
 257.52911  474.09937 
 416.33853  473.58115 
 230.27745  474.95496 
 360.60843  474.94485 
 130.5336  475.49957 
 157.54356  476.83975 
 420.57629  476.01349 
 426.29773  474.58734 
 454.50595  476.8779 
 92.872925  476.73502 
 275.3136  476.01154 
 149.12704  477.77853 
 155.85405  478.5986 
 268.67773  478.02924 
 102.67884  480.52679 
 462.21277  479.28317 
 109.98528  481.11499 
 224.89278  481.3125 
 229.97055  481.03647 
 282.10861  480.95868 
 362.84833  482.64697 
 451.16571  481.19745 
 134.15108  481.78296 
 192.14061  481.75836 
 213.75566  482.39297 
 349.62628  481.25732 
 183.8261  482.18262 
 335.61014  482.96805 
 430.70731  483.15524 
 438.48471  481.13278 
 260.30511  485.94977 
 342.87189  483.92319 
 414.15576  485.30341 
 466.24112  486.51157 
 84.07093  487.54443 
 274.91422  487.66321 
 405.27267  487.97845 
 128.37762  489.18958 
 444.42163  488.75598 
 157.94147  488.19205 
 121.84587  490.68924 
 143.56755  490.99359 
 281.86099  490.9404 
 105.70394  492.58374 
 271.33603  494.88687 
 458.81815  496.24319 
 409.10962  497.28217 
 152.22636  497.42154 
 279.95422  497.92056 
 285.349  498.39359 
 344.32846  497.58694 
 350.754  498.11807 
 179.0231  499.70657 
 387.39825  499.5054 
 118.35664  501.69614 
 210.97353  501.51776 
 474.19397  502.16614 
 123.84596  505.20966 
 270.77234  505.45792 
 199.38196  506.36505 
 262.78494  506.42444 
 277.37442  506.8306 
 391.29785  506.98035 
 211.58112  508.83093 
 384.48242  508.66058 
 170.31175  509.69354 
 252.76848  510.02191 
 351.26862  509.61456 
 148.94536  510.99542 
 121.16591  512.77063 
 260.0332  511.9382 
 301.43332  513.00427 
 520.19244  512.49884 
 337.49426  513.23218 
 266.43375  514.69995 
 272.84692  515.51062 
 195.82202  515.65588 
 222.15302  517.99835 
 298.63339  519.84094 
 183.80293  522.51776 
 336.01108  522.10754 
 374.48471  522.26068 
 379.61169  522.13116 
 165.37065  523.87994 
 299.95944  525.27869 
 261.12585  525.7807 
 273.1857  529.36383 
 119.47231  527.93445 
 158.86087  528.81927 
 112.09649  530.45618 
 222.37544  529.58795 
 253.82823  533.40466 
 128.3519  535.26251 
 290.70737  534.75684 
 299.84207  535.39282 
 305.96692  536.05518 
 122.12475  538.68457 
 321.54022  541.72949 
 332.23978  543.08557 
 328.74173  546.95093 
 257.83185  547.14117 
 335.3985  548.00989 
 118.77776  554.78821 
 108.24597  559.50842 
 339.72922  559.07605 
 313.1853  560.08807 
 359.61816  560.29553 
 97.89444  562.23285 
 322.49686  564.77985 
 316.93527  566.38116 
 298.95715  567.20691 
 95.769279  567.59558 
 290.62259  568.0213 
 309.10037  568.13452 
 329.43265  48.485786 
 357.5672  51.220345 
 345.70364  60.910145 
 249.7377  67.165031 
 275.08749  67.8424 
 358.66202  67.964386 
 365.8696  71.962769 
 184.92847  84.161224 
 379.23297  97.973648 
 78.154922  105.3291 
 356.69919  105.19375 
 360.16049  113.1573 
 463.71027  113.74584 
 293.68362  118.95181 
 126.72039  131.33846 
 251.43053  134.92249 
 99.474213  135.59319 
 475.27676  137.08771 
 357.48987  137.62637 
 294.51617  152.47467 
 548.97833  152.03008 
 305.96805  155.27747 
 296.8027  163.05319 
 117.45941  163.82465 
 449.14261  170.48157 
 68.53698  175.28557 
 265.41553  177.4624 
 291.34692  177.24699 
 227.99472  182.59976 
 343.78906  183.72626 
 249.01642  186.65884 
 53.85355  191.08763 
 552.80463  196.83687 
 158.99918  202.46924 
 176.38318  205.54787 
 43.593197  207.67563 
 71.584816  208.23471 
 215.76097  208.52177 
 292.8107  211.52876 
 306.21524  217.17346 
 478.285  218.00444 
 142.33136  220.2113 
 250.8647  222.45226 
 226.44479  223.30453 
 299.16565  225.20277 
 311.87686  229.07986 
 211.58025  230.12251 
 350.95618  231.38519 
 292.25034  234.65129 
 256.02145  235.91106 
 466.02432  236.38373 
 372.86978  239.25041 
 286.92288  242.32416 
 241.90125  243.14258 
 90.044868  243.93234 
 71.416153  246.15067 
 317.2796  246.11115 
 70.67778  252.39404 
 89.131119  256.99039 
 207.02348  260.89169 
 144.33104  263.43997 
 327.47818  264.15182 
 214.05252  275.27301 
 96.153381  280.77435 
 500.37552  284.64502 
 326.53812  287.42114 
 220.96886  289.33829 
 113.40988  290.90353 
 247.89174  292.93436 
 380.07544  296.92612 
 422.32318  297.7207 
 93.397697  302.48969 
 128.15382  302.17813 
 246.94521  304.85403 
 149.01321  308.27045 
 405.06766  309.75134 
 47.256367  311.32266 
 135.33466  316.84018 
 326.51419  326.6041 
 377.08899  329.08383 
 394.5708  330.19742 
 137.95126  332.59668 
 308.15756  334.02481 
 88.65686  335.34421 
 228.19633  336.43106 
 163.01074  336.74359 
 263.215  343.40741 
 475.63376  353.30209 
 241.08144  355.16031 
 374.82599  361.12262 
 499.74057  369.53018 
 208.07887  373.36975 
 238.83113  379.58777 
 369.5589  385.54837 
 310.97345  385.83722 
 318.70679  386.31357 
 246.7124  386.80121 
 390.71576  386.86044 
 465.77832  387.42984 
 260.91418  389.68759 
 286.34534  390.655 
 62.966087  391.82071 
 192.62625  393.84598 
 498.1582  394.25491 
 173.74173  398.90524 
 333.86017  402.17816 
 182.61929  405.42834 
 198.38358  409.31943 
 127.18856  413.11029 
 176.50238  416.89938 
 428.89352  417.39362 
 289.55234  421.34732 
 460.40698  423.1087 
 134.71249  424.62463 
 431.89966  426.55243 
 301.30475  431.05035 
 312.03067  434.58997 
 391.09454  442.56229 
 434.60046  448.53238 
 90.537079  449.6936 
 447.87711  456.63968 
 271.22656  461.72891 
 248.69832  473.05267 
 531.51642  475.71271 
 220.77625  483.27435 
 476.00128  484.12717 
 421.5191  484.69034 
 268.27649  488.11127 
 225.69292  489.61115 
 228.38838  498.91888 
 395.40842  499.86966 
 338.84177  505.44876 
 372.88449  505.8483 
 207.37932  508.77197 
 220.78252  509.55853 
 286.41678  508.70569 
 359.12112  511.1756 
 181.53482  512.823 
 246.49104  519.77832 
 314.30554  520.18622 
 291.04465  523.90009 
 341.72168  524.422 
 148.60745  526.38446 
 112.20374  532.68604 
 261.21973  537.4455 
 523.84503  546.12598 
 342.9397  44.070526 
 350.83676  52.360916 
 282.78754  53.788616 
 344.54791  60.221825 
 225.72675  58.08799 
 219.70367  59.450798 
 263.33405  60.366634 
 235.00081  66.751038 
 350.35263  67.366783 
 302.19083  72.855888 
 152.17435  74.88707 
 145.87056  76.935257 
 388.56339  82.206688 
 201.17477  88.173813 
 370.69681  93.063156 
 99.922012  96.928513 
 396.44308  98.882607 
 454.63608  104.15008 
 68.513863  108.74549 
 251.46812  118.49789 
 259.05847  118.19116 
 434.15668  123.21257 
 85.981262  123.71649 
 231.54437  125.11813 
 415.56329  131.17058 
 248.02715  148.04449 
 474.17334  153.28987 
 507.5314  159.46114 
 519.1571  165.23474 
 84.776245  167.784 
 235.43457  169.19771 
 473.23474  168.95256 
 105.27806  177.42242 
 256.13675  185.08897 
 90.847298  188.74841 
 191.34718  192.14058 
 258.2056  194.95219 
 482.81192  194.97264 
 185.89711  201.67207 
 283.13571  203.63666 
 184.0825  205.18846 
 480.39304  205.47719 
 318.7706  206.89194 
 199.16896  208.71422 
 173.81186  227.14638 
 481.02533  233.25746 
 354.2511  235.91087 
 347.58646  237.07381 
 250.28958  244.19043 
 392.40387  251.28618 
 398.24664  250.84363 
 483.26941  251.41913 
 530.93518  254.95724 
 157.66034  255.85455 
 124.68695  266.91254 
 156.84154  263.78842 
 378.46707  267.27148 
 396.80072  278.46191 
 522.55054  278.86218 
 288.44952  281.48218 
 379.71936  281.55707 
 485.92719  281.47931 
 164.38309  286.10098 
 273.72708  288.8909 
 280.8782  291.09293 
 260.89246  292.35373 
 153.56213  295.44199 
 496.76489  295.48709 
 255.75089  297.6344 
 483.51956  299.80606 
 384.33325  304.37628 
 494.82285  307.15778 
 170.19592  311.35132 
 249.3243  312.03806 
 163.56815  314.82034 
 153.82576  315.99927 
 503.59921  317.18469 
 373.94803  320.48099 
 382.00797  322.55798 
 311.72803  331.37042 
 319.1709  330.68417 
 528.16248  331.37329 
 45.001911  340.44037 
 170.88895  341.3392 
 507.41043  340.53238 
 143.15399  347.07956 
 131.40453  351.71994 
 489.12061  360.58081 
 503.89505  361.57532 
 360.80118  364.34143 
 512.75409  363.63226 
 338.82611  365.48154 
 345.52701  366.33905 
 497.4259  371.37259 
 212.47417  382.83939 
 256.11377  396.71695 
 483.16107  396.46085 
 216.22227  398.15674 
 311.379  398.05176 
 66.729279  398.7291 
 282.47485  399.66974 
 205.61922  400.88177 
 212.12123  402.92102 
 508.96982  412.93573 
 423.36896  425.23828 
 356.30951  431.21103 
 476.27222  432.74731 
 288.13315  437.5806 
 52.651382  449.42346 
 252.11313  453.35825 
 258.27209  452.58163 
 123.10593  462.45242 
 333.27573  468.97083 
 230.25916  474.22766 
 213.08362  482.42862 
 404.81146  487.91904 
 129.1619  490.18491 
 443.8988  489.61411 
 278.17966  498.19412 
 285.76489  498.38156 
 351.96295  498.72717 
 277.86035  506.87689 
 391.7283  506.73285 
 222.61421  517.38177 
 121.56347  538.63098 
 321.39301  542.58734 
 254.86226  59.118279 
 322.20761  60.422962 
 265.98737  63.313194 
 303.87292  64.278351 
 248.87645  66.096062 
 293.88025  65.687653 
 276.81369  66.833702 
 211.65646  68.793022 
 322.98611  71.352112 
 365.77869  70.970406 
 234.45607  75.035194 
 245.34956  77.319221 
 159.18121  77.983368 
 175.52684  81.345947 
 369.51581  80.938423 
 215.66631  81.61618 
 344.7359  83.119812 
 353.89169  83.2677 
 394.68033  83.216171 
 404.03992  82.822075 
 106.73948  83.947136 
 185.70723  83.584534 
 138.44897  85.342308 
 96.752678  85.828239 
 246.06319  85.664345 
 233.88808  86.846222 
 349.85086  91.296646 
 386.9884  90.859009 
 401.23502  91.40358 
 122.59212  91.966927 
 190.82208  93.366257 
 201.56723  92.811272 
 359.63821  93.273148 
 381.04434  96.531532 
 234.76273  98.616699 
 246.09258  99.347725 
 263.98526  99.611359 
 272.66479  100.44511 
 143.71858  102.15131 
 139.49799  104.29298 
 78.436485  105.655 
 356.04889  105.68807 
 446.07574  105.6343 
 264.30194  110.62297 
 391.81067  112.37231 
 146.47945  113.29943 
 471.92545  113.2514 
 462.16946  114.13481 
 121.56209  117.12719 
 383.26004  117.43604 
 156.33469  118.11076 
 93.352089  119.40086 
 292.57614  119.03925 
 413.61047  122.0357 
 403.83633  124.32503 
 223.99487  124.52754 
 424.64215  124.82276 
 78.415642  126.30113 
 473.47888  126.05397 
 117.82542  128.34741 
 395.56033  127.80148 
 456.04883  129.50298 
 465.32556  130.03214 
 343.97998  131.34698 
 127.83778  132.06238 
 405.53131  133.39464 
 489.69287  134.06816 
 84.957237  134.53055 
 98.600349  136.33325 
 251.29317  135.96864 
 89.339302  138.71846 
 475.68445  137.3244 
 415.57095  138.7941 
 80.273895  141.48407 
 325.16696  144.58667 
 335.01373  145.74594 
 239.22627  146.49419 
 464.78235  148.40999 
 265.20313  151.36726 
 294.42935  151.80428 
 277.98117  152.64691 
 74.736084  154.83304 
 84.513969  158.52455 
 93.949463  157.59509 
 499.22284  160.81032 
 253.49387  162.229 
 117.22132  163.16818 
 284.62891  163.96489 
 294.99734  164.25525 
 468.84064  163.95026 
 541.17377  164.22368 
 480.49939  164.74374 
 263.06909  166.75146 
 99.048943  172.58055 
 67.961098  174.66872 
 495.63916  175.59843 
 504.61603  175.97641 
 264.33575  177.03416 
 77.325264  178.36646 
 283.33258  177.55939 
 229.02074  182.31541 
 298.67465  183.37305 
 211.73552  184.59586 
 343.32434  183.65771 
 245.35327  186.36411 
 309.67203  187.08481 
 239.79837  187.78172 
 82.227142  189.49379 
 489.26627  190.98735 
 199.43391  193.14261 
 338.96796  193.1976 
 139.97546  194.13528 
 280.51776  193.59854 
 293.14822  194.41563 
 175.34232  194.97807 
 214.34238  198.15732 
 266.80804  198.07254 
 308.01364  198.56163 
 323.37848  199.26387 
 202.9234  199.70702 
 332.11557  200.00703 
 166.25798  201.93974 
 233.37637  202.06026 
 494.33316  201.76276 
 158.20056  203.88686 
 193.33525  203.74315 
 288.31064  207.2731 
 302.09958  207.48157 
 226.286  210.56436 
 292.10599  210.79453 
 167.85243  212.04305 
 207.75221  211.86462 
 154.18674  213.07796 
 177.20171  213.65927 
 278.51459  214.4632 
 375.8764  214.80391 
 189.11479  216.28931 
 322.15186  215.53638 
 306.2384  217.16473 
 141.80972  220.40762 
 344.08884  220.50365 
 334.34964  222.58949 
 195.89227  222.79225 
 226.10727  222.52692 
 236.73076  222.92265 
 251.52875  222.88297 
 470.24289  222.98126 
 360.07596  224.32788 
 288.69373  224.81404 
 370.97354  224.53265 
 164.26335  227.93858 
 210.50317  230.19168 
 351.07971  232.05042 
 377.79562  232.15851 
 81.563484  233.45903 
 272.7688  232.74797 
 291.45071  233.47871 
 487.92917  233.1129 
 72.036705  234.01912 
 220.13084  233.97792 
 328.37689  234.43526 
 238.03465  234.58801 
 256.98694  235.50291 
 467.32434  235.35115 
 152.88675  236.99951 
 419.43481  237.9884 
 371.37918  238.86157 
 161.57526  240.38579 
 213.72931  240.27408 
 382.24713  240.63405 
 187.09044  241.94531 
 240.84428  242.13414 
 286.57446  243.5219 
 475.67026  245.1161 
 169.25812  246.0368 
 305.43994  245.60155 
 319.36078  246.52264 
 349.51123  246.85161 
 464.94397  246.90512 
 156.03119  247.94434 
 178.95992  247.92874 
 368.64316  248.1785 
 71.21064  251.80164 
 88.323898  256.46854 
 475.67764  256.24936 
 149.74712  257.19177 
 382.28909  257.24692 
 223.21985  258.29312 
 360.82281  258.2236 
 371.16119  257.62885 
 393.08139  259.14243 
 402.19983  258.59616 
 63.506413  260.56857 
 178.27368  261.01376 
 476.07852  262.74777 
 211.4931  265.33752 
 386.13342  265.05057 
 226.52219  267.44144 
 396.6376  267.89487 
 369.76807  270.41635 
 493.37622  270.15784 
 166.83447  271.1842 
 483.91193  271.27713 
 145.42163  272.23151 
 153.20036  274.90576 
 473.55106  275.5051 
 215.05424  276.05042 
 205.73659  276.48511 
 404.16214  277.52908 
 412.68854  278.4538 
 355.53574  278.51599 
 170.4256  281.05243 
 493.24716  281.25455 
 296.392  282.38586 
 274.97318  284.13638 
 383.7746  283.80734 
 324.95523  285.20129 
 260.72174  287.2699 
 373.38947  287.73761 
 121.96259  288.11362 
 157.53815  289.16663 
 221.38664  289.46429 
 249.72034  290.14276 
 401.51752  290.35367 
 132.20305  290.61847 
 83.991547  292.00964 
 234.31146  291.74832 
 391.44089  291.77399 
 496.35434  292.36926 
 332.7265  293.09598 
 487.39069  292.96823 
 168.41756  293.6647 
 380.90097  296.81842 
 408.86124  296.86948 
 422.11221  298.36798 
 138.17224  299.23721 
 289.46588  300.95877 
 93.050575  302.59659 
 247.06833  303.46439 
 273.06311  303.03955 
 158.13739  304.04239 
 261.86429  304.55569 
 149.91399  308.4859 
 501.88495  307.51447 
 398.09769  311.97076 
 369.13876  313.44788 
 377.38474  312.98129 
 387.59647  312.74741 
 507.9006  312.82013 
 142.40665  314.15222 
 496.47867  316.94434 
 171.86682  318.78592 
 155.33136  321.25391 
 486.55194  321.51465 
 236.6174  322.93753 
 502.64047  325.01865 
 167.35652  326.12817 
 327.31952  325.47058 
 367.95517  327.45596 
 397.70566  328.17398 
 377.31284  329.74405 
 495.05948  330.1763 
 309.77518  334.53671 
 88.714157  336.23187 
 151.00471  336.58438 
 237.02367  337.16269 
 140.32716  338.36948 
 163.75191  338.08389 
 227.48131  337.78506 
 217.70753  339.01114 
 367.34833  342.21515 
 377.10406  343.68951 
 179.35039  344.95276 
 262.71515  344.54953 
 358.55612  344.82697 
 385.58401  345.61307 
 274.25397  346.48892 
 491.83121  348.82596 
 502.22714  350.81677 
 300.10876  352.12473 
 475.92651  354.0061 
 241.5735  355.07715 
 361.81265  355.2753 
 260.45844  356.48883 
 349.2576  356.77487 
 190.5956  358.35458 
 179.64496  359.84116 
 304.60263  360.20404 
 492.44849  361.63177 
 376.24045  363.38437 
 295.18179  363.49167 
 368.10281  364.19083 
 239.1756  368.47992 
 255.42709  367.50858 
 173.50914  369.35306 
 153.07829  370.26926 
 307.25223  370.26657 
 162.46262  371.25931 
 197.14854  372.45056 
 340.14948  372.83597 
 389.70236  373.46985 
 208.38445  373.57629 
 328.29816  376.78967 
 237.76926  380.00671 
 491.98111  380.76614 
 501.48111  381.84155 
 195.56828  383.90735 
 333.32047  385.04303 
 378.03537  385.21719 
 509.62979  385.1499 
 247.20508  386.20001 
 316.04419  386.30109 
 368.31891  385.68564 
 225.26704  386.82089 
 390.21271  386.54483 
 183.48654  388.26926 
 261.16174  388.28156 
 464.72382  388.02023 
 173.91928  389.11438 
 287.40784  388.75986 
 473.91098  390.28802 
 205.91849  391.30283 
 63.315971  392.28214 
 500.01892  394.32074 
 272.43576  395.96204 
 303.17029  395.59518 
 492.3718  398.0705 
 173.82323  398.87384 
 183.12621  398.98868 
 198.96652  400.04175 
 355.23077  399.57751 
 237.94148  402.26007 
 475.17792  402.9035 
 220.74158  403.63367 
 297.98499  405.14746 
 270.03714  406.42905 
 186.3887  408.31293 
 314.93796  408.10327 
 198.1261  409.50266 
 257.79822  410.49695 
 286.29449  411.10974 
 229.67674  412.28717 
 306.16296  413.76419 
 500.92346  414.93369 
 220.03462  416.22949 
 176.3221  417.5874 
 275.40814  416.67935 
 297.29736  416.53461 
 327.56055  417.4978 
 336.82852  417.04294 
 428.26025  417.10626 
 191.77328  420.30832 
 505.54675  421.99057 
 264.40198  423.9614 
 134.1283  424.73962 
 227.0175  424.6673 
 242.39253  425.53317 
 514.08655  425.91809 
 106.9205  426.63287 
 284.79004  428.09229 
 328.77853  428.28696 
 433.88217  427.61761 
 301.03333  430.96188 
 468.30872  432.77332 
 82.101196  434.06512 
 310.99353  434.75687 
 278.12146  436.73361 
 91.349876  438.74719 
 474.43436  442.34601 
 482.94733  444.32574 
 98.421883  446.51031 
 397.92426  445.86313 
 426.40359  447.883 
 468.16348  452.7323 
 202.50993  454.12424 
 130.78027  456.99252 
 328.63724  457.04254 
 341.09039  457.04144 
 476.08356  456.74222 
 256.9006  459.96017 
 271.61676  460.74957 
 91.151466  464.5321 
 461.81308  467.21771 
 110.40935  467.57916 
 345.78442  468.62308 
 421.9028  469.22955 
 470.94946  468.52826 
 82.297493  470.34891 
 189.00681  471.13794 
 358.41385  472.4472 
 409.60422  471.65036 
 221.66811  472.82068 
 251.02615  472.75354 
 255.97635  473.11606 
 426.56525  472.99841 
 93.403442  474.61533 
 275.38553  475.28827 
 452.99487  476.90585 
 532.05536  476.56485 
 148.09383  478.33728 
 158.17131  478.15967 
 462.53128  479.48212 
 101.9015  481.46564 
 135.14894  480.75394 
 192.69673  481.47189 
 350.59238  481.01349 
 111.0307  481.93616 
 182.99239  481.54642 
 439.45145  481.77271 
 220.96571  482.73538 
 362.93921  483.4935 
 430.15921  483.83112 
 476.27676  484.22079 
 423.99484  484.64255 
 259.67874  486.38034 
 414.04181  485.73337 
 158.30405  486.92468 
 273.68549  487.55402 
 120.92429  490.48065 
 143.179  491.42276 
 225.78075  491.3465 
 104.98945  492.01746 
 282.59357  491.39355 
 344.11029  496.13803 
 151.70322  496.59882 
 408.52832  497.28448 
 458.66885  497.12711 
 227.53787  498.94055 
 212.23811  500.44418 
 118.35703  501.95502 
 270.90155  504.95187 
 261.88171  507.53531 
 170.57407  509.04056 
 286.82281  508.9256 
 383.63376  509.27374 
 207.87276  509.84131 
 221.92297  510.4071 
 348.83185  510.37033 
 181.54884  512.29077 
 337.21014  512.41907 
 520.7019  511.94141 
 196.08002  514.87085 
 273.97556  516.16431 
 291.44315  522.85278 
 148.90329  525.72131 
 121.67577  527.57538 
 340.77475  526.95258 
 111.89841  532.08929 
 129.22145  535.46893 
 479.93365  193.5032 
 350.63367  237.47903 
 484.4953  252.20564 
 281.7099  291.28888 
 508.61392  363.63004 
 212.43739  384.42841 
 279.96542  400.0054 
 362.24887  89.374367 
 96.566605  89.39093 
 121.82318  89.924301 
 400.41837  90.829926 
 385.57144  92.966415 
 263.67764  97.48745 
 371.61292  97.28302 
 141.10928  100.28741 
 231.44638  99.127846 
 246.19101  99.343887 
 444.47345  107.704 
 265.01611  110.91825 
 392.95493  111.10287 
 472.10037  111.88503 
 144.62801  114.44918 
 158.45749  117.56041 
 289.58383  118.88284 
 380.43262  118.27007 
 223.73268  122.70354 
 426.04111  122.97877 
 413.45761  123.07771 
 114.99669  127.26136 
 452.71759  128.63974 
 465.84406  130.30072 
 402.87616  130.99759 
 129.20064  133.93874 
 415.74426  134.75696 
 321.90561  145.39069 
 335.64206  145.08275 
 263.93594  148.11465 
 461.75607  148.57172 
 291.34537  151.35406 
 481.72507  162.69713 
 499.56348  162.64578 
 468.72559  163.46179 
 100.28313  168.35481 
 262.19312  168.57927 
 283.83893  176.0463 
 229.32784  179.42178 
 298.62476  181.97693 
 242.07613  186.97765 
 489.48428  189.5831 
 176.14682  192.9312 
 279.07541  191.60178 
 215.02957  196.52353 
 265.33633  199.78479 
 291.92468  203.75732 
 309.86136  199.13655 
 236.52498  203.96892 
 157.08548  207.38943 
 176.00993  210.78659 
 209.33722  211.9819 
 189.82968  213.62978 
 376.23798  214.52567 
 323.93658  218.80081 
 343.04242  217.51115 
 200.42865  220.94221 
 470.88348  221.25418 
 360.56351  224.19519 
 251.20673  224.94357 
 371.2002  225.33713 
 178.92853  228.30327 
 291.03384  229.06165 
 465.59482  236.05934 
 214.99074  238.03201 
 237.44658  238.05745 
 381.97729  238.64549 
 187.89944  240.30444 
 169.42213  241.95041 
 158.19933  243.42126 
 304.43597  244.51891 
 179.11104  246.06551 
 319.54871  245.45181 
 477.49493  245.75584 
 87.560486  254.42583 
 370.91925  253.27946 
 223.10933  255.68042 
 355.49942  257.62958 
 147.77547  259.65515 
 384.03528  259.73911 
 473.30148  260.08374 
 178.48331  261.58917 
 209.32925  264.4025 
 225.81117  263.26929 
 396.0177  265.5343 
 483.76126  268.89481 
 166.28094  271.23761 
 368.45554  276.15164 
 354.03406  279.5119 
 384.29718  279.36221 
 272.8476  282.70953 
 322.60498  281.32108 
 170.60484  284.40771 
 370.3389  285.44916 
 120.34522  288.0665 
 155.1992  288.04034 
 245.38455  289.32486 
 259.74847  290.32065 
 401.74323  290.93274 
 134.76158  293.04248 
 390.35846  292.99677 
 170.11568  294.4993 
 487.8718  293.17892 
 227.64474  298.01501 
 274.55475  301.84671 
 155.38649  308.254 
 260.56906  306.45181 
 166.20677  316.38068 
 387.87091  309.38339 
 398.46466  311.4339 
 140.99142  317.11395 
 237.29442  320.17029 
 485.17944  319.28931 
 365.34637  325.55969 
 379.17963  328.50589 
 397.27432  328.53473 
 506.04776  327.42966 
 491.1412  329.12735 
 136.34732  336.28317 
 149.91017  335.77884 
 221.24107  338.69815 
 237.78874  337.54761 
 307.45389  337.35776 
 163.56888  340.53287 
 355.67856  342.01672 
 180.80136  342.2377 
 274.38998  343.60178 
 487.29385  346.88574 
 501.57693  347.80957 
 259.44348  351.29099 
 242.75552  352.85068 
 345.39862  353.3215 
 191.53227  356.00354 
 363.42972  355.45178 
 175.58318  357.88245 
 379.06259  362.94873 
 492.42877  361.8956 
 303.52792  365.6412 
 173.42911  370.16351 
 194.78235  372.67941 
 339.83331  372.13904 
 208.65051  373.10602 
 500.05804  377.07999 
 231.46239  384.85217 
 258.38525  384.96503 
 315.57526  383.87787 
 350.30566  384.81052 
 377.84543  384.37683 
 333.77005  385.31558 
 183.0735  387.54849 
 287.23178  387.79602 
 460.33612  388.77533 
 205.98045  390.87656 
 473.2771  391.11032 
 274.35971  395.63223 
 183.08321  403.07504 
 221.15506  404.47742 
 240.36302  403.8356 
 257.86905  402.96924 
 269.07831  407.57172 
 302.10553  407.96219 
 197.73161  410.76071 
 286.73715  411.27634 
 322.37927  415.1391 
 336.87912  416.45532 
 426.94714  417.40631 
 500.09427  417.3298 
 218.19218  419.58521 
 261.24124  422.74881 
 225.74765  423.81558 
 241.75945  423.93512 
 107.96326  427.28418 
 312.5256  432.15607 
 468.24356  438.63562 
 92.594849  439.17242 
 241.81104  440.26129 
 262.37198  439.16693 
 482.45767  444.98407 
 202.53979  453.04282 
 326.53537  454.75485 
 258.75839  455.27692 
 340.84305  455.53531 
 94.205986  468.50705 
 111.07771  467.76785 
 345.77414  470.04977 
 359.34781  470.8808 
 423.0029  469.87012 
 252.45692  471.84753 
 273.88025  472.83768 
 449.40213  472.3533 
 135.87778  478.4454 
 193.38892  480.6105 
 463.62634  479.95135 
 158.75967  480.87402 
 477.59906  482.33102 
 426.61401  484.94553 
 103.3745  488.38748 
 116.63042  488.07285 
 272.65829  488.86371 
 342.61069  493.05441 
 151.2146  497.02515 
 227.91382  495.63535 
 457.4736  495.86615 
 213.63391  498.36731 
 408.38885  497.12772 
 260.78229  505.67053 
 337.05563  509.73932 
 182.01726  512.76892 
 365.75836  342.89648 
 143.80052  115.38131 
 452.45557  116.44294 
 378.12805  118.8436 
 414.48318  129.23279 
 466.05627  129.89481 
 399.25443  133.06021 
 318.93961  145.3959 
 335.51465  145.06729 
 458.28308  149.31931 
 470.0166  162.67673 
 261.16388  169.45528 
 283.99509  173.31602 
 300.26178  181.80418 
 242.10066  187.21304 
 278.7724  191.74826 
 214.34097  194.20828 
 310.44781  199.43967 
 263.89822  203.11661 
 240.43788  206.08972 
 190.49899  209.56764 
 156.84276  209.7032 
 173.98073  209.71347 
 343.5986  215.08266 
 205.47581  217.98312 
 326.28479  221.94063 
 176.56154  228.16014 
 250.81551  228.08615 
 289.91516  227.13876 
 216.34167  236.48442 
 463.4856  237.30246 
 187.92093  239.35559 
 159.36279  242.50574 
 195.42332  245.34775 
 321.46021  246.12553 
 478.98019  247.03514 
 371.20767  250.35135 
 222.64252  254.8784 
 351.15573  254.51044 
 179.58936  260.6391 
 469.51413  263.12134 
 147.03654  264.51419 
 226.85228  264.61389 
 206.68024  265.6749 
 167.53239  271.57776 
 323.72446  277.68762 
 368.11435  278.88867 
 386.43289  278.75595 
 118.19643  287.91458 
 153.5666  287.9545 
 170.78273  289.48795 
 243.09305  289.90729 
 137.22417  292.5163 
 278.96686  301.09863 
 256.32898  307.55795 
 137.92014  318.78293 
 238.01529  317.48325 
 182.46983  325.48468 
 168.29462  326.49728 
 358.77371  324.98016 
 381.40686  328.21423 
 148.78033  335.02365 
 221.01723  339.97058 
 303.50034  340.40967 
 240.42169  341.83612 
 258.74228  352.05807 
 365.32431  353.44812 
 301.67081  366.44119 
 213.13631  370.16595 
 173.32539  373.09027 
 337.45908  374.94666 
 318.19711  381.27414 
 230.01305  383.54608 
 334.90024  383.74295 
 378.46014  384.57028 
 204.493  390.96957 
 273.79388  394.45828 
 473.13794  394.05179 
 241.35049  403.92972 
 180.02538  405.42728 
 220.70039  405.84866 
 302.30679  408.32828 
 321.12952  415.31631 
 336.63278  417.71274 
 260.86435  420.79538 
 221.47905  422.68854 
 242.5818  421.82654 
 313.76556  431.85318 
 463.73053  439.49744 
 239.78281  442.26337 
 261.52835  451.43445 
 482.76459  444.43942 
 323.43884  453.37213 
 341.87732  455.28375 
 423.72717  467.86795 
 446.49469  468.35321 
 251.82785  470.97198 
 273.82657  471.05975 
 480.66144  478.87888 
 193.14777  372.20889 
 261.17538  170.99504 
 311.35117  195.36392 
 285.69659  211.65251 
 205.13058  220.41599 
 325.55783  222.93716 
 250.1759  229.20531 
 369.2916  246.67795 
 345.22995  248.56264 
 180.52264  259.30283 
 327.89587  273.5925 
 363.36948  280.49396 
 177.48132  293.51801 
 240.06699  293.47571 
 287.19977  303.26459 
 358.88223  326.18466 
 353.09479  322.05914 
 385.23138  329.04254 
 187.45482  341.2767 
 339.23877  349.00052 
 367.91226  351.91382 
 297.65768  363.30225 
 227.10603  378.86722 
 313.70792  380.12003 
 196.50856  384.51648 
 297.14023  409.28699 
 250.5018  230.03188 
 331.10352  234.03198 
 360.43774  280.47748 
 240.70744  297.90662 
 298.35254  299.29279 
 362.72403  310.52985 
 347.69525  313.8457 
 338.85339  340.04843 
