 268.16339  5.2582045 
 283.55377  5.6573601 
 265.86987  10.600758 
 270.88525  17.189266 
 276.40109  19.396114 
 269.474  21.894384 
 60.190422  26.321012 
 27.990171  26.668941 
 204.98236  26.688469 
 260.64252  29.411985 
 280.83273  32.688885 
 249.31389  35.267258 
 257.49222  34.695736 
 272.01715  40.954815 
 280.3313  42.929688 
 286.49371  43.076645 
 581.78467  43.167866 
 587.35571  43.353539 
 318.8284  46.140392 
 224.228  47.795284 
 218.84276  48.950832 
 254.20831  48.625454 
 260.41739  48.849739 
 290.77621  53.044891 
 300.59586  53.112061 
 264.35144  54.948021 
 345.08243  54.558815 
 317.52637  58.272198 
 224.72418  63.051788 
 232.66832  63.800625 
 160.19492  66.30542 
 148.446  66.836441 
 365.98691  66.909477 
 348.20645  67.86039 
 382.32657  68.265305 
 396.21552  68.500107 
 176.20427  69.166969 
 215.51291  68.936569 
 341.56119  68.253525 
 107.68544  72.800499 
 141.49149  73.998749 
 244.27217  74.178291 
 358.99036  74.33226 
 393.03281  73.807785 
 100.88847  75.34922 
 364.59348  75.473778 
 381.70059  74.566345 
 201.41322  75.696465 
 345.06216  76.895889 
 395.94778  77.673599 
 352.86887  79.653328 
 191.52303  81.186546 
 124.48424  81.66304 
 391.04001  83.057907 
 586.02753  84.810089 
 236.62772  86.064842 
 243.82724  85.891228 
 262.1041  87.254066 
 269.89978  87.057426 
 447.21906  87.624733 
 463.76611  93.999725 
 262.36533  95.840424 
 384.86996  95.684586 
 72.756142  97.91922 
 148.22981  101.27843 
 378.62906  100.74239 
 406.30429  103.42087 
 592.39581  102.74722 
 257.11258  103.69029 
 122.58128  104.76058 
 156.56166  105.27946 
 398.9924  104.91187 
 420.87558  105.16999 
 427.08698  105.26373 
 117.24744  106.46096 
 463.38406  107.16097 
 94.439247  108.60354 
 390.82132  108.70436 
 223.85823  110.36552 
 451.58954  110.36858 
 230.76636  111.11854 
 457.74451  110.72024 
 89.472878  111.71432 
 416.02399  111.81839 
 83.091461  113.06689 
 402.89508  114.16908 
 409.41837  113.60368 
 88.159225  120.83808 
 408.67227  122.59 
 334.48801  122.74014 
 92.358994  126.05401 
 323.82938  127.2709 
 85.982124  127.82989 
 330.90768  128.7323 
 240.00235  130.50505 
 459.04398  130.02629 
 548.04755  129.52467 
 465.51248  130.55919 
 466.27655  136.53407 
 323.56323  138.86118 
 493.07465  139.20343 
 499.2121  138.64725 
 80.04039  140.96405 
 88.971695  141.8842 
 95.602394  141.91933 
 461.03964  143.30859 
 511.05081  143.77525 
 474.52621  145.03755 
 499.69855  145.13495 
 89.763962  146.14607 
 282.38461  146.09265 
 467.11905  147.6584 
 262.12518  149.09444 
 235.91689  152.11646 
 292.11472  152.26781 
 88.58963  152.43019 
 491.01013  152.71286 
 496.95065  153.74655 
 101.25411  158.66573 
 282.13721  159.09412 
 81.07061  161.282 
 296.31747  164.4668 
 59.621353  166.20412 
 255.7014  166.77641 
 481.04395  167.10147 
 239.13686  168.55257 
 270.58786  168.00102 
 306.79022  168.25131 
 220.07057  168.74155 
 477.72827  172.43205 
 483.73148  171.74599 
 88.231934  172.73428 
 94.704048  172.78067 
 200.93298  174.43854 
 290.92813  174.07695 
 234.05077  174.94218 
 278.70367  175.27432 
 258.60873  175.83145 
 265.57025  176.19948 
 177.78952  178.31116 
 322.71823  177.78975 
 486.45972  178.11243 
 214.91675  178.94586 
 304.1344  179.16298 
 329.60422  178.77069 
 48.972843  180.20937 
 188.17744  180.78192 
 204.41621  181.80495 
 232.03654  181.54543 
 309.20944  181.77834 
 282.15909  182.76167 
 469.0596  183.397 
 474.12912  183.29245 
 168.69325  184.13461 
 42.028595  186.04185 
 302.70224  186.33496 
 317.7536  186.21977 
 185.51337  187.34995 
 200.65892  189.75792 
 206.4039  192.03102 
 320.25937  192.92354 
 372.82065  192.68321 
 170.14467  193.51671 
 179.24849  195.21306 
 191.54758  197.58298 
 355.85165  198.75984 
 196.93323  200.40117 
 334.17169  200.29762 
 370.04449  199.8813 
 464.56583  200.43672 
 364.91916  206.38876 
 481.76611  206.82906 
 476.064  208.50844 
 166.8513  209.15417 
 173.05585  208.70856 
 375.46408  209.21185 
 271.40582  211.26468 
 358.94986  210.85278 
 352.09277  212.69649 
 345.80426  214.21475 
 22.122911  216.08424 
 77.460747  216.13884 
 84.520241  216.20775 
 157.10896  215.70087 
 378.77893  216.1683 
 172.82668  219.26488 
 181.6208  220.33954 
 164.38841  221.3912 
 188.05371  220.81105 
 214.64197  220.73488 
 462.31631  220.97093 
 470.08008  220.85361 
 155.8457  221.6555 
 364.159  222.45435 
 250.96442  223.92664 
 477.97574  225.68449 
 171.13734  227.05737 
 389.9166  228.11789 
 395.5791  227.53587 
 471.01724  227.91968 
 157.42717  228.78966 
 180.30257  228.46751 
 525.73383  228.83777 
 380.44382  231.2005 
 400.33521  232.67287 
 168.4353  234.04814 
 154.39917  235.07739 
 160.13394  235.41814 
 361.22443  234.48576 
 390.621  235.27888 
 396.14255  235.65372 
 479.76889  237.43016 
 472.38632  237.78023 
 179.50604  240.61331 
 385.20654  240.64577 
 68.19886  242.95142 
 159.96172  242.5257 
 376.21179  242.72684 
 369.36008  243.81171 
 215.25288  245.28366 
 394.26282  244.82864 
 479.91403  245.76813 
 323.04456  247.98769 
 157.06351  248.97498 
 471.62198  249.02132 
 170.75008  251.64772 
 403.68134  251.39174 
 518.03497  251.73076 
 148.49673  252.4913 
 395.16275  253.27509 
 409.96713  253.12155 
 489.13654  254.49374 
 354.7908  255.36691 
 482.88602  254.6004 
 164.00307  256.40024 
 207.69025  255.55034 
 377.90491  256.37561 
 371.67123  256.74414 
 172.0656  258.93948 
 289.26608  260.01782 
 295.88138  261.34 
 277.88272  261.67773 
 382.64792  261.7529 
 151.8259  263.00787 
 400.26306  264.12567 
 167.02968  265.18744 
 259.80908  264.56705 
 388.38858  264.58817 
 483.56213  264.77188 
 372.57907  265.81244 
 136.02727  266.67099 
 124.4494  267.92035 
 274.81839  267.93713 
 254.83748  268.98126 
 280.88788  269.04037 
 331.68683  269.3638 
 493.09387  268.84918 
 24.261183  270.63287 
 236.04294  271.05292 
 487.06216  270.98318 
 480.961  271.72495 
 156.18788  273.06992 
 151.21602  275.95874 
 256.36099  275.63766 
 143.49023  277.0918 
 288.27841  276.97067 
 504.19183  277.86261 
 26.306898  279.08981 
 264.01682  279.3093 
 382.90204  278.84937 
 492.60687  279.84955 
 498.85446  279.56674 
 274.19263  280.75079 
 43.665955  284.21481 
 152.17403  283.9534 
 37.603806  284.99573 
 19.717777  286.1734 
 396.53156  285.53149 
 13.168542  286.92969 
 376.98074  287.14883 
 35.314251  287.83081 
 151.42241  287.94305 
 370.54044  288.05673 
 385.76074  288.10135 
 172.41501  288.83694 
 493.79144  288.83533 
 499.75494  289.46573 
 249.73482  289.64182 
 146.03091  290.63351 
 483.18378  294.54587 
 380.85059  296.29205 
 498.63287  296.638 
 368.63513  300.30612 
 493.02582  300.46793 
 169.10503  301.57684 
 19.571983  303.02045 
 314.13895  305.28922 
 319.51358  305.41916 
 149.98553  308.66614 
 365.19849  308.52527 
 504.15112  311.50702 
 377.2948  313.93564 
 497.04236  313.9429 
 238.41901  314.45102 
 366.56952  316.06775 
 153.22079  316.56995 
 174.43565  317.21136 
 490.76074  316.49176 
 42.990108  317.8222 
 375.76385  318.27237 
 499.99548  317.75986 
 49.17271  318.66049 
 384.01611  320.0603 
 145.99426  323.15826 
 39.674088  324.26541 
 499.4295  324.43256 
 360.14124  327.37958 
 135.19334  328.42953 
 301.90628  328.92883 
 264.05054  330.46811 
 307.74084  331.24371 
 349.91061  331.49249 
 486.92899  331.22357 
 502.12119  331.66086 
 22.112833  334.14371 
 185.53769  334.5394 
 191.86307  334.07233 
 280.39899  334.43564 
 511.15665  333.84793 
 181.65729  336.78976 
 361.33972  336.77591 
 468.87408  336.65353 
 368.37125  337.82013 
 296.29166  338.81519 
 21.478828  339.82996 
 339.83643  339.95026 
 302.30994  340.63651 
 308.5285  343.38046 
 240.95993  344.24884 
 497.12057  343.94574 
 389.92566  344.70566 
 175.67287  345.81036 
 339.87534  346.12448 
 201.46187  347.36755 
 333.99301  347.7305 
 501.03296  351.50876 
 207.7606  354.29178 
 328.85443  353.83392 
 507.43402  353.53711 
 334.74255  355.39774 
 214.90668  356.35916 
 378.14642  357.06482 
 12.787419  359.10016 
 199.60373  358.65881 
 473.38165  359.6109 
 178.20012  363.94241 
 186.03288  363.56296 
 329.57089  366.00293 
 485.46884  365.88864 
 491.34125  366.42551 
 57.433151  369.02698 
 247.29947  369.69461 
 304.21225  370.05765 
 186.32774  371.12085 
 275.67563  370.91577 
 313.47861  370.85095 
 218.92274  372.06659 
 284.8063  371.86292 
 475.57864  373.0899 
 203.38426  375.32574 
 208.9437  374.88022 
 301.58887  375.978 
 52.712212  377.13354 
 215.04437  377.03873 
 244.75098  376.4953 
 272.9194  377.29398 
 224.17566  377.54102 
 465.40845  378.29083 
 61.042526  379.57571 
 316.30099  379.63025 
 298.10489  380.68845 
 501.66232  382.22403 
 508.54935  381.74481 
 198.82426  382.9856 
 204.32509  383.52716 
 233.24898  382.88446 
 309.03497  383.17999 
 260.02252  384.04599 
 268.37732  384.31247 
 191.87164  384.51309 
 289.07095  385.00003 
 230.1143  388.66248 
 298.91547  389.31967 
 338.06534  389.18991 
 223.90028  390.13293 
 332.05621  389.48465 
 424.16568  394.34134 
 195.54482  395.45145 
 271.26346  395.36792 
 513.64825  395.8541 
 189.20001  397.16226 
 231.55231  398.17249 
 245.36348  398.21829 
 262.40552  400.10413 
 330.30722  399.52954 
 111.17794  400.92813 
 476.6351  401.80606 
 357.54761  402.48032 
 85.559349  409.83017 
 97.882401  409.67517 
 290.2536  409.87976 
 484.21243  411.82297 
 400.11081  415.07153 
 429.37253  416.30951 
 476.51917  416.39679 
 482.86551  416.15152 
 102.63173  420.7316 
 477.38409  423.24612 
 261.5824  425.04184 
 255.39592  425.79434 
 477.21436  426.41855 
 205.50629  427.93268 
 345.00919  429.2627 
 331.60553  429.46329 
 260.82776  432.4075 
 464.08255  434.16064 
 203.6349  436.19589 
 471.30774  435.9794 
 127.02278  436.73236 
 335.69342  439.29593 
 349.21588  438.94012 
 113.89288  440.27106 
 87.84343  440.99445 
 360.75623  442.38229 
 413.52817  441.77206 
 106.78481  445.66821 
 363.06421  444.71423 
 428.11621  445.06094 
 457.68604  444.94476 
 234.00552  447.1662 
 87.726151  447.56674 
 278.64136  448.04282 
 464.24792  448.14328 
 272.02631  449.69843 
 440.92569  450.78574 
 160.31612  452.05374 
 352.36102  452.09732 
 433.29559  451.89099 
 338.90579  453.37256 
 228.6586  453.89944 
 107.66853  454.48517 
 114.10091  455.34457 
 195.66324  455.03882 
 217.49889  454.92462 
 417.36237  454.26859 
 137.96831  456.17563 
 188.5554  455.91412 
 408.09079  457.11261 
 278.96463  459.29105 
 285.16507  462.41904 
 132.95619  463.36237 
 161.84589  462.78726 
 461.52759  464.38828 
 126.7061  465.12473 
 275.11453  466.41055 
 412.54947  466.39456 
 348.03595  468.49484 
 111.86602  468.70984 
 283.40729  469.29324 
 289.20132  469.71213 
 214.79097  474.43457 
 123.12866  475.07196 
 394.7449  476.43839 
 275.06949  477.185 
 267.0058  477.94601 
 281.42178  478.01904 
 388.35349  478.33698 
 264.05017  484.285 
 341.42438  483.92334 
 270.45178  485.91437 
 276.49701  486.07761 
 200.06599  488.84525 
 339.81888  492.48581 
 378.20255  491.75336 
 188.2094  495.17987 
 266.27243  497.76654 
 310.19986  506.8653 
 132.40768  509.10349 
 325.8262  512.29926 
 126.77618  512.54901 
 262.129  519.73474 
 364.34744  530.03558 
 112.8186  534.03943 
 327.24115  533.9425 
 102.83646  536.52515 
 321.68219  536.98975 
 314.08279  538.79132 
 327.93057  543.72845 
 319.79871  547.06512 
 329.18607  551.74634 
 327.11523  557.13379 
 305.03326  558.48083 
 268.3269  5.9207463 
 282.6503  6.4278913 
 265.84906  10.358003 
 276.56689  10.421773 
 195.0556  19.95084 
 277.35132  19.850582 
 269.36914  21.444574 
 60.392876  26.358301 
 205.11745  25.838011 
 259.33707  32.268177 
 26.820442  33.350548 
 281.66443  33.579277 
 338.11807  34.083775 
 249.12257  35.417675 
 325.28088  36.804615 
 273.40219  39.928463 
 345.58005  40.614281 
 286.4953  42.829254 
 581.6366  42.692181 
 82.513618  48.656425 
 224.69113  48.011471 
 253.43665  48.439621 
 318.10889  48.110233 
 340.25595  47.748199 
 264.18787  53.372772 
 290.40811  53.390934 
 299.8024  52.435169 
 352.82001  55.062492 
 318.12192  58.171638 
 360.20029  58.335274 
 224.61182  63.25153 
 233.0433  63.702171 
 160.04837  67.058777 
 364.50635  66.646141 
 396.7688  68.359932 
 340.6926  69.274422 
 176.26509  70.286514 
 215.18254  69.565292 
 348.65961  69.609741 
 185.40759  72.363945 
 228.54257  73.537712 
 109.06285  73.507278 
 244.4297  73.769325 
 141.09843  74.555176 
 356.8353  75.576279 
 380.96075  75.494759 
 100.16501  75.703827 
 233.78302  75.279907 
 395.24997  76.427719 
 345.09393  76.770828 
 365.3161  77.287941 
 353.09613  79.239349 
 191.64844  81.454712 
 124.86747  81.65979 
 374.00198  82.309296 
 585.9892  84.630676 
 234.84476  85.591522 
 244.27348  86.147736 
 262.41653  86.540367 
 269.90414  86.819443 
 446.84943  87.122063 
 438.52679  88.083092 
 351.68005  89.892662 
 82.224152  94.882133 
 463.63654  95.53318 
 262.39059  96.214195 
 385.66388  95.80381 
 455.40646  96.453972 
 148.62373  100.86013 
 378.4433  100.68101 
 249.87193  103.38914 
 257.75992  103.20915 
 290.84891  103.70185 
 406.57477  103.87318 
 123.24997  104.9268 
 156.98914  105.09464 
 398.22543  105.70897 
 419.51758  105.9579 
 427.45071  105.63629 
 95.535225  107.82638 
 464.55515  107.46868 
 390.52643  109.39474 
 223.99567  110.23386 
 450.09015  110.89317 
 457.88052  110.92064 
 409.75009  112.81612 
 82.672096  113.85223 
 481.3421  114.90916 
 120.65451  115.70924 
 401.0864  115.53871 
 129.56747  117.92509 
 467.73703  117.83064 
 88.29567  121.05385 
 409.3233  121.80368 
 534.28461  124.79906 
 92.659218  125.82189 
 323.06824  127.12475 
 85.086418  127.88599 
 331.33319  128.41316 
 458.35043  129.12511 
 548.05719  129.02336 
 239.49692  130.32605 
 465.94461  130.7733 
 539.29944  130.74422 
 293.06659  134.7234 
 466.85559  134.47372 
 276.57431  135.90779 
 499.73477  138.31848 
 492.05035  139.58505 
 79.662735  140.99498 
 540.81335  140.75729 
 533.37097  142.44839 
 96.496201  143.0195 
 461.73962  143.03098 
 511.09543  143.78864 
 88.826408  144.58401 
 473.54846  144.38576 
 282.93372  146.23099 
 119.98131  148.62798 
 262.13165  148.85359 
 234.83105  151.44835 
 81.696022  153.4379 
 109.4682  153.16142 
 292.33945  152.58078 
 489.56436  153.43571 
 497.16772  153.92502 
 101.47937  158.54733 
 264.12393  159.05782 
 281.99725  158.77922 
 72.876648  160.27872 
 81.088699  162.43935 
 228.49612  164.5708 
 296.89651  164.3759 
 94.497032  165.09969 
 59.726467  166.13466 
 213.31171  166.85129 
 248.40918  167.72647 
 307.32321  167.98738 
 482.08749  167.75098 
 239.62738  169.22231 
 270.63397  168.98213 
 476.3262  172.43057 
 86.937057  173.14552 
 336.14304  173.26186 
 192.79721  173.81612 
 291.18344  174.33017 
 200.43222  175.18932 
 234.31273  174.50436 
 279.22711  174.80933 
 265.87146  177.58148 
 177.26736  177.86868 
 305.38998  178.57124 
 487.6012  178.23895 
 321.68768  179.20367 
 329.7576  178.80373 
 49.366714  179.85683 
 215.02731  179.66431 
 204.53162  181.24992 
 232.71996  182.18849 
 474.90677  182.20789 
 168.8047  183.47272 
 161.1673  184.7919 
 194.62727  185.31567 
 186.28253  185.29405 
 41.539127  186.72804 
 301.84619  186.87448 
 178.26602  187.50816 
 226.49857  191.0083 
 207.5201  192.50546 
 292.03931  191.51382 
 170.21742  193.33055 
 372.74875  192.328 
 320.54962  193.61453 
 473.10147  194.11499 
 554.53601  193.9149 
 156.28954  195.43639 
 179.04199  195.05302 
 190.98842  197.4666 
 304.72989  196.83627 
 342.52319  199.28841 
 333.23868  200.40143 
 356.82623  200.15083 
 464.85977  199.50253 
 369.35083  201.0739 
 196.82373  202.52321 
 251.2782  203.0015 
 227.31557  203.75571 
 237.60675  203.72256 
 318.58478  204.02528 
 454.19781  203.90373 
 174.65565  208.17497 
 337.9913  207.89201 
 482.41183  207.96034 
 166.81682  209.0526 
 349.18738  209.14186 
 358.26514  209.23518 
 375.11972  208.40906 
 212.58008  210.5576 
 271.93979  212.08066 
 238.72409  213.21361 
 248.06967  213.00468 
 352.22983  213.15793 
 291.45651  214.19754 
 415.57156  214.33556 
 77.133354  216.11818 
 84.903275  215.43826 
 256.58563  216.06163 
 370.01514  215.94139 
 21.582596  216.89128 
 156.03287  217.65256 
 379.30478  216.76872 
 172.80783  219.90594 
 470.58585  220.2955 
 133.18761  221.23399 
 164.02664  220.6722 
 180.77319  220.9664 
 214.65167  220.81126 
 188.53371  221.67931 
 286.69724  222.25305 
 461.55228  221.5956 
 242.44128  223.41222 
 250.77962  224.41664 
 304.80298  224.46629 
 316.18597  224.39247 
 364.68872  223.87444 
 479.07278  226.24547 
 171.51802  226.55348 
 75.820686  228.32103 
 180.61757  228.49953 
 158.08177  228.83926 
 471.15796  228.91182 
 525.4162  228.78036 
 379.80899  232.50949 
 75.513832  233.73683 
 398.92773  234.09685 
 360.26599  234.40921 
 368.48108  234.59677 
 390.62683  235.06732 
 153.58307  235.82491 
 93.081245  237.71548 
 472.35309  237.80641 
 480.26807  238.46484 
 180.33818  240.33879 
 208.50815  240.52689 
 384.40384  241.04002 
 68.237045  242.21602 
 159.24236  243.49498 
 128.81366  243.97778 
 394.06476  243.84476 
 487.89148  244.14096 
 214.32489  245.4268 
 368.88168  245.1221 
 479.90851  245.46603 
 322.905  247.60699 
 127.16006  249.2998 
 471.01544  249.31985 
 148.66844  251.53407 
 170.12366  250.86478 
 402.85458  252.21152 
 517.91003  251.76909 
 410.16064  253.02176 
 489.15909  254.37442 
 207.70404  255.19412 
 215.8002  254.99391 
 354.49908  254.48753 
 164.18469  255.46497 
 371.16489  257.82364 
 27.81867  258.64047 
 172.63194  259.66367 
 382.3158  259.93646 
 296.19858  260.55801 
 276.92685  261.93744 
 325.77457  263.64603 
 399.84613  264.43323 
 260.51895  264.76157 
 372.49686  264.44379 
 389.56738  265.73575 
 483.69327  264.98529 
 274.41919  266.27686 
 124.73242  267.53513 
 135.55481  268.70786 
 160.45132  267.64584 
 222.82233  268.26245 
 253.73782  268.43637 
 37.356579  268.85159 
 281.64096  269.03964 
 332.02905  269.21219 
 24.718346  270.45657 
 170.6532  271.54144 
 235.95738  270.95883 
 249.48802  270.09601 
 406.07184  270.73636 
 486.78625  270.53732 
 261.92203  271.63541 
 420.14859  271.64105 
 150.68477  275.59479 
 256.90433  275.74643 
 142.58931  277.22858 
 34.674904  278.2749 
 171.09596  277.793 
 289.6449  277.88312 
 498.7236  279.81778 
 25.819431  279.03668 
 383.19586  278.6347 
 263.34448  281.65207 
 273.96231  280.89874 
 159.46385  283.28104 
 396.59003  285.39496 
 152.29811  286.07474 
 20.209063  286.5416 
 35.989441  286.94785 
 377.07654  287.35303 
 386.11288  287.1232 
 369.53897  287.83719 
 493.65213  288.67618 
 145.87791  291.28412 
 166.323  291.80051 
 156.22702  292.94931 
 483.30627  294.02817 
 138.74896  295.10992 
 397.40057  295.31177 
 174.94872  297.05002 
 499.21603  296.5163 
 326.97626  301.49142 
 368.00473  300.64413 
 492.86768  300.77542 
 19.121878  302.34885 
 169.76797  302.40897 
 376.5004  302.65793 
 394.06308  303.04977 
 51.149212  305.42505 
 26.60573  307.33917 
 365.19113  307.24646 
 151.06731  309.14789 
 309.62146  309.28491 
 166.03477  312.84277 
 230.28343  313.50519 
 154.6404  314.24792 
 238.62149  313.93994 
 497.44376  313.71323 
 219.90361  315.27567 
 144.49144  315.4184 
 367.42307  316.05359 
 43.236565  316.19913 
 173.51099  317.26215 
 376.53314  316.67746 
 264.98447  319.52426 
 359.04391  318.63226 
 384.31393  319.36945 
 40.350395  321.4762 
 275.70316  322.5654 
 499.8436  322.87125 
 474.05072  324.40146 
 134.99394  328.2981 
 301.30875  327.89462 
 360.68225  328.02069 
 243.42709  331.15051 
 350.11649  330.63315 
 487.67487  331.06274 
 262.85349  331.94043 
 502.23434  331.93182 
 306.73499  333.31747 
 375.22308  333.50781 
 192.77597  333.84607 
 22.298262  335.81003 
 182.84454  335.46014 
 361.28336  337.19348 
 296.5491  338.3439 
 368.40753  337.52167 
 496.61835  342.97775 
 504.12756  342.69446 
 241.08128  344.00409 
 308.75134  343.89828 
 176.11122  345.07477 
 389.78183  345.03448 
 155.87321  346.26788 
 166.44801  346.6275 
 340.58908  346.05579 
 200.72301  347.28317 
 210.69406  347.91101 
 332.08167  348.47507 
 148.82883  349.93167 
 492.38699  350.75998 
 44.730785  352.19101 
 328.78067  352.36536 
 500.53793  351.77832 
 207.33153  354.43964 
 241.14262  354.49976 
 507.82959  354.19232 
 334.93622  356.58627 
 215.25945  357.22388 
 370.26639  357.44955 
 378.689  356.8952 
 390.65863  358.42004 
 465.54279  358.05573 
 12.680664  359.08887 
 199.31354  358.7319 
 312.3573  358.43536 
 319.79794  359.36395 
 473.41418  360.09409 
 249.27971  360.57336 
 228.09984  361.47153 
 186.05009  363.27222 
 263.32272  362.73819 
 178.03746  363.85178 
 288.38269  363.505 
 483.79825  366.53265 
 491.64142  367.14688 
 56.293308  368.54578 
 67.303558  368.75522 
 305.27155  369.17944 
 322.62512  368.56134 
 391.27704  368.53229 
 257.6926  370.45786 
 274.28555  369.7424 
 313.17618  370.52966 
 186.35706  371.97379 
 177.2256  373.30679 
 284.54544  372.78165 
 475.46466  372.81042 
 71.270943  375.13992 
 202.33119  374.63754 
 215.17549  376.6413 
 223.35623  377.49234 
 300.70624  376.82336 
 52.770844  378.2735 
 273.04123  378.21127 
 60.835232  378.4144 
 186.31464  379.9819 
 316.43924  379.98874 
 508.69565  381.82059 
 201.75031  383.31192 
 501.11792  383.16806 
 191.17316  384.00583 
 233.09953  384.07697 
 259.88589  383.63644 
 268.35452  383.71893 
 288.97931  383.81668 
 308.48865  385.57629 
 299.05133  389.24673 
 338.39465  388.93976 
 223.41193  389.79126 
 330.64807  389.50439 
 180.11148  391.37921 
 506.68695  391.6734 
 292.21646  393.7883 
 195.40315  394.66049 
 270.1853  395.44714 
 513.89795  395.34061 
 433.22391  396.57483 
 230.51877  397.88577 
 245.46651  398.47119 
 263.71924  398.42249 
 138.53049  399.61621 
 287.45117  400.15887 
 330.43307  399.53772 
 111.17242  401.52496 
 358.45609  402.21579 
 477.14334  401.7298 
 314.22446  406.45905 
 281.21558  408.54346 
 86.357033  409.54688 
 290.88171  409.62292 
 97.038528  410.79935 
 476.55859  411.05167 
 483.77887  413.92599 
 399.75839  415.30374 
 18.139256  416.79199 
 428.69543  417.1785 
 38.904575  421.14639 
 102.65865  421.48575 
 470.21329  422.73068 
 38.481956  424.65439 
 477.3862  425.2131 
 206.01022  427.5119 
 344.2301  428.45038 
 331.4296  428.69391 
 101.70519  430.59741 
 133.7653  431.74115 
 251.66475  431.7728 
 260.25146  432.3652 
 274.59857  433.401 
 464.08475  434.63037 
 203.645  436.32312 
 471.65015  436.60495 
 348.81531  438.91098 
 94.826759  439.6705 
 336.23303  439.85544 
 113.97394  441.35626 
 412.81503  441.33093 
 361.20743  443.12543 
 533.07141  443.45337 
 428.78439  443.45969 
 106.61983  444.81705 
 87.224815  445.62677 
 260.94  445.89078 
 456.3045  446.30502 
 278.77939  447.50562 
 464.46436  447.815 
 440.98029  449.94876 
 161.80653  450.90103 
 352.86081  451.52582 
 153.07631  451.65225 
 433.12509  452.17001 
 478.28976  452.23642 
 365.72012  452.93423 
 338.76392  453.66199 
 345.87943  454.23422 
 424.2081  453.85294 
 106.992  455.36435 
 187.72633  455.27081 
 196.30408  454.71448 
 217.08159  455.11383 
 225.22008  455.35394 
 416.77087  454.63486 
 468.63965  454.71432 
 114.57865  455.71295 
 138.65871  455.65567 
 407.42883  457.29642 
 263.77817  457.71466 
 278.40515  458.99716 
 272.24338  459.63287 
 162.12575  461.91504 
 285.5563  462.25174 
 133.80766  464.29758 
 126.20184  464.74991 
 147.83575  465.23514 
 461.5098  464.93527 
 412.022  466.47208 
 110.03746  467.04276 
 347.55475  467.6441 
 281.78235  469.53262 
 355.55594  469.06247 
 156.54022  470.97723 
 231.87793  471.32916 
 215.01578  473.66852 
 122.71908  475.79095 
 342.39182  475.97452 
 395.13934  476.17303 
 274.50928  476.80481 
 266.73672  477.96411 
 281.74927  478.09598 
 387.81509  478.20566 
 522.91669  479.42761 
 354.61093  479.65179 
 211.49113  481.33215 
 225.1795  481.83432 
 174.638  482.98251 
 264.20322  482.72119 
 153.19086  484.41336 
 341.14557  483.53543 
 185.76289  485.55896 
 277.03207  486.88873 
 200.06053  488.25589 
 188.12231  495.24142 
 295.37738  494.77692 
 265.2471  497.16617 
 153.37863  499.58633 
 124.68041  501.59497 
 258.08746  505.00519 
 116.81886  506.63449 
 133.1445  509.1297 
 126.16643  512.56714 
 325.71979  513.09998 
 339.8194  517.82013 
 262.3938  518.6322 
 317.74106  528.87402 
 343.23203  529.78204 
 364.7316  530.06702 
 328.34076  533.18909 
 102.70869  535.05487 
 111.51605  535.32019 
 321.28262  537.50537 
 304.12744  539.58087 
 314.84933  539.43494 
 328.04608  545.58069 
 319.74115  547.05042 
 299.65176  547.49359 
 304.49927  556.89185 
 330.94351  563.62427 
 580.85168  564.11664 
 166.80743  264.31793 
 173.12239  288.43878 
 265.76547  10.019403 
 194.24615  20.408213 
 248.46745  35.503605 
 275.01767  40.664024 
 317.60461  48.466702 
 339.11832  47.904949 
 263.4585  51.844913 
 300.23495  52.317085 
 360.2648  57.452431 
 176.36739  70.331421 
 349.02841  69.404205 
 186.2191  71.880539 
 244.55821  73.223976 
 100.00657  75.694481 
 380.69186  76.610207 
 394.69446  76.089211 
 355.20175  78.052902 
 365.25284  79.64164 
 201.65024  80.360336 
 125.19765  80.910469 
 233.52679  85.894341 
 438.42413  89.15815 
 82.442619  94.844589 
 386.15964  95.851318 
 454.23392  96.468521 
 463.9046  95.454582 
 262.60925  96.516754 
 148.39047  100.56579 
 418.09348  107.29214 
 448.59665  110.99049 
 120.40954  115.26538 
 340.2869  114.62885 
 332.26929  127.76824 
 467.56647  132.78876 
 78.117989  140.96581 
 462.34006  143.3269 
 473.31143  143.62032 
 88.246864  144.24028 
 283.2243  145.9641 
 292.90994  146.5132 
 72.008812  159.61902 
 482.7706  168.22072 
 291.94583  174.76443 
 215.14513  179.25597 
 372.83807  192.7215 
 190.43402  197.20163 
 304.89413  196.89468 
 341.74631  198.02852 
 465.17633  199.05106 
 367.89978  202.47099 
 227.02397  203.30016 
 188.95308  211.26305 
 211.50444  210.49768 
 272.95065  213.07794 
 85.673965  215.4462 
 257.6788  215.55476 
 379.99588  217.63623 
 215.08771  220.10124 
 471.23096  220.03923 
 163.97935  220.51921 
 188.8667  221.61606 
 460.37048  221.84294 
 286.34308  223.0137 
 304.69373  224.73944 
 171.44707  225.51622 
 359.32446  234.5507 
 384.04514  240.81793 
 394.34586  243.308 
 489.24817  243.59828 
 479.7822  244.53845 
 127.9332  246.51207 
 367.17026  249.04678 
 169.04045  250.15924 
 401.65503  252.60461 
 156.12543  254.14734 
 354.62338  254.37956 
 207.4267  255.63518 
 27.471115  258.06335 
 172.83952  259.47302 
 399.57883  264.90094 
 125.6153  267.20184 
 389.86069  266.36191 
 379.37634  271.4328 
 419.84164  272.10599 
 35.499119  278.20096 
 290.07233  278.36581 
 273.95432  280.1608 
 396.9985  285.29752 
 504.16495  285.85684 
 145.31735  291.32343 
 156.70006  293.10138 
 158.34535  297.6405 
 327.42163  300.59586 
 492.59402  301.6463 
 27.018976  307.56561 
 239.33032  313.58234 
 143.82005  314.95465 
 367.41003  315.68384 
 358.60068  318.0914 
 489.44073  319.80743 
 50.09837  321.61002 
 474.51379  325.07663 
 301.43576  324.72324 
 243.78775  330.70367 
 193.70471  333.36328 
 182.6362  334.91309 
 22.019077  336.43713 
 495.86404  341.44318 
 241.42819  343.61108 
 177.03809  344.29636 
 308.69098  344.1879 
 390.13144  345.31125 
 156.72061  345.83231 
 199.88992  347.12259 
 390.81198  357.83719 
 464.30411  358.45926 
 249.48151  360.33191 
 473.4787  360.2403 
 263.28372  361.51126 
 186.53453  362.81747 
 482.74261  366.29886 
 56.165039  368.63144 
 282.2446  373.98108 
 316.44977  380.18246 
 189.28142  381.74741 
 201.35532  383.5401 
 288.61343  383.41629 
 500.92548  383.9212 
 308.28433  386.04269 
 277.79419  389.29694 
 329.39465  389.29633 
 222.8632  389.7803 
 180.08868  392.05142 
 194.86682  394.07297 
 434.94199  397.38934 
 245.09459  398.51614 
 138.04674  399.57877 
 287.56369  400.43408 
 468.85089  401.30862 
 313.33054  406.46359 
 280.91333  408.95239 
 86.730888  409.82773 
 475.38898  411.30215 
 484.04572  413.25064 
 18.23258  416.78137 
 427.22729  418.50604 
 39.175804  423.22351 
 260.13043  432.1329 
 348.37479  439.26083 
 361.05695  442.57065 
 86.434692  445.43381 
 278.77722  446.80038 
 464.98196  448.11877 
 441.70059  450.49011 
 152.2538  452.27911 
 163.65828  454.92062 
 106.33244  456.38431 
 263.28305  458.04758 
 109.11281  466.18259 
 347.41122  466.48557 
 461.36536  465.67917 
 265.32446  479.22983 
 290.94586  479.86417 
 352.31613  480.81998 
 212.92706  484.35162 
 200.3221  487.47253 
 345.03299  496.67535 
 153.56619  499.16122 
 116.43448  505.90945 
 342.04785  530.45392 
 330.70477  533.43689 
 111.84705  535.12946 
 333.9386  562.23022 
 581.37006  567.02295 
 278.44635  9.935215 
 204.72089  23.085876 
 261.27695  32.329132 
 327.88058  36.192921 
 313.00772  49.923473 
 224.42157  51.86969 
 231.58125  72.358177 
 245.77173  86.169861 
 143.63219  89.25972 
 376.3353  101.31555 
 160.00009  104.52724 
 288.8306  104.11342 
 408.37579  106.04312 
 398.49631  113.45932 
 410.7713  116.22549 
 131.59375  119.96891 
 89.963043  125.37136 
 320.28577  128.60463 
 536.70636  129.20247 
 456.23178  129.76384 
 263.77863  132.65816 
 291.07507  133.99046 
 250.6716  144.41057 
 261.28348  150.42474 
 104.75881  154.21788 
 282.47836  158.78822 
 229.79314  162.96814 
 296.84714  163.2319 
 243.50948  167.817 
 278.90369  172.94911 
 47.642502  178.15166 
 59.76273  178.55069 
 265.89093  180.13918 
 309.10974  179.72293 
 236.45358  184.45906 
 286.92166  186.74416 
 159.90831  188.76245 
 40.940968  189.21913 
 210.95155  192.0946 
 179.45924  193.37357 
 321.90997  196.98056 
 201.77368  200.33961 
 331.78378  202.4904 
 358.8887  202.47867 
 251.70314  204.24805 
 290.46393  210.44388 
 348.59698  212.09526 
 462.28665  211.52165 
 239.11302  218.3979 
 318.255  223.95097 
 224.68613  227.51042 
 370.07294  231.25607 
 74.76886  234.28526 
 470.65472  233.76868 
 91.282722  236.09157 
 151.10815  238.26752 
 225.88776  238.80429 
 180.18298  241.4532 
 211.89467  244.07866 
 157.7066  246.19667 
 228.01903  246.49387 
 382.49518  255.76839 
 323.26773  259.49112 
 273.95801  262.16727 
 371.14178  261.94519 
 484.16019  266.08182 
 159.33884  267.34555 
 249.24142  267.59012 
 261.5513  269.47684 
 136.74446  271.68973 
 212.1451  271.70544 
 172.16515  272.76047 
 248.00137  279.00113 
 160.96117  281.37683 
 262.79617  283.3992 
 484.99631  283.03186 
 169.20461  292.37061 
 484.40317  293.01431 
 147.59824  296.95776 
 238.77708  299.00275 
 171.14113  300.36542 
 503.19489  299.73819 
 396.40771  300.95099 
 366.67487  302.53949 
 377.62857  302.26031 
 55.702969  311.59433 
 310.3829  311.47644 
 153.90422  312.41379 
 41.103371  316.25153 
 167.7834  316.22919 
 500.63809  319.85828 
 183.18845  320.50754 
 275.87802  320.5849 
 348.81912  328.96512 
 363.6055  329.23816 
 261.75342  330.72043 
 491.71027  332.52823 
 506.12021  333.68265 
 379.00607  337.09003 
 319.9747  337.84122 
 255.66579  345.3364 
 211.57402  348.21524 
 326.81183  349.03589 
 45.222664  353.9671 
 334.8439  358.20212 
 227.5296  359.02765 
 316.23611  358.49832 
 237.27196  359.65973 
 289.55576  361.49707 
 208.81659  364.76157 
 276.99725  368.84821 
 473.94339  370.32272 
 68.060219  371.93478 
 187.4136  376.38129 
 243.15051  377.35355 
 224.74301  378.20633 
 428.81598  387.51251 
 265.72928  396.58002 
 231.8152  397.79245 
 480.04666  397.90588 
 31.502134  401.65646 
 110.78004  402.2485 
 265.43015  411.71146 
 96.435349  414.44901 
 330.94925  427.05939 
 343.16074  427.54721 
 425.40964  440.50366 
 115.9509  442.70886 
 98.133347  444.58774 
 453.23135  443.67639 
 256.42157  444.85202 
 478.89914  451.94543 
 429.18066  453.15503 
 276.21045  459.61414 
 121.6954  464.45529 
 231.48019  470.15549 
 358.41403  466.73154 
 156.44559  470.03156 
 218.08011  471.64102 
 278.04767  471.92902 
 341.84259  480.20624 
 227.07527  483.95255 
 187.59239  485.78973 
 295.49622  492.63535 
 127.95939  502.10693 
 277.36795  514.46033 
 337.47769  515.54169 
 261.82196  516.50507 
 303.78833  544.68469 
 328.62518  549.54651 
 303.78589  551.50928 
 300.44278  568.60785 
 196.13664  204.10712 
 188.71921  211.65814 
 375.3894  287.59061 
 261.28705  33.995464 
 313.38327  49.83633 
 231.26018  71.817276 
 346.06985  71.584053 
 358.86826  74.08284 
 103.78844  152.92493 
 283.29001  158.98575 
 242.95235  168.33647 
 278.70108  172.74713 
 309.23047  179.75371 
 360.39197  188.73332 
 160.63002  190.22066 
 181.75659  208.99081 
 348.25058  213.13937 
 197.7133  225.5088 
 289.15259  227.54236 
 370.0506  230.65044 
 349.44992  231.28796 
 180.24413  241.71547 
 155.14998  242.85728 
 382.3674  255.14716 
 371.44333  262.38174 
 158.74217  266.8107 
 138.45961  272.45657 
 179.1776  289.89493 
 480.06784  288.10913 
 40.141041  316.30902 
 223.92404  316.02414 
 363.81314  329.74521 
 491.83475  332.83957 
 500.00131  346.41092 
 473.31888  365.37695 
 276.46976  368.28467 
 68.415787  371.76428 
 260.82004  377.07623 
 243.35921  377.80649 
 304.21677  381.23407 
 264.08459  395.90411 
 465.63126  409.26099 
 266.01572  411.98203 
 265.69037  419.80884 
 452.67218  442.56921 
 99.389313  443.85956 
 107.13609  461.53357 
 233.90172  468.38742 
 218.21248  471.28064 
 295.91681  487.26407 
 350.91699  62.091328 
 83.61956  97.042267 
 464.43903  109.77584 
 408.47098  113.26498 
 86.073158  127.37243 
 87.312714  136.87503 
 66.941986  158.10033 
 43.859852  180.95441 
 291.61258  184.20595 
 241.47858  187.59709 
 325.81223  201.86737 
 321.27353  224.96805 
 73.063644  233.42093 
 224.14185  234.10686 
 479.60703  236.89615 
 229.0426  243.38974 
 188.29201  245.78627 
 208.03371  246.01901 
 364.59167  260.63266 
 325.08508  254.27675 
 208.05064  273.60895 
 280.75702  279.25171 
 482.43973  283.68964 
 257.4086  286.16794 
 486.5975  299.24338 
 380.96408  302.78131 
 305.50552  316.59509 
 480.73495  317.2662 
 243.22528  319.96521 
 260.34024  327.31888 
 302.66635  341.37555 
 338.78229  347.00922 
 192.84988  351.62762 
 321.73935  352.87589 
 354.35126  362.25406 
 208.11761  363.91528 
 35.578545  375.95026 
 197.64378  388.00333 
 323.64386  388.62335 
 222.96695  400.19534 
 116.97227  403.18018 
 318.29047  403.01907 
 32.178085  405.77377 
 482.50534  413.02182 
 244.37889  416.22662 
 255.12903  443.3851 
 278.64197  443.09052 
 463.31699  445.24594 
 413.79959  460.57672 
 361.14029  496.06549 
 317.92834  511.86621 
 307.79498  548.24841 
 324.64178  549.06635 
 583.41779  570.32263 
 300.78812  572.19031 
 293.62  40.771572 
 75.992111  158.96132 
 188.48697  181.94862 
 206.29628  200.55695 
 167.46675  232.46899 
 460.90063  244.57053 
 149.83907  245.37816 
 184.8062  276.44373 
 184.27316  308.63272 
 356.74265  309.92398 
 199.96573  324.89401 
 366.31693  325.40302 
 346.39343  325.96106 
 328.75836  332.21524 
 199.73039  345.28165 
 485.32507  446.48468 
 264.54898  478.6683 
 324.13754  47.667561 
 468.2923  109.53361 
 261.95697  153.48744 
 262.30212  156.12372 
 335.50748  203.83319 
 269.16357  209.95383 
 183.09099  214.75906 
 366.02124  223.573 
 343.08292  225.33095 
 354.30084  226.29588 
 455.77539  225.84633 
 478.97702  236.74521 
 390.97842  251.91707 
 485.25894  262.04785 
 484.41791  291.60419 
 387.74316  302.0639 
 480.56985  310.81918 
 498.12906  316.84714 
 165.519  327.29996 
 318.31348  339.88943 
 227.63741  349.36621 
 202.97572  357.08337 
 312.18552  361.6911 
 197.25984  370.28839 
 325.78439  396.76822 
 314.96497  398.00003 
 311.8475  412.4537 
 332.96405  488.11221 
 364.80219  497.91727 
 272.43808  163.68588 
 306.04645  169.25276 
 359.01797  202.67691 
 166.04492  220.901 
 359.63846  255.84602 
 396.90167  270.15872 
 370.93442  309.13312 
 173.33591  315.48871 
 345.00757  232.89076 
 246.0193  275.83548 
 189.05464  361.93143 
 229.3999  409.43881 
 302.48227  509.67303 
 263.96957  145.33076 
 301.80472  158.13326 
 328.88937  172.96399 
 294.46918  192.7644 
 300.73099  210.94786 
 203.06544  246.76381 
 192.44617  277.95343 
 388.27518  323.26559 
 367.483  335.21921 
 225.07048  354.85144 
