 222    3   50  219  119  136  191  244  154  214  237    1  255  225  204   30  106  152  186  246  215  127  143  225  174   13   95    3   96  253   94   75   93   18   91  235   36   38  177  247  137  237  215  129  239    7   13  221   67  127  232  134   62  244    0    0  164  211  255  239   15 
   0    8  242  120  158    0  224  187   32    0  252   15    3    0  238   63  126  130  191  240   23  127  115  128    0    0    0    0    8  241  224   95  223   16   26   66   33    4    0  132   40  233  255  129   79  218  191  221   15  255  225   31   30    0    0  128  132  195  255  238    7 
   0   18   22    0    2    0    7    0  196  255  127    6    0   32  255  158   63  228   15  113    1   31   50    0    0    0  132    0  114  246  199   67  158   16   24  114   33    7  128  244  233  235  255  129  255  192    1  108    0    0    0    0    0  116  242  253  255  211  253  111    7 
 223    7  254  124  142    0   64   53  160   22  141    5    0   96  255  159  255  255  255  255   31  255    1  135   30   60   60   28  128    0  192  237   63   89    0    8  178  242  127   20  252  255   23  132    7    3   30  190  135  247  240   15   63    0    0    0    0  240  255  255   55 
 160    7  114   60  142    0    0    0   88  239  254    3  224  184  255   10  255  193  127  248   15  239    0    0    0    0   56   28  134    0  136    0   97  249    7    8  160  180  127  254  252  255  151  132    4   11   30  128  135  251  240   15   63  128    0    0    0  244  253  255    3 
 160   23   98   56  142   17   48  229  191    7   79   15    4  128  255   67   30  129   71  240   14  239   16    0    0    0   32   28  132    0   37   98  225  255  255  255  241  143  133  255  253  255   19  132    8  244   15   96    3    8    0    0   48    0    0    0    0  240  255  255    8 
  65   24  124   60   14    0   56   64   89  248  240   13    4    0  238  223  255  193   63  248    7  127  112  128    1    2    0    0    2    0   62    8  224    7  193    0   15   96  128    1    0    0  252  121  255  231    1   96    0    8    0    0   32  128    0    0    0  240  253  255   37 
   0   30    0    0    0    0    0   74   95  253  112  130  199  241  255   79    0    0    0    0    0    0    0  128    1    0    0    0    6    0    1   80   64  149  255  254   42   81  127    5  250    3  252  129  255   56   16  254  135  247  240   15  111  248  225  195    3  252  121  255    3 
  32  126   12    0  128    1   32  197  191    0  141  141  195  113  255  223    1    0    0    8    0    0  112    0    0    0    0   28    6    0   56   33  193   73  184  255  144  128    4   18  254   47   17  132   13  218   61  126  143   71  241   30  255  252  226  193  199  227  253  255   30 
   0    6    6    0  128    0    0  192   29  161  122    2    0  112  255  247    1    0    0    0    0    0    0    0    0    0    0   12    2    0   33   64   64   17  184  255   34   16  121    4  254  219  239    1  255   53    0   32    0    5    0   15   47  248  225  193  195  247  253  255   37 
   0   14   48   24   14    0    0   10  253  239  112   12    0    0  238   63   30  128    7  240    0   31  112  128    0    0    0    0    2    0    1  134  178  183  119  244  255   15    0    0   80  210  239  123  249  240    1   32    0    0    0    0    0    0    0    0    0  236  121  255   60 
  65    9  126   60    2   16  248  126    0  248  129    3    0  128  255  167   31  224    7  248    0   15    0    0    0    0    0    0  134    0  222  153  127  102   76   12    0   96  254  253   49   48  254  255    0  181    1   96    0    8    0    0    0    0  224  195  195  255  123  255   48 
  33  246    5    0  128   17   56  129  125    7  240   13    4    0  238  231   28   32    7  128    0   15  112  128    1    2    0   28  132    0  127  107  157    2  248  255  181    8  128  222    1  252    3  196   14  183    1   96    0    8    0    0  240  127  255  255  255  227  121  255   24 
  97    0  126   60  142    0  248  122    0  232  122    7    0    0  255  143  255  255  255  255   15   15  112  128    0    0    0    0    6    0  223  207   95    1   40    0    0   48  125    0  232  254  255  129   15  225    7   96    0    8    0    0    0    0    0  192  195  255  253  255   11 
   0  255    3    0  128    1   48  192  255    7  112  143    7    0  255   63    0    0    0   96    0    6   48  128    0    0    0    4  128   10   37    0  224  255   63  255  243   31    0    0  252  255  187  111  192  158  225  127  248    7    0    0  240  255  255  255  255  231  249  255   63 
  97    9   14    4    0   16  216  127    0   64  183    0    0  240  255  223   31  224    7  248    0    1    0    0    0    0    0   16  134    0  223  251   95    0    8    0    0  128  130  255  183  148    8  126   32    3    2  158  128   63  240    1   15  120  224  193  195  255  121  255    7 
 127   25  252  255  143   17  224   55    0  136  192   15    4    0    0  136  255  255  255  255  255  255  127  134    1    2    0   28  134    0  240  189  121  111   70    0   20  240  230  138    1   52    3  102  196  222   15  224    3   56    0    0    0    0    0    0   60    0  132    0    8 
 161   22  102   48  140   21   88  159  238    7   55   12    4    0  255  247  223   33   71  224    8  239  112  133    1    0    0  220  133    0   79  110  135   89  113   59  255  159   21   82  236  252   66  148   43  161   17   96    7  138    0    0  112  232  129    2    0  164  105  255   30 
  62   30  246  171  127  253   60  192  223  255   18    2    4    0  145  248  254  159   64  247  255  255   15  112  208  167  167  211  255  239    7    0    0   32  248  255  201   67  158  249  243  114  252  127   16   32    0   64    8    8    3   16  224  231  159   15   12    0    0  136   63 
  33   22   12    0  128    1   56  129  252    7  126  142  199    1  254   15    0   96    0    0    0    0  112  128    0    0    0   28    0    0   63   34  160  219   55  219  183  143    0    2  236  255    3  128  223  120   13   94  131  111  240    0  112  248  224  193  195  227  253  255    0 
  33   95  106  254  141   13  248  255   31    0  240  253   15    0  240   56   29   81   79  236  239  142  240  255    0    0    0   16  197   14  191  183  255  237  191  165   66  144    2    0  254   23    8  126  224  183  255  255  255  255  221    2   48    2    0   16   20    8  126  128   60 
  37   22  252    3  229  141  126   26  193  255  112   20    3  106  240  222  157  125   39  239  224   14  254  246  128    0    0  219  127  238   31   68   69  217   45  187  178  155  125    0  254  239   87  129   47  229   31  191  130   81   16    7   39  136  224    0  224  243  253  255    0 
 161   22   46    0  128    1  120  181  186    7  207   15    1    0  255  207   31  224    7  104    0    6   48    0    0    0    0  156   65  136  255  106   29   80   87  234  191   14  245  215  169  175  215  129   15  255   47  126    3  102    0    6  180  112    0    0  196  195  253  255   31 
   1  230   15    4  128    0  184  193    0    0  112    4    0    0  254  255   31   64    7  248    0    6  112  128    0    0    0   12    0  224  119   71  192    1   56  243    2   16    0    0  252  255   39  128  255  200    1   96    0    0    0    0  144  127  254  253  255  243  253  255   63 
  33   22    4    0  128   17   24  133  226    7  143   12    4    0  238  255   30  160    7  224    0   15  112  128    1    2    0   28  132    0    7   38  129   95  241  187  255   15    0   16   38   36   16  132   15  229    1   96    0    8    0    0  240  127  227  215  199  227  123  255   53 
 160   23   64   48  142   17    8  141  255    7   15   12    4    0  238   63   30  128    7  240    0   15  112  128    1    2    0   28  132    0   74  238  159  251  255  255  255  143    0   18   36  252    3  158    0  193    1   96    0    8    0    0  112    0    0    0    0  224  121  255   39 
 225  240    0    4  128   17  224  255   87   24    0  143  199   65  238   63    0   64    0    8    0    0  112  128    1    2    0   28    2    0  160  111  255  219  127  139    4   48  129    4    0  236   23  129   15  245  121  126  158   79  241    0  240  255  247  197  207  227  249  255   55 
  33  230   13    4  128    1   56  129   32    7  126   12    0    0  254  199   29   96    3  104    0    4  112  128    0    0    0   28    6    0   55   68   96  153   41    2   34  176  127    0  252  255   39    0  255  224    1   96    0    8    0    0  176  127  254  253  255  227  255  255    0 
  33  246   13    4  128    1   56  129  226    7  135   12    4    0  254  231   29   96    7  224    0   14  112    0    1    2    0   28    6    0  191   34  160  157   18    1  255   15    0    2  110    7    0  128   95  218    1   96    0    8    0    0  240  127  254  253  255  227  253  255   48 
 225   13   74   36    0   17  240   63  130  240  143    7    0  128  255    7   31  224    7  248    0   15    0    0    0    2    0   16  132    0  188  191  255  239    7    8  144  224  254  251  119   39   16  254    0  254   23   32    0    0    0   11    0    0    0    2    0  252  127  255    0 
  33   22    4    0  128    1   56  129  253    7  122    3    4    0  255  231   30  128    7  240    0   15  112  128    0    0    0   28  132    0   63   32  128   25  240  247  255  143    0    6  220  223    3    0  255   56    0    0    0    8    0    0  112  120    1    2    0  224  255  255   48 
   0  230    7    0    0    0    0  128  255  207  248    3  192  241  255  247    4    0    0    0    0    7   16    0    0    0    0    0    0   16   64    0    0    0  248  255  247  159   64    0  252  255    3  127  217  124    0   30    0  208  255  253  239  253  255  225  231  243  253  255   60 
   0    6    4    0    0   16    0    0  224  239  254  128  195  113  255  199    4   32    0    0    0   15   16    0    0    0    0    0  132    0   64    0    0    0  176  255  255  223   34    0  254    3  136   34  240   74   18  158    4  144  240   47   79  128  225  195    3  236  121  255   48 
   0    2    4    0  134    0    3  192  117   37   90    6    0    0  170  231   14    4    0   96    0  119   50    0    0    0  220   68   16  114    1    1   64    0  248  255    0    0    0    0  204  254   38    8  187  160    1  224    0    1    0    0    0  144  102  205  254   66   81  187   37 
  71    8  252  127  140   17  224    0    0   16  129   13    0    0   16  192  255  255  255  255  223  222  240  135    1    0    0   16  134    0  216  103  233    1    0    0    0   16    0    0   62   45  129  164   68  222    7  224    1    8    0    0    0    0    0   60   60    0  132    0    0 
  33   50   12    4  128    1   32  129  224    7    0  158  199    1  238  255   25   96    6    8    0    0  112  128    1    0    0   28    2    0   37   70  160   17   48    2   55   16    0    0    8  236    7  128   95  218   61  126  128   15  240    0  248  248  226  197  199  227  249  255   62 
 229  128  109   39  129  157  184  100   22  184   11  131  211  255  238  231  223  125  102  140    8    0  112  247   29   35    0  220  199    0  127  113   81   20  172  171    0  240   93   23  239    2    4  193  143  181   14  166  195   83   48  255   47  152   96   64  232  247  189   63    0 
  31    6  254  255  127  100   79    8  228  255   82    6    0    0  220  254  255  255  255  255  255  255  191  184  226  132  205   65  184  127  195   14   35  193    0   16  247   63   12   48   96  252  127  223   25  240    7  248    1    6   64    1    4   32  128    0  135  131  241  238   31 
  30   14  246  251  127  254   71   44  244  183   91    2    0   32  221  218  254  191  255  119  255  255   31   24   96  224  253  243  255   63   65  128   19    0  176  190  255   31   78   56  255  251  254   79  145  240    0   40    0    2    0    9   70   48  193  166    3  193  245  238   15 
   1   12   12    0    0   16    0    0   65  248  240    1  196  113  238  223    1    0    0    8    0    0   64  128    1    2    0    0    2    0   67    0    0    0  120  246   70   48  122    0    0  216  255  123  240    7    0    0    0  255  240    5   15  240  224  193  195  247  249  255    7 
   1   12   94    4    0   16   96    0  192  255  240    1    0   96  255  223   63  225   15   48    0    3   16    0    0    0    0    0  134    0  224    2   32    0    0    0  239   15    0  248  249  251  255  127  240  207    2    0    0   16    0    1   15    0  225  195  195  255  255  255   63 
 224   31    2    0    0   16  248  127  223  255  143  143    7  128  255   15    0  128    0   48    0   15    0    0    0    0    0   16  132    0  255  255  191  253  167  255  255  223  127  243  255   35  208  255   15  255    1  126    0    8    0    0   80  120  225  195  195  255  255  255    0 
  95    0  126   63   14    0  216   16    0  112  167    4  131   97  236  159  255  255  255  255   31  247  128  135   30   60   60   28  132    0  216  101  101   81    9   40    0  176  117   80  172  190   87  148   46  167   30  254  135  247  192   15   15    0    0    0    0  252  253  255   63 
 131   18  252   80  148    2  129  193   58    0  143  221    1    2  240   67  255   67  191  248   31  102  241  143    0    0   88   44    0   17  192  119  209   29  188  131   59  128    1    7  238   15    0  128  143  254   47   15  131  120   16    6   49  136    0    0  228   97  254  127    0 
   8   18   32  252  190    0  136  235   29   40  112   42  244  132   15    1  206  128  255  249  127  255   55  131    8    0  120  124    2    0  128   85  102  189  175    2   42  208  123    0  254   11  236    1  243   96   29   68    7  233   32   14  112  144    1    0    0   96  248  255   33 
  33   16   14    0  128   17   88   59  224    7  112   14    4    0  254  159   30  224    7  240    0   15  112  128    1    0    0   28  128    0  231  170  190   42   80    4  117   15  128  254    1  252   11  122  240  229    1   96    0    8    0    0   80  120  224  195  195  227  127  255   39 
  65   16  124   60  142    1  152   66    1    8   16   12    4  128  238  247  255  193  127  248   15  255  112  130    1    2    0   12    2    0    7   85   96  149  168    2   40  112  121    5   74    0  228  129  255   96    1   64    0    8    0    0  112  128    1    0    0  224  121  255   63 
  65   13  116   56   14   17  240  127  130  120  133    8    4  128  238  143   62  224   79  240    1  159   64    0    1    2    0    0  132    0  127  191   31   44  248  253   93  204  130  251   23   20    8  126  240   95    0    0    0    8    0    0   64  128    1    2    0  252  123  255    1 
   7    0  254  127  142    0  192   82    0  104  240   12    0    0  128  191  255  255  255  255  255  255  247  131    5    0    0    4    0    0  192  181   74   33  168   85    2  240  106    0   86   83  168  106  240  216   15  224    3  120    0    3    0    0    0    0    0  224  121  255   63 
 160   31    0    0  136   17    8  181  255    7  143   11    4  128  255   15   20  128    7  240    0  143  112    0    0    2    0   28  132    0   24  162  224  255   87   47  255   15  130  255   53  252   11   22    0  231    1   32    0    0    0    0  240  120  224  199  195  227  127  255   15 
 128   22    0    0  128    1    8  191  255    7  240   15    0    0  238   39   30  128    7  240    0   15  112  128    1    0    0    4    0    0  203  254  159  255  247  255  255   15  128  138   20  252    3  122  240  203    1   96    0    0    0    0   80  120  225  199  195  227  127  255   26 
   0   14   14    4  128    0   32  192  159  249   15    6    0    0  255  255   31  192    7  248    0   15   16    0    0    0    0   12    2    0  225   86   27   16  176   10  171   31    5    4  254   43  252  129   15  218    1    0    0    0    0    0    0  248  224  193  195  255  253  255   62 
 224   31    0   52  140   17  192  191  224    7  128   12    4    0  238   15   30  128   71  240    8  143   96  128    1    2    0   28  132    0  136  254  255  255    7    0  255  191  163   14   24  252   15    2   96  139    1   96    0    0    0    0  240  120  225  195  195  227  121  255   11 
   0  142   15    0  128    0   32  192  159  248   11    2    0  112  255  255    1    0    0    8    0    0    0  128    0    0    0    4    0    0   97   20    8    0  184  255  170  212  127    0  254    3  244  165   79   30    0   32    0    0    0  128  239  255  255  253  255  247  253  223   30 
 224   13   82   60   14   16  184  126   31  248  129    1    0  128  255    7   30  192    7  248    0   15    0    0    0    2    0   16  134    0  158  139  251  239   79  140    0   32  230  251   49  112  251  127    0   62    0   64    0    8    0    0   64    8  225  195    3  252  123  255   32 
 193    9   12    4    0    0  192   63   96    7  240    3    0    0  255  183    1   96    7    0    0    0  112    0    0    0    0    0    2    0  200  255   31    0   64    0   20  160  194  234    1  252    3  126  240   52    0    0    0    0    0    0  208  127  251  255  199  227  127  255   52 
   1    8   94    4    0   16   48    0  224  255   15    0    0  128  255  247   31  224    7  248    0   15    0    0    1    2    0    0  134    0  252    0    0    0    0    0  255   79  134  255  243    3  252  255    0   97    0    0    0    0    0    0    0  120  237  219  195  255  123  255   37 
  97  125    0    4  128   17  128  255  255   23  129  141    7    0  238   39    0    0    0  136    0    0  112  128    1    2    0   16  132    0  128  254  255  255  247   79  255   95    4    0   62    1  152  166    4  202   33  126    0    8    0    0  240  127  239  223  223  227  121  255    0 
  65    8  126   60   14   16  248   68    0  248  141   13    4    0  238  167  255  225  127  248   15   31  112  128    1    2    0    0  134    0  247   95  119   67    1    0    0   48   84   16   32  168  254  213   15  229   31  224    3  120    0    3    0    0    0    0    0  252  255  255   48 
   1   14   14    0    0    0   24    0   64  239  244    0    4  128  238  247   31  224    7  240    0   15    0    0    0    0    0    0    0    0   15    0    0    0  120  255  103   47  251  236    1  252  255  123  244   11    0    0    0    8    0    0    0  120  224  227  195  255  255  255   60 
 224   17    0    0  128   17  128  195   31    8   16    2    4  128  239   71    0    0    0  240    0   15   64    0    1    2    0   28    2    0    1    9  192  254  255  255    0  160  203  255    1  124   10    2  144   60    0   64    0    8    0    0  240  255  255  205  207  227  121  255   24 
 224   61    0    4  128   17  160  255  191   16  143   15    4  128  255   15   28  128    7  248    0   15  112    0    0    2    0   28  132    0  176  255  255  255  191  255  129    0    4  255  255   35   24  134    0  252    1   96    0    8    0    0  240  123  227  199  195  225  123  255    3 
   0   18    6    0  128    0    0  192   31    0   15    2    4  128  239   95   30  128    7  240    0   15    0    0    0    0    0   12    2    0    1    0  192  223  255  255    0  208  121   71  207  143    6  128  255   37    0   96    0    8    0    0   48  128    0    0  192  243  253  255   15 
   1    8   14    4    0    0  192    2    0  232  240    1    0    0  238  199   31  224    7  248    0   15   96  128    1    0    0    0    2    0  200  139   31    0   64    0   68   32  130  248    1  248  255  127  240   75    0    0    0   16    0    1    0    0  224  225  251  255  255  255    0 
   1    6  124    0    6    0    8   64   13  232  112    0    4    0  255  255  255  161    7  240    0   15  112    0    0    2    0    0    2    0   75    0    0    0  248  247  111   15    0   40  210  209  237  123  240   64    1    0    0    8    0    0    0  128    1    0    0  228  249  255   62 
   0  254    3    0  128    0   48  192  255    7  236  139  199  113  255  127    0    0    0    0    0    7   48  128    0    0    0    0  128    9   52    0  192  255  255  255  251   95    0    1  254    3  220  247   14   31  224   95  248  207  255  240  255  255  255  255  255  227  253  255   31 
  33   24   12    4  128   17  216    0    0    8   16    6    0    0  255  207   31  224    7  248    0   15   48    0    0    0    0   28  132    0  231  239   31    0    8    0    0   16    6    0  252  255   27  134    0  252    1   32    0    0    0    0  208  127  255  255  255  227  123  255   33 
 160   31    0    0    0   17  184  255  191   23  143   13    4  128  255   31    6  128    7  240    0   15    0    0    0    0    0   28  134    0   63  227  223  255  255  255  193    0    6  254  253  255  155  254    0  159    1   96    0    8    0    0  112  248  225  195    3  224  123  255   31 
   0  140    3    0    0    0  152  192   31  232  122    3    4    0  238   95   30  128    7  248    0   15    0    0    0    0    0    4    0    0    7    1   64  251  255  255    0  176  255  104    1  252  255   91  187   37    0    0  128   75  248    0   63  252  240  225  251  255  253  255    8 
 225   25    8    4  128   17  216  127    0    0  135    0    0  128  239  159   31  224    7  248    0    0   16    0    0    2    0   28  134    0  218  255  255  254   15    0    0   96  134  255   51    0   24   54    0  139    5  126  131   47   16    0  240  120    0  192  195  227  123  255   24 
 193    9   10    4    0   16  248  126    0  248  224   13    4    0  238   55   31  224    7  248    0   15   96  128    1    2    0    0  132    0  158  223  255  247    7    0    0   32  182  216    0  248  255   63   96   11    1   96    0    8    0    0    0  127  254  255  255  255  123  255   24 
   0    6    7    0  128    0   32  192  255    7  254    3  192  253  255  255    0    0    0    0    0    3   16    0    0    0    0   12    2    0   32    0  128   16  208  255  255   15  128  255  239   11    4  128  239  127    8    0    2  240  251  255  111  248  241    1    0  240  253  255   62 
 224   17    8    4  128    1  240  253   30   16   15    0  196  129  239  127   23  192    5  248    0    9    0    0    1    2    0   28  134    0   62  113   97  222  207   91    0  224  255  255   47    0    0  128   15   10   12  224  135  255    0    6  112    0    0    0    0  224  253  255   39 
 192    9    2    0    0   16  240  255   31  248  141   13    4    0  238   31   30  128    7  248    0   15   96  128    1    2    0    0  134    0  254  255  223  255  255  255    0  240  254  185   35    0  248  255    0  218    1   64    0    8    0    0    0  251  255  255  255  255  123  255   37 
 192   13   18   60    2   16  248   62  130  248  143    0    0  128  255   63   31  224   15  248    1    7    0    0    0    0    0    0  132    0  223  143  255  224   15    0    0    0  254  248  241  255  251  255    0  139    0   32    0    0    0    3    0    0    0    2    0  252  255  255   63 
   1    8   62    0    2    0   24   64   29  248  244    0    0  128  255  255   63  224    7  240    0   15    0    0    0    0    0    0    2    0   79    0    0    0  136  242    0   64  123  237  219  131  252  121  255   37    0    0    0  248  240   15  111  128    1    2    0  252  249  255   31 
  65    8   30    4    0   16  200   63    0  248  240  140    7    0  238  143   25   96    7  136    0    0  112  128    1    2    0    0    0    0  203  255  127    1   40    0    0  176  126    0    0  244    3  254   11  229   15  254    1   56    0    1    0    0    0  192  195  255  255  255   15 
 160   15  114   56   14   16  184  255   63  132  207    3    4  128  255    3   30  129   87  240   15  255    0    0    0    0    0   28  132    0   63  247  223  255  255  255  208  140  126  255  255  255   19  254    0   63    0    0    0    0    0    0   48    0    0    0    0  252  255  255    3 
 224   31    0    0   14   17  240  255  255  183   15   15    4    0  238   39   16  128    7  240    0  175   96  128    1    2    0   28  132    0   52  254  255  255  255  255  255  255  255  249    1   32  252  255    0  223    1   32    0    0    0    0  208  127  239  255  195  235  123  255    0 
 128   23    2    0   14   17   56  255  255   23   15   15    4    0  238   39   16  128    7  240    0  255  112  128    1    2    0    0  134    0   63  254  255  255  255  255  255   15  128  116   41  236  247  133   15  240    1   32    0    0    0    0   64  120  225  195    3  252  123  255   56 
  55   18  252  191  143   17  120   19   96    3  180   12    0    0   17  128  255  255  255  255  255  255  127  135    1    2    0   28  134    0  223  255  175  243   51   38  231   23   17    0  152  253  253   16  114  195   31  224    3  120    0    0    0    0    0    0    0   60  134    0    0 
 216   13  114   56   14    0  184  251   31  228  254    3    4  128   17    8  254  129  127  248  143  255  136    0   30   62   60    0  128    0  191  187  255  239  207  245   80  236  250  251   21  215    3  127  252   63    0    0    0  232    0    4  112  128    1    0    0  252  191    7    1 
 161   22  100   48  206    1   56  147  255    7  228   13    4  128  175  229  222  129   39  240    4  239  124  130    1    0    0  156    3    0   63  100  136   91  115  251  255  159   53  134  172  237  135  128  111  203   29   98    6    0    0    8  112  136    1    2    0   96   91  251   32 
   1    8  126   12    0    0    0    0    0  232  240    3    0    0  238  255  255  231   15  248    0    1    0    0    1    2    0    0    2    0   64    0    0    0   72    4    0   32  130  200   16  216  239  123  240  207    0    0    0    0    0    0    0  128  224  129  195  247  253  255   55 
  95   16  248  253  191   17  128  203   23   40   16   10    4  128    0  112  255  223  255  255  255  255   79    0    1   18    0   60   14    0    0   91  195  222  216  159   40   65  137   63  107    0   52  136   17   56   29  192   15  248    1   14  112  128    0    0    0    0    0  144   60 
 160   22   66   32  238   17   56  201  255    7   63   12    4  128  174  119   30    0    7  240   10  255  126    0    0    0    0  156  129    8   63   34  140  203  251  255  247  135   16  210  228  253    3  188  103  195   17   32    4  128    0    8   64   72   33   67    2  236   73  249   60 
  79   16  252  253  190   17  128   64    1   40   16   14    0    0    0  244  255  255  255  255  255  255  119  146    1    2    0   72   22   32  193  219  196   18   89   38    0    0  128   77  136  152  108    1  178  229  111  224    0   24    0    0    0    0    0    8   28    4    0  240   53 
  33  118    4    0  128   17   56  128  255    7  143  157    7    0  254  223   24   32    0    0    0   14  112  128    1    2    0   16  132    0   62    6  128    1  240  255  255   15    0    0  214  150    0   90  242  225   33  126  136   15    0    0  128  123  238  255  255  227  123  255    7 
  65    9   14    4    0   16  192   62    0  248  112    0    0  128  238  183   31  224    7   16    0    1    0    0    1    2    0    0  134    0  192  223   31    0    0    0   76   97  186  237   19   16  252  123  240    0    0    0    0    0    0    0    0    0  225  195  195  255  121  255   60 
  33   54    4    0  128    1   48  163  253   15  112  143    7    0  238  255    0    0    0    0    0   12  112  128    1    0    0   28    2    0  101  108    8   19  248  255  255  191   49    0    8  236    7  128  255  207    9  126    0    8    0    0  240  253  231  193  207  227  249  255   62 
 224   29    0    0    0   17    8  255  255  255  129   12    4  128  255    7    0  128    0  248    0   15    0    0    0    2    0   24  134    0  129  186  239  255  215  125  255  111  134  255   51   48  248  190    0  193    1   96    0    8    0    0   64  120  237  219  195  239  123  255   32 
   0  142   15    0    0    0    0    0  192  255  240    3    0  120  255  255   47    0    0    0    0    0    0  128    0    0    4    0    0  112    0    0    0    0    0    0  231   47  253  244    1  252  255  233  223   26    0    0    0    0  136  129   15  124  252  249  251  255  253  143   62 
  95    8  254   61   14   16   72   20  136  122  165   12    4    0    0  184  255  239  255  247  127  255  135    0    3   38    4    0  132    0   74  152    8   36  202   68   76  100  178  201   18   17  252   62   96  203    1   96    0    0    0    0    0    2   30  190   63   12    2    0   55 
 160   22    0    0  128    1   56  133  255    7   15   15    4    0  255   71    0    0    0   96    0   15  112  128    0    0    0   28    6    0   63   34  129  255  255  255  255  143    0   22  238  239    3  132   15  218    9  110    0    8    0    0  112  248  224  192  192  227  253  255    0 
  32  127    0    0  128   17   56  197  255   23   15  143    7    0  255   71    0    0    0   32    0   15  112    0    0    0    0   28  134    0   63    2  129  125  252  255  255   15    4   17  254   35   24  198    0  252   33  126  136   15    0    0  240  127  255  255  215  227  123  255    0 
 240    9  114   56   14   16  248   28  138  123  167    0    4  128    1   24  254  129  127  240   79  255   12    0    2   46   44    0  132    0  158  152   47  230  131   68  204  247  191  253  178    1  253   62  100  203    1   96    0    0    0    0    0    4   24  190  189   29  134    0    3 
  33   22    4    0  128    1   56  129  249    7  240   13    4    0  254  199    0   32    0    0    0   12  112  128    1    0    0   28    2    0   31    0  128   27  112  243  255   15    0    6   12  252    3    0  255    1    1   64    0    8    0    0  112  248  224  193  195  227  253  255    1 
   1    0   14    4  128    0    0    0   64  239  112    2    0  112  238  231   31   96    6    0    0    0  112  128    1    2    0    0    2    0   64    0    0    0   32    2   46  127  121    4    8  200  255  129  255   30    0    0    0    0    0    0   47  248  224  193  195  247  253  255    8 
  33  246    7    0  128    1   24  129  253    7  112  140  199    1  254  199    0    0    0    0    0    4  112  128    0    0    0   28  132    0   31    6  128   89  113  255  255   15    0    0  252  255   23  128   15  193  225  127  200   15  248    0  176  255  254  253  255  243  255  255    0 
  65    8   14    4    0   16   64    0    0  248  137    3    0  112  238  159   17   96    4    8    0    0  112    0    1    2    0    0  132    0  192  155  191    2    0    0   69   32  128  253    1   16  252  127  240  117    0    0    0    0    0    1   15    0  224  219  211  255  123  255   32 
  33   29   14    0    0   17   56    4  194  248  129   15    4    0  254  207   31  224    7    0    0    9   64    0    1    2    0    0  134    0  127  146    5   64  208  252  205   79  132  253  179   33  252  255    0  135    3  224  180   15    0    0    0    0  237  219  219  255  123  255    3 
  33   62   76   36  128   17   56  129  255    7  137  223    7    0  254    7   25   64    7  232    0    0  112  135    1    0    0   28  135    0  191   86  161  255   39    0  255   31    4    0  254   35   20  132    0  244   63   94    3  248  241    0  240  248    0    0   64  227  121  255   56 
  33   60   12    4  128   17  120  133  226    7  143  143    7    0  238    7   29   96    7  232    0    0  112    0    1    2    0   28  134    0  191  182  177  255   23    0  255   15    0   17  246   35   16  254    0  244  183   94    0  136  241    0  208  122  235  215  199  227  123  255   48 
   0   14   30    0    0    0   32    0  192  255  254    1    0  240  255  207   31  160    3   48    0    7    0    0    0    0    0    0    2    0  120    2    0    0  248  254  235   15    0  252  251  251  255  129  255  207    2    0    0   16    0    1   15  128  241  195  195  255  255  255    8 
  32  166    4    0  128    1   56  192  255   23  143    3    0  240  255  207   12    0    0    0    0    7   48    0    0    0    0   28  135    0  127    0    0    0  248  255  247   31    5   20  252  255  255  129    7   10    0    0    0    0    0   16  255  255  255  199  199  227  248  255    1 
  33   50    8    4  128   17  184  195   95    8   16  252   71    1  238   39    0   64    0  200    0    0  112  134    1    0    0   28    6    0   63  111  231  255  255  251    2   16    1    0    8  236   23  128   15  193  125   30  142  199  241   60  255  249  231    1    0   96  249  255   48 
 224   49    0    4    0   17  192  255   93  232  112  128  192  241  239   39    0  128    0  248    0   11    0    0    1    2    0   24    6    0  192  255  127  187   79  247   68  176  251  238   17  252  239    3  240   74    0    0    0    8  240    0  225  255  255  193  235  247  249  255   48 
  32  255    1    0  128   17   56  197  255   23   15    3  192  241  255   71    0    0    0    0    0    7   48    0    0    0    0   28  135    0   63    2  225  255  255  255  249   15  132  255  255   35   56  254    0   56    0   32  136    7    0  120  255  255  255  255  199    3  122  255    0 
   1   14   31    0    0    0   32    0  192  255  120    3    0  128  255  199   63  224    7    0    0    7    0    0    0    0    0    0    6    0   96    2    0    0   16  244  239   15  128  253  249  251  255  127  240  223    3    0    0   16    0    1    0  128  253  251  251  255  253  255    8 
  33   22    0    0  128   17   72  191  255    7  135   12    4    0  238   39   30  128    7  240    0   15  112  128    1    2    0   28  129    0  254  255  159  255  255  255  255   15    0    0    4  140    0  128   47  195    1   96    0    8    0    0  240  127  234  223  215  227  123  255   56 
 224   17    0    4  128   17  128  239   31    8    0   14    4  128  238    7    0    0    0  248    0   13   96  128    1    2    0   28    6    0   32    1  224  255  255  251    0  240  205   55   43    0   20  132   15   56    1   96    0    8    0    0  240  255  247  197  207  227  249  255    0 
 191    7  254  255  127  128  126   58  244  239  126   22    0    2   16   56  255  255  255  255  255  255  175  247  222   45  191    3  224  206  223   44   63  195   69   56  150  191  252  112  193  252  115  255   63  161  127  241   95  244    0   15   24    0    0    0    0   20  193  140   62 
 160   23    0   48  142   17   56  192  255    7  135    0    0  128  255   71   30  129    7  240   12  239   16    0    0    2    0   28  134    0   63  128  192  188  223  255  121   79  130  255  255   19    8    2  240  202    1    0    0    0    0    0  112  248  225  195    3  224  127  255   32 
   7   22  238  118  197   11  181  233   52    4   91  159   67  115  238  247  221   82   55  236  150   40  120   95    5   11   10  126    1  152   52  119  242  157  190  147   50  153   73    0  111   79    2  201  221  252   63  218   11  124  129   22  184   64    0    1   70    3  253  223   60 
  33   30  100   48  140    1  120  191  224    7    1   12    0  128  238    7   30  224    7  240    0   15  112  128    0    0    0   28  129    0   63  170  225  255  255  255  213   11  128  251   37  244   19  254    0  176    0   96    0    0    0    0  240  120  224  193  195  227  127  255   56 
  97   29  116   56   14   17   56  192  255   23  143   12    4    0  238  199   30  128    7  240    0   15  112    0    1    2    0   16  132    0   31  156  160  247  247  246  239  127  251    9   18   16  252  107  240  248    0    0    0    0    0    0   64    0  225  195    3  236  123  255   11 
 160   22  116   56  142   17  120  191  255   23    1   14    0    0  255  143  255  225  127  248   15  255   48    0    0    0    0   24  134    0  255  103   31   73   56  251  178  144  125   16  254  239   19  132   15   88   30  128    7  240    0   15   96  128    1    2    0  224  253  255   11 
   1    8  126   60    6    0   56    0   64  232  112   15    4    0  238  199   63  224    7  240    0   15  112  128    1    2    0    0    0    0   30   10  128    2   88  244   69   10  128  249    1  240  251  127  240  117    1   64    0    8    0    0    0    0    0  192  227  255  255  255   52 
   1    0  126   56   14    0   56    0   93  239  240    3    0  128  255  231  255  225  127  240    7  127  112  128    1    0    0    0    0    0   95   78  128    0  112  194   39   15    0    0    8  200  255  129  255  255   30  128    7  240    0   15    0  128    0    0    0  244  253  255   62 
 160   31   96   56  142    1   56  191  255    7   11    7    0    0  255   63   30  128    7  240    0   15  112    0    0    0    0   28  133    0  188  231  255  249   63  255  243   15    4   18  252  255   19  212   11   53    0    0    4  192    0   12  240  248    1    2    0  224  121  255   55 
 128   23  126   60  142    0  192   63  224  215  175    5    0    0  255   63  255  247  255  255  255  255    1    0    0    0    0   12    2    0  224  101   63   89   32    9  178  255  127    0  236  255   19  132   15  143    1   96    1    8    0    0   48    0    0    0    0  224  253  255   62 
 193    0  122   60   14    0  192    0    0  232  112    3    4  128  238   63  254  223  255  255  255  255   15  128    1    2    0   12    0    0    0  107  224  186   94    3    4   32  128  239    1  220    3    0  249  188   31  224    7  248    0    7    0    0    0    0    0  252  253  255   52 
 160   15  114   56  142   17  240  255  190   18  143    1    0  128  255   15  254  129  127  240   15  255    0    0    0    0    0   16  134    0  247  243  255  252   31  239  241  140   39  255  255  191   19  134    0   31   30  128    7  248    0   15  112    0    0    2    0  224  255  255   15 
  96   29  122   60   14   17  176  126  159  248   15   11    4  128  239   15   30  129   79  248    9  159    0    0    1    2    0   16  134    0  254  155  255  230  222  220  200   64  134  255   51   32  252  255    0   24   31  192    7  248    0   15   64  128    1    2    0  252  123  255   15 
 184   23  112   56  142    0  184  253  190    7   95    3    0  128  255  203  255  129  127  240   15  255    0    0   24   56   60   28    6    0   53   32   33  200    5  169  240  223  127  254  255  255    3  220   15   53   30  128    7  240    0   15  112  128    0    0    0  240  253  255   24 
 193    9    0    4  128    0  192   63   32    4  248    3    0  128  255   55   31  224    7  248    0   15   32  128    0    0    0    0    0    0   32    1  224  255   15    0    0  240  127    0  116  255    3  126  204   62    0   96    0    0    0    0  240  127  254  253  255  227  253  255   63 
  65    9  126   60   10   16  120    4  128  248  129   12    4    0  238  135   63  225   79  248    1   15  112  128    1    2    0    0  134    0  255  207  101   99    1    0    4   48  150   16    0  184  255  151    0  199    7  224    1   24    0    0    0    0    0  192  193  255  121  255    8 
   1    8  126   60    0   16   88    0  192  255  118   12    0    0  254  207   63  224    7  248    0   15  112  128    1    0    0    0  134    0  199  142   42    0    0    0  255   31    0    0    0  248  255  127  112  202    7  224    0    0    0    0    0    0    0  194  195  255  121  255    1 
   1   12  126    0    0    0    0   64    0  248    1    0    0    0  238  231   31  224    7  240    0   15   48    0    0    0    0    0    0    0   72    3    0    0  248  255    0    0    0  117  250    3  252  141   15  224    1    0    0    0    0    0    0  128  252  249  255  255  253  255   32 
  65    9  126   60   14   17  248  118    2  248  129   13    4    0  238    7  255  225  127  248   15  255  112  128    1    2    0    0  134    0  190  159  245  231  255   12  140   96  132   25    0   32  252  255    0  165   31  224    7  248    0   15    0    0    0    0    0  252  255  255    0 
  64    9    0    4  128    0  192   43   96    8  112    3    0  128  255  183   31  224    7  248    0   15    0  128    0    0    0    0    0   16  160    1  224  251   15    0    0  176  238  138    1  252    3  110  216   62    0   32    0    0    0    0  240  127  254  255  255  227  255  255   63 
   0   18  124   12    0    0    0  192   31    0  114    2    0  128  255  207  255  199    7  248    7   15    0    0    0    2    0   12    2    0   64    1    0    0  216  255    0    0  128  255  239   78    4  128  155  240    1   64    0    8    0    0  128  249  255  205  255  227  249  255   31 
  97   25    8   36  128   17    0  192  191   16   15    2    4  128  239   71   31  192    7  248    0   15  112    0    1    2    0   28  132    0    0    0  224  255    7    0   68   32  130  255    1   16    8   78   16   56    0   64    0    8    0    0  240  122  225  195  195  227  123  255    8 
  65    8   30    4    0    0  192   42   64  232  112   11    4    0  238  135   31  224    7  248    0   15   32  128    1    0    0    0  128    0  128    8   32   34    0    0   68  160  250  250    1  252   43  127  240  188    1   96    0    0    0    0    0    0  224  225  251  255  255  255   10 
  65    9  242  255  127   17  200   26   65  250  240   12    4  128    0   39  254  255  255  247  255  255  111  128    1    2    0    0  134    0  139  205  100   51   99   38  102  114  255    0    0  248  255   19  112  131   30  224    7  240    0   15   48  128    0    0    0  252  255  255   33 
  33   18  124   60  142   17    0  192   31   16   15    2    4  128  239  199  255  129   71  248   14  239   80    0    0    2    0   28  134    0   65   83  129   68  248  251  169    0    0  247  239   35  116  132   15  192   27    0    0   88    0    1    0  128    1    0    0  224  121  255    8 
  32   30    4    0  140    1   56  129  255    7  237    7    0  128  255  199   30  128    7  240    0   15  112    0    0    0    0   28  135    0   62    2  128  249  254  255  251   15    0   18  254  255   19  196   13  126    0    0    0    0    0    0  240  255  227  199  199  227  253  255    0 
   1    0  126   60    6    0   64   58   64  239  240   15    0    0  254  135  255  224   63  248    1   15  112  128    1    0    0    0    2    0  224   76   30    1   32    0   38  191  123    0    8  252  231    1  255  191    7  224    1    0    0    0    0    0    0    0  192  247  253  255   33 
  33   22  116   16  142    1   56  129  240    7  252    7    0  128  255  231  159  160    7  240    0   15   48  128    0    0    0   28    2    0  252  198   30   16   48  242  255   31  121    4  220  255  239    1  255  254    1    0    0    0    0    0   96  128    1    0    0  224  253  255   48 
  65    8   14    4    0    0  184   64   15  248   19    0    4  128  239  247   31  224    7  248    0   15    0    0    1    2    0    0  128    0  119   81   15    0  232  254    0  112  255  253  251    3  252  153   63   64    0    0    0    8    0    0    0  248  252  201  251  255  249  255   24 
 224   31    0   44   10   16  184  253   31   16  143    1    0  128  255    7   30  128    7  248    0   15    0    0    0    0    0   28  134    0   63  163  239  251   31  255  128    0  134  254  253  255  155  254    0   11    0    0    0    8    0    0  112  248  225  195    3  236  123  255    0 
  97   24   12    4    0   16    8   64    0   64  254    8    4  128  238  255   31  192    7  248    0    9   64  128    1    2    0   24  134    0   10    0  224  251    7    0    4  176  255  254    1  252   27  158    0  128    1   96    0    8    0    0   16  120  224  197  255  227  123  255   55 
 193    9  122  252   15    0  200  126   65  248  240    8    4  128  238   55  254  159  255  255  255  255   79  128    1    2    0    0  134    0  136  137  111  226   67   44  196  242  255  253    1  240  255  255    0    1   31  192    7  248    0   15    0    0    1    2    0  252  127  255   37 
 160   15  114   56  142    1  184  245   63    0  143    1    0  128  255    7  222  129  119  240   14  239   16    0    0    0    0   28  134    0  254  243  255  252  159  255  241  132    4  255  255   63   19  132    0   95   30    0    7  240    0   15  112  128    0    0    0  224  255  255    0 
  65    9   30   12    2    0  248   62  128  251  175    0    0  128  255  159   31  224    7  248    0   15    0    0    0    0    0    0  134    0  223  144   63   32    0    0  239   79  254  253  251   19  252  127  176   37    0   32    0    0    0    0    0  128  225  195  195  255  121  255   37 
 160    6  118   56  142    1   56  193  255    7  255    3    0  128  255   71  254  129  127  240   15  255   48    0    0    0    0   28    2    0  127  102  159   88   62  251  179  143    0  246  255  255    3  128  143  254   30  128    7  240    0   15    0  128    1    2    0  244  253  255   56 
  97    0  126   36    8   17  184   68    6  248   15    8    4  128  238  223  255  225    7  248    0   15   64    0    1    2    0   28  134    0   79   89    0    0  248  255    8   96  255  255    3    0  252  129    7  202    1   64    0    8    0    0    0  128    0    0    0  240  255  255   56 
  65    8  126   60   14    0  120   60  128  255  143    3    0  128  239  255  255  225  127  240    1  127    0    0    0    2    0    0    0    0  255  148   52    5  128    0   74  127  127    1  250    3  252  127  240  245   15  224    1   16    0    1    0    0    0    0    0  252  253  255   63 
   1    0  126   28  128    0   72    2   64  232  112   15    4    0  238  255   31  224    7  248    0   15   96  128    1    0    0    4  128    0    8    0  224  251   71    0    6  176  255    0    0  252    3  126  251  161    1   96    0    8    0    0    0    0    0  192  195  255  255  255   62 
 160   23   96   56  254   17  184  255  255    7   11    7    0    0  255   55   30  128  127  240  255  255   31    0    0    0    0   28  134    0  183  247  255  255   31  255  241   15    0  254  255  255    3  252   15   53   16    0    6  224    0   14  240  248    1    2    0  224  123  255   37 
 224    7  114   56   14   16  184  253   63    0  239    3    0  128  255    7  254  129  127  240   15  255    0    0    0    0   32   28  132    0   63   48  225  252  159  255  184  196   53  255  255   39    0  164   15   11    8    0    7  240    0   15  112  128    0    0    0  252  255  255   11 
 224   31    0   56  142   17  248  255  255   23  133   13    0    0  254    7   30  128   71  240  255  255   31    0    0    0    0   16  132    0  254  255  255  255  191  255  217   13    0  255  255   35  184  239    1   24    0    0    0  128    0   12  112  250  225    3    0  236  123  255   24 
 192   13  122   60   14    0  248   62  128  255  239    1    4  128  255   15  255  193  127  248   15  255    0    0    2    4    4    0  132    0  191  137  127  226    7    4   68   38  254  251   17  244  251  127  240    3   15  224    3  120    0    3   16    0    0    0  192  255  255  255   55 
 160   31    0    0  142   17   56  255  255    7   15   15    4    0  254   55   28    0    7  240    0  255  127  128    0    0    0   24  134    0   55  255  255  255  255  255  243   15    0    0  252  255   19  212   11  245    0    0    0    0    0    8  240  255  255  199    3  224  123  255   37 
 160   23  112   56  254    1  192  255  127  239  240    1    0    0  255   63  254  161  255  247  255  255   15    0    0    0    0   28    2    0  202  247  127  153   39  211   50  157  125    4  254  255    7  128  255   60    0    0    7  224    0   14  112  248    1    0    0  224  249  255   55 
  53   31  124   58   78   17   56  180  255  247  143   15    4  128   17  192  255  177  127  240   15  255  248    7   29   62   48   28  134    0  127  246   31  101  248  255  251   95   70   16  254   35  188  239    0  254   31  128    7  240    0   15   64  128    1    2    0  252   63  119    0 
 192    9   82   60   14   16   64   58   64  239  120    3    4  128  238   55   62  128  127  240   15  255    0    0    1    2    0    0  132    0    0  128  224  191   71    4   93   47  202  239   17  212  235  123  240   60    0   32    0    0    0    0   64  120  225  195  195  255  123  255   62 
 160   23  112   56  254   17  128  255  255    7  143    7    0    0  255   39  254  143  255  247  255  255   63    0    0    0    0   28  134    0  192  247  255  249   63  255  179    8    0   22  254  255   23  132   15   60   28    0    7  224    0   14  112  128    1    2    0  224  121  255   56 
  32   22  100   48  142    1    0  129  255    7  112   12    0    0  254  199  222  128   55  240    6  255  119  128    0    0    0   28    2    0   65  102  133   25  248  255  255   15    0    0  236  239    7  128   15  225    0    0    0    0    0    0  240  248  225  195  195  227  253  255   32 
 192   29  112   56   14   17  160  255  223   24    1   15    4    0  238   31  254  129  255  247  255  255  127    0    1    2    0   16  132    0  192  191  255  239  255  253  222  249  254   27   36   52    0  254    0   60    0    0    6  232    0   14  112  248    1    2    0  224  123  255    7 
   1    8  126   28    6    0   64    0   64  234  240   13    0    0  254  223  255  255  127  248    1   31  112  128    1    0    0    0    2    0  192   78   40    0    0    0   39   31    0    0    8  248  255    1  255  203    3   96    0    0    0    0    0    0    0  192  227  247  253  255   10 
  65    8   94   12    0   16  192    2    0  248  240   15    4    0  238  159   63  224   15  248    1   15  112  128    1    2    0    0  128    0  128  159  254  231    7    0    5   32  128  233    1  144  253  127  240  139    1   96    0    8    0    0    0  120  224  251  251  255  123  255   31 
 224   31    0   32  140   17  184  255  255   23   15   15    4    0  238    7   24    0    7  240    8  255  112  128    1    2    0   16  132    0  124  255  223  255  255  255  223   79  132  187   39   32   16  254    0  252    1   96    0    0    0    0  208  122  225  223    3  224  123  255    0 
  32  127    0    0  140   17   56  191  255   23   11  159    7    0  238    7    0    0    6  224    0  239  112  132    1    2    0   28  134    0  127  254  159  255  255  255  255   31    4   16   32   52   24  206    0  248   53  126  132    0    0    0  240  127  227  215    3  224  122  255    0 
 160   54    0    0  140   17   56  191  255   15    0  142    7    0  238    7    0    0    4  192    0  207  112  128    1    2    0   28    6    0   63  126  165  255  247  255  255   15    0    4   42    8   84  128   15  165    1   96    0    8    0    0  240  255  231    1  196   99  248  255    1 
  32   54    0    0  128   17   56  195  127   15  240   12    4  128  255   71    0    0    0  224    0   15  112    0    1    2    0   28    6    0   31    0  224  255  247  247  255   15  128  239   19   16   12    2  240    1    1   96    0    8    0    0  240  255  255    1  204    3  248  255    8 
  32   62    4    0  128   17   56  192  255   23   15   12    0  128  255  199   30    0    0  112    0   15   16    0    0    0    0   28  134    0   63    0    0   32  248  255  251  223  127  237  254   19  236    2  240  200    1   96    0    0    0    0  240  255  255  223    3    0  120  255   32 
 192    0  252  125   14    0    0  193   32    0  122   14    4    0  238  127  254  159  255  247  255  255   95    0    1    2    0   12    2    0    0  106  192  154   92  147   53    8  128  255    1   76    6    0  249  124   31  192    7  248    0   15   48    0    0    0    0  240  253  255   55 
  97   16  252   61  142    0  200   62   64  248   48   12    4    0  238   39  254  255  255  247  255  255  127  128    1    0    0   24  134    0  131  221  102  183  161   18  110  243  127    0   74    0  252    1  113  128   31  224    7  240    0   15   64  128    1    2    0  252  121  255   60 
  31   82  254  247  188   47    1  192  162    0  129  124   10   67  144  252  253  127  255  203  125  204  247  255  251  242  209  249   62  119   64   23    2  129  184  154   10   81    8    0  254   67   52  141   29  248   63  252   15  255  225   31  254  240  194  132  133    1  244  238   15 
   1    8  126   56  142   17   56  129  125    7  112   12    0    0  238  199   63  224   15  248    1   15  112    0    0    2    0    0  132    0  255  142  160   35  112    4   87   15  128    8   16  252   43  126  240  200   30  128    7  240    0   15    0    0    1    2    0  252  255  255   48 
 160   31   96   56  142   17  184  255  255   23    9    7    0    0  255   63   30  128    7  240    0   15   48    0    0    0    0   28  133    0   63  245  255  253  175  255  186  223  127    0  254    3   80  253   15   53    0    0    0  128    0    8  240  255  255  199    3  224  123  255   63 
 160   31  112   56  142    1  248  255  255   23    9    3    0  128  255  247   31  161    7  240    0   15    0    0    0    0    0   28  132    0  127  100   17   89  164  251  250  223  127   20  254  239   23  132   15   52   28    0    7  240    0   15  112  128    1    2    0  224  123  255   63 
  96   13  122   60   14   17  184  255  159   16  143    8    4  128  238   79   62  129   79  248    9  159   80    0    1    2    0   16  132    0   62  154  225  238  223  253  221  109  134  251   51   32  152  254    0   30   30  192    7  248    0   15   64  128    1    2    0  236  123  255   11 
 160   31  112   56  142   17  184  253  190   23  143    0    0  128  255  207  255  129  127  240   15  255    0    0    0    0    0   28  132    0   63  160    1  252  143  255  248  207  127  255  255   55   16  246    0   31   30  128    7  248    0   15  112    0    0    0    0  224  255  255   31 
   1    8  126   60   14   16   88   18  192  255  240   12    4    0  238  143   63  225   79  248    9   31  112  128    1    2    0    0  132    0  138  143  228   35  113    0   71   50  128    0    0  248  255  127  240  131   31  224    7  248    0   15    0    0    0    2    0  252  123  255   11 
   1    8  126   60    6    0    8   64    0  248    3   14    0    0  254  231   31  224    7  248    0   15  112  128    1    0    0    0    0    0   67   23  193    5  184    8   11   80    0    0  250    3  252  221   11  224    7  224    0    0    0    1    0    0    0  192  227  255  255  255   37 
 188   15  118   56   14   16   56  229  190   23  143    3    0  128  127  200  255  129  127  240   15  255    0    7   28   60   60   28  132    0   63  176    1  124  142  255  248  207  127  255  255   55   16  134    0   31   30  128    7  240    0   15   48    0    0    0    0  224  255  255   11 
  65   13  122   60   14   17  248   22  195  250  128   13    4    0  238   79  255  193  127  248   15  255  112  128    1    2    0    0  132    0  190  138  225  227   87   12  197   34  134  248   33  240  255  255    0    1   31  224    7  248    0   15   48    0    0    0    0  248  255  255   11 
  32   31    4    0  128    1  176  255  191    0  143    7    0    0  255   71   30  128    7  240    0   15  112    0    0    0    0   28  134    0  126  247   95   65  184  255    2  208  127    0  254   35  188  231   12   94    0    0    0    0    0    0  224  255  255  255  255  227  122  255    1 
  95   29  120   60   14   17  184   86  203  250  128    9    4    0  238   95  255  193  127  248   15  255  240  135   31   62   36    0  132    0  190  136  225  227   71   12  199   47  150  248    1  240  251  255    0    3   30  224    7  248    0   15  112  128    0    0    0  224  255  255    3 
   1    0  124   60  142   17    0  192   34    0   15   14    4    0  238  199  255  225  127  248   15  255  112    0    1    2    0   16  132    0   65   87  129   85  184   26  171    0    0    0  238    3  244  133   15  192   31  192    7  248    0   15    0    0    0    0    0  236  123  255   32 
 160   31  116   56  142    1  240  255   63    0  239    3    0    0  255  199   30  128    7  240    0   15   48    0    0    0    0   28  132    0  252  245   31   65  168  255  162  208  127    0  254  255  151  133   13  254    0    0    0    0    0    0  112  248  225    2    0  224  255  255    1 
   1    2  126   60  142    0   96    2   64  239  240    7    0    0  255  199  255  224   63  248    7  127   96  128    1    0    0    0    2    0   48    4    0    1   32    2   54  191  121    0    8  254    7  129  255  191   31  224    7  112    0    7    0    0    0    0    0  244  253  255    1 
 225   17   12    4    0    0   24    0    0  232  112    2    4  128  239  255   31  192    7  248    0   15   96  128    1    2    0   12    2    0  207    9   96    2   64    0    4  176  255  254    1  252  111   91  187  224    1   96    0    8    0    0    0  120  254  253  255  235  123  255   37 
 192    9  122   60    2   16  248   52  128  248  143    1    0  128  255  167   63  224   15  248    0   15    0    0    0    0    0    0  134    0  191   16  160  228    7    0  253   79  150  255  251    3  252  127    0  135    1   96    0    8    0    0    0    0    0  194  195  255  123  255    0 
  33   12  126   60   14   17  216   64    0  248  114    8    4  128  238  255  255  225  127  248   13  223   80    0    1    2    0    0  134    0   95   88   11    0  248  254  238  127  255  245    0   40  252  129   15  200   15  224    1   24    0    1    0    0    0    0    0  252  255  255   56 
 160    7  118   56  142    1  248  253   62    0  143    7    0    0  255  199  255  129  127  248   15  255   16    0    0    0    0   28    2    0   62   84   89   85  174  234  170  220  127   20  254   43  244  129   15   31   30  128    7  240    0   15   48    0    0    0    0  248  255  255    0 
 224   31  112   56  255    1  248  255  191    7   15    2    0  136  255    0  254  129  255  247  255  255   15    0    0    0   32   28  132    0  255  255  255  252   23  255  241  143    4  255  255  255   19  132   15   31   28    0    7  224    0   14  240  248    1    2    0  224  123  255   10 
  65    9  126   60   14   16  248   28  130  248  143   12    4    0  238  255  255  225  127  240   15  255   64  128    1    2    0    0  134    0  255   17  101   68  129    8  136  114  126  209  242    3  252  255    7  131   31  224    7   48    0   11    0    0    0    2    0  252  255  255    0 
 224   31  112   56  254   17  248  255  191    7  143    1    0  128  255   15   62  129  255  247  255  255   15    0    0    2    0   16  132    0  255  251  255  252  159  253  217    5  128  255  255   35   16  254    0   24    0    0    7  224    0   14  112  248    1    2    0  232  123  255    8 
 160    7  114   60  142    0   56  197  190    6  143    3    0  128  255    7  254  193  127  248   15  255   16    0    0   34    0   28  132    0   63  243  253  252  159  239  249  196    0  255  255    7    0  132    4   15   30  128    7  240    0   15   16    0    0    0    0  248  255  255    0 
  65   13  126   60   14   16  120   52  194  255  143    9    4  128  238  207  255  225  127  248   15  255  128  128   31   38    4    0  132    0  191  138  165   98   85   12  197   47  134  251    1  244  251  255    0   39   31  224    7  248    0   15    0    0    0    0    0  252  255  255   55 
 160   31    0   48  206   17  184  255  255    7  129    5    0    0  255    7   30  128    7  240  255  255  127    0    0    0    0   20  132    0  247  255  255  253  191  255  243   31    4    0  254  255   19  148   15   39    0    0    0  192    0   12  240  255  251    3    0  224  255  255    0 
  55   28  124   56  142   17   24    2   77  255  240   12    0    0  112  192  255  225  127  240   15  255  240  135   31   62   36   16  134    0   79  148    2   37  168  116   74   87  123    0  250   19  252  123  240  200   30  160    7  240    0   15   64    0    1    2    0  236  121  255   11 
  64    0  114   56   14    0    0  192  125    7  112    0    4  128  239   63  254  223  255  255  255  255   31    0    0    0    0    0    0    0  128  170  224  170   87    5   85    0  128  239    1  220   11  122  240   97   30  128    7  240    0   15    0    0    1    2    0  252  255  255   30 
  32   22  112   56  142   17    0  255  255    7    3    4    0    0  254   39  254  135  255  247  255  255   63    0    0    0    0   28  134    0  192  247  223  221  191  251  179   16    5   16  254   47   21  132   15   74   28    0    7  224    0   15  112  128    1    2    0  224  249  255   48 
   1    8  126   60   14    0  192    2    0  232  240   13    0    0  254   63  255  255  255  255  255  255  119  128    1    0    0    0    0    0  128   15  224    3   96    0    7   48    0    0    0  252  255  121  255  252   15  224    3   56    0    0   16    0    0    0  192  243  253  255   63 
  65    9  122   60   14   16  192   58   64  233  112   12    4    0  238   31  255  207  255  251  127   63  112  128    1    2    0    0    0    0  128  173  126  171   71    0   86  177  250   10    0  244    3  126  240  136    1   96    0    8    0    0   16    0    0  192  243  255  255  255   15 
 224   31    0   48  142   17  248  255  255   23   11   14    4  128  238    7   16  128    7  240   14  255  127  128    1    2    0   28  132    0  255  255  255  255  255  255  255   31    6   16   48   52   24  206    0   56   16    0    4  128    0    8  240  255  227  199    3  224  122  255    0 
 160   31    0   32  142   17   56  255  255   23    1   14    4    0  238    7    0    0    7  240    8  255  127  128    1    0    0   28  132    0   63  255  255  255  255  255  255   15    4   16   32  124   30  132    0  244   16    0    4  128    0    8  240  255  227  199    3  224  120  255    0 
   1    8  126   60  142    0   32  128   32    0  112   15    4    0  238  207   31  224    7  248    0   15  112  128    0    0    0   16  132    0  224  139  128    2   80    0    5    0  128    8    0  252  255  127  128  252   31  224    7  240    0   15    0    0    0    0    0  252  255  255   31 
 224   29  124   60   14   17  120  149  226   23  143    1    4  128  239  199   31  225   71  248    8  143   16    0    0    2    0   28  134    0  190  184  161  110  194   13  221  239  166  255   51    0   24  254    0   15   30  224    7  248    0   15   80    0    1    2    0  224  123  255    0 
 224   23    0   48  142   17   24  255  255   23    1    0    4  128  239    7   30  128    7  240   14  255   15  128    0    0    0   28    6    0   31   66  225  255  223  255  189   15  133  255   41   44   20  128   15   33    0    0    0    0    0    8  240  255  231    3    0  224  121  255    0 
  32   31  124   56   14   17   56  196  190   23  143    0    0  128  255  199   63  225   71  240    8  143   16    0    0    0    0   16  134    0  127  214    9   84  176  254  235   79    5   21  254   35  252  133    0  202   31  128    7  240    0   15   96  128    1    2    0  236  121  255    0 
  33   29  124   60   14   17   56    4  207  251  133    0    4  128  239  199  255  129   79  240    9  159   80    0    0    2    0   16  132    0   31  136    1   98   88  124  197   38  134  254   33  252  251  255    0   75   30  128    7  248    0   15   64    0    1    2    0  236  123  255    8 
  52   31  124   56   14   17   56  133  174   23  143    0    0  128   14  199  255  241  127  240   15  255    0    4   17   34   32   28  132    0  127  194  137  112  144  126  233   15    5  253  255  251  253  133    0   75   31  128    7  248    0   15  112  128    0    0    0  236  123  255    8 
   1    8  126   60  142   17   72    6  193  248  128   12    4    0  238  255  255  225   95  248    1   31  112  128    1    0    0    0  132    0   11   30  225  103  241    8  143    0    0    0    2    0  252  255    0  225   31  224    7  248    0   15    0    0    0    2    0  252  123  255   63 
   1    8  126   60  142   17  200    6   64  248    0   14    4    0  238  255   63  224   15  248    1   31  112  128    1    2    0    0  134    0  129   23  224   69  176    0   11   80    0    0  242    2  252  255    2  229   31  224    7  248    0   15    0    0    0    2    0  252  123  255   63 
   1   29  126   60   14   17   24   70  203  248  129    8    4  128  238  199  255  193  127  248   15  255  240  132   19    2    0    0  134    0   31  138  193   99  120   60  199   32  134   24    0  244  251  255    0  193   31  224    7  240    0   15  112    0    1    2    0  224  255  255    3 
   1   24  124   60  142   17  192    3   65    8  112   15    4    0  238  199  255  225  127  248   15  255  240  135    1    2    0    0    0    0  193  143  224   35  112    0    7   16    0    0    0  216  255   75  240  244   31  224    7  248    0   15  112    0    0    0    0  224  255  255   63 
  33    6  126   60  142    0   48  195  113    0  240   15    4    0  254  199  255  225  127  248   15  255  112  128    0    0    0    8    2    0  244   83  145   84  144  138  169    8    0   23  255    3   20  133   15  254   31  160    7  240    0   15   32  128    0    0    0  240  253  255    3 
