 53.64061  554.13586 
 192.54211  554.66125 
 200.00815  554.6098 
 283.9635  66.371017 
 300.63718  93.89473 
 108.71154  377.44781 
 140.39012  386.00403 
 47.727978  385.89197 
 76.135841  396.58521 
 85.034439  397.14868 
 182.28127  397.60437 
 219.42433  405.6535 
 373.48672  420.21716 
 187.44423  421.48932 
 537.56201  422.59872 
 483.55997  430.85129 
 408.46564  447.39218 
 524.92963  449.88452 
 469.5881  459.74408 
 342.81915  460.69254 
 46.061771  555.98419 
 88.824036  121.86385 
 479.73651  198.92679 
 65.68602  350.21939 
 163.6483  385.47702 
 166.77759  391.96872 
 122.58607  412.99863 
 351.15695  417.87527 
 361.50436  419.43118 
 321.11429  423.30591 
 365.70175  425.20535 
 525.45758  426.79102 
 518.85834  432.48911 
 508.52066  445.08047 
 400.07816  448.11026 
 278.16016  456.79044 
 179.12003  457.7243 
 451.04639  463.96606 
 461.88193  464.69461 
 399.38699  466.11411 
 537.12213  481.5246 
 491.97934  482.84589 
 283.80753  66.649719 
 264.17093  168.12698 
 255.79327  170.16151 
 87.180466  360.23904 
 60.195049  362.53329 
 125.49084  379.97977 
 101.45428  387.52612 
 66.860611  389.09555 
 176.117  389.80887 
 83.097412  395.73611 
 110.64762  402.42673 
 81.723785  404.86584 
 214.09454  404.48639 
 99.669731  406.86905 
 259.19247  411.39429 
 113.32116  413.07123 
 228.38972  413.0433 
 275.64679  413.0509 
 132.16583  414.88852 
 313.46017  416.64658 
 296.32492  419.09848 
 333.14355  418.76074 
 282.15494  420.36691 
 538.13098  421.26257 
 177.91087  425.66449 
 406.15152  429.27255 
 450.77374  429.00378 
 478.67545  430.43484 
 204.17598  431.06909 
 537.26324  431.18408 
 467.50839  435.20905 
 218.15994  435.65845 
 420.68735  436.4928 
 442.28345  435.57135 
 492.43268  437.52286 
 402.41815  439.02237 
 233.39711  440.74142 
 247.24562  442.66025 
 381.43893  446.63449 
 409.32715  447.07159 
 519.84613  448.31799 
 299.60101  450.42783 
 433.60236  451.42169 
 538.14661  453.10272 
 447.52856  453.63922 
 267.27795  456.49353 
 307.83673  455.99744 
 283.74142  457.04703 
 317.57278  456.64465 
 294.48499  458.93185 
 469.65631  458.75055 
 342.01935  459.55441 
 330.97174  461.47568 
 479.9007  461.94736 
 361.00583  464.63 
 386.7536  466.55084 
 350.63892  467.77783 
 407.22021  470.80084 
 426.22183  475.78561 
 450.61252  480.9606 
 442.12537  482.57657 
 522.53918  483.63181 
 510.4418  486.04407 
 462.41257  486.72244 
 478.67792  487.4975 
 499.58557  487.43213 
 531.4425  486.99194 
 164.56532  383.96689 
 121.95332  410.87921 
 449.16342  464.45148 
 491.94189  476.42426 
 263.43146  168.11374 
 88.240158  358.32285 
 119.42902  369.8847 
 102.80857  372.68677 
 135.08842  375.01035 
 150.54248  386.30029 
 177.26349  389.11395 
 85.723534  394.95715 
 112.84064  400.41705 
 194.15709  402.84244 
 213.56505  402.23514 
 177.03407  404.07114 
 99.816689  408.02048 
 240.06433  407.59311 
 257.0921  409.28525 
 283.33994  410.35275 
 227.68785  412.7822 
 107.53228  413.34247 
 133.28183  416.3045 
 314.79459  415.1843 
 331.47946  416.23068 
 185.82855  417.89597 
 298.06009  419.85309 
 377.44519  421.2233 
 345.74011  424.09866 
 363.48349  424.73798 
 452.42236  426.49619 
 407.12241  427.24939 
 480.87427  427.8696 
 197.86148  429.51443 
 390.13333  430.6275 
 430.50134  429.02551 
 375.01443  435.70319 
 465.30713  435.82535 
 440.99173  438.97131 
 493.18954  437.30026 
 247.44043  439.57071 
 399.84363  439.86053 
 232.14514  441.57455 
 421.3204  443.09747 
 256.35703  452.16284 
 280.67264  450.89294 
 467.97827  454.75348 
 311.86884  456.47891 
 342.52243  458.0209 
 358.54745  462.06345 
 422.03271  461.25244 
 382.82111  463.65939 
 407.25577  471.72452 
 425.86862  476.34561 
 439.65903  481.86938 
 461.8075  484.67111 
 478.38879  488.27505 
 498.84222  488.51926 
 119.76425  405.20197 
 169.71642  422.81799 
 262.66852  166.758 
 121.84765  369.83847 
 179.91953  381.74832 
 174.05704  387.52933 
 213.20778  401.64639 
 191.88364  401.84998 
 245.37801  408.75418 
 278.23093  408.03778 
 188.94939  410.15176 
 228.31067  412.44193 
 379.99789  414.02222 
 226.84619  420.11368 
 296.5769  419.24167 
 374.12079  420.5462 
 349.32281  423.42749 
 481.19339  424.35068 
 427.84387  425.59979 
 465.56967  434.66391 
 374.26724  436.34662 
 247.99161  438.82388 
 441.74274  437.69891 
 229.41977  440.63129 
 396.72498  440.2934 
 425.65335  446.95065 
 257.45676  453.54721 
 467.36517  454.62744 
 312.1077  456.82245 
 352.67047  461.27185 
 385.94299  464.67285 
 405.66452  472.02609 
 434.04797  480.07428 
 441.41373  482.49725 
 323.58179  410.43872 
 415.26862  422.75577 
 459.26282  479.57224 
 175.59885  384.38376 
 212.65735  396.08347 
 187.39058  403.04913 
 254.632  406.00488 
 270.42413  406.24164 
 229.83313  411.88464 
 296.55777  421.00385 
 352.33051  425.68011 
