 370.80896  35.246677 
 506.71048  44.691696 
 547.51935  46.035229 
 518.56714  47.984642 
 534.31122  48.171898 
 487.276  49.738567 
 83.141243  51.948975 
 436.8139  50.92902 
 477.26123  51.676327 
 526.20453  52.314377 
 39.896881  56.888416 
 478.8035  58.056877 
 436.6225  59.10479 
 357.20157  69.270287 
 458.98288  68.426498 
 522.96826  75.132721 
 68.77919  78.12838 
 95.339722  89.238701 
 541.35425  90.977814 
 31.936989  92.689247 
 544.36353  98.073967 
 34.210316  97.850121 
 290.15286  105.33954 
 285.47983  111.23521 
 44.549538  111.97858 
 292.98682  122.24177 
 209.87091  128.99562 
 262.04294  134.23378 
 207.78256  137.32291 
 255.27751  138.73842 
 312.21976  140.12511 
 228.35419  142.65414 
 259.11749  145.06895 
 277.93854  145.30479 
 298.18304  146.03651 
 357.64557  151.19052 
 283.66464  151.70268 
 320.24277  152.86752 
 164.65614  157.16249 
 327.81198  157.69531 
 337.90726  157.54987 
 368.26712  162.07646 
 225.97557  164.21767 
 275.37662  164.22581 
 328.9711  164.13728 
 276.31497  164.91431 
 148.01546  166.14893 
 414.47293  166.86717 
 301.08908  166.40521 
 370.1347  168.23061 
 126.24223  168.87901 
 291.00235  168.78067 
 252.54556  169.85953 
 261.133  170.53101 
 275.08319  172.20746 
 285.72781  172.32953 
 294.81552  172.48218 
 303.86279  174.14256 
 311.85431  173.25896 
 318.69061  173.00818 
 156.2673  174.88019 
 256.57565  174.79807 
 363.35178  176.07898 
 379.84229  175.967 
 139.00142  177.62424 
 237.06903  177.75142 
 313.96811  177.94778 
 324.11655  178.85022 
 172.71696  180.84882 
 215.04684  178.89401 
 186.18347  181.11934 
 113.60811  182.98091 
 162.78146  182.96201 
 326.72131  182.69434 
 425.70096  182.94499 
 146.97032  184.73799 
 330.54214  184.41025 
 210.31596  188.15218 
 348.17166  186.26009 
 338.00201  188.61664 
 207.50067  189.31514 
 352.64871  189.90968 
 410.85495  194.72371 
 367.97662  196.09747 
 189.24861  196.67982 
 198.66743  197.32741 
 360.68582  197.50836 
 422.19583  198.28391 
 376.06747  200.92212 
 189.89792  204.07581 
 394.79883  203.36432 
 391.86154  210.29164 
 176.83034  214.04478 
 421.08072  214.81604 
 55.884003  216.10275 
 407.2327  217.33295 
 431.72943  217.7726 
 170.6779  219.02353 
 55.041325  223.42976 
 404.83075  225.48276 
 119.9454  230.45032 
 130.41306  229.13902 
 160.26868  228.09023 
 412.42279  229.80922 
 152.54936  233.54793 
 158.7433  237.27365 
 362.8042  236.84813 
 415.9278  237.40121 
 127.70853  237.45322 
 158.18771  238.57735 
 152.99907  239.88367 
 134.30165  243.27065 
 157.45486  243.94164 
 524.09387  247.80618 
 531.60638  250.53413 
 126.80611  251.3317 
 141.39864  260.6077 
 420.03018  263.01767 
 529.02161  261.1933 
 196.00734  263.1134 
 119.28783  263.72446 
 421.90955  264.84171 
 142.99449  266.81769 
 195.76758  267.86087 
 133.74989  269.91562 
 465.18143  269.79184 
 259.78769  280.00775 
 97.245239  281.20456 
 427.00241  283.18692 
 137.37677  284.16537 
 259.20065  285.40454 
 359.69443  290.49231 
 56.918743  294.66782 
 281.52011  296.36914 
 290.53091  295.88599 
 441.56433  298.63153 
 541.79553  300.92041 
 137.34351  302.17599 
 278.72229  301.5448 
 47.37619  302.70303 
 115.78034  302.57007 
 284.54724  302.79614 
 428.72946  304.8725 
 130.32063  306.27679 
 285.70956  307.69632 
 566.6806  307.90613 
 265.64377  310.00906 
 427.88449  312.22968 
 126.38311  313.31516 
 285.46555  313.55957 
 266.59763  315.15042 
 278.03589  315.74652 
 100.77335  318.17502 
 127.00674  320.32416 
 255.9684  321.16409 
 270.26892  321.43863 
 284.98746  321.70749 
 441.67505  321.92404 
 570.10779  322.7085 
 273.1008  323.77289 
 425.74927  323.94009 
 449.87878  324.05206 
 134.77365  325.42746 
 291.3909  325.72153 
 385.37268  327.36856 
 428.3812  332.3194 
 131.66029  330.97641 
 190.52309  332.12582 
 290.22556  333.28568 
 382.92267  333.64569 
 427.5282  334.1174 
 134.96686  338.27921 
 450.35211  338.08337 
 418.74448  337.95508 
 78.748688  343.86804 
 303.81876  346.25116 
 135.08412  351.35419 
 429.79999  350.64676 
 183.47682  355.03946 
 300.39597  356.33105 
 135.06607  358.15298 
 414.99887  357.9046 
 128.30743  362.13434 
 135.87048  364.8653 
 196.64532  363.44336 
 110.53549  364.75467 
 180.87381  363.88818 
 519.99139  368.43954 
 412.54333  368.85767 
 421.64215  369.54144 
 106.2293  371.55676 
 118.27089  372.05371 
 135.05511  379.20761 
 122.9017  382.66116 
 233.84215  382.83765 
 142.73965  383.86334 
 408.8999  384.68286 
 232.99539  389.93094 
 411.07639  390.70123 
 152.26558  393.74579 
 151.81671  399.22849 
 503.97678  401.0697 
 484.22141  400.73917 
 93.913506  402.25235 
 50.951176  403.39462 
 499.26364  404.0015 
 164.21483  405.26453 
 37.02739  407.17969 
 107.66886  405.70908 
 286.58441  408.73792 
 157.42601  409.29208 
 499.39923  411.49908 
 512.57208  409.84177 
 170.91835  411.74515 
 497.36472  412.54453 
 107.9252  413.34872 
 511.32291  416.25226 
 387.54019  414.73465 
 171.19518  417.31409 
 177.45955  418.20602 
 49.398491  422.37234 
 380.27069  421.96301 
 177.91098  424.76022 
 372.70581  424.75195 
 183.89174  425.65344 
 384.76056  427.51874 
 184.12482  430.81567 
 191.71124  432.10425 
 366.55515  430.78461 
 88.962067  434.31137 
 193.27498  433.85699 
 359.63318  439.08273 
 368.69958  439.55557 
 89.377312  439.63419 
 198.37547  440.03668 
 32.006187  444.11661 
 199.39586  447.2543 
 208.21127  445.82608 
 214.66791  450.60004 
 335.0065  453.04706 
 215.81502  456.95734 
 224.57224  455.94452 
 237.84232  460.56369 
 335.43079  461.20093 
 326.04459  463.72208 
 255.00891  464.51276 
 323.16632  464.61945 
 303.63553  466.97568 
 565.01733  467.4946 
 288.46896  467.50305 
 388.42242  467.49017 
 210.20425  469.85703 
 397.49689  471.65881 
 153.16461  472.14728 
 217.90584  473.15311 
 257.50238  473.37787 
 439.10519  472.74185 
 139.72862  473.73776 
 372.46872  474.63626 
 303.58337  476.07837 
 243.20563  478.40305 
 363.38901  479.26059 
 341.56653  481.60986 
 356.49417  481.92548 
 269.56134  482.46454 
 301.84213  483.44672 
 254.29988  486.43826 
 357.93863  486.83298 
 339.60242  487.88922 
 302.974  488.68558 
 329.8494  489.79608 
 291.16223  490.65955 
 532.87439  492.78415 
 551.17847  493.5386 
 333.60349  495.60342 
 344.72226  495.07303 
 69.972816  501.19855 
 307.02182  501.80933 
 333.19336  502.75845 
 345.63812  503.71622 
 289.79218  508.6969 
 304.38303  517.95178 
 29.882868  520.33575 
 361.73111  519.86993 
 522.97028  521.05371 
 307.41656  523.1214 
 512.47986  523.06555 
 305.22681  523.72925 
 361.57288  524.8656 
 31.130217  527.08905 
 519.32306  528.21252 
 98.894188  530.14191 
 99.714684  535.59662 
 67.132797  542.73846 
 536.55249  549.53717 
 536.01715  557.03827 
 368.9892  44.910934 
 468.97971  48.825752 
 538.35144  55.727951 
 83.839958  70.759193 
 77.582123  77.051353 
 328.68216  112.83291 
 199.87723  122.5766 
 131.45654  128.90323 
 226.91821  132.85519 
 276.02808  133.57501 
 170.57329  141.63777 
 266.94714  146.42455 
 216.61784  147.74837 
 339.35367  149.17459 
 541.73145  150.13164 
 368.39249  153.10828 
 302.02579  154.44377 
 264.54404  156.28853 
 222.4894  156.72217 
 356.46066  159.87917 
 307.1416  162.39891 
 378.45187  166.38383 
 173.38963  167.4178 
 339.95602  169.58008 
 402.34924  171.41141 
 330.73428  172.09999 
 131.054  174.79848 
 203.73987  175.11491 
 198.88449  182.86505 
 360.43491  188.94331 
 369.53525  189.34196 
 107.03371  191.97292 
 147.37123  196.19527 
 99.450378  200.68858 
 430.1265  203.1692 
 116.59134  204.88467 
 386.49469  208.07666 
 100.76878  209.69376 
 413.47318  211.20683 
 44.444111  213.34911 
 43.831673  221.25922 
 129.92291  221.70908 
 418.66373  222.22821 
 118.72357  222.69745 
 309.74695  225.44397 
 426.20825  235.58698 
 327.58127  237.76027 
 441.13181  245.92032 
 429.46277  249.07939 
 107.99572  250.49013 
 148.61957  256.77469 
 109.94868  258.55353 
 96.00106  261.71756 
 289.07446  267.03796 
 429.33771  266.91928 
 220.30307  270.79926 
 176.75955  274.08694 
 107.59555  275.30304 
 499.34717  275.29205 
 132.00258  278.61392 
 282.25742  287.55585 
 50.627899  289.24155 
 461.91318  290.15155 
 541.86707  292.99463 
 297.87891  302.2403 
 58.153374  303.49805 
 197.63483  308.49344 
 275.7475  308.21707 
 115.61491  314.35068 
 464.01132  318.55493 
 378.66367  320.61847 
 102.95821  325.83755 
 79.227592  335.66522 
 457.35709  336.79675 
 473.39542  338.30316 
 113.95126  343.34686 
 277.60214  344.48199 
 464.5079  353.06607 
 120.09427  355.57138 
 108.72025  357.6167 
 443.7272  357.79263 
 194.80942  371.85577 
 176.18045  372.57996 
 437.52887  373.83072 
 418.51697  378.09863 
 140.18393  391.18842 
 93.76593  392.41806 
 401.66815  393.7644 
 418.67773  395.16565 
 318.26807  397.51511 
 424.14948  398.62927 
 437.79315  400.40646 
 159.37367  400.79214 
 142.53374  402.17761 
 237.52742  406.56583 
 420.92007  407.6709 
 285.50369  416.65671 
 254.8331  430.19232 
 201.04904  431.78806 
 393.07516  437.01566 
 416.58221  437.75601 
 305.4364  443.19394 
 183.67671  448.72348 
 371.37473  449.81638 
 355.77817  457.72696 
 377.57211  458.42822 
 171.9115  464.03754 
 246.26778  468.2179 
 324.56342  474.21039 
 402.09573  478.79367 
 206.94057  483.0032 
 293.52582  483.29547 
 545.41193  484.88406 
 327.07553  488.58701 
 170.77045  489.88443 
 187.95369  493.17746 
 285.383  493.99261 
 319.63147  501.24774 
 258.78745  502.08838 
 531.68738  502.2579 
 277.48022  513.34698 
 310.86282  514.25964 
 538.66724  516.35986 
 539.65576  526.10516 
 522.50079  530.14435 
 524.31744  539.98572 
 547.72351  46.579033 
 44.371292  112.21004 
 313.59534  140.5551 
 281.99927  151.96342 
 318.84735  152.88297 
 291.68475  168.12617 
 316.46863  172.64087 
 257.17639  175.56886 
 379.34494  175.73303 
 236.94165  176.99855 
 368.59644  196.97377 
 177.12332  213.33058 
 157.60345  245.27827 
 141.40843  260.60312 
 464.9866  269.60464 
 137.50034  284.1571 
 259.39398  286.49152 
 137.27779  302.0943 
 428.29858  303.96716 
 284.96094  307.58264 
 125.46755  313.08844 
 285.56589  314.14471 
 425.60733  323.47772 
 382.64087  333.57886 
 134.43849  337.86093 
 303.80902  346.6181 
 151.84898  398.95837 
 169.98889  410.61047 
 178.8831  417.92065 
 184.06282  430.53058 
 88.979103  440.40906 
 199.3615  439.89264 
 211.37932  446.4538 
 214.82129  449.707 
 303.11267  488.70218 
 98.509666  529.39929 
 98.944405  536.32257 
 436.79498  59.011494 
 482.66669  59.253311 
 458.50247  68.207191 
 83.601784  70.01796 
 95.391396  89.088699 
 541.3327  89.983147 
 290.30328  105.16698 
 292.12695  122.33028 
 200.29474  122.51933 
 209.50859  128.33009 
 227.64523  132.6385 
 275.82138  133.83342 
 218.80702  136.22295 
 207.58235  138.02823 
 254.72742  138.28914 
 171.26868  141.83748 
 228.66734  143.91278 
 278.26086  144.38216 
 261.37283  145.82645 
 216.6554  149.28986 
 338.79639  148.74696 
 314.39713  150.82915 
 361.02161  150.50281 
 368.21585  152.64023 
 301.1835  154.03375 
 222.17577  154.69852 
 338.30682  157.28815 
 358.93732  162.38098 
 365.74265  162.63884 
 276.10193  164.05316 
 303.94772  164.37749 
 224.68118  164.72252 
 254.86699  167.48141 
 378.30338  166.677 
 173.41858  168.57103 
 416.9455  169.73085 
 285.15063  172.3195 
 402.23041  172.06752 
 237.98061  172.54109 
 274.02115  172.75105 
 350.77026  173.23959 
 303.35556  174.52657 
 362.98041  175.56752 
 214.96091  178.50438 
 246.05284  179.1329 
 173.40543  181.48131 
 425.86188  182.58768 
 223.68828  184.02957 
 330.3139  184.44847 
 147.08424  184.8499 
 197.37906  185.25659 
 400.30148  185.19057 
 347.96475  186.89673 
 360.59964  187.87088 
 411.08313  194.02403 
 147.63225  195.79501 
 188.47691  195.65691 
 136.47505  196.81201 
 199.11075  197.56992 
 360.43439  197.79317 
 374.75613  200.31526 
 395.34174  202.7852 
 117.50758  204.11913 
 430.9624  204.17389 
 189.58398  205.76361 
 387.10138  208.40651 
 101.53774  209.79002 
 119.18751  215.14293 
 154.35831  215.30168 
 407.18295  217.05942 
 170.66852  218.16515 
 431.48486  217.70309 
 130.46132  220.36694 
 118.3187  221.99144 
 419.26321  222.50984 
 311.19955  225.37125 
 404.05142  226.16991 
 159.92056  227.28813 
 130.54453  228.89159 
 362.24088  236.5051 
 443.05289  236.46176 
 158.09477  237.36116 
 326.89774  237.11594 
 128.34456  237.71381 
 421.5896  238.52988 
 134.68126  243.74547 
 439.91739  246.12358 
 108.32655  249.96796 
 126.55324  250.13326 
 431.11218  250.24844 
 532.03101  251.24953 
 406.32941  253.98796 
 149.31734  256.57504 
 110.1823  259.17087 
 96.497482  259.95447 
 531.11841  261.43579 
 118.30824  263.82343 
 419.26343  263.65924 
 288.86423  266.9469 
 429.4559  266.82477 
 132.01497  270.48788 
 221.49968  270.64941 
 176.73308  274.32098 
 439.37878  274.23978 
 499.35443  275.5423 
 132.27502  275.98114 
 128.84744  280.15054 
 96.86441  281.35458 
 282.88513  286.75748 
 122.25391  288.8288 
 359.64041  289.88901 
 461.59894  289.88364 
 281.23792  296.51831 
 442.02933  298.47348 
 116.97208  301.40237 
 297.39218  302.46106 
 58.306892  303.1857 
 274.76828  308.17493 
 469.37811  308.21753 
 116.36659  313.36896 
 426.88998  312.91489 
 100.30193  317.45789 
 464.30133  318.81274 
 438.71906  320.07736 
 125.64817  320.81937 
 378.00256  320.87479 
 136.24117  323.09674 
 272.11188  323.55167 
 292.43539  324.72583 
 300.97614  330.19745 
 428.45328  332.8353 
 290.26834  334.10077 
 417.42822  337.0137 
 453.46036  337.89252 
 474.12021  338.72308 
 115.71801  343.47906 
 429.72174  350.47552 
 183.633  355.12451 
 120.38239  356.29993 
 301.77869  356.26755 
 108.35159  357.26239 
 444.65378  359.07999 
 127.97712  361.70587 
 180.07333  363.46167 
 198.0132  362.86093 
 136.32249  367.10406 
 412.0137  367.36734 
 110.53123  368.39673 
 358.82928  370.67981 
 423.40585  371.12381 
 117.20276  372.21851 
 194.18694  372.16849 
 175.71332  372.83133 
 438.10452  374.26703 
 134.8994  378.8858 
 122.49021  382.33444 
 233.84828  381.75085 
 314.30017  388.88858 
 232.33267  390.33987 
 410.96329  390.54718 
 139.52324  391.79184 
 400.69836  393.79919 
 319.08911  397.38522 
 421.6763  396.87961 
 484.17654  399.64615 
 161.41916  401.24893 
 502.98444  400.83377 
 93.57196  401.73444 
 141.88266  402.10211 
 107.39452  404.35535 
 238.30554  405.2196 
 420.8613  407.97726 
 286.12967  408.81348 
 157.19034  409.90811 
 500.10938  411.75613 
 387.58844  413.46985 
 108.03996  413.85806 
 238.31943  416.69745 
 510.6666  417.09656 
 171.2458  418.18741 
 284.88931  418.17514 
 176.34256  426.33868 
 387.01831  426.91028 
 255.32843  430.27597 
 366.62854  430.53381 
 192.0009  432.29547 
 368.3093  440.02792 
 306.74384  443.32626 
 389.62338  446.4346 
 198.16884  448.14633 
 183.6909  448.86707 
 372.90567  449.30823 
 334.5238  451.91974 
 225.12979  455.87949 
 214.68617  457.97684 
 353.94354  457.62424 
 181.74191  459.12479 
 377.61331  459.17679 
 237.79152  460.78683 
 335.72464  462.14304 
 255.24181  463.88071 
 322.04837  464.53497 
 289.26309  466.82874 
 302.76154  466.51892 
 387.5036  467.04105 
 245.99986  467.99353 
 338.61343  468.76199 
 211.09856  470.87567 
 398.91699  471.1857 
 153.89275  472.47073 
 215.43759  472.74957 
 256.66531  474.04086 
 373.18021  474.04333 
 323.64481  474.67334 
 302.88464  475.87424 
 243.39787  478.63412 
 340.00497  480.35559 
 363.18579  479.66461 
 207.84831  482.96902 
 269.66022  482.7579 
 293.49075  482.5907 
 255.69443  486.18286 
 326.49182  487.20929 
 170.62596  489.59674 
 290.2851  491.43597 
 345.33209  495.04007 
 334.10617  495.81549 
 70.087761  500.96863 
 320.9137  500.86646 
 258.9852  502.14792 
 306.67899  501.80579 
 531.22705  502.22339 
 345.98233  503.32971 
 333.30368  504.15506 
 289.29764  508.82037 
 338.15283  510.16525 
 277.28998  513.43768 
 311.31165  513.29333 
 537.59222  514.94885 
 522.2868  520.47968 
 307.01797  523.57178 
 539.20581  526.31836 
 523.0896  530.12317 
 525.55865  540.17603 
 279.90454  152.01218 
 132.95316  337.10245 
 290.49997  106.08881 
 287.34833  121.59388 
 275.03073  130.10181 
 223.05276  132.62709 
 253.30267  137.01607 
 222.07275  149.26375 
 310.53796  150.93703 
 273.19778  160.49377 
 360.57663  161.86523 
 221.46756  165.81889 
 251.79047  166.16412 
 317.01917  169.6649 
 284.02206  173.08011 
 352.60031  173.45634 
 302.90097  175.17624 
 175.17024  182.37608 
 427.00735  181.21884 
 225.15765  183.83868 
 399.43671  184.44838 
 330.46722  185.49689 
 350.37222  187.35513 
 210.55948  189.74594 
 148.14853  196.60509 
 358.67969  198.50174 
 396.11401  201.09798 
 189.56184  207.80002 
 386.5657  210.62834 
 170.33002  215.55212 
 117.70707  217.63492 
 419.91895  220.923 
 402.65115  228.66685 
 168.66092  231.97583 
 327.04736  233.46135 
 362.44815  236.60907 
 422.11725  237.67982 
 371.60892  245.71172 
 126.73265  249.63985 
 151.08804  254.97917 
 96.167953  258.61508 
 416.58444  265.59152 
 222.42722  271.32745 
 127.90974  274.3924 
 437.46381  274.05551 
 96.255699  280.24548 
 117.04107  302.12952 
 270.35941  306.69867 
 469.61087  308.12665 
 98.304619  311.19885 
 423.38831  313.28876 
 122.33358  318.9917 
 271.98129  322.66931 
 429.63782  333.28516 
 452.94485  337.0896 
 116.46995  342.20673 
 147.92705  343.54025 
 428.31  351.82159 
 302.44168  356.82199 
 125.00369  359.20654 
 444.49387  359.67249 
 410.02997  363.74188 
 138.10028  366.6344 
 112.51437  370.35709 
 355.8125  369.42966 
 174.00183  372.30161 
 422.50485  373.49286 
 120.77682  383.173 
 152.60056  385.30582 
 355.39246  389.02829 
 397.03506  393.68671 
 502.55725  397.91992 
 107.76787  400.33737 
 164.48344  400.71271 
 239.79022  403.53806 
 284.84067  408.88171 
 153.22351  409.40109 
 385.57413  411.37723 
 501.39502  412.6124 
 107.85296  413.7655 
 253.93147  416.31445 
 171.27646  419.02365 
 284.16409  424.33096 
 389.68808  424.87582 
 196.13623  431.03891 
 307.40729  441.46057 
 213.0134  444.65112 
 333.60837  447.82578 
 380.50815  447.39655 
 195.83153  450.68796 
 349.56  456.28036 
 214.84372  457.94809 
 236.72496  459.08151 
 255.38235  455.94736 
 317.92889  461.62198 
 298.74429  463.97971 
 336.71094  464.01242 
 384.1763  463.73407 
 152.9189  472.67639 
 212.42044  472.19504 
 232.23299  472.42801 
 256.65842  472.52753 
 397.49689  471.58426 
 336.18942  480.23648 
 360.82828  480.22778 
 299.32162  481.71786 
 326.04108  485.27481 
 257.22626  486.71671 
 287.10178  492.37753 
 333.85706  495.52032 
 321.69028  500.29428 
 258.40897  502.20929 
 288.56818  507.1825 
 131.40732  333.58316 
 283.7442  125.03037 
 221.61984  130.4258 
 251.48157  135.4229 
 222.82239  149.17776 
 288.72818  155.37506 
 271.20898  157.45387 
 357.94687  158.83588 
 252.64581  170.54042 
 315.77203  171.92934 
 217.17236  168.43192 
 239.94223  174.16847 
 266.86429  174.15991 
 296.61789  174.33202 
 283.2738  176.46379 
 174.53737  182.70807 
 231.68146  182.49077 
 297.73566  181.38409 
 402.23981  184.27025 
 192.32869  185.38928 
 329.30548  185.73804 
 350.80399  187.66696 
 377.77515  189.36707 
 398.97855  203.9798 
 191.25388  209.50873 
 386.03226  210.54523 
 169.46953  213.26163 
 389.02075  217.71683 
 328.03363  230.88625 
 168.25356  232.65494 
 402.68002  231.33331 
 364.29678  237.97455 
 423.73413  238.82019 
 125.05328  251.59895 
 328.11163  254.16869 
 153.39946  256.38513 
 125.54257  277.7374 
 438.70737  278.17654 
 288.60129  284.43027 
 267.53036  305.59827 
 421.22919  312.53976 
 137.5975  326.80423 
 273.60901  324.99774 
 431.28619  332.23544 
 453.45279  338.92688 
 422.58911  352.23544 
 409.51855  357.65048 
 445.72647  359.2373 
 119.55042  365.56818 
 180.174  368.65063 
 421.03238  376.36392 
 356.37473  390.09412 
 166.00598  396.60281 
 303.29926  395.45627 
 392.50421  396.84274 
 151.58398  409.70193 
 172.44827  421.5163 
 391.56137  424.03116 
 283.43704  425.30093 
 305.13577  440.13531 
 214.33444  443.34909 
 333.85141  443.86395 
 382.37061  450.05963 
 194.28212  452.57123 
 234.74467  457.51834 
 295.92285  462.69223 
 339.85898  465.28052 
 396.35196  472.35538 
 234.48067  474.66669 
 304.25998  482.54391 
 332.00519  482.51624 
 284.57889  179.24583 
 213.26337  192.63408 
 389.98004  223.99419 
 289.60117  275.79523 
 412.18311  308.90765 
 412.4364  349.66516 
 179.32004  365.74982 
 419.91852  377.6171 
 386.17313  398.83124 
 282.48383  270.15494 
