 142.05107  11.830759 
 370.69626  35.188423 
 506.45627  44.989452 
 547.51904  46.116905 
 518.06659  48.401096 
 83.278748  52.112301 
 436.17755  59.102108 
 592.41632  65.083862 
 522.98865  75.20031 
 44.491325  111.99398 
 16.467875  127.38884 
 207.767  136.57143 
 255.45624  139.06683 
 227.94992  142.12666 
 258.27365  144.91899 
 356.97485  151.23518 
 283.44199  151.72134 
 337.60251  157.89825 
 21.122295  158.56853 
 369.12363  162.2751 
 328.90552  164.27695 
 276.05511  164.66826 
 299.64963  167.85857 
 252.81459  170.02953 
 286.11996  171.99933 
 318.47791  173.48866 
 303.94342  173.5229 
 256.71286  174.98972 
 379.76602  175.92732 
 237.03682  177.64342 
 172.95041  180.40848 
 588.59241  182.39146 
 425.81284  182.95392 
 146.88257  184.51154 
 212.83289  186.26482 
 348.41788  186.10387 
 206.62035  189.65276 
 368.11163  196.1517 
 190.08636  197.09512 
 197.81836  196.98918 
 361.05447  197.13712 
 421.86469  198.12805 
 394.25122  203.33862 
 16.859217  209.10352 
 176.85919  213.92737 
 55.533051  216.68752 
 406.58728  217.20895 
 589.01654  217.96065 
 54.389549  222.95198 
 130.39659  229.09903 
 363.55536  237.22829 
 127.27701  237.70113 
 158.29691  238.30063 
 157.50089  244.15097 
 531.15515  249.82172 
 19.01988  256.58856 
 141.38153  260.62836 
 420.02725  262.03873 
 528.5473  261.70306 
 594.47235  262.92368 
 26.773331  263.58847 
 119.90926  263.76505 
 421.17401  263.86795 
 465.16968  269.76443 
 571.99127  272.65164 
 259.77322  279.93967 
 97.436882  281.25681 
 137.47258  284.19113 
 259.35129  285.55551 
 359.54639  290.92474 
 56.852177  294.22031 
 281.28485  295.26981 
 442.00284  298.45337 
 137.32619  302.17896 
 47.455734  302.91968 
 114.20357  303.25601 
 428.65515  304.77524 
 572.93335  307.32391 
 285.49329  307.68716 
 566.92865  308.06406 
 126.20583  313.25952 
 285.47882  313.681 
 278.14493  315.72931 
 23.550003  318.76584 
 101.76138  318.67767 
 128.1483  319.94385 
 270.37314  321.63828 
 285.41632  321.97845 
 570.02576  322.51968 
 274.06055  324.13934 
 425.64832  323.88602 
 23.843546  325.49774 
 134.44186  326.13474 
 290.58597  326.23099 
 289.8804  332.63614 
 427.83002  333.73605 
 134.88004  338.17883 
 419.93112  338.88745 
 303.82159  346.30563 
 430.23953  351.1593 
 299.40173  356.41922 
 414.94589  357.85867 
 128.61658  362.29025 
 135.35704  364.36844 
 420.56552  368.78098 
 118.38056  371.8262 
 135.52672  379.11725 
 233.55016  383.20853 
 233.22673  389.65073 
 411.01776  390.85403 
 151.78818  399.23169 
 107.47482  406.39545 
 163.78264  405.85709 
 286.87854  408.45624 
 157.66524  408.8801 
 500.61172  410.09662 
 170.70924  411.54895 
 498.39734  411.89774 
 107.74705  413.12473 
 171.29559  417.0076 
 177.72641  418.19516 
 48.684345  422.4812 
 177.94965  424.03619 
 184.0609  430.85638 
 190.31009  430.88028 
 192.94316  433.49423 
 359.66534  439.1376 
 368.26224  439.36804 
 89.259468  439.78671 
 198.65561  440.03397 
 208.52815  445.76154 
 200.20149  446.52954 
 214.67279  450.52014 
 334.48776  453.92813 
 216.6283  456.38297 
 223.75046  456.00839 
 237.52925  460.8168 
 325.64532  463.79852 
 255.11006  464.95868 
 322.29175  465.0769 
 587.21747  464.57886 
 304.2139  467.24628 
 389.47482  467.81931 
 152.1828  472.14252 
 397.33255  471.5397 
 303.92465  476.02377 
 242.78015  478.27393 
 342.87018  482.20749 
 339.8884  487.94809 
 303.02109  488.65167 
 291.52036  490.52383 
 595.362  491.36734 
 587.71954  491.897 
 333.41339  495.38748 
 344.70758  495.02734 
 345.57449  504.03873 
 304.45184  517.8363 
 523.6449  521.01215 
 309.06216  521.97028 
 307.93051  522.57214 
 512.53082  523.0376 
 305.43582  523.71637 
 30.930069  526.98926 
 98.801582  530.03778 
 99.622757  535.75104 
 17.048447  546.74115 
 536.43823  550.57635 
 536.00494  557.06543 
 562.43866  590.64227 
 291.00824  168.66718 
 142.52611  11.306086 
 61.432072  12.462401 
 127.15356  16.167875 
 328.97748  21.58976 
 370.45322  34.989872 
 456.16641  37.755802 
 532.47473  39.426437 
 369.49524  44.394108 
 506.93103  44.696758 
 547.74677  46.639061 
 518.70917  47.641705 
 534.33246  48.208984 
 469.06534  48.8857 
 436.8399  50.602444 
 83.191376  51.928478 
 477.3085  51.533657 
 526.08905  52.359276 
 39.310837  56.648125 
 436.66714  59.112759 
 592.22931  65.055 
 458.7457  68.242271 
 83.821968  70.521652 
 17.711985  85.961571 
 95.476425  89.102539 
 541.41376  90.730904 
 17.08112  94.103142 
 544.08545  98.300453 
 290.16455  105.35756 
 6.1596293  112.39024 
 44.369877  112.26941 
 6.9062171  120.77686 
 292.91446  122.23012 
 200.07497  122.69025 
 16.445343  127.58372 
 209.89244  128.90955 
 227.31772  132.93437 
 275.6268  133.85292 
 207.82021  137.37444 
 255.39343  138.55939 
 312.11511  140.33513 
 170.78561  141.57596 
 228.47438  142.74281 
 259.36938  145.09486 
 278.12537  145.17929 
 266.68823  146.51843 
 298.15619  145.8494 
 216.2692  148.21207 
 339.31891  149.27908 
 357.82892  151.25667 
 9.1304445  152.24692 
 281.76297  152.03572 
 318.26282  152.87996 
 368.4726  153.28865 
 222.50046  156.41338 
 337.94699  157.39705 
 21.342575  158.83476 
 356.6474  160.11147 
 26.271477  162.02661 
 368.13315  162.02298 
 225.82388  164.23747 
 275.68307  164.38919 
 300.98901  166.42873 
 252.34944  169.9745 
 340.09943  169.58685 
 274.95337  172.29604 
 285.59131  172.36995 
 330.62415  172.07602 
 402.33264  171.65047 
 313.05081  172.6826 
 318.59329  173.0294 
 303.85403  174.19432 
 131.3676  174.89984 
 257.24493  175.66154 
 363.36884  175.98018 
 379.26102  175.73479 
 236.9794  176.56178 
 215.12373  179.02414 
 172.44052  180.87358 
 589.5304  181.87158 
 199.03249  183.11298 
 425.54404  182.89757 
 330.21011  184.38452 
 147.09068  184.83652 
 348.16977  186.29295 
 360.56366  188.74971 
 410.80701  194.57947 
 147.28397  196.16797 
 189.39713  196.63838 
 198.66925  197.22131 
 360.58987  197.45839 
 422.28247  198.45064 
 16.818678  200.82367 
 376.03516  200.94826 
 580.5625  202.06499 
 394.88632  203.39677 
 430.25031  203.34581 
 189.70985  204.49419 
 116.81004  204.86961 
 387.65845  208.47989 
 16.884375  209.5681 
 100.79482  209.57474 
 391.71213  210.43541 
 591.17645  209.48846 
 177.13069  213.28627 
 55.913658  215.89761 
 407.35858  217.45303 
 431.68555  217.96579 
 588.92438  217.74731 
 170.64818  219.12346 
 129.79326  221.36317 
 418.41983  222.31273 
 55.189259  223.58093 
 118.68556  222.67041 
 404.80795  225.51822 
 160.07866  227.92146 
 130.44183  229.1884 
 119.86362  230.58546 
 426.26736  235.5097 
 127.74398  237.54402 
 158.70088  237.22061 
 362.54205  236.59177 
 327.39227  237.64186 
 153.5399  239.65608 
 134.14075  243.20955 
 157.52722  245.57007 
 440.58701  245.84718 
 126.34894  250.84288 
 531.64368  250.68903 
 18.666431  256.8118 
 109.8212  258.61615 
 529.46301  261.14944 
 96.274597  261.22549 
 420.06113  263.1749 
 27.323709  264.26465 
 119.16422  263.79276 
 584.8017  264.58377 
 429.41037  266.67136 
 133.53929  270.02017 
 464.95764  269.58682 
 571.75482  271.84003 
 499.35428  275.64423 
 131.89702  278.48355 
 97.202644  281.19501 
 573.97125  281.47375 
 589.69586  282.25745 
 137.4825  284.16629 
 259.41251  286.58707 
 282.40262  287.41266 
 50.480511  289.4823 
 359.77167  290.34732 
 461.85364  289.93744 
 56.908604  294.64725 
 281.49695  296.52478 
 290.6351  295.85077 
 441.53821  298.57693 
 565.66907  300.40683 
 541.86029  301.06143 
 115.92548  302.33069 
 47.316151  302.60059 
 58.113392  303.46219 
 428.26706  303.81586 
 275.79639  308.31012 
 568.07343  308.6524 
 427.77872  312.64929 
 115.85976  313.91879 
 285.53778  314.14108 
 23.438986  318.51434 
 100.54372  318.0694 
 464.0589  318.35471 
 126.93359  320.44003 
 378.77277  320.73801 
 569.43408  321.42102 
 284.93143  321.58673 
 441.42273  321.7681 
 272.4971  323.4874 
 134.85289  325.14227 
 291.55569  325.50504 
 24.575298  327.28024 
 190.62791  332.04037 
 428.30566  332.3396 
 290.33487  333.40707 
 6.3378758  336.02545 
 134.35046  337.83868 
 418.65527  337.79007 
 450.40118  338.00153 
 78.925171  344.08945 
 303.79822  346.64383 
 429.87976  350.55112 
 183.50784  355.11526 
 120.13889  355.54019 
 300.76218  356.28613 
 108.69182  357.57593 
 443.53568  357.57816 
 128.26442  362.14178 
 196.70889  363.36945 
 180.78079  363.68512 
 135.86563  365.07095 
 412.4534  368.72958 
 421.65781  369.59186 
 118.28127  372.19153 
 194.73999  371.65268 
 176.46992  372.56433 
 437.45532  373.7749 
 418.51501  377.93442 
 134.95248  379.24249 
 122.8807  382.42813 
 233.94508  382.72739 
 232.9594  390.04456 
 411.01068  390.69736 
 401.6564  393.51077 
 418.78558  395.18823 
 318.4668  397.51599 
 423.94849  398.41867 
 484.19147  400.57837 
 503.22864  401.38583 
 93.476273  401.60962 
 142.54369  402.34482 
 50.977428  403.45175 
 164.13618  405.13434 
 107.62869  405.58456 
 237.47162  406.25961 
 36.710022  408.2706 
 420.81635  407.43265 
 157.46754  409.37262 
 286.46838  408.78973 
 499.05356  411.70679 
 107.9653  413.38791 
 387.67303  414.53235 
 511.22546  416.65567 
 171.21803  417.38284 
 285.43384  416.7522 
 49.517147  422.35858 
 177.84021  424.90543 
 36.902718  427.67303 
 384.91589  427.56003 
 254.87837  430.24377 
 366.59912  430.70691 
 595.75482  430.41345 
 191.65346  432.08383 
 585.31268  435.0123 
 392.99738  436.87579 
 88.958488  440.51703 
 199.43018  439.86026 
 368.62311  439.69214 
 305.57693  443.31155 
 31.875572  444.12253 
 209.73735  445.71213 
 199.461  447.21533 
 577.18701  447.42517 
 183.84428  448.86618 
 214.789  449.36655 
 371.93079  449.56012 
 335.03882  452.99036 
 224.67169  455.97104 
 215.71745  457.02649 
 587.66901  457.12314 
 355.50595  457.54681 
 377.48315  458.38443 
 237.89029  460.68726 
 335.33228  461.26639 
 171.89746  463.92563 
 255.01241  464.48026 
 323.15097  464.63788 
 586.64734  464.61771 
 303.47595  466.98038 
 246.25403  468.26709 
 288.63364  467.35449 
 388.375  467.54129 
 565.66748  467.60669 
 210.30331  469.93256 
 153.42447  472.17371 
 397.57471  471.49939 
 217.91164  473.06461 
 257.52322  473.34705 
 439.14056  472.70978 
 324.4769  474.31467 
 372.62341  474.4404 
 303.41739  475.93628 
 243.32143  478.38214 
 363.40466  479.3175 
 269.39594  482.63568 
 341.49881  481.42242 
 293.55173  483.19669 
 545.47125  485.25998 
 254.41621  486.35306 
 339.50293  487.83917 
 327.24808  488.54004 
 291.1033  490.65704 
 587.31018  491.5777 
 595.92529  491.67523 
 551.38281  493.48328 
 344.61151  495.10208 
 333.80923  495.61148 
 70.091301  501.13553 
 319.84802  501.08148 
 258.7287  502.16553 
 306.95938  501.82489 
 333.21307  502.7948 
 345.57437  503.61749 
 572.1853  505.02902 
 587.12244  508.24561 
 289.72247  508.70242 
 10.102538  510.49698 
 310.80759  514.14807 
 3.2743797  515.15759 
 538.44519  516.34924 
 30.436405  519.44556 
 522.96918  521.12378 
 307.46817  523.23724 
 13.1511  523.98816 
 539.66492  526.09473 
 522.68011  530.16266 
 98.77887  536.41827 
 524.69641  539.81421 
 67.006378  542.82123 
 17.411432  546.5152 
 536.46002  549.36902 
 535.79193  557.23553 
 8.4817467  565.86377 
 21.189489  590.33887 
 562.98877  589.7608 
 40.775597  591.04144 
 120.45267  596.5683 
 143.16275  10.099751 
 127.77214  16.330435 
 455.26102  38.406647 
 531.62433  39.234684 
 507.39157  43.635529 
 519.03021  46.748989 
 534.36432  48.407848 
 83.360001  52.199764 
 591.46014  64.327431 
 458.22498  68.212708 
 83.609192  69.939186 
 17.952728  94.648308 
 543.01825  99.328865 
 290.27463  105.19019 
 5.1947656  111.38982 
 16.968  128.22281 
 209.57449  128.30463 
 275.71973  133.8546 
 254.53137  137.94386 
 313.60638  140.38007 
 228.60077  144.09288 
 278.32712  144.36423 
 261.83255  146.15276 
 339.08517  148.79176 
 8.9219666  162.24153 
 224.69482  164.52235 
 276.31589  164.07472 
 304.8172  163.94896 
 378.26337  166.52103 
 402.22876  172.16882 
 273.89297  172.71992 
 303.5849  174.49373 
 362.80563  175.33716 
 425.80136  182.44446 
 147.12634  184.94931 
 410.96881  194.0177 
 360.11871  197.42699 
 16.897457  199.84001 
 579.79883  202.81709 
 117.59932  204.08768 
 189.58809  206.10757 
 17.188734  210.229 
 407.17978  217.24513 
 431.46274  217.74661 
 130.4754  220.18581 
 118.74173  218.19249 
 159.90286  227.26862 
 443.11838  236.3111 
 128.29745  237.68832 
 439.77798  246.46118 
 430.90894  249.95232 
 532.02417  251.34869 
 110.16972  259.15225 
 96.509628  259.72443 
 531.21216  261.29971 
 118.6581  263.90765 
 429.85165  266.2753 
 176.72752  274.29764 
 96.664253  281.29718 
 590.43683  282.02109 
 282.8219  286.80807 
 50.052811  289.37451 
 565.67224  299.36121 
 116.96412  301.30151 
 116.40949  313.19626 
 438.28235  320.09109 
 569.45227  320.35544 
 125.82767  320.77197 
 378.37292  320.8819 
 136.5762  322.97385 
 429.7359  350.53598 
 183.57892  355.24774 
 302.06354  356.37308 
 108.48825  357.32245 
 411.91217  367.02274 
 136.59358  367.67996 
 194.26118  372.02237 
 438.02191  374.28793 
 134.75563  379.0188 
 318.98346  397.47232 
 93.598503  401.76929 
 107.33128  403.9682 
 420.89212  407.95395 
 286.25739  408.6622 
 157.92786  409.30762 
 107.97142  413.99106 
 238.17407  416.89917 
 510.68903  417.08621 
 284.94977  418.2189 
 255.3992  430.2962 
 595.07422  429.82571 
 368.36893  440.05484 
 183.9245  448.8653 
 587.52417  456.44482 
 181.9937  459.20099 
 237.75671  460.87091 
 255.20467  464.20245 
 322.129  464.58908 
 387.77615  467.55988 
 256.65048  474.15567 
 373.18408  473.97263 
 323.7178  474.75073 
 339.72195  480.0209 
 362.96115  479.99924 
 269.36789  482.59323 
 170.53014  489.46466 
 334.13907  495.89398 
 258.99243  502.28189 
 310.811  513.27301 
 537.32153  514.57013 
 31.231298  518.27863 
 12.889385  523.91272 
 307.05127  523.59021 
 522.87195  530.00647 
 28.624453  540.94562 
 525.71844  540.16376 
 16.93508  546.52972 
 535.9137  547.77179 
 563.45398  589.18231 
 21.98481  589.99335 
 40.127033  590.89337 
 458.58481  26.55481 
 370.88562  45.95929 
 480.91315  48.396969 
 34.038074  54.790852 
 484.10471  61.7523 
 17.362947  83.915565 
 580.25641  101.96031 
 289.12  121.28969 
 227.16165  131.97 
 219.31952  135.17705 
 549.24463  138.27592 
 220.47748  151.41492 
 313.49814  151.27382 
 366.0267  150.50653 
 22.83642  161.61388 
 361.6976  163.15012 
 253.34119  166.81094 
 297.07025  168.16156 
 317.31586  170.92822 
 237.64978  171.94153 
 285.8316  172.5329 
 351.92834  174.98917 
 593.90771  180.22023 
 174.97787  182.47163 
 327.55441  183.29805 
 399.44839  184.17726 
 332.86438  186.05945 
 196.43739  186.94923 
 359.3732  186.82231 
 210.96811  188.57776 
 187.94653  191.71513 
 148.09636  195.93568 
 134.79616  196.80635 
 375.29446  200.15265 
 395.8223  201.57184 
 386.62698  208.34444 
 171.05266  216.71071 
 419.88123  222.42621 
 311.50787  224.98727 
 402.93466  227.77078 
 169.68134  232.15385 
 326.96249  233.70178 
 362.62888  236.27036 
 421.68518  238.13538 
 127.4371  249.29645 
 405.86948  254.79463 
 149.92369  256.78094 
 572.34021  267.7522 
 222.69395  271.76059 
 129.54872  274.09506 
 436.8942  274.58707 
 127.90076  280.82358 
 572.03406  282.29092 
 439.66583  287.16647 
 123.02605  288.63986 
 47.438999  301.50262 
 272.04248  307.44675 
 469.80438  307.97855 
 554.95154  308.38278 
 570.29437  309.48117 
 425.26086  313.53909 
 272.08603  322.34787 
 9.8523989  326.26788 
 25.832489  327.73495 
 428.48398  334.18985 
 453.57513  337.90524 
 116.57696  342.84113 
 444.60614  360.50082 
 356.71176  370.33032 
 113.6392  370.9809 
 175.04401  373.38815 
 423.4516  373.26346 
 121.98799  382.42224 
 152.58363  387.49213 
 383.3313  392.06845 
 399.16492  394.07083 
 421.23395  396.33432 
 502.9241  399.62552 
 163.41086  401.71152 
 52.145535  403.72986 
 239.60202  403.8017 
 501.65311  412.06177 
 387.34195  412.4115 
 185.33151  414.31693 
 253.63612  417.82938 
 172.14606  420.18546 
 51.95993  420.5144 
 36.417763  426.42865 
 388.80106  425.63828 
 583.48755  434.20319 
 308.52814  442.86331 
 31.05834  444.09619 
 212.76955  446.19473 
 579.47614  446.46097 
 374.53577  448.17227 
 196.93639  449.91238 
 334.16479  449.30533 
 351.89185  459.28885 
 336.36905  463.84708 
 290.28461  464.75803 
 301.53983  465.59387 
 398.18872  470.27545 
 213.01222  471.60168 
 232.99644  471.97891 
 280.3392  477.15656 
 544.70062  484.72598 
 257.9653  488.96255 
 326.16336  486.05328 
 585.68597  489.9733 
 287.62891  493.72275 
 551.56036  495.27121 
 322.22269  501.20856 
 334.54767  506.99963 
 288.43582  508.95105 
 584.84161  510.08801 
 519.55225  516.97809 
 538.68359  527.59491 
 18.259272  557.73859 
 562.39093  576.83893 
 23.68783  578.72577 
 275.8837  130.36613 
 219.91406  134.77985 
 223.30502  149.49956 
 20.961977  162.65814 
 361.65863  163.49414 
 317.57092  169.3522 
 285.60211  172.52486 
 353.36823  173.42041 
 276.40863  178.98877 
 176.45258  184.0471 
 399.84909  184.6946 
 192.85156  185.05042 
 209.15356  197.12772 
 352.06744  204.22382 
 167.89392  233.06818 
 422.32019  238.35316 
 124.73448  279.40329 
 271.03726  307.4725 
 8.1267118  324.17963 
 444.85745  360.09265 
 356.19479  370.01538 
 419.98596  378.32578 
 168.32889  397.55566 
 52.629475  418.81757 
 388.79501  425.51486 
 308.06085  442.23352 
 593.1048  441.87723 
 382.11981  451.18164 
 334.17697  448.94406 
 580.44464  448.65747 
 384.54694  463.62317 
 253.49416  470.02606 
 279.8736  477.66556 
 257.82907  485.27383 
 329.95892  498.96259 
 287.84293  509.11826 
 520.4209  516.53168 
 535.73871  529.28687 
 526.82758  531.90857 
 532.36029  543.23688 
 341.57339  30.282118 
 483.82703  50.881947 
 465.58652  73.010048 
 246.88724  140.9576 
 285.1897  156.25688 
 270.63388  159.70857 
 300.07504  160.10873 
 252.28731  163.93622 
 295.59116  173.94099 
 329.78162  186.11142 
 400.55307  205.68176 
 166.37605  211.74475 
 328.62308  231.66934 
 402.09668  232.31897 
 370.53238  245.60048 
 334.61298  251.72652 
 125.30923  252.92548 
 97.748039  261.49414 
 591.4397  262.91873 
 440.10577  280.03329 
 571.39996  284.59735 
 30.632521  296.1951 
 99.524506  307.96692 
 420.84958  312.79489 
 138.70299  325.75986 
 431.94183  332.76752 
 455.38519  339.43024 
 148.93045  345.06589 
 409.14517  358.04556 
 154.23962  386.59445 
 356.09756  389.41202 
 501.54333  396.24484 
 303.28088  396.95612 
 152.90144  410.03253 
 256.30984  416.50659 
 283.67697  424.95306 
 215.40041  444.1983 
 193.54291  454.00864 
 314.60742  458.60852 
 340.50177  466.02063 
 543.55786  480.67975 
 332.32382  482.89316 
 33.118977  536.91632 
 14.901922  541.18329 
 241.83989  165.57294 
 281.88382  187.51251 
 219.2325  187.1066 
 378.39966  189.15291 
 385.48468  202.19542 
 191.60945  210.65973 
 119.9629  365.55133 
 166.85532  414.14728 
 297.21204  461.24411 
 241.82803  466.88864 
 233.8085  477.3768 
 28.27483  589.9693 
 251.69255  157.74666 
 308.67133  159.85565 
 299.14017  169.18117 
 252.61052  171.16766 
 225.99815  186.44196 
 165.23677  205.87918 
 353.1958  210.14568 
 175.82773  214.8428 
 391.0162  223.74651 
 150.94601  220.54143 
 330.07285  256.03616 
 415.9696  352.47574 
 179.2393  366.29025 
 110.54417  392.63028 
 162.22252  393.31793 
 173.01093  395.66684 
 387.17722  403.47601 
 259.32288  411.36792 
 200.47905  428.10144 
 339.01196  437.51501 
 340.81659  458.19617 
 201.5638  456.31232 
 525.15625  529.01379 
 237.99789  174.10968 
 200.53116  213.74036 
 201.62148  216.09058 
 375.25363  210.26907 
 160.12714  219.63475 
 570.51581  290.46881 
 385.15805  427.58112 
 296.33841  456.57242 
 230.9836  480.81534 
 357.95261  166.68129 
 163.12169  404.60403 
 246.50473  153.24055 
 217.75154  159.25641 
 182.23299  390.14197 
 202.32942  422.16656 
 290.88815  450.71771 
 250.46555  468.8421 
 353.50516  476.07211 
 248.97343  486.5394 
