 282.7326  16.877348 
 166.67888  40.09148 
 367.77838  55.74464 
 480.28323  63.794628 
 489.89026  66.556534 
 503.04758  66.649712 
 130.39458  69.727577 
 422.36731  75.658997 
 301.43326  113.88488 
 64.081146  119.21296 
 98.349724  119.4641 
 75.24662  132.24657 
 233.39558  140.17264 
 272.74249  141.40259 
 250.23212  144.54181 
 275.62939  146.58104 
 291.48508  146.99039 
 294.9873  152.24312 
 340.86392  157.07071 
 79.195435  157.95872 
 366.14203  160.76297 
 289.35468  162.61609 
 310.18344  164.45044 
 270.51953  167.06882 
 297.83182  169.17389 
 324.86816  169.83058 
 312.63132  170.54668 
 273.99042  171.84828 
 362.02792  172.34793 
 375.23013  172.04613 
 239.45265  174.72609 
 204.39142  176.11475 
 413.43875  177.94348 
 183.18896  179.34799 
 236.68672  181.0764 
 349.62946  180.68668 
 232.93687  183.29718 
 218.12262  189.39366 
 75.554726  193.00175 
 218.60944  195.17607 
 387.87427  194.85487 
 75.568527  199.84256 
 36.213932  205.34567 
 398.13013  206.39627 
 548.33533  206.71004 
 202.68188  207.95901 
 107.16357  211.35426 
 169.43456  216.09677 
 167.04759  223.0638 
 192.66383  223.05435 
 361.69662  222.61928 
 172.60326  227.83894 
 584.45386  228.47441 
 191.89143  229.15839 
 500.87866  233.72621 
 585.59369  234.94746 
 178.48798  242.13271 
 498.64136  242.72501 
 408.8493  244.17798 
 84.07869  244.99461 
 160.42628  244.70566 
 141.98026  258.98953 
 175.36154  261.61902 
 108.69034  270.17404 
 294.397  271.49356 
 426.61206  273.50867 
 156.9872  277.03909 
 415.73737  278.20154 
 297.27444  281.02652 
 583.71375  280.53333 
 530.90253  281.5625 
 415.16025  284.35324 
 165.47679  285.52353 
 145.12975  289.82483 
 166.80421  291.37903 
 532.31635  292.65817 
 287.53549  294.33759 
 81.908051  296.70248 
 415.59741  301.52237 
 301.42395  302.03201 
 58.086693  303.32477 
 65.562431  304.34589 
 172.86275  305.93964 
 591.052  306.61966 
 57.767914  308.97528 
 589.85126  313.57971 
 416.86014  316.57809 
 167.63039  325.97049 
 173.62288  328.21848 
 409.83505  331.93311 
 159.44815  334.16818 
 173.40575  340.02469 
 254.8437  343.13751 
 254.1918  348.86853 
 401.35074  349.61829 
 568.99811  351.72009 
 187.05531  356.58994 
 150.66458  362.13 
 298.55258  364.49353 
 191.75221  364.90329 
 474.19702  366.79028 
 150.69727  368.26434 
 203.21094  371.44147 
 209.25676  372.14215 
 102.40919  375.78946 
 556.51196  382.29669 
 364.35028  382.84787 
 220.00438  383.70782 
 226.27184  390.20245 
 366.20099  389.91791 
 234.6076  394.8945 
 226.53857  396.12549 
 338.51465  401.33163 
 240.16182  404.21622 
 247.15648  403.55707 
 258.12811  407.2894 
 338.90619  407.83994 
 272.3042  410.71152 
 328.49649  410.76407 
 312.65558  412.64276 
 382.77502  413.0889 
 188.06799  416.89902 
 390.03415  416.49817 
 274.60904  417.82422 
 312.60907  420.18567 
 262.56696  422.07275 
 343.7731  424.77094 
 331.74112  430.62222 
 302.36197  432.14481 
 554.19843  432.99725 
 337.17621  436.25195 
 346.48941  435.85318 
 315.52731  441.24222 
 347.25662  443.00974 
 316.36707  458.61652 
 493.13312  464.77835 
 143.63301  469.80063 
 75.975037  478.32373 
 504.99301  481.01865 
 504.39856  487.15695 
 496.31992  524.87946 
 453.04904  526.32306 
 379.54349  527.87225 
 183.88451  529.82684 
 133.48715  531.14044 
 354.21735  533.31396 
 448.34805  534.52795 
 115.79704  537.8468 
 348.08005  542.44733 
 370.14105  542.24792 
 290.91153  544.43396 
 322.397  544.05322 
 451.2959  545.12946 
 416.24194  547.21039 
 300.67215  547.67456 
 311.76465  548.34967 
 175.81638  550.95251 
 291.32559  551.25647 
 416.84781  553.37769 
 268.74692  558.16852 
 293.31165  558.99158 
 259.49438  563.34766 
 193.07373  563.81024 
 267.65482  565.10632 
 441.40598  564.84906 
 459.22488  568.04242 
 241.28661  568.9671 
 440.63263  570.94421 
 459.22449  574.35901 
 213.86275  576.84174 
 452.45218  589.28613 
 281.66116  8.4746666 
 233.97018  12.97026 
 243.32434  17.686459 
 179.75586  35.188942 
 167.33252  40.175823 
 334.01456  44.957878 
 367.65994  55.562222 
 438.11804  58.547688 
 500.94809  59.12851 
 481.02319  63.100468 
 367.71286  63.710136 
 490.33771  65.960884 
 448.88947  67.450432 
 503.22171  66.744408 
 457.24625  68.364807 
 130.51846  69.91925 
 422.55115  75.558441 
 550.76166  79.924141 
 440.33508  83.11393 
 130.77518  84.770409 
 553.4447  88.802437 
 76.700104  97.180206 
 76.585175  104.80881 
 510.55359  108.54242 
 301.56848  113.7874 
 64.886322  119.12233 
 98.287994  119.80702 
 14.551324  127.02461 
 227.10155  128.11205 
 303.07187  127.97449 
 75.635376  132.81621 
 234.83389  133.01768 
 249.68271  136.45384 
 289.39951  137.41162 
 233.27557  140.77652 
 272.34732  141.06009 
 250.58553  145.59052 
 291.62561  146.15036 
 277.51547  147.20424 
 240.40625  150.26595 
 341.4306  149.73354 
 321.41263  151.58176 
 359.40509  151.32675 
 68.201714  152.78976 
 293.73599  152.72035 
 365.9212  152.93831 
 245.25911  154.7883 
 341.18124  156.82135 
 81.257805  159.56169 
 67.870461  160.59454 
 358.10281  160.94066 
 247.35809  162.9375 
 289.49738  162.39343 
 374.0318  164.53523 
 272.47781  165.44315 
 297.07095  169.3093 
 323.22141  169.50034 
 394.10767  168.99013 
 288.2753  169.7249 
 351.34628  170.01892 
 312.38742  171.1635 
 361.42053  171.89955 
 374.65356  172.2397 
 239.32516  174.47205 
 264.58957  175.08984 
 557.19708  174.84335 
 204.82355  176.61711 
 413.42657  177.65999 
 183.26804  179.508 
 224.6049  179.55975 
 335.23376  179.94643 
 392.76721  179.8508 
 349.45514  181.02359 
 235.14778  182.47913 
 359.66513  181.99217 
 401.29889  187.24023 
 183.5619  188.60416 
 217.65198  188.81366 
 226.06038  190.08281 
 359.01157  190.19852 
 75.54348  192.1064 
 540.72778  194.30966 
 388.40387  194.56999 
 158.66809  195.51463 
 218.40543  196.59581 
 75.791145  200.41275 
 382.94504  200.11765 
 36.816738  205.15321 
 107.95238  204.34796 
 398.1554  206.16782 
 548.20856  206.57565 
 202.63959  207.25902 
 418.11905  206.54016 
 169.47208  208.94957 
 159.56128  210.26277 
 408.07169  210.64851 
 107.63838  211.91827 
 395.61737  213.69357 
 193.74016  214.5545 
 169.563  215.96191 
 360.70657  222.092 
 167.5535  223.14674 
 192.16875  222.9203 
 331.55771  222.3466 
 409.99805  223.92233 
 557.151  224.48764 
 172.60255  227.99309 
 584.15631  228.27049 
 192.16753  230.67508 
 425.08041  230.0081 
 166.16341  233.53801 
 501.29575  234.54129 
 565.20117  235.42647 
 585.75732  235.16229 
 152.66176  240.91876 
 141.4745  241.72505 
 500.67252  242.68239 
 408.17099  244.53554 
 159.54991  244.82646 
 416.55026  246.69482 
 170.66908  250.22754 
 534.30359  250.14828 
 169.66571  256.78702 
 141.66742  259.11572 
 534.90698  259.38019 
 549.14008  259.91632 
 295.41632  263.69427 
 103.02421  265.70416 
 358.79263  266.40494 
 443.06052  266.24838 
 108.78573  270.41028 
 294.06485  272.13974 
 426.87256  273.375 
 583.48987  272.76654 
 100.77709  276.37769 
 158.27084  275.97772 
 415.60068  276.70596 
 288.80356  281.43182 
 583.11487  280.58627 
 449.40799  281.60794 
 532.46375  282.11008 
 48.314323  283.42126 
 414.52985  285.35406 
 157.87631  285.55728 
 144.52568  289.14053 
 424.3472  291.34866 
 165.61128  291.78287 
 374.09998  291.90717 
 532.11884  291.64529 
 38.392303  294.49213 
 174.26097  293.68414 
 286.53149  294.0957 
 303.20123  295.12195 
 69.583351  297.33542 
 82.487968  297.54034 
 47.928162  300.42438 
 57.889164  301.52771 
 415.69247  301.61639 
 301.48941  302.68576 
 66.036552  304.71982 
 406.86588  305.27072 
 172.26498  305.79773 
 435.74637  306.04871 
 590.80994  305.99567 
 57.816719  309.36429 
 157.36972  310.59802 
 590.23041  313.5769 
 416.71616  316.36127 
 576.85663  318.79266 
 213.3808  320.2619 
 161.14267  321.10632 
 311.02066  321.15231 
 151.312  322.06866 
 428.97018  323.3808 
 167.19121  325.59082 
 174.12651  329.97229 
 402.29825  330.48721 
 576.71753  330.93582 
 152.86169  331.18536 
 411.39966  333.08292 
 158.65088  334.37 
 206.92848  334.77142 
 423.51501  335.96045 
 173.1026  339.80469 
 254.8445  342.35141 
 163.01753  342.69275 
 253.67149  349.26001 
 401.2626  349.44702 
 7.6738901  351.14993 
 392.87405  352.13614 
 569.35571  352.16449 
 585.75952  354.35892 
 325.15118  355.16852 
 410.38425  354.92303 
 195.16963  358.69608 
 477.10733  358.12531 
 138.89235  358.60956 
 104.01081  359.85461 
 150.53345  361.04303 
 258.41867  361.5257 
 409.45206  363.75217 
 191.52882  365.50107 
 298.2226  364.70059 
 474.82275  366.86124 
 150.9294  368.56381 
 381.86667  368.50916 
 483.53427  371.3483 
 203.218  372.17395 
 211.71233  371.45938 
 297.09995  372.18634 
 103.32504  375.28317 
 58.075138  377.61908 
 91.93634  380.02875 
 381.20575  379.67874 
 272.54926  382.43475 
 554.31305  381.96924 
 364.54654  382.64993 
 220.28036  383.88733 
 544.72003  386.09711 
 366.1792  390.31827 
 555.69342  390.28879 
 314.85535  393.10184 
 236.25935  395.54703 
 539.67694  395.4469 
 225.50153  396.87433 
 213.64539  397.72052 
 369.61343  398.02933 
 338.23425  400.42075 
 247.72537  403.27829 
 546.98138  403.62408 
 239.18079  405.08899 
 354.10007  404.67349 
 212.05009  406.19769 
 258.33664  407.20193 
 338.99088  408.49997 
 272.51837  409.96988 
 327.83405  410.54437 
 545.93524  410.82428 
 311.83716  412.12381 
 300.56558  412.36111 
 381.92633  412.68146 
 264.92703  413.59253 
 341.19684  413.3757 
 235.98291  415.64706 
 391.16516  416.27573 
 188.86868  417.16788 
 240.83766  417.58017 
 274.04602  418.27444 
 329.14438  418.87704 
 312.07745  420.08789 
 262.81064  422.34341 
 361.78488  422.90704 
 342.62927  423.89429 
 45.766739  424.57874 
 284.54953  425.52768 
 304.36627  425.55124 
 511.80362  427.54642 
 272.87149  428.42105 
 331.37979  429.582 
 301.33878  432.74509 
 554.64832  433.22385 
 517.40015  434.98843 
 337.76447  436.3714 
 346.90106  435.80435 
 119.58485  440.70682 
 315.121  441.39999 
 326.24457  440.56601 
 275.53171  441.67737 
 337.05118  443.33481 
 347.46671  442.77454 
 300.86829  447.04642 
 59.369255  453.23303 
 505.87997  452.45633 
 87.435608  455.31659 
 493.29526  456.76367 
 315.57922  459.27371 
 507.15314  461.53302 
 493.77304  464.77008 
 142.58307  470.3168 
 495.90961  473.0343 
 116.93108  475.09412 
 75.737785  478.42325 
 504.79266  479.44681 
 504.1257  487.36295 
 60.159515  510.94452 
 527.58368  513.09149 
 79.820419  514.61206 
 94.899887  515.12256 
 497.07953  517.2851 
 92.796669  523.3606 
 496.46756  525.07233 
 453.91028  526.96326 
 380.11685  527.91394 
 183.14247  529.8075 
 133.56291  531.48389 
 106.18332  531.70557 
 168.32909  532.01221 
 122.64729  532.46149 
 354.52795  533.7038 
 462.42792  534.00763 
 345.43692  534.62201 
 448.14102  534.6933 
 332.6218  536.03711 
 116.14026  538.36578 
 120.88602  540.15973 
 369.66013  542.18396 
 347.88727  543.17731 
 175.44781  543.53052 
 290.62814  543.76483 
 322.69629  544.29468 
 451.24609  543.61182 
 332.7562  544.71973 
 415.90131  545.92035 
 299.2114  547.4292 
 311.76694  547.4671 
 217.64423  547.69342 
 371.78897  549.36926 
 174.74515  551.15363 
 291.49213  551.24847 
 422.30695  550.62457 
 416.44418  553.54425 
 233.53062  554.64392 
 311.8656  555.15314 
 280.45731  557.48029 
 269.19949  558.28497 
 293.6925  558.71301 
 238.47673  560.98633 
 226.32391  563.37921 
 192.80652  563.44928 
 234.28929  563.96228 
 259.43536  563.82336 
 440.86975  563.66364 
 268.16022  565.50122 
 280.38596  565.15472 
 216.9314  565.74573 
 458.69312  567.20898 
 241.10295  569.45313 
 156.30489  570.5191 
 190.2737  571.10712 
 440.12271  571.26208 
 459.40659  575.05157 
 140.03531  576.15436 
 213.97649  576.67761 
 452.49289  589.3833 
 244.01567  16.918154 
 180.0482  34.181145 
 436.39594  58.779518 
 368.21188  64.80024 
 130.55829  70.762169 
 89.641739  72.279419 
 550.52771  78.807076 
 442.21268  85.465042 
 552.84613  90.494263 
 76.1241  96.109268 
 271.74484  140.62056 
 363.90854  151.38564 
 320.13757  152.01649 
 80.868813  160.33046 
 68.495094  161.24654 
 289.82019  162.21513 
 313.63666  162.14182 
 246.56625  163.47501 
 271.09128  164.95772 
 258.01135  169.07892 
 394.11948  168.86847 
 286.88104  170.11035 
 413.51941  177.43481 
 220.77109  183.85127 
 358.72244  181.28067 
 235.7962  183.22845 
 184.06915  188.77795 
 358.42511  190.23872 
 371.14175  191.82243 
 388.72061  193.55391 
 540.68121  194.12039 
 218.17715  198.36542 
 37.742188  205.25377 
 202.94318  205.95209 
 408.66571  210.65346 
 361.32736  222.23453 
 556.4444  223.73315 
 167.03041  232.8407 
 141.55295  241.02702 
 141.39417  259.12958 
 549.53741  260.19086 
 101.06599  275.7334 
 158.4615  276.08716 
 449.85873  281.41818 
 532.85449  282.40521 
 423.76694  291.35931 
 174.91328  293.45468 
 83.139641  297.6825 
 158.12328  309.95499 
 416.62479  316.802 
 576.6485  318.46924 
 174.89627  330.40796 
 401.72134  329.69455 
 577.53973  330.17764 
 206.19479  335.14047 
 162.58415  342.88535 
 409.69998  354.27518 
 582.64642  353.603 
 477.2923  356.83041 
 150.66505  359.60776 
 475.91635  367.29745 
 151.00311  368.87466 
 203.7029  373.30463 
 59.126179  377.40857 
 553.64996  381.33148 
 272.56265  382.58047 
 543.64545  385.80823 
 212.32657  406.32828 
 238.9024  405.69925 
 350.54935  403.1395 
 257.90265  407.05786 
 264.98578  413.44427 
 390.89612  416.07297 
 237.54713  416.43829 
 273.99405  418.32666 
 341.44736  423.18933 
 361.24561  423.6337 
 511.56314  426.93973 
 330.97287  428.43491 
 275.03265  428.31442 
 299.29269  434.64386 
 517.29626  435.99484 
 337.85739  436.43317 
 275.59708  442.03323 
 338.39658  446.09183 
 544.27936  448.68256 
 505.05881  451.36807 
 87.456665  454.40488 
 76.947021  487.61804 
 79.849251  514.55182 
 496.33841  514.04004 
 381.04324  528.59143 
 182.94843  529.83777 
 122.25197  531.026 
 168.26157  531.59125 
 355.03616  534.23767 
 119.75455  539.96997 
 451.7959  542.93689 
 370.65619  550.0152 
 312.07916  555.24017 
 269.24377  558.07709 
 154.95723  561.66089 
 440.38831  562.35791 
 458.22705  566.10822 
 140.86575  576.60736 
 415.69055  18.545132 
 440.83923  47.498253 
 345.96359  54.026344 
 459.64493  66.164703 
 64.916634  98.518677 
 541.97601  111.07397 
 302.24771  115.59504 
 299.66943  127.14632 
 289.08542  134.67004 
 244.28137  137.95096 
 516.04871  140.54352 
 245.74963  150.57755 
 300.87915  156.37961 
 360.21814  161.3577 
 324.45938  166.44234 
 297.12103  169.95781 
 353.4118  170.12706 
 266.90643  174.48413 
 555.25201  175.1738 
 207.23872  178.66682 
 248.42259  179.00705 
 392.0643  179.47942 
 335.30951  180.24603 
 350.83356  182.09459 
 162.08418  192.69951 
 380.24387  199.25955 
 159.50696  206.94119 
 394.72083  216.49362 
 201.61003  219.02342 
 332.47598  219.38713 
 410.97006  223.73912 
 369.20682  230.48845 
 534.38342  246.81351 
 417.34546  249.90158 
 245.92398  251.64877 
 423.44061  253.73489 
 167.3878  253.99254 
 425.5054  260.81775 
 534.35809  260.78232 
 46.470779  281.19147 
 285.54651  280.89447 
 519.64539  282.48529 
 143.02675  284.0491 
 579.51801  283.97333 
 411.77155  286.27014 
 286.81332  293.33929 
 69.852776  294.37598 
 417.29654  302.94388 
 436.22318  305.58676 
 63.741665  307.68066 
 184.66618  311.60617 
 429.2731  324.39249 
 356.00241  332.4213 
 155.08748  333.54086 
 411.20383  336.14578 
 187.93375  345.45499 
 355.77118  348.61237 
 389.93115  352.57001 
 198.88481  358.15466 
 105.21199  359.91724 
 260.10614  360.39438 
 188.36063  364.89526 
 380.89886  367.01291 
 272.04318  371.04327 
 105.08195  373.13553 
 296.43918  377.41803 
 383.67728  378.07339 
 91.361176  379.0296 
 553.47766  391.54776 
 316.00629  392.10455 
 87.5653  394.00842 
 238.01123  394.5925 
 337.69809  396.75565 
 541.57806  398.17508 
 223.76909  399.94165 
 273.57208  406.19873 
 378.93497  409.57547 
 307.01895  411.07849 
 340.34775  410.9866 
 253.71841  416.87823 
 292.93338  421.66721 
 309.11249  425.10739 
 544.8183  431.7063 
 327.86221  440.98563 
 300.24728  446.81577 
 315.0762  448.55908 
 491.7504  452.96402 
 504.78223  463.83612 
 501.99573  475.89557 
 82.77684  503.71988 
 453.76401  528.76099 
 516.03473  533.9397 
 340.48245  535.25488 
 467.35471  535.46802 
 175.43724  540.73462 
 323.14023  544.35547 
 296.70105  548.00916 
 231.56004  551.47192 
 216.25243  552.64063 
 420.01151  553.00964 
 230.29291  564.88483 
 243.15906  14.636101 
 246.71927  135.17094 
 245.90837  150.38184 
 320.14441  169.17326 
 305.04312  171.23322 
 221.2294  179.86595 
 353.99377  194.49976 
 200.60588  219.15797 
 332.89288  219.05226 
 550.95062  244.55255 
 165.6633  256.77911 
 425.26242  258.17859 
 534.28534  261.36551 
 143.42546  283.28299 
 410.81528  285.7738 
 69.263107  294.46194 
 418.47287  301.9566 
 184.90752  311.61328 
 399.77994  325.52704 
 314.07086  350.72693 
 200.06219  356.47409 
 272.73819  370.70773 
 296.34155  378.08234 
 341.22577  389.05209 
 377.78632  398.91025 
 222.90387  400.83109 
 261.57458  402.28476 
 341.93054  411.59143 
 270.93671  415.24805 
 511.33194  424.98611 
 336.31241  425.66434 
 298.23837  432.36624 
 504.41208  464.13254 
 88.86937  469.48593 
 73.889809  473.80438 
 89.111061  499.95724 
 339.20059  534.51086 
 215.70409  553.18866 
 231.69206  565.10205 
 344.16196  51.334854 
 447.85117  86.435898 
 296.48196  131.22296 
 299.73718  155.22707 
 316.07858  159.04698 
 260.06247  162.68881 
 333.42587  180.40941 
 375.27542  182.45975 
 378.2973  192.51257 
 393.98712  196.74182 
 198.70012  198.83961 
 220.72581  201.41803 
 179.91081  218.20857 
 365.06137  231.77577 
 141.8714  236.36433 
 88.051117  270.76059 
 176.61116  295.9082 
 289.89963  299.88983 
 439.76486  307.11124 
 376.86981  315.20001 
 160.65242  328.45474 
 409.78363  338.87811 
 154.75093  350.64594 
 355.95154  351.64679 
 242.10043  387.58829 
 550.68146  387.64279 
 560.75903  392.98706 
 547.00958  404.7193 
 308.75574  407.15195 
 313.63651  425.53317 
 178.44566  529.60742 
 270.40424  168.17334 
 294.29019  182.85197 
 329.40594  188.50522 
 353.33777  200.15283 
 406.13528  317.97974 
 209.77679  329.95813 
 195.81644  351.70386 
 204.46664  353.7955 
 381.65768  359.94919 
 275.76151  366.72177 
 342.10855  397.78439 
 228.07414  404.97491 
 255.2363  420.97232 
 495.86594  463.96152 
 270.79214  156.53952 
 293.79419  162.60942 
 248.92088  181.32507 
 228.1497  206.05083 
 193.74944  208.09125 
 384.67029  212.44839 
 193.05844  245.3829 
 373.39069  267.12103 
 533.10779  266.89124 
 379.66003  380.02155 
 228.34889  380.60022 
 307.23053  403.65585 
 251.1839  426.68695 
 226.89389  164.56354 
 358.24048  163.91423 
 229.22961  205.26434 
 394.15164  311.52078 
 212.276  348.83304 
 197.25151  361.1879 
 382.50333  367.58322 
 350.08163  380.04272 
 251.39018  424.58838 
 314.74521  434.83353 
 265.66254  153.31447 
 241.39177  158.44568 
 332.21124  180.72878 
 227.29736  203.99574 
 297.24057  394.09543 
 268.24106  414.15292 
 293.96317  258.85724 
 368.1546  365.4537 
