 83.768089  73.162689 
 77.968925  73.845879 
 277.67642  123.61047 
 514.36005  156.74446 
 58.417255  324.85281 
 72.528175  335.3248 
 103.1337  345.85385 
 109.81579  345.85757 
 120.93872  349.3721 
 2.0091963  354.7218 
 16.891897  358.29251 
 158.75725  363.03586 
 165.75557  363.73154 
 46.862011  368.09744 
 179.62811  369.07031 
 216.24367  383.41098 
 86.451248  383.7644 
 247.50723  390.04739 
 113.4837  392.97769 
 271.2272  393.1268 
 121.22328  393.90143 
 304.31885  395.00336 
 328.65143  398.18564 
 344.72775  400.4003 
 384.38394  401.14325 
 353.70654  401.98206 
 363.84372  402.43607 
 340.01776  404.1351 
 348.68378  405.73224 
 387.65686  406.18036 
 551.85565  410.10803 
 563.27679  409.99344 
 480.96252  413.03223 
 576.0918  412.80008 
 557.40051  414.13324 
 465.03738  415.27866 
 529.95782  415.30832 
 502.25726  416.46802 
 473.84018  416.81543 
 588.38312  416.86563 
 448.95825  418.25778 
 246.74799  424.73962 
 545.07288  429.60324 
 405.43378  431.42139 
 316.31827  437.56509 
 336.87387  440.89502 
 183.17476  441.96158 
 292.08755  442.17188 
 299.4931  444.13058 
 521.10486  445.4202 
 515.39825  446.58749 
 484.05804  449.12677 
 494.22855  449.88458 
 426.84958  452.39709 
 372.70544  452.81326 
 412.5983  454.02335 
 432.90356  455.71487 
 504.04602  467.27078 
 474.39746  469.87833 
 577.15021  470.02679 
 527.7536  471.07452 
 586.23682  471.25632 
 597.28967  471.08112 
 561.74573  471.99692 
 591.68719  471.75842 
 503.33411  473.52832 
 551.14325  475.00781 
 494.08472  476.55209 
 557.05109  476.64987 
 501.11639  478.69748 
 45.554348  548.09241 
 206.90279  549.33209 
 197.63116  550.08716 
 298.9245  12.038836 
 84.156029  73.143394 
 77.613968  74.736916 
 276.92294  123.26013 
 269.1134  126.12397 
 514.28882  157.73045 
 507.08368  159.19785 
 13.521986  313.71185 
 3.1476183  316.16705 
 23.897552  318.24844 
 32.792732  319.43484 
 58.750633  324.45834 
 81.650375  336.30994 
 124.39334  356.84149 
 16.436165  357.22891 
 47.467957  368.65186 
 179.2617  368.40482 
 60.311729  368.71103 
 70.128784  375.39987 
 80.384827  376.33212 
 187.29831  376.46201 
 86.165207  382.94226 
 77.290199  383.85815 
 248.03058  389.6008 
 258.18674  390.09695 
 237.83066  392.73816 
 112.73495  393.17313 
 271.48853  392.55069 
 121.41638  393.59924 
 289.51801  394.1796 
 130.87183  394.92578 
 263.29587  396.53589 
 329.66714  397.78693 
 372.90131  398.92105 
 296.73367  399.8158 
 353.67041  401.07343 
 384.35556  400.52167 
 339.86377  404.66736 
 577.69714  404.35785 
 182.93681  407.18512 
 388.1521  406.95959 
 551.67224  409.36398 
 563.22839  409.21707 
 481.59634  412.33041 
 433.62296  412.43576 
 576.97028  413.1983 
 510.49893  413.36777 
 557.49683  414.55188 
 501.332  416.93207 
 226.26491  418.00253 
 588.66748  417.71133 
 449.14734  418.88528 
 245.08989  424.16815 
 545.8017  428.84109 
 405.54303  430.94455 
 435.57294  431.23526 
 471.84241  431.01212 
 556.3822  431.02615 
 426.84616  431.95377 
 564.4303  433.84888 
 462.46799  435.78372 
 316.07803  436.22177 
 577.79578  438.37961 
 336.41345  441.2597 
 183.45868  442.55206 
 291.99768  441.66095 
 299.62589  443.47119 
 310.12781  443.48746 
 505.1283  444.07544 
 595.98645  444.93802 
 350.38351  446.30338 
 363.93671  446.32999 
 502.05807  445.56097 
 514.60199  447.46823 
 483.06293  449.41336 
 494.56509  450.28574 
 385.26263  451.11636 
 426.05032  451.93552 
 372.40491  453.20169 
 412.27606  453.35834 
 399.30231  453.25833 
 433.22809  456.40353 
 404.91525  459.3486 
 454.77652  461.84747 
 577.45013  469.01938 
 473.73303  470.57098 
 481.60913  469.46979 
 527.76758  470.42334 
 561.99933  471.48572 
 536.25525  474.2103 
 494.08551  475.82663 
 45.5023  548.54895 
 198.59854  549.34283 
 206.55032  549.41919 
 37.613823  550.60474 
 190.06418  552.31525 
 166.12267  363.20862 
 169.76421  369.772 
 378.06665  404.49753 
 442.96796  414.0643 
 596.92877  470.66864 
 557.23193  477.24969 
 485.76535  477.64563 
 317.19815  42.422516 
 277.09927  123.49059 
 268.49738  126.02946 
 13.011418  313.689 
 124.54068  357.07053 
 156.8387  364.30743 
 23.49193  364.78537 
 48.287125  369.45496 
 186.27734  376.09171 
 76.790085  384.04041 
 271.67389  392.02753 
 111.73552  393.28369 
 289.66312  393.82251 
 303.3494  393.69635 
 280.84467  397.97946 
 296.98553  400.61813 
 192.83676  402.97638 
 578.23975  403.1647 
 182.79837  407.72379 
 481.94196  411.70993 
 577.53699  413.30289 
 226.43893  418.19922 
 473.21793  418.00787 
 472.0679  430.63821 
 396.9682  433.56931 
 316.12146  435.61829 
 463.13486  435.77417 
 480.0155  438.16257 
 310.22998  443.90811 
 350.43658  446.492 
 514.36902  447.31293 
 372.17908  453.37677 
 412.17599  452.65201 
 481.9892  468.63599 
 548.38098  474.38046 
 536.10315  475.14914 
 571.11432  474.67728 
 206.61067  549.2373 
 36.855541  550.81207 
 298.85733  12.57849 
 16.00593  310.38129 
 30.679413  319.27435 
 5.0438242  317.54779 
 49.582424  327.81683 
 83.044708  335.0166 
 52.925747  336.07574 
 68.321236  337.1441 
 134.9695  353.61234 
 14.831154  354.50745 
 4.8478365  357.95059 
 141.61809  364.82309 
 37.31303  361.78101 
 98.715263  365.94269 
 180.4612  368.3638 
 76.755569  373.80942 
 108.81195  380.73782 
 183.63377  380.74268 
 200.36444  380.99722 
 217.03494  382.4556 
 223.05392  384.50284 
 96.69706  386.79675 
 237.69925  392.95947 
 213.66234  395.61057 
 399.60089  403.99118 
 388.04471  406.37878 
 164.21767  407.10983 
 335.27109  409.26596 
 564.41223  408.78598 
 205.62971  410.86948 
 433.46112  411.45859 
 209.85915  412.79327 
 462.34955  412.70511 
 516.44708  412.72772 
 500.86917  418.61987 
 557.42798  419.26154 
 587.71802  419.67361 
 528.85083  420.67545 
 242.644  423.87845 
 437.79202  430.92026 
 279.95486  440.77652 
 503.00873  442.1528 
 594.07434  443.86569 
 383.06107  450.10648 
 448.75723  450.51926 
 457.45648  462.98395 
 527.65338  466.07275 
 587.47437  472.86548 
 495.80121  474.11774 
 513.2442  475.42014 
 124.4752  356.85272 
 289.84357  393.51248 
 352.68732  399.42261 
 364.90308  405.18088 
 266.90524  435.09531 
 310.44296  444.00183 
 31.520094  313.98212 
 7.9119878  318.74719 
 67.464676  337.3985 
 29.057266  343.14154 
 117.06213  348.09723 
 96.049614  353.70978 
 72.337059  355.27264 
 37.264629  361.69818 
 183.56059  369.05341 
 25.694218  366.00677 
 96.601837  386.77722 
 259.75006  395.9516 
 235.23393  400.09872 
 403.35544  404.19116 
 340.77383  404.35846 
 436.00793  410.80151 
 461.54004  410.90549 
 516.58087  412.79684 
 416.20331  417.48575 
 497.897  416.46582 
 529.84894  420.81012 
 258.85172  425.04681 
 412.78006  431.75302 
 488.56967  434.03363 
 318.0101  47.315132 
 136.61154  345.66235 
 137.64809  353.7323 
 82.008263  372.9715 
 222.26859  382.77011 
 270.1799  385.17264 
 296.50339  387.59155 
 271.99777  398.23718 
 136.98843  402.87735 
 188.23438  400.07712 
 582.4126  414.39545 
 424.7052  423.05786 
 473.00385  423.20795 
 238.60846  423.87943 
 270.31693  437.10812 
 500.46375  439.34875 
 330.62518  441.12473 
 269.53738  441.80325 
 449.09595  447.40933 
 412.69815  453.392 
 484.64725  449.6864 
 583.21997  455.34741 
 478.23746  456.62598 
 453.39612  462.49304 
 528.35168  462.31265 
 553.41949  472.43201 
 581.22443  473.83279 
 275.65161  121.51204 
 31.929033  310.06982 
 52.626888  341.20993 
 60.714252  340.16324 
 227.45094  361.11569 
 149.58376  374.61496 
 48.896477  374.68289 
 252.4335  396.07809 
 119.70476  385.52386 
 385.74536  389.25412 
 343.34302  398.77213 
 414.75156  386.33972 
 376.82364  405.03799 
 246.42407  406.34506 
 310.68442  406.22195 
 387.55255  415.86908 
 365.41391  436.30972 
 385.83105  442.121 
 431.95483  457.23221 
 464.80856  466.31528 
 474.11459  469.28772 
 593.8822  471.811 
 512.11084  478.08578 
 349.58316  87.035973 
 92.166153  324.2149 
 29.297714  359.45575 
 121.41988  381.68695 
 9.1012344  364.64386 
 269.7269  381.48013 
 302.33191  384.85699 
 288.53635  393.73862 
 46.723648  374.43002 
 187.09399  389.0672 
 259.26135  390.19217 
 97.743248  394.28738 
 552.65613  410.48041 
 400.93887  402.90677 
 452.4574  403.98389 
 236.46788  392.96191 
 168.5518  417.15753 
 321.87299  412.91153 
 409.66779  422.35825 
 298.51547  432.77213 
 457.2728  432.76437 
 500.43723  445.15268 
 494.33517  444.10037 
 372.07816  445.56982 
 339.73477  456.46796 
 528.03918  457.06863 
 348.23529  469.83493 
 494.27353  465.84494 
 572.53967  486.51797 
 35.659744  298.38367 
 12.844877  321.7677 
 147.00894  355.23441 
 245.05734  374.51627 
 245.85797  387.52249 
 310.00235  400.06619 
 514.44897  401.36877 
 182.96103  407.41434 
 471.38812  419.00623 
 244.85301  424.58569 
 212.84735  430.52209 
 270.31201  455.00015 
 577.72894  457.77646 
 444.44791  465.87173 
 462.35217  477.50925 
 522.22681  476.38699 
 57.119514  308.00833 
 114.2284  326.9653 
 41.670792  345.728 
 84.816231  365.82788 
 52.080647  372.09894 
 272.75095  373.17899 
 45.272034  389.92273 
 401.44495  402.03421 
 409.35248  403.43964 
 574.005  402.30515 
 545.03577  410.10016 
 374.58221  424.15137 
 397.51883  432.2319 
 473.14594  431.7522 
 250.46248  452.51468 
 558.55731  444.69574 
 499.90671  471.76868 
 530.66211  478.06329 
 289.36755  393.42825 
 318.85574  376.53156 
 120.8997  376.66153 
 202.196  383.77213 
 244.34209  384.02664 
 511.44162  396.70413 
 207.41731  403.72507 
 235.46313  411.27811 
 521.25134  411.51541 
 474.44614  416.12592 
 299.47287  417.96091 
 575.18298  429.15173 
 426.31128  433.9321 
 267.20358  435.01932 
 576.77893  469.50076 
 374.97806  472.64993 
 587.55878  492.59842 
