 311.02505  77.848068 
 233.16377  90.608681 
 130.07498  158.95078 
 279.30984  197.68143 
 273.13718  199.99333 
 36.282799  328.06482 
 161.14995  378.64777 
 187.27397  383.82135 
 193.66515  383.51538 
 101.71969  387.81882 
 111.69054  387.85269 
 275.18253  406.13458 
 158.95584  407.08786 
 289.20938  407.54184 
 282.68643  410.25385 
 320.06833  410.25562 
 15.737198  411.84488 
 338.72775  412.88416 
 328.06689  415.68839 
 400.50101  421.64996 
 437.57339  421.51932 
 511.50079  422.25281 
 496.49509  423.35776 
 453.27966  425.22028 
 561.24969  424.79611 
 520.68658  425.7489 
 412.54865  426.62201 
 543.77435  427.97351 
 573.60724  429.4118 
 255.02725  430.84988 
 568.17065  432.42136 
 593.92792  432.91672 
 546.52106  434.71387 
 378.97333  436.06381 
 309.63184  440.22937 
 422.97855  439.75662 
 512.29407  441.81686 
 290.76157  444.08038 
 325.33902  443.98669 
 296.85556  445.76282 
 463.48361  448.53903 
 438.96732  450.27161 
 447.75406  450.93274 
 394.87842  452.19269 
 384.17889  453.35269 
 542.13641  453.319 
 562.34937  458.89063 
 565.82281  459.85464 
 431.73865  466.55493 
 473.48734  466.55469 
 499.88428  467.4469 
 529.49353  467.17239 
 447.49802  470.74075 
 550.23505  475.50421 
 556.25958  477.75226 
 563.57343  478.29764 
 582.08759  479.43173 
 100.15735  526.83563 
 218.48979  527.56183 
 224.85854  527.52869 
 310.58014  76.999855 
 299.60968  78.407455 
 233.26488  90.900185 
 296.16449  111.74549 
 279.29984  198.11987 
 272.409  199.96951 
 463.10886  224.89555 
 2.8867443  318.49292 
 36.935661  327.62836 
 28.373775  330.02551 
 44.333324  331.68143 
 49.256264  339.17776 
 19.608011  342.60699 
 75.391129  344.60577 
 5.4503345  352.17819 
 47.101475  354.44003 
 119.29263  362.52509 
 128.51834  362.02991 
 51.63166  364.43396 
 169.98254  375.66888 
 64.676056  377.32693 
 77.029144  377.56561 
 161.46181  379.04773 
 174.48659  382.48062 
 111.46153  386.78488 
 204.29492  386.88992 
 102.37627  388.5928 
 126.00199  392.70026 
 220.45901  397.77182 
 148.6454  398.28442 
 233.36755  398.45963 
 124.11845  400.02393 
 139.28435  401.73215 
 275.31165  405.48688 
 151.10712  406.97336 
 249.12062  407.09018 
 167.10374  408.55792 
 321.62335  409.9462 
 282.31561  410.58685 
 15.082981  412.14975 
 306.603  412.00421 
 294.8143  412.86356 
 512.71173  414.13852 
 356.59106  416.35052 
 206.40764  417.83328 
 502.05481  418.47803 
 400.42297  420.65015 
 438.21744  420.66068 
 462.23257  421.68781 
 512.19604  422.58231 
 228.55632  422.42142 
 561.51398  425.49957 
 240.362  426.32889 
 452.55542  425.91852 
 520.50641  426.16461 
 412.66412  427.29559 
 474.07126  427.45358 
 543.81403  428.97037 
 574.64331  429.83508 
 253.65779  430.68881 
 265.20715  432.28641 
 545.50623  433.39246 
 568.29993  433.81744 
 593.61902  433.93988 
 430.1105  434.78687 
 379.30713  435.6282 
 403.08176  436.01331 
 496.61026  437.00894 
 309.51956  439.08835 
 423.63251  439.98254 
 316.43329  443.67615 
 324.90875  444.21399 
 305.43896  446.16757 
 454.44028  445.98428 
 345.66986  446.565 
 336.1358  448.47156 
 463.18552  448.97763 
 362.06281  450.85794 
 437.75095  450.91705 
 383.8876  452.56827 
 543.49524  453.03903 
 554.96729  454.13156 
 401.30975  456.26898 
 585.94122  457.15173 
 563.9552  459.65158 
 438.1225  465.00455 
 473.31296  465.27374 
 431.06442  466.64325 
 499.62268  466.80072 
 530.53131  467.13245 
 448.186  469.7446 
 462.28229  470.41779 
 479.93951  470.31036 
 507.07056  470.04712 
 538.93439  470.42493 
 550.16064  476.13831 
 582.56854  478.96884 
 593.93073  483.9194 
 100.14642  527.34625 
 224.91724  527.4292 
 218.3481  527.56879 
 93.063568  528.83765 
 194.36359  383.05356 
 208.97902  394.32361 
 289.18283  407.0867 
 299.76666  407.0256 
 328.01193  415.90451 
 353.1326  453.58139 
 489.24225  469.29532 
 310.13016  76.390625 
 300.08881  77.390678 
 19.537086  342.75244 
 46.780273  355.40958 
 129.4734  361.43445 
 52.681381  364.33945 
 170.03282  375.49789 
 204.87007  386.93311 
 102.6175  389.37589 
 258.58044  403.18896 
 248.86423  407.05447 
 167.97235  409.04358 
 321.8609  409.71188 
 337.65192  410.99487 
 14.83941  412.24234 
 501.81003  418.47809 
 422.52502  421.77551 
 561.35791  425.55954 
 430.57608  429.94958 
 474.58856  427.94153 
 403.8688  436.37738 
 595.02075  435.97351 
 361.40048  450.24847 
 584.2934  456.57291 
 563.36414  459.87079 
 448.84412  468.79721 
 520.77399  469.28604 
 479.96017  470.84372 
 575.26135  483.74786 
 296.24048  111.26442 
 4.9126744  320.91589 
 41.607162  329.94385 
 27.152042  330.78903 
 4.9937606  335.94308 
 77.607567  345.91803 
 4.9676266  353.2916 
 116.15046  362.08157 
 105.41734  362.60199 
 87.1548  366.98901 
 55.723888  368.08643 
 44.667782  369.59607 
 156.61812  370.19461 
 76.421303  376.06247 
 65.271797  378.14941 
 93.959656  381.22192 
 128.3967  392.02722 
 150.62486  396.13092 
 205.95586  398.94223 
 237.52121  399.01166 
 205.42461  404.47125 
 147.05734  408.15112 
 308.68805  412.53033 
 196.91847  414.61063 
 376.29599  414.77151 
 464.74094  420.55157 
 517.9353  424.5455 
 593.52832  424.0665 
 374.55737  426.39996 
 451.19864  425.9635 
 496.32846  429.71497 
 395.91269  429.88522 
 252.61305  431.30295 
 265.70776  430.33087 
 544.53705  431.76889 
 413.80875  433.20981 
 580.79376  436.03424 
 384.63071  436.85864 
 514.56342  438.75162 
 497.96243  440.56897 
 453.43246  442.81097 
 320.52426  444.00848 
 414.68277  448.64908 
 380.96414  450.04895 
 546.51257  452.6192 
 531.8894  454.27927 
 518.73724  455.04965 
 401.83383  457.06161 
 417.43277  460.87552 
 473.53745  461.4303 
 494.45001  467.59827 
 462.26074  471.27661 
 576.0813  473.15002 
 550.91119  477.32022 
 18.221224  321.05453 
 61.156143  339.46356 
 84.647171  386.13739 
 230.46924  408.97632 
 280.54129  410.58734 
 337.5755  410.53873 
 594.56958  436.34329 
 306.88455  446.08026 
 584.14465  456.19501 
 573.41913  484.3782 
 41.846676  330.08823 
 69.900208  348.2179 
 61.270981  352.42468 
 57.183701  368.8071 
 137.43082  376.71252 
 203.94577  385.54263 
 210.93668  379.77386 
 128.15286  391.76248 
 236.61604  397.67053 
 262.629  409.1922 
 157.35602  400.98224 
 295.33438  403.23889 
 378.33887  410.38132 
 401.06674  419.99927 
 350.04947  415.867 
 532.26184  420.25244 
 197.28249  420.45721 
 590.67566  419.64877 
 518.13763  424.51804 
 450.9155  425.39566 
 564.15625  425.98993 
 266.48883  428.32401 
 583.53284  431.24707 
 515.02502  437.87073 
 443.38116  438.96878 
 274.24152  440.93307 
 356.57605  447.22583 
 452.53592  442.61826 
 357.26242  444.31479 
 413.31976  448.69629 
 439.79968  450.64194 
 493.76004  467.71143 
 580.89587  474.89294 
 282.28494  83.103378 
 296.42902  110.05334 
 310.68903  137.6288 
 278.42938  196.7173 
 45.446056  321.41965 
 163.06738  372.39133 
 103.39884  393.08051 
 213.17862  404.60776 
 255.41689  417.16949 
 306.38464  412.26559 
 259.18695  409.1774 
 529.58734  438.85818 
 569.58368  446.08206 
 546.86938  451.55222 
 384.04169  452.65942 
 421.27167  463.32816 
 430.71848  466.20251 
 571.72168  475.6908 
 516.27087  469.57358 
 87.643272  332.73047 
 69.005188  362.27176 
 106.61493  366.65454 
 241.58591  380.54993 
 180.96117  393.02655 
 288.14529  406.68045 
 204.83711  402.31116 
 330.62674  410.64975 
 392.34445  397.53073 
 492.54218  419.7309 
 534.46576  409.98886 
 4.7332315  413.87878 
 374.8924  413.39633 
 356.73627  416.23621 
 264.22525  424.49268 
 443.33231  425.10095 
 381.78757  433.45831 
 441.48236  433.41498 
 295.58557  437.69855 
 431.21463  435.68958 
 496.0972  436.97113 
 254.22746  431.30463 
 566.14935  443.375 
 273.92847  452.30807 
 335.87225  465.08051 
 447.54004  463.03326 
 410.68396  469.77884 
 537.64014  467.04132 
 277.47235  72.579613 
 34.049042  304.32297 
 57.363766  318.92752 
 28.509691  335.47491 
 169.37538  360.50861 
 45.159203  370.8168 
 133.62527  381.04224 
 223.15541  400.03601 
 228.76608  393.68683 
 274.57819  391.84744 
 159.41226  398.46011 
 104.26144  391.53711 
 465.89999  412.1792 
 589.59949  415.24277 
 137.46852  416.58398 
 189.28841  427.72028 
 575.45959  429.84427 
 589.87677  432.95081 
 537.83307  434.97632 
 554.66412  443.15051 
 500.49265  455.90091 
 420.4743  472.35513 
 469.65729  471.56686 
 514.37683  480.84637 
 78.992989  341.33591 
 7.9316778  361.39346 
 145.21593  376.78537 
 94.294243  370.24545 
 11.907131  381.83554 
 65.557724  378.46393 
 49.099697  395.63269 
 49.992535  389.86282 
 273.92468  386.10684 
 336.74014  409.99966 
 248.75734  406.86005 
 167.06181  408.98505 
 301.42178  413.39072 
 432.65878  424.784 
 553.97131  435.8949 
 394.61267  438.20099 
 270.87375  439.25757 
 234.28438  446.90436 
 321.84937  446.55466 
 252.73318  456.66919 
 559.21051  473.54269 
 518.78607  462.2742 
 548.74139  470.23642 
 528.4621  494.64612 
 556.6413  494.0376 
 102.57944  361.38882 
 35.285389  358.04416 
 84.221733  373.56161 
 198.50302  392.3309 
 286.23935  404.68939 
 544.16797  406.79562 
 145.76671  395.95273 
 198.36566  407.91336 
 444.53888  451.35315 
 268.12723  428.18887 
 293.0907  429.27899 
 372.65823  436.30148 
 478.4248  472.15994 
 578.8725  477.10205 
 507.79803  487.03317 
 128.14311  336.41385 
 65.192436  369.50726 
 126.29858  369.15033 
 172.72649  383.32233 
 130.64413  390.11954 
 177.69707  403.65152 
 467.10422  405.69418 
 393.67157  415.52805 
 580.80255  425.94989 
 180.36343  432.65143 
 497.80667  440.58539 
 593.71143  461.04422 
 336.52975  470.6001 
 463.36932  485.56674 
