 233.09872  90.546867 
 228.65343  92.290627 
 130.00768  158.97552 
 125.17586  159.97745 
 279.28845  198.01901 
 272.55087  199.99782 
 463.11139  224.38765 
 457.61914  225.57559 
 36.210346  328.21738 
 30.047474  329.74124 
 44.292057  331.74609 
 49.199257  339.0737 
 61.270432  339.74356 
 75.370781  344.6889 
 83.421356  348.7439 
 90.193733  349.79959 
 47.173634  354.25836 
 110.45346  353.53595 
 103.18273  356.56528 
 114.92548  359.41898 
 37.123161  361.93762 
 119.37092  362.43005 
 128.52225  362.08203 
 143.64339  372.66367 
 150.4361  369.86542 
 156.01492  371.92606 
 169.98967  375.7713 
 161.37781  378.99625 
 77.093468  377.71225 
 94.743279  383.21301 
 185.63654  385.20782 
 193.55309  383.62006 
 102.24482  388.45224 
 111.71296  388.00443 
 196.444  388.54318 
 204.20537  386.96667 
 220.72557  398.29813 
 124.30412  399.97684 
 131.73956  399.10214 
 233.23167  398.44342 
 139.23759  401.71167 
 241.10313  400.54785 
 243.30678  401.7283 
 258.22858  403.20383 
 249.07962  407.00339 
 275.27594  405.61374 
 151.21207  406.90411 
 158.94606  407.16412 
 167.02077  408.55722 
 289.19348  407.65891 
 299.72226  406.92566 
 282.31857  410.57498 
 321.40179  409.99402 
 306.55264  411.90781 
 324.02521  411.2081 
 353.65863  411.21246 
 294.82126  412.75027 
 312.54803  412.99725 
 338.37766  412.09314 
 362.5069  412.61026 
 347.86728  416.1279 
 357.77768  415.40295 
 328.11771  415.52094 
 223.92717  420.75482 
 501.8255  418.59158 
 492.13245  419.52963 
 388.85333  421.93317 
 400.37082  420.78638 
 438.09235  420.78818 
 512.04395  422.51184 
 419.85428  423.20264 
 423.36285  422.59262 
 461.99432  421.79221 
 496.5455  423.2063 
 452.70172  425.84503 
 474.0983  427.27637 
 561.28003  424.7291 
 240.28802  426.27505 
 412.63239  427.20447 
 431.11432  426.25684 
 520.54932  426.08612 
 543.81964  428.81418 
 253.76657  430.68912 
 568.14758  432.05594 
 265.2207  432.63681 
 487.18661  434.59814 
 545.80035  433.88406 
 378.94543  436.11768 
 430.19293  435.03735 
 496.42731  436.89359 
 395.66858  436.62433 
 272.12418  439.7139 
 423.5574  439.95633 
 309.57562  439.21451 
 512.70264  441.29443 
 290.75058  444.24365 
 324.99142  444.20554 
 206.87869  444.86206 
 296.36472  444.82556 
 305.34641  446.10626 
 454.61069  446.00555 
 468.60776  447.26935 
 336.104  448.34396 
 463.22543  448.89838 
 439.16965  450.19592 
 447.69733  450.85861 
 362.16562  450.95929 
 394.97736  452.27127 
 353.35599  453.12991 
 543.31775  453.05869 
 373.97604  453.65253 
 383.94791  452.69815 
 533.11102  454.8985 
 555.05255  454.15695 
 401.07797  456.18353 
 378.36789  457.69336 
 562.09772  458.72287 
 566.45105  459.82397 
 455.2569  463.80161 
 431.1644  466.71347 
 438.05313  465.09589 
 511.95166  465.737 
 473.48672  466.70752 
 530.35754  467.13928 
 499.92004  467.58478 
 520.8418  469.0932 
 454.29892  468.62332 
 479.97986  470.1813 
 507.03018  469.96527 
 489.22919  469.12537 
 448.0452  469.91156 
 538.82623  470.40463 
 441.10529  472.14078 
 496.23459  471.7674 
 550.15588  476.07141 
 556.67719  477.83392 
 563.39636  478.31085 
 100.15514  526.72021 
 218.3623  527.59137 
 224.89656  527.6037 
 299.61069  78.621101 
 296.20627  111.64395 
 51.450333  364.53711 
 64.621979  377.20007 
 174.61292  382.24496 
 83.163269  384.9982 
 126.22784  392.86029 
 209.03438  394.17212 
 148.48273  398.25745 
 213.62619  413.42477 
 512.71838  414.20999 
 375.72485  414.87631 
 206.40834  417.86874 
 228.72749  422.47836 
 402.98242  436.10349 
 316.26578  443.78281 
 345.76065  446.71722 
 462.24048  470.33246 
 93.108513  528.84619 
 233.25774  90.890793 
 130.35481  158.86792 
 463.1102  224.86414 
 194.42949  383.06528 
 111.51433  386.99969 
 158.9373  406.56396 
 289.19998  407.0332 
 327.74911  416.01727 
 356.87112  416.14426 
 496.28439  426.68597 
 379.25192  435.70563 
 437.9342  450.79828 
 448.01923  451.15878 
 394.50314  451.90176 
 353.08594  453.64969 
 473.38544  465.65503 
 499.68069  466.94012 
 100.15192  527.24231 
 224.91261  527.40753 
 310.16077  76.430473 
 300.06351  77.432961 
 296.0647  111.66838 
 279.46307  198.61589 
 271.49243  200.27574 
 75.976692  345.15359 
 67.222404  347.47198 
 84.557159  348.28433 
 88.514503  348.81796 
 65.046829  351.01605 
 103.06832  356.97305 
 105.53632  362.10522 
 129.1982  361.58078 
 117.81528  362.65649 
 170.06953  375.46762 
 76.569588  376.5545 
 65.316277  377.8862 
 93.901016  382.14462 
 83.839058  385.43399 
 174.64607  384.78909 
 204.74706  386.86926 
 102.54778  389.20483 
 125.38103  391.92548 
 149.48647  397.09158 
 206.51711  397.58646 
 237.28819  399.21939 
 139.6333  402.17676 
 275.14063  404.97574 
 299.38602  405.77652 
 149.93083  407.44833 
 248.89563  407.08286 
 167.89551  409.0126 
 230.3145  408.73401 
 321.87146  409.7309 
 281.60608  410.79248 
 337.7468  411.23203 
 308.20868  412.55396 
 366.26532  417.68054 
 501.71307  418.39194 
 400.6528  420.23004 
 438.91132  419.9118 
 464.17905  421.26813 
 388.6644  422.21039 
 422.66357  421.8616 
 513.66083  422.87164 
 240.31267  426.37238 
 452.35129  426.41803 
 520.08447  426.30768 
 412.67575  427.24405 
 430.62112  427.1911 
 474.45755  427.8537 
 396.84464  429.55399 
 253.27222  430.96942 
 265.3884  431.25696 
 403.92551  436.47885 
 497.98669  438.34854 
 424.11411  440.58774 
 513.56268  440.47885 
 295.64807  443.59366 
 318.50961  443.60971 
 324.38171  444.2627 
 454.3613  444.32639 
 306.01791  446.18793 
 345.58942  445.92734 
 336.51987  448.79535 
 463.49091  448.53775 
 361.37112  450.23657 
 383.05023  451.69611 
 402.26642  456.72464 
 418.3945  461.11508 
 430.5957  466.05826 
 531.71039  467.36453 
 448.73291  469.07913 
 507.33542  470.1933 
 537.06226  469.56232 
 462.4592  470.7388 
 479.94257  470.91473 
 156.42595  400.62836 
 293.68088  404.17319 
 497.7168  465.48657 
 295.28772  109.63627 
 88.42952  347.12646 
 130.03645  359.6033 
 113.67881  361.3623 
 157.45476  369.50009 
 140.8889  372.82022 
 166.19133  372.90247 
 93.475952  379.71658 
 184.80286  385.40479 
 203.88402  385.47583 
 102.2616  390.84738 
 127.04733  390.98676 
 235.79771  396.78485 
 217.66696  397.85596 
 261.12305  401.66107 
 206.37531  401.45605 
 140.52151  404.98438 
 217.77356  403.75494 
 272.67609  403.14673 
 322.38504  408.09567 
 248.71989  406.94363 
 335.7728  408.72739 
 168.91606  410.22491 
 212.81026  404.06436 
 307.65656  412.9303 
 376.07437  413.40091 
 197.50929  415.53439 
 349.82468  416.7291 
 402.22171  418.07294 
 464.21802  418.35757 
 419.83218  419.37299 
 228.09663  422.71249 
 385.90997  422.2106 
 373.34906  426.6257 
 450.74313  426.50839 
 430.40945  428.43243 
 474.55835  427.39777 
 265.49371  429.02814 
 393.31091  429.82227 
 495.76285  430.81268 
 251.03268  431.59894 
 414.49207  434.45016 
 293.82153  437.94586 
 273.63846  441.27191 
 452.23822  442.38489 
 497.52316  441.32465 
 320.25867  444.46948 
 345.45276  444.0733 
 357.52457  447.58255 
 414.25885  447.2009 
 381.38141  449.95276 
 400.7999  457.2984 
 425.1123  464.40729 
 447.10651  467.25488 
 462.07315  471.58105 
 479.05167  471.70258 
 492.90805  464.76157 
 129.52997  358.89471 
 161.05875  370.96957 
 137.94557  375.20306 
 202.96567  384.27695 
 125.22041  390.42273 
 235.38536  396.03583 
 264.71854  402.6004 
 274.22543  403.99365 
 330.73816  409.22165 
 248.93706  406.53839 
 306.39969  412.71072 
 374.41019  413.26025 
 353.79837  416.34055 
 465.25644  415.17902 
 270.27982  420.34494 
 287.16595  425.20856 
 431.04712  426.30759 
 451.02209  425.58774 
 372.88873  427.87094 
 249.22183  430.30908 
 418.20154  437.21509 
 349.96017  445.79449 
 273.54984  442.36246 
 360.52942  442.32605 
 371.93552  442.80505 
 452.42166  444.13049 
 315.66019  445.30307 
 383.24649  450.45987 
 401.40887  458.07172 
 446.29395  462.89554 
 422.57016  464.52884 
 463.98718  472.14117 
 409.22128  413.97507 
 236.50035  391.01855 
 185.85632  387.80057 
 273.21121  399.09921 
 209.53679  396.547 
 199.73927  405.15891 
 330.74875  402.37659 
 207.47182  407.43555 
 305.91928  414.01938 
 355.46912  420.84106 
 227.21577  426.05457 
 265.32407  425.19952 
 378.64005  424.02148 
