 236.05896  73.398064 
 231.1687  74.515709 
 125.64266  145.78296 
 120.68293  146.84737 
 285.11777  187.42647 
 278.11154  189.7377 
 481.37332  215.28598 
 475.58551  216.86258 
 33.647472  331.04572 
 52.31926  339.58475 
 67.811386  344.32535 
 76.010277  348.58582 
 83.073311  349.70343 
 38.033913  352.59238 
 104.73235  353.6813 
 97.068802  356.98007 
 113.26184  363.30307 
 124.02692  362.87766 
 140.48866  373.60825 
 147.44141  371.0528 
 153.32039  373.50284 
 168.39052  377.17911 
 159.29208  380.63406 
 69.556038  379.88132 
 185.32497  387.0629 
 193.43454  385.82352 
 87.38884  384.48581 
 96.009743  390.62616 
 205.16074  389.5611 
 106.08843  389.63498 
 196.78195  390.85641 
 222.27803  400.91666 
 127.58028  402.30991 
 235.65839  401.1485 
 119.9353  403.08969 
 135.50826  404.84772 
 240.93695  402.8389 
 246.68268  405.20474 
 261.32205  406.95596 
 147.63722  410.9325 
 252.89757  410.48279 
 280.71909  409.47748 
 156.57565  410.90308 
 164.95947  412.15793 
 295.59567  410.84384 
 307.04022  410.81033 
 288.43274  414.4104 
 329.89453  413.95996 
 301.66287  416.51215 
 314.04492  415.6875 
 333.22736  415.3363 
 364.49881  415.21613 
 321.31845  416.90289 
 341.29205  416.03262 
 348.31226  416.35059 
 374.03046  416.80206 
 357.99432  420.19778 
 369.1633  419.45236 
 337.26813  419.55991 
 344.26059  420.79462 
 376.85764  421.35986 
 387.89099  419.18857 
 225.10069  424.76822 
 512.24774  424.07629 
 522.36957  423.20526 
 401.52899  426.20996 
 414.51877  425.6626 
 454.54443  425.58481 
 479.32291  426.64374 
 533.28162  427.1492 
 434.96811  428.11795 
 438.47842  426.77359 
 516.92572  427.92453 
 494.09875  429.14761 
 447.3287  430.96063 
 470.32953  430.43546 
 542.7937  430.92212 
 243.39902  431.09137 
 427.49915  432.00739 
 567.57495  432.8623 
 257.96216  435.84912 
 259.76065  436.24817 
 270.04581  436.87851 
 507.02936  440.13327 
 570.52899  440.21487 
 516.6911  442.21329 
 391.35727  441.66525 
 446.31131  441.10519 
 409.30356  442.48984 
 277.00058  445.27109 
 438.9061  445.71054 
 317.50272  445.27853 
 534.24438  447.48325 
 334.03751  450.27792 
 207.74695  450.88187 
 297.5401  450.66748 
 303.69559  451.30209 
 312.90469  452.203 
 475.1153  451.98663 
 346.2579  455.06863 
 487.20203  453.55252 
 481.52444  455.41861 
 456.08313  456.61185 
 464.86877  457.33624 
 374.01926  457.80197 
 408.74762  459.06396 
 363.97485  460.29617 
 396.91794  459.64398 
 565.08844  460.31287 
 386.09586  460.68567 
 558.83203  460.93954 
 414.746  462.96896 
 390.75836  464.6647 
 472.86426  471.45383 
 448.15497  474.04254 
 454.56137  472.98819 
 533.52521  473.61511 
 492.42062  474.61212 
 520.49725  475.38348 
 543.21124  475.91748 
 552.8222  474.85266 
 472.58292  476.61588 
 499.35626  477.87881 
 528.09363  477.72531 
 509.40274  477.26825 
 465.04944  478.07797 
 561.19501  478.81326 
 457.89215  480.07813 
 516.69946  479.60886 
 470.63461  481.41782 
 93.885857  538.40387 
 220.15463  539.4549 
 227.0304  539.263 
 306.76822  60.276718 
 303.32361  95.530205 
 56.307064  378.79376 
 173.40491  383.91751 
 76.1465  387.36993 
 122.14034  395.92984 
 385.16687  417.41281 
 215.31187  417.85333 
 534.13043  418.79095 
 207.28159  422.14838 
 493.2403  431.58325 
 416.85358  441.78226 
 472.07993  452.68954 
 356.64978  453.56815 
 86.664291  540.66919 
 236.08891  73.492714 
 126.04057  145.71275 
 481.34549  215.97087 
 474.85229  217.17039 
 81.729774  348.75253 
 194.23915  385.2489 
 197.02698  391.79416 
 156.60747  410.44501 
 336.9332  420.09561 
 368.17883  420.17191 
 516.78723  428.82306 
 391.56516  441.27835 
 454.83304  457.05814 
 465.22141  457.70413 
 408.1478  458.694 
 386.65509  459.59888 
 447.46436  474.43408 
 492.31967  473.76846 
 520.51422  474.79083 
 457.23538  480.46658 
 93.9151  539.0318 
 318.34427  57.863819 
 307.29489  58.926918 
 303.15765  95.589912 
 285.30844  188.03351 
 277.21924  189.91469 
 68.641335  344.73328 
 59.278061  347.11285 
 76.849007  348.12125 
 124.65032  362.34409 
 68.824615  378.58804 
 173.22263  386.64063 
 105.97042  388.42645 
 137.68832  387.69751 
 205.6711  389.45255 
 96.373779  391.3259 
 120.33073  394.64355 
 146.29999  400.4118 
 207.74066  400.36789 
 135.98151  405.2919 
 262.32358  406.76849 
 280.76788  408.78815 
 252.83487  410.7226 
 295.77072  410.52295 
 165.84415  412.48953 
 232.95251  412.12238 
 330.33508  413.70322 
 347.66461  415.46188 
 315.62384  416.39661 
 301.54529  418.30017 
 206.23531  421.6355 
 334.15268  423.28543 
 522.71552  422.95389 
 414.44821  424.9632 
 455.31482  424.69577 
 401.26367  426.51724 
 481.74539  426.03067 
 229.67934  426.87158 
 533.74823  427.20715 
 243.43193  431.22647 
 447.13931  431.39139 
 469.97308  431.16571 
 427.61172  432.19882 
 493.17255  432.88345 
 410.79526  434.45303 
 257.31052  436.02475 
 417.66507  441.8609 
 518.40607  443.40787 
 317.55746  444.03482 
 439.5231  445.78268 
 452.96219  446.94116 
 535.00104  446.78555 
 287.97925  450.28107 
 302.90134  450.12991 
 325.793  449.6431 
 333.55533  450.34683 
 472.05316  451.48218 
 313.38538  452.34009 
 356.0574  452.54092 
 481.57153  455.11234 
 373.10541  457.10364 
 396.48129  458.8689 
 363.98965  460.56546 
 416.05426  463.46582 
 433.61063  468.22253 
 454.91724  472.2587 
 465.83713  477.22141 
 528.3891  478.05237 
 480.54523  478.48663 
 499.37006  478.60757 
 227.27588  539.43091 
 219.70686  539.65771 
 159.04256  380.13937 
 153.94788  403.15561 
 305.84436  408.91028 
 287.11893  414.51556 
 453.21463  457.67841 
 491.79776  471.03561 
 438.82178  471.74518 
 518.91858  473.26041 
 302.22595  93.614227 
 284.30133  187.58498 
 125.63027  360.42612 
 109.40987  362.16956 
 154.38431  370.94183 
 137.8123  373.99448 
 167.67749  375.39774 
 86.780716  381.70859 
 182.7959  386.71301 
 205.54504  388.1843 
 95.984856  392.95792 
 122.91211  393.79135 
 218.78047  400.30127 
 239.13638  400.16165 
 264.30145  405.53055 
 206.20909  404.00351 
 137.56665  408.33371 
 278.64325  407.04669 
 252.58951  410.63522 
 331.07248  412.0976 
 345.80066  413.00876 
 166.79793  413.94669 
 215.51247  407.84546 
 315.83191  416.83771 
 388.21002  417.56296 
 198.81091  419.69537 
 360.08984  420.79187 
 375.65521  421.41995 
 456.51526  422.12631 
 415.75055  423.15909 
 435.86786  424.43185 
 482.38644  423.33032 
 225.87791  425.94037 
 398.88571  426.56732 
 385.67386  431.39337 
 468.15161  431.25607 
 493.49265  432.61282 
 270.25787  434.32629 
 446.42334  433.72675 
 255.43582  436.65884 
 407.71735  435.02618 
 428.48483  438.8627 
 278.41699  446.58069 
 300.47168  444.15225 
 470.06448  448.38934 
 328.83047  450.43137 
 358.36209  451.7587 
 428.80591  453.99521 
 370.11795  455.10922 
 393.5918  456.58032 
 414.89212  464.23315 
 464.51202  475.32617 
 480.05429  479.45306 
 498.53021  479.50327 
 300.71252  407.9772 
 125.80385  359.62802 
 157.50633  371.73987 
 136.47612  374.43246 
 205.7753  380.44238 
 204.37207  387.32074 
 121.28694  393.35214 
 238.8912  399.61545 
 269.41385  406.26752 
 280.47897  407.84912 
 253.04208  410.25876 
 388.6188  409.93298 
 314.11053  416.59378 
 386.11566  417.39697 
 363.82669  420.32199 
 432.99438  420.91388 
 274.48434  424.39127 
 468.44116  430.46002 
 385.27264  432.39853 
 446.71774  432.12488 
 253.34438  435.70911 
 405.38455  436.12793 
 433.26199  442.26181 
 278.97372  447.97131 
 470.30374  449.40826 
 323.96878  451.08469 
 396.19333  457.30457 
 414.42752  464.52682 
 445.36118  474.07108 
 463.60199  473.1532 
 481.13446  480.14206 
 340.02139  406.66254 
 423.24576  418.56232 
 227.15862  427.84845 
 183.29868  389.13226 
 240.13977  394.88193 
 213.31276  400.50455 
 277.62036  402.92172 
 210.27715  411.22379 
 313.99292  417.8801 
 365.87637  423.9585 
