 204.88504  43.457859 
 88.364655  121.91923 
 83.093437  122.66938 
 264.00156  167.58762 
 256.55136  170.12404 
 479.81802  198.13536 
 472.93948  200.22816 
 157.23541  335.65588 
 34.030251  344.97351 
 41.586185  346.29895 
 65.432243  350.63602 
 57.820274  353.43448 
 75.640823  360.89896 
 86.5849  360.84875 
 105.04182  371.6806 
 112.13086  369.75586 
 122.22765  372.83826 
 119.0071  372.76898 
 135.3046  376.6456 
 125.42355  379.94357 
 154.66812  386.71863 
 163.00658  385.98425 
 55.591209  390.72476 
 67.058006  390.28397 
 166.62572  391.02048 
 175.32655  390.00171 
 194.97409  402.05753 
 82.414871  404.39764 
 90.745033  404.16605 
 209.3009  402.87 
 99.02861  406.31644 
 215.8521  405.72726 
 222.00917  407.32785 
 238.0287  409.03714 
 247.04355  410.90039 
 114.51154  412.83759 
 228.32956  412.53436 
 122.47858  413.38419 
 259.08533  411.97211 
 131.37187  414.49924 
 275.45651  413.51474 
 287.88202  412.65649 
 242.71835  414.7027 
 267.24973  417.28339 
 295.55179  418.237 
 312.47046  416.87115 
 282.13794  419.13895 
 351.10031  418.20923 
 304.22787  419.67383 
 317.15845  418.54047 
 325.61694  419.24719 
 361.6525  419.95166 
 333.68991  419.70035 
 343.66769  423.23627 
 321.30804  422.73962 
 355.48785  423.28091 
 329.15781  424.13049 
 178.39046  425.5643 
 364.59448  424.5437 
 378.11844  423.13031 
 196.08357  427.87305 
 513.87695  428.08801 
 524.22949  427.97302 
 392.16937  430.39673 
 406.31894  429.99298 
 450.10068  429.84814 
 536.8028  431.10162 
 476.70468  430.9592 
 509.63232  432.12585 
 518.93378  431.88873 
 433.01688  431.26862 
 493.53757  434.50842 
 442.48282  435.12262 
 467.87531  434.55978 
 547.40643  435.22955 
 217.99562  435.4313 
 420.51328  436.33582 
 231.86198  439.2655 
 234.50424  440.79962 
 247.33797  444.19754 
 507.76389  445.82867 
 518.11798  447.36783 
 380.95364  447.056 
 400.76129  447.94397 
 441.23996  446.92505 
 254.89261  450.91837 
 498.27161  448.84665 
 257.22989  450.65845 
 432.81049  451.5434 
 299.53998  451.62021 
 537.61609  453.71198 
 317.95285  456.55823 
 178.78195  457.14789 
 277.70383  457.23755 
 294.20578  458.69165 
 284.42227  458.22415 
 473.35086  458.43726 
 485.9989  460.22748 
 330.72568  461.15231 
 480.05215  462.05841 
 452.2659  463.59332 
 461.52417  464.31107 
 362.017  465.22299 
 350.70273  467.42444 
 400.21341  466.56793 
 375.35086  467.198 
 387.00891  467.19196 
 565.2215  468.20898 
 406.15323  470.35245 
 380.32138  473.18973 
 470.47968  480.10492 
 442.76938  483.13815 
 450.14786  481.90247 
 536.98608  482.64743 
 491.99164  483.60696 
 523.02625  483.84439 
 545.26685  483.76627 
 548.05194  484.52057 
 556.46735  483.79166 
 469.92657  485.78769 
 499.66208  486.66644 
 531.08038  486.57184 
 511.11975  486.75037 
 513.13873  487.14346 
 461.50983  487.67661 
 567.19019  488.10181 
 453.5004  489.72321 
 518.60773  488.71121 
 467.83438  490.54083 
 53.64061  554.13586 
 192.54211  554.66125 
 200.00815  554.6098 
 283.9635  66.371017 
 300.63718  93.89473 
 108.71154  377.44781 
 140.39012  386.00403 
 47.727978  385.89197 
 76.135841  396.58521 
 85.034439  397.14868 
 182.28127  397.60437 
 219.42433  405.6535 
 373.48672  420.21716 
 187.44423  421.48932 
 537.56201  422.59872 
 483.55997  430.85129 
 408.46564  447.39218 
 524.92963  449.88452 
 469.5881  459.74408 
 342.81915  460.69254 
 46.061771  555.98419 
 88.824036  121.86385 
 479.73651  198.92679 
 65.68602  350.21939 
 163.6483  385.47702 
 166.77759  391.96872 
 122.58607  412.99863 
 351.15695  417.87527 
 361.50436  419.43118 
 321.11429  423.30591 
 365.70175  425.20535 
 525.45758  426.79102 
 518.85834  432.48911 
 508.52066  445.08047 
 400.07816  448.11026 
 278.16016  456.79044 
 179.12003  457.7243 
 451.04639  463.96606 
 461.88193  464.69461 
 399.38699  466.11411 
 537.12213  481.5246 
 491.97934  482.84589 
 283.80753  66.649719 
 264.17093  168.12698 
 255.79327  170.16151 
 87.180466  360.23904 
 60.195049  362.53329 
 125.49084  379.97977 
 101.45428  387.52612 
 66.860611  389.09555 
 176.117  389.80887 
 83.097412  395.73611 
 110.64762  402.42673 
 81.723785  404.86584 
 214.09454  404.48639 
 99.669731  406.86905 
 259.19247  411.39429 
 113.32116  413.07123 
 228.38972  413.0433 
 275.64679  413.0509 
 132.16583  414.88852 
 313.46017  416.64658 
 296.32492  419.09848 
 333.14355  418.76074 
 282.15494  420.36691 
 538.13098  421.26257 
 177.91087  425.66449 
 406.15152  429.27255 
 450.77374  429.00378 
 478.67545  430.43484 
 204.17598  431.06909 
 537.26324  431.18408 
 467.50839  435.20905 
 218.15994  435.65845 
 420.68735  436.4928 
 442.28345  435.57135 
 492.43268  437.52286 
 402.41815  439.02237 
 233.39711  440.74142 
 247.24562  442.66025 
 381.43893  446.63449 
 409.32715  447.07159 
 519.84613  448.31799 
 299.60101  450.42783 
 433.60236  451.42169 
 538.14661  453.10272 
 447.52856  453.63922 
 267.27795  456.49353 
 307.83673  455.99744 
 283.74142  457.04703 
 317.57278  456.64465 
 294.48499  458.93185 
 469.65631  458.75055 
 342.01935  459.55441 
 330.97174  461.47568 
 479.9007  461.94736 
 361.00583  464.63 
 386.7536  466.55084 
 350.63892  467.77783 
 407.22021  470.80084 
 426.22183  475.78561 
 450.61252  480.9606 
 442.12537  482.57657 
 522.53918  483.63181 
 510.4418  486.04407 
 462.41257  486.72244 
 478.67792  487.4975 
 499.58557  487.43213 
 531.4425  486.99194 
 164.56532  383.96689 
 121.95332  410.87921 
 449.16342  464.45148 
 491.94189  476.42426 
 263.43146  168.11374 
 88.240158  358.32285 
 119.42902  369.8847 
 102.80857  372.68677 
 135.08842  375.01035 
 150.54248  386.30029 
 177.26349  389.11395 
 85.723534  394.95715 
 112.84064  400.41705 
 194.15709  402.84244 
 213.56505  402.23514 
 177.03407  404.07114 
 99.816689  408.02048 
 240.06433  407.59311 
 257.0921  409.28525 
 283.33994  410.35275 
 227.68785  412.7822 
 107.53228  413.34247 
 133.28183  416.3045 
 314.79459  415.1843 
 331.47946  416.23068 
 185.82855  417.89597 
 298.06009  419.85309 
 377.44519  421.2233 
 345.74011  424.09866 
 363.48349  424.73798 
 452.42236  426.49619 
 407.12241  427.24939 
 480.87427  427.8696 
 197.86148  429.51443 
 390.13333  430.6275 
 430.50134  429.02551 
 375.01443  435.70319 
 465.30713  435.82535 
 440.99173  438.97131 
 493.18954  437.30026 
 247.44043  439.57071 
 399.84363  439.86053 
 232.14514  441.57455 
 421.3204  443.09747 
 256.35703  452.16284 
 280.67264  450.89294 
 467.97827  454.75348 
 311.86884  456.47891 
 342.52243  458.0209 
 358.54745  462.06345 
 422.03271  461.25244 
 382.82111  463.65939 
 407.25577  471.72452 
 425.86862  476.34561 
 439.65903  481.86938 
 461.8075  484.67111 
 478.38879  488.27505 
 498.84222  488.51926 
 119.76425  405.20197 
 169.71642  422.81799 
 262.66852  166.758 
 121.84765  369.83847 
 179.91953  381.74832 
 174.05704  387.52933 
 213.20778  401.64639 
 191.88364  401.84998 
 245.37801  408.75418 
 278.23093  408.03778 
 188.94939  410.15176 
 228.31067  412.44193 
 379.99789  414.02222 
 226.84619  420.11368 
 296.5769  419.24167 
 374.12079  420.5462 
 349.32281  423.42749 
 481.19339  424.35068 
 427.84387  425.59979 
 465.56967  434.66391 
 374.26724  436.34662 
 247.99161  438.82388 
 441.74274  437.69891 
 229.41977  440.63129 
 396.72498  440.2934 
 425.65335  446.95065 
 257.45676  453.54721 
 467.36517  454.62744 
 312.1077  456.82245 
 352.67047  461.27185 
 385.94299  464.67285 
 405.66452  472.02609 
 434.04797  480.07428 
 441.41373  482.49725 
 323.58179  410.43872 
 415.26862  422.75577 
 459.26282  479.57224 
 175.59885  384.38376 
 212.65735  396.08347 
 187.39058  403.04913 
 254.632  406.00488 
 270.42413  406.24164 
 229.83313  411.88464 
 296.55777  421.00385 
 352.33051  425.68011 
