 307.91446  62.04961 
 230.22055  74.57518 
 127.36504  142.91769 
 276.28607  181.53424 
 270.1105  183.76013 
 459.63202  208.09627 
 33.942043  311.64859 
 41.81068  315.70953 
 72.827637  328.75122 
 107.86922  336.88046 
 158.08948  361.88998 
 184.45869  367.17035 
 190.84871  366.87088 
 99.11953  371.1069 
 109.04144  371.12756 
 156.13948  390.2489 
 245.90741  389.57022 
 272.12918  389.51773 
 286.1799  390.72726 
 279.63232  393.52948 
 316.8649  393.53882 
 13.306593  395.05701 
 335.51074  396.15228 
 324.94281  398.90356 
 434.26511  404.77679 
 507.86996  405.47226 
 456.78143  405.66608 
 420.97928  406.53333 
 492.79095  406.54443 
 449.66873  408.37582 
 517.12097  408.80539 
 409.24417  409.96844 
 540.06445  411.20053 
 569.78473  412.55219 
 252.05188  414.05658 
 564.50824  415.6723 
 590.17609  415.97119 
 542.92743  418.02603 
 375.67133  419.25601 
 306.5723  423.34082 
 419.48788  422.87292 
 508.72815  424.9841 
 287.66678  427.32108 
 322.20633  427.16678 
 293.93509  428.85959 
 302.05521  428.96439 
 460.00601  431.8085 
 435.57513  433.39334 
 444.26532  434.05457 
 391.55148  435.42993 
 380.86133  436.41104 
 538.5874  436.56088 
 558.64722  442.0564 
 562.14221  443.02887 
 428.42145  449.59064 
 469.97461  449.67435 
 525.86603  450.36053 
 496.39493  450.52017 
 476.63974  452.58932 
 486.96768  452.99161 
 444.04486  453.85809 
 546.74341  458.65057 
 552.62628  460.83911 
 559.83295  461.41763 
 578.33301  462.48022 
 97.636574  510.04489 
 221.96571  510.38669 
 215.63625  510.54556 
 307.47232  60.996681 
 296.50897  62.42757 
 230.37984  74.879517 
 293.16751  95.836891 
 276.27985  181.92188 
 269.38699  183.73476 
 459.64478  208.36339 
 2.9586651  303.38602 
 34.634434  311.12671 
 26.200247  313.59586 
 42.129566  315.2012 
 47.43586  322.98734 
 58.912399  323.65765 
 17.165382  326.0372 
 73.294456  328.1749 
 2.9592593  335.05002 
 44.559906  337.77399 
 34.690891  343.78043 
 126.01785  345.39618 
 49.06641  347.99908 
 167.16655  359.07718 
 62.431629  360.78091 
 74.551949  361.11349 
 158.58394  362.34079 
 171.74724  366.00742 
 108.89025  370.12335 
 201.84354  370.45123 
 99.728798  371.8555 
 193.99184  373.18835 
 123.6033  376.0997 
 145.98395  381.37094 
 136.61201  385.09497 
 272.26718  388.79697 
 148.23512  390.31479 
 156.09848  389.36813 
 246.31505  390.41232 
 296.61569  389.93408 
 164.01268  391.78067 
 318.24402  393.19028 
 279.26834  393.92868 
 12.643369  395.38477 
 303.60361  395.25787 
 291.80344  396.11307 
 353.16568  399.52515 
 203.48189  401.09653 
 498.37894  401.6395 
 397.31989  403.95782 
 434.85507  403.94922 
 385.13135  405.15237 
 225.86996  405.85864 
 508.47653  405.79083 
 492.60663  407.82874 
 448.95615  409.12912 
 517.01813  409.27142 
 557.46625  408.62769 
 237.60477  409.526 
 409.47998  410.62817 
 470.75406  410.31116 
 540.13519  412.21628 
 596.18427  412.00281 
 570.80652  412.98212 
 250.72572  413.93875 
 262.11942  415.44391 
 590.06134  416.30832 
 564.55072  417.09509 
 426.66525  418.01471 
 376.06702  418.74503 
 399.4808  419.27481 
 306.45007  422.2662 
 420.23492  423.14169 
 313.41483  426.89444 
 321.70892  427.40421 
 293.37985  427.77951 
 302.46906  429.29498 
 451.05908  429.28259 
 342.48584  429.73352 
 333.10855  431.61011 
 459.73334  432.1734 
 358.78076  434.08456 
 434.18942  434.01987 
 391.07394  435.01273 
 380.50095  435.63565 
 539.68823  436.28796 
 551.2525  437.28879 
 530.55164  437.74631 
 397.91391  439.36533 
 560.33936  442.86661 
 434.74063  448.22415 
 427.68335  449.82104 
 496.11914  449.88913 
 526.76764  450.38516 
 444.67099  452.89798 
 458.8063  453.47171 
 476.51221  453.4516 
 503.58444  453.20364 
 546.47382  459.23965 
 578.88959  462.14902 
 572.68146  466.47186 
 97.610512  510.5032 
 222.0126  510.35049 
 215.4921  510.52017 
 90.444649  511.81848 
 191.16306  366.79666 
 121.5976  382.99878 
 286.1525  390.37323 
 349.96252  436.75317 
 485.80661  452.54279 
 306.97321  60.361343 
 297.0065  61.448696 
 17.08617  326.15521 
 44.324642  338.69797 
 126.91301  344.80029 
 50.100441  347.75372 
 167.12915  358.75259 
 99.971817  372.65384 
 256.05743  386.56253 
 246.0248  390.30725 
 164.8786  392.23306 
 318.53281  392.88193 
 334.46106  394.33392 
 12.48427  395.46201 
 325.43671  398.93118 
 498.29175  401.61981 
 419.21564  404.99356 
 557.17725  408.81525 
 427.11316  413.07605 
 400.19699  419.51215 
 358.25345  433.59485 
 580.7467  439.71384 
 559.61725  443.05832 
 445.32932  451.86539 
 517.10785  452.36151 
 503.57248  453.30411 
 476.49997  453.93518 
 571.77954  466.90106 
 293.19797  95.234726 
 39.017544  313.52676 
 32.336727  323.57071 
 58.892292  322.76151 
 77.268646  324.96423 
 74.509483  329.11322 
 31.900259  340.5097 
 102.73167  346.01196 
 113.47325  345.38596 
 84.492767  350.41953 
 53.292057  351.42764 
 42.106525  352.92563 
 153.86757  353.56958 
 73.904915  359.52301 
 62.829227  361.46976 
 91.339607  364.40482 
 203.35445  370.85489 
 125.72272  375.36761 
 148.08131  379.37582 
 203.03712  382.33734 
 234.64548  382.371 
 137.2856  385.97156 
 202.27373  387.52786 
 144.42879  391.29504 
 194.01505  397.94229 
 372.69641  397.9436 
 461.2959  403.69614 
 593.98334  408.0979 
 371.14069  409.61502 
 447.36127  409.10876 
 471.75546  411.71933 
 392.47589  413.07059 
 262.68396  413.47849 
 540.8114  414.79871 
 409.98022  416.10535 
 576.81714  419.21259 
 381.45563  420.15762 
 511.04745  421.94147 
 494.40833  423.7522 
 270.93851  423.7533 
 449.99963  426.11914 
 317.33209  427.22037 
 410.97571  431.90921 
 377.57175  433.1705 
 542.68933  435.7196 
 515.07111  438.24252 
 398.44983  440.20074 
 414.04813  443.99747 
 590.75134  444.9794 
 490.56473  450.74011 
 458.79376  454.42307 
 572.13074  456.29501 
 547.17181  460.41431 
 4.5283322  305.4136 
 4.8744445  320.61316 
 4.5684786  337.02908 
 81.903748  369.39771 
 245.71117  390.0679 
 287.07306  389.73694 
 227.84424  392.20499 
 334.62906  393.9787 
 305.77969  395.91104 
 594.03302  420.74826 
 303.95392  429.19171 
 342.64587  429.02029 
 580.58185  439.39246 
 490.15292  450.79343 
 39.685253  308.43002 
 39.416142  313.63651 
 61.840897  319.21121 
 87.354492  326.93228 
 67.763229  331.7753 
 59.304646  336.05817 
 54.461227  352.02988 
 134.618  360.12173 
 201.15048  368.8721 
 125.6491  374.92856 
 233.90016  380.96613 
 271.60315  387.92389 
 154.60844  384.30948 
 292.34302  386.44482 
 374.41653  393.73236 
 398.07602  403.26117 
 528.84833  403.62402 
 587.53363  401.77444 
 514.72156  407.81323 
 447.4649  408.61398 
 560.83215  409.31625 
 263.39127  411.46686 
 391.51233  413.08398 
 511.43698  421.09195 
 440.02643  422.08771 
 271.1337  424.09592 
 449.18237  425.8555 
 353.20203  430.44788 
 409.88364  431.62155 
 436.43903  433.75345 
 577.00195  457.82919 
 591.16962  466.84412 
 279.21841  67.121651 
 293.37393  93.991905 
 307.53943  121.31068 
 275.35666  180.47789 
 29.004038  315.97546 
 160.69717  355.74609 
 84.063965  363.38367 
 100.98938  376.3642 
 210.11691  387.84885 
 171.01437  392.12982 
 5.2613163  397.02966 
 252.43575  400.36182 
 303.04605  400.33029 
 264.77783  411.31079 
 218.61343  412.37091 
 251.28351  414.5715 
 525.7251  422.01202 
 543.34406  434.85889 
 380.72043  435.74249 
 565.8017  429.34943 
 427.35846  449.3053 
 568.12067  458.81781 
 512.6134  452.74326 
 72.528595  308.88525 
 66.707001  345.80344 
 104.11065  349.80862 
 210.95778  359.95029 
 239.44621  364.25677 
 285.06598  389.89899 
 200.95242  385.26123 
 390.26736  398.71912 
 327.47003  393.82458 
 376.93576  397.03876 
 409.2395  403.5849 
 489.02737  402.93323 
 534.57458  394.99066 
 353.36371  399.40402 
 268.33734  403.52722 
 439.97583  408.35248 
 378.16473  416.74316 
 588.26263  416.66678 
 438.19025  416.65656 
 492.81485  420.1022 
 292.38095  420.6666 
 427.83066  418.90958 
 562.48663  426.65869 
 270.90344  435.54099 
 332.62756  448.27582 
 444.09348  446.14871 
 407.10397  452.92432 
 533.98376  450.12204 
 579.22766  456.17273 
 274.44144  56.671959 
 24.439028  293.82242 
 31.892698  328.71478 
 163.85648  344.70847 
 42.795059  354.13531 
 130.81944  364.16312 
 220.23096  383.28378 
 271.63492  375.13455 
 156.61295  381.94901 
 101.54742  374.96695 
 462.04587  395.37988 
 186.23245  411.00589 
 231.27547  430.10745 
 534.18091  418.2132 
 550.96417  426.30283 
 318.91357  429.69965 
 530.15552  437.73792 
 496.86996  438.99124 
 417.02243  455.56204 
 466.18509  454.72131 
 510.88672  463.80484 
 9.0994682  334.7164 
 181.42877  347.63589 
 91.721817  353.61349 
 25.161938  370.99539 
 62.800587  361.64163 
 46.621502  378.96042 
 333.49438  393.27316 
 245.67932  390.12173 
 163.8539  392.10394 
 429.34903  408.00504 
 391.44296  421.50897 
 267.96011  422.45764 
 249.72459  439.81345 
 555.28607  456.37042 
 577.63599  461.40417 
 447.61322  450.68073 
 550.36151  454.81543 
 525.00012  477.74646 
 593.05945  463.65689 
 552.89691  477.14789 
 32.310722  288.16879 
 99.704498  344.62323 
 142.49425  359.9183 
 81.875  356.97766 
 272.51462  369.75601 
 315.22714  373.53955 
 127.50463  373.20877 
 298.44186  396.59076 
 540.36877  389.98416 
 148.77554  391.07013 
 313.49396  390.58661 
 460.1402  403.82831 
 289.75647  412.61411 
 369.38568  419.45795 
 349.03412  437.19907 
 514.2688  445.46848 
 474.95142  455.26749 
 504.10242  468.09555 
 99.266891  314.36798 
 9.40903  316.0423 
 26.827734  320.94025 
 49.420494  325.82693 
 62.660378  352.94159 
 169.20424  366.56808 
 174.88745  386.91666 
 283.21512  387.92197 
 105.21395  400.05756 
 577.04761  408.86862 
 177.44032  415.97629 
 441.07202  434.5054 
 494.16336  423.81345 
 569.31  430.14325 
 314.61902  447.36389 
 589.86127  445.09821 
 457.52255  452.74594 
 333.18719  453.66788 
