 273.58261  47.778316 
 273.60992  53.504436 
 191.43817  63.098495 
 175.52902  70.831558 
 163.55511  75.715126 
 322.53308  80.297852 
 354.47388  90.296387 
 462.2858  97.401665 
 431.82678  101.61652 
 471.50757  100.35061 
 483.67395  100.96982 
 128.66296  104.19443 
 477.25827  104.1244 
 94.081131  107.54977 
 406.75381  109.38023 
 528.79535  113.62821 
 488.96832  134.73224 
 77.135307  137.23579 
 291.59842  145.89452 
 42.707085  150.30826 
 66.121918  150.89848 
 97.979546  151.20944 
 220.5563  159.31726 
 292.83002  159.3532 
 76.299454  163.98177 
 227.86253  164.13657 
 226.31819  171.65576 
 263.60425  171.79492 
 243.03952  176.17947 
 268.85013  177.71803 
 282.10428  176.71486 
 344.24976  182.04112 
 285.3215  182.49146 
 328.97656  187.01196 
 79.798721  187.96638 
 66.00946  189.17355 
 345.67841  190.69315 
 353.04599  190.54109 
 239.74048  192.75688 
 280.10492  192.02594 
 299.84195  193.9761 
 292.38913  195.24756 
 263.33304  195.26843 
 278.67975  199.27071 
 287.42252  198.77405 
 309.02527  198.96922 
 311.86115  198.66693 
 301.79108  200.5069 
 265.30356  201.08345 
 361.70261  201.26318 
 348.61945  201.21556 
 232.14748  203.36484 
 199.54398  205.64441 
 526.69269  206.27016 
 217.98546  208.35667 
 398.16751  206.69551 
 178.71588  208.38542 
 336.96939  209.80385 
 228.65373  211.16446 
 226.06003  212.10022 
 346.93262  210.84175 
 56.956932  214.36435 
 386.5802  215.88127 
 179.325  217.2149 
 212.01108  217.84746 
 219.23901  218.18915 
 395.30206  219.0248 
 76.335426  220.37354 
 519.43433  222.33766 
 212.29248  224.86148 
 374.17847  222.69969 
 76.587425  228.35854 
 38.801098  233.0262 
 106.90717  233.15974 
 383.55716  233.72488 
 402.57071  234.13651 
 526.56342  234.41628 
 197.28729  234.69777 
 106.79794  239.31274 
 380.87677  241.00169 
 165.88394  243.2397 
 347.95926  249.1333 
 163.78836  249.98523 
 187.06985  249.97258 
 168.64955  254.34869 
 561.02167  255.02231 
 186.98851  255.81403 
 481.77618  260.81076 
 162.70439  260.04276 
 562.11957  261.19757 
 77.878464  265.02744 
 174.29301  268.04446 
 481.0434  268.74026 
 393.08173  270.38046 
 84.345535  270.8309 
 156.1662  270.55542 
 428.97559  275.11627 
 513.13068  275.69348 
 139.31367  284.30316 
 513.72272  284.56522 
 527.61896  285.05826 
 171.35925  286.68402 
 267.22766  288.1554 
 346.10385  291.7291 
 107.83466  294.73975 
 284.43106  296.51996 
 410.86359  297.89001 
 100.38918  300.80051 
 155.16257  300.37534 
 400.23508  302.45734 
 287.29144  305.05502 
 560.33783  304.66122 
 279.28827  305.47247 
 511.5452  306.10516 
 398.92184  309.24664 
 161.87788  309.3739 
 287.73035  310.05548 
 141.96382  312.82239 
 161.99309  315.31845 
 62.959553  316.41965 
 287.39694  316.12213 
 511.17538  315.36716 
 277.21484  317.5408 
 170.24944  317.18472 
 292.23499  319.33087 
 83.092766  320.8465 
 49.661686  323.59491 
 291.4418  325.83627 
 400.44321  324.84985 
 59.587975  326.35754 
 67.158485  327.8479 
 168.92279  328.89081 
 392.8736  329.17542 
 567.48352  329.54205 
 59.22118  331.77023 
 566.14081  336.09781 
 401.15512  338.89163 
 300.55865  343.4021 
 148.35155  344.23413 
 163.5446  347.54211 
 169.8358  350.00052 
 205.42235  349.4881 
 396.29779  354.95123 
 398.8183  353.98752 
 155.3044  355.8212 
 169.19295  361.08951 
 247.03603  364.33603 
 246.43478  369.7829 
 386.52133  370.49347 
 546.57953  372.84955 
 563.49115  375.38132 
 313.83279  375.7146 
 182.4709  377.03223 
 394.92856  375.36771 
 444.11307  378.44226 
 458.92419  378.39401 
 103.44833  380.0791 
 147.68341  381.1098 
 192.17554  381.99106 
 186.67847  385.67865 
 288.18668  384.86938 
 197.06416  386.26672 
 456.58948  386.98483 
 33.365665  388.24152 
 147.9651  388.47571 
 197.81853  392.05096 
 203.50339  391.9393 
 102.95823  394.77676 
 203.07384  397.10605 
 59.561394  397.22778 
 365.38654  399.34213 
 351.608  401.92676 
 532.60345  401.23636 
 214.18135  403.12814 
 219.85773  409.12326 
 353.04807  409.15945 
 229.44783  413.97717 
 218.90622  415.59497 
 326.29398  418.55862 
 239.90303  421.90717 
 232.02318  423.45642 
 250.386  425.18909 
 327.41028  426.61206 
 263.87421  427.83734 
 316.45212  428.39597 
 524.8092  428.60593 
 301.30917  429.82407 
 290.68069  430.20193 
 367.8804  430.40778 
 376.78464  434.04648 
 184.09901  434.81274 
 230.44398  434.29431 
 264.94617  435.95734 
 33.216621  436.08154 
 302.00351  437.69391 
 254.35429  439.41257 
 348.85684  440.20715 
 330.43912  441.2001 
 275.42874  442.77298 
 264.30811  445.83664 
 330.23273  446.92685 
 319.98877  446.54108 
 291.32455  449.78009 
 525.34314  449.94196 
 532.19843  449.86435 
 497.13739  451.92404 
 325.91122  453.09473 
 334.22406  452.61905 
 266.7894  458.14398 
 304.29562  457.89676 
 335.03656  459.43558 
 291.01288  463.19754 
 87.582031  471.04053 
 473.47742  472.14404 
 304.5582  474.99387 
 487.4433  477.13968 
 140.62331  479.84387 
 474.85303  480.23807 
 141.06273  485.00162 
 76.324005  493.13434 
 485.06946  494.17819 
 484.79114  501.4675 
 61.773834  524.08936 
 80.092949  527.76697 
 506.78296  526.27081 
 157.71281  531.98401 
 477.15427  537.66467 
 436.59161  539.42377 
 366.41727  540.35236 
 178.87926  542.19867 
 131.40536  543.41217 
 164.49451  544.09479 
 341.95844  545.93829 
 333.15921  546.58319 
 431.36258  546.65704 
 321.07361  547.85248 
 115.02648  550.17303 
 119.53883  551.93475 
 386.13773  552.61359 
 335.65778  554.92029 
 356.35495  553.88336 
 172.31686  556.17957 
 281.47385  556.04004 
 311.75406  555.85449 
 434.20294  555.38586 
 211.347  558.76965 
 290.79626  559.08246 
 400.77234  558.70074 
 301.17593  559.80878 
 406.71063  560.80737 
 171.69141  562.27759 
 281.81671  562.56555 
 401.21512  564.56488 
 300.92108  566.3208 
 260.39828  569.11688 
 270.4003  569.59882 
 283.69501  569.87793 
 235.81433  54.028481 
 398.85471  55.654331 
 421.27878  93.180885 
 481.36093  93.652603 
 354.45636  98.3358 
 439.81274  102.65668 
 423.90796  116.64164 
 128.81558  118.23734 
 531.37494  122.21789 
 77.357079  129.95758 
 490.65192  140.82355 
 241.88335  167.28218 
 280.09271  168.16281 
 235.31433  170.2115 
 494.48712  171.84125 
 233.52046  180.46751 
 329.28043  179.99855 
 310.16577  181.66884 
 69.500427  183.11505 
 352.70654  182.97871 
 237.97958  184.63522 
 69.175797  190.69106 
 302.66943  191.96828 
 360.67184  194.243 
 379.71317  198.30032 
 339.13065  199.41992 
 534.80225  203.97226 
 324.16266  209.25586 
 378.36316  208.65912 
 346.54388  218.96002 
 155.48477  223.60762 
 366.95892  227.36243 
 142.94144  228.00174 
 165.81377  236.42555 
 97.097908  237.12268 
 156.15569  237.64896 
 393.12473  238.07164 
 188.8774  241.72661 
 55.00032  249.47668 
 320.23849  249.08951 
 411.62433  249.11211 
 395.20123  250.67723 
 534.8847  251.12164 
 409.32727  256.47681 
 542.78809  261.45795 
 149.83318  267.02402 
 139.07294  267.6243 
 401.26053  272.92203 
 166.65054  275.89801 
 237.1861  276.00171 
 202.14383  278.84085 
 164.92519  282.78665 
 285.7373  288.56033 
 102.18392  290.38898 
 426.36893  291.06897 
 43.836071  303.92282 
 432.61597  305.77344 
 50.204933  307.26825 
 500.12393  306.54993 
 154.57039  309.68713 
 551.74585  309.57169 
 360.44183  315.36789 
 408.5723  315.01346 
 70.550163  320.57037 
 419.7847  328.97058 
 154.04768  333.27798 
 553.57001  341.10397 
 207.64574  342.56067 
 158.02065  343.54105 
 412.98273  345.63959 
 387.41345  351.88641 
 553.89142  352.51184 
 150.16821  353.73865 
 201.24303  356.17947 
 407.87195  357.50681 
 159.42926  364.08215 
 378.2572  372.86337 
 136.61017  379.13934 
 190.76733  379.19952 
 250.50462  381.93472 
 394.1962  384.01297 
 91.330658  384.93649 
 367.94623  388.31934 
 205.88776  391.19901 
 464.43817  391.16986 
 287.13022  392.11133 
 91.756424  399.47421 
 367.73312  398.93945 
 263.89026  401.72375 
 522.92664  405.35052 
 533.40808  409.23148 
 87.760101  412.46747 
 304.43079  411.81747 
 518.14209  414.40927 
 207.62212  416.25302 
 356.36942  416.69254 
 341.68921  423.11795 
 206.1597  424.27994 
 256.50311  431.32455 
 229.28944  433.57874 
 317.53967  436.36792 
 47.707848  441.7272 
 491.59482  444.44424 
 197.24211  448.31287 
 118.06107  457.21359 
 315.4791  456.96155 
 328.96979  464.52518 
 308.27103  466.9704 
 486.03848  468.14099 
 60.815014  469.15958 
 73.429024  474.86713 
 476.55313  488.11838 
 115.8465  489.9776 
 77.95153  501.33884 
 477.75348  529.99536 
 92.658409  536.15271 
 105.85781  543.77472 
 481.49637  544.53345 
 321.12766  556.31116 
 283.77414  183.01019 
 81.295799  190.23602 
 265.80304  201.86343 
 361.13763  201.57211 
 210.94673  213.77719 
 219.74625  218.63777 
 107.42486  232.12311 
 165.99399  243.03587 
 400.21677  301.09488 
 59.388454  324.58701 
 391.52032  328.31934 
 168.23647  328.73456 
 59.316856  332.15005 
 171.33603  351.978 
 245.81947  370.16153 
 386.448  370.21515 
 219.99379  408.69217 
 240.46333  421.52026 
 521.97736  429.26331 
 301.45398  437.64145 
 254.54311  439.87622 
 523.91003  448.64349 
 532.83203  450.12262 
 334.81439  452.53036 
 335.40317  459.18552 
 139.94395  485.5181 
 484.63046  501.76648 
 131.49231  543.86804 
 431.09238  546.73688 
 280.9819  555.25287 
 415.49899  68.098709 
 175.86093  70.033676 
 164.81596  75.370674 
 354.46829  89.654076 
 419.67203  93.247047 
 480.48328  93.253059 
 462.41458  96.254791 
 354.88516  99.206261 
 471.02859  100.20065 
 441.45813  101.2612 
 128.85188  105.01644 
 89.404495  106.57694 
 444.10217  110.70187 
 528.50311  112.67662 
 424.04694  117.11166 
 530.80048  123.72878 
 76.874352  128.99437 
 65.373589  132.03072 
 76.765854  138.08087 
 490.71127  141.74329 
 519.69531  143.13225 
 292.02692  146.41769 
 66.624443  150.40631 
 290.57755  158.76724 
 77.011871  164.69691 
 241.5869  166.93723 
 279.74365  166.62161 
 236.00494  169.35443 
 262.99631  171.38695 
 495.29041  171.6144 
 66.56205  174.97147 
 242.43076  177.46313 
 270.09418  178.57973 
 236.40671  181.90625 
 308.86664  181.9735 
 351.0517  181.67035 
 304.08136  191.38272 
 347.06174  190.95439 
 69.978996  191.51366 
 280.06891  191.64816 
 238.81264  193.35329 
 262.34055  194.8694 
 312.36966  197.82153 
 379.67517  198.08447 
 287.19165  199.09546 
 277.55029  199.62906 
 339.82861  199.83395 
 301.33795  200.91896 
 347.87936  201.1804 
 232.22441  202.42883 
 257.85773  204.16086 
 533.28815  204.14349 
 200.63118  206.24123 
 398.61856  206.19945 
 178.96664  208.20189 
 377.86963  208.35434 
 217.46262  209.55821 
 324.72937  209.88753 
 337.15265  210.29076 
 346.19882  210.08656 
 228.88086  211.91179 
 179.70117  217.42862 
 76.549355  219.40671 
 345.50848  218.92992 
 357.84302  220.04552 
 156.88138  222.09503 
 374.46301  221.83386 
 519.33398  222.17456 
 212.1929  226.27478 
 367.01581  227.68863 
 76.953293  229.05629 
 372.30017  231.27902 
 184.62927  232.32268 
 383.61636  232.95779 
 401.46945  233.42462 
 197.45996  233.71291 
 156.45508  234.61227 
 393.67139  237.93414 
 107.06725  239.91655 
 380.22369  242.18843 
 320.39301  248.17267 
 348.37003  249.28627 
 163.96907  250.12978 
 395.24359  250.38541 
 534.18433  250.36584 
 185.08615  250.80461 
 163.12827  259.44531 
 481.84583  260.54346 
 382.41559  263.64465 
 181.15952  264.60577 
 139.18816  266.92447 
 154.69563  270.24319 
 392.24673  271.3338 
 541.55023  271.63528 
 513.5863  273.45123 
 401.47107  274.20428 
 238.02458  276.47278 
 165.26341  278.49274 
 202.42308  279.08563 
 407.49631  279.17816 
 139.01199  284.29965 
 513.34753  285.03647 
 528.00232  285.31787 
 285.96237  287.70636 
 101.77773  290.26321 
 159.98062  289.53165 
 100.71464  300.15469 
 155.39868  300.67325 
 277.05981  304.88565 
 432.99683  305.85556 
 499.69568  306.48801 
 511.99075  306.35095 
 397.65289  309.82858 
 141.77904  310.88538 
 160.89307  315.41299 
 511.45358  315.651 
 171.13118  316.92374 
 277.14508  317.11926 
 70.720055  319.78149 
 83.75531  321.00726 
 400.82767  325.57004 
 291.39981  326.73709 
 66.922966  328.35837 
 420.04068  328.85443 
 154.70511  332.76318 
 401.01895  339.41138 
 301.18341  343.88458 
 148.72234  344.81683 
 162.76978  346.52747 
 413.01477  346.47159 
 386.71274  351.08029 
 343.94196  354.37527 
 152.23277  354.92868 
 200.76018  356.49518 
 396.22473  356.66779 
 408.26462  358.09579 
 169.96571  360.82477 
 158.92436  364.272 
 183.43246  367.6796 
 365.69669  371.91135 
 377.08478  372.9397 
 394.62759  374.80786 
 458.97833  377.49786 
 191.79376  378.83304 
 104.01702  380.00174 
 147.86967  379.63409 
 251.43066  380.93011 
 393.97888  384.31845 
 287.91678  385.03644 
 185.14363  385.62735 
 457.53494  387.31677 
 367.57306  387.60355 
 148.25365  388.92807 
 262.73761  391.6813 
 198.15335  392.75497 
 103.89908  393.95557 
 286.8786  394.82892 
 60.871651  397.02667 
 369.43518  398.04999 
 91.458458  398.83405 
 531.50934  400.25092 
 264.12622  402.04813 
 214.91623  403.52615 
 522.26544  405.18811 
 351.97983  409.56293 
 531.23987  409.87024 
 305.80826  411.45694 
 87.647301  412.51389 
 230.50117  413.94037 
 367.60107  415.25931 
 518.7442  414.74338 
 357.86603  415.87585 
 218.12378  416.81927 
 326.10895  417.06897 
 231.92712  423.92334 
 340.19632  423.86588 
 250.10872  424.99158 
 264.45972  426.62772 
 315.38284  427.68161 
 327.88065  427.80884 
 300.53204  429.08868 
 366.71271  429.30191 
 534.79297  429.09274 
 291.57495  429.75497 
 376.78604  434.06372 
 183.98955  435.16666 
 246.53807  434.82031 
 265.03537  436.00018 
 283.66119  438.44922 
 329.30212  440.64529 
 348.22079  440.81259 
 297.19516  442.44843 
 491.46521  444.1116 
 319.55637  445.6185 
 265.48972  446.51343 
 196.89703  448.27084 
 290.09119  450.90436 
 326.1062  453.2225 
 497.02896  452.74463 
 316.27213  457.11389 
 266.70309  458.37964 
 290.84183  462.86066 
 327.05991  462.98639 
 522.36517  464.94354 
 484.99017  467.23413 
 60.9674  468.62347 
 87.822571  470.03516 
 471.71909  469.7937 
 304.44489  475.17545 
 486.9057  477.73578 
 476.1868  480.83463 
 75.498657  492.9256 
 484.14328  492.75037 
 77.502312  502.05679 
 505.85013  516.5686 
 81.893906  518.33398 
 60.856716  524.01074 
 80.152885  527.86938 
 477.1456  528.08704 
 476.87332  537.63861 
 436.83801  540.43109 
 367.50632  541.04633 
 166.52156  327.04019 
 332.19525  87.369896 
 440.45093  99.99823 
 428.34711  120.3034 
 291.59811  146.02209 
 287.01688  160.5976 
 237.8116  166.48621 
 261.54727  169.98764 
 494.935  170.42392 
 237.85046  180.04732 
 290.47314  185.09361 
 345.22784  188.80829 
 234.47745  194.85773 
 261.13409  196.03532 
 311.60172  196.97958 
 285.36676  200.62543 
 341.75058  199.36484 
 300.02408  201.81787 
 200.14587  206.51775 
 214.43665  208.86829 
 378.65637  207.87093 
 322.28293  209.32964 
 338.67764  210.29303 
 232.17719  212.21771 
 179.66089  218.19481 
 376.32828  222.31781 
 212.87129  227.46716 
 196.46785  231.24651 
 368.55908  233.29062 
 379.78738  244.75209 
 195.59251  245.80493 
 320.89575  245.46588 
 349.0394  250.0054 
 396.03772  250.58051 
 161.68301  260.30255 
 482.6232  260.04727 
 322.45389  262.22491 
 183.3551  264.48199 
 138.75128  266.08997 
 512.38013  270.26086 
 162.04829  281.27054 
 408.16605  281.77347 
 139.02113  282.92258 
 512.48083  285.59045 
 290.48456  287.24478 
 86.104584  295.82538 
 273.93726  303.69324 
 140.66875  305.95837 
 498.61707  306.61942 
 394.58041  308.76428 
 171.49315  319.23294 
 277.69467  317.82489 
 85.226326  319.59396 
 402.25415  324.32394 
 419.7522  329.07825 
 179.96005  333.72766 
 387.14456  334.31696 
 391.12338  339.28781 
 384.86725  345.2457 
 413.32413  345.83054 
 157.12129  351.1358 
 200.94998  355.00064 
 394.67059  358.81451 
 184.40868  366.58813 
 342.79227  369.59738 
 301.14722  373.83844 
 372.3186  373.73224 
 457.47562  374.08127 
 148.48044  375.17657 
 193.41733  375.70322 
 104.74684  378.47885 
 365.62964  383.25241 
 182.34752  385.59647 
 147.71471  388.80728 
 457.50558  388.38141 
 104.38385  393.11792 
 198.07098  393.16794 
 371.27676  396.84601 
 286.25903  397.99847 
 219.826  401.26727 
 335.43192  403.18936 
 303.73013  409.37479 
 231.11732  411.50552 
 325.17715  412.74329 
 363.59656  416.22629 
 216.19994  418.81732 
 249.34991  421.89258 
 264.25916  421.4808 
 295.65823  427.02029 
 330.54379  428.52509 
 364.59012  427.58627 
 183.65414  435.02719 
 375.85275  434.31125 
 246.12105  436.2027 
 301.57523  442.76175 
 324.10641  442.73318 
 489.8736  441.16818 
 267.30606  446.50467 
 287.95688  449.94891 
 317.32413  456.41196 
 266.04456  458.60071 
 289.63928  462.39517 
 473.41751  467.04733 
 483.63055  478.3522 
 430.61401  118.65685 
 286.10565  162.81488 
 236.97247  164.45189 
 238.69844  181.73268 
 290.07489  183.4688 
 343.98007  187.76031 
 231.09885  194.33127 
 259.95557  197.55847 
 310.49377  198.07407 
 277.0174  200.6255 
 286.32639  204.14815 
 197.86784  206.25194 
 380.63867  205.65672 
 213.99919  207.96941 
 322.14484  209.99222 
 379.46008  223.88121 
 215.68132  227.79272 
 195.80377  230.63814 
 366.80408  236.26559 
 319.80301  242.08357 
 199.04727  249.52444 
 351.59348  252.21634 
 397.323  251.23315 
 331.30887  259.36786 
 140.35062  262.8736 
 321.45029  263.83133 
 184.00595  268.75665 
 161.40196  282.198 
 406.74677  281.49945 
 291.37967  283.94183 
 142.11423  304.10767 
 391.81625  307.62198 
 279.15741  322.07672 
 402.5538  323.98456 
 422.02234  329.79022 
 414.06015  346.85303 
 156.9194  350.39996 
 204.15019  351.84933 
 394.14868  359.4985 
 149.99242  371.69025 
 191.49988  372.02573 
 342.66879  371.53876 
 456.80212  371.3334 
 368.04678  378.48816 
 457.65311  389.29654 
 197.82654  392.25128 
 373.41779  396.69943 
 283.34039  398.0444 
 231.08876  408.57562 
 327.72867  408.30661 
 261.66855  419.34784 
 215.54523  421.51239 
 295.23047  426.23901 
 333.51688  428.80515 
 247.16728  438.61743 
 302.65836  444.61575 
 479.39951  479.35403 
 260.92664  180.70396 
 284.88885  207.75063 
 229.85614  218.42525 
 367.6236  239.575 
 186.31396  267.00949 
 287.84702  277.96503 
 382.41092  335.01556 
 205.66286  348.24039 
 394.60675  360.9736 
 196.91676  371.50784 
 365.40469  376.23032 
 223.909  397.00552 
 327.92065  401.81177 
 245.34937  415.27429 
 296.85266  422.31165 
 360.57358  240.93008 
 281.77487  278.33929 
