 592.38501  24.610626 
 251.85165  26.411076 
 592.55634  63.35981 
 354.47833  90.495712 
 483.52124  100.84206 
 406.60318  109.50006 
 291.41446  145.93025 
 65.480484  150.98141 
 97.951439  151.27972 
 75.968491  163.45505 
 226.50394  171.11424 
 263.98602  172.05798 
 242.7527  175.29381 
 266.97964  177.19612 
 284.91785  182.57935 
 352.78192  190.53937 
 279.91827  192.2244 
 300.10529  193.67841 
 261.81299  196.59171 
 287.87234  198.63501 
 309.35098  198.92149 
 313.52246  199.03908 
 302.09598  200.0331 
 265.40286  201.22281 
 232.26891  203.71092 
 199.06764  205.2383 
 398.05453  206.90808 
 178.65041  208.33681 
 229.63939  210.08066 
 337.11194  209.5836 
 211.84756  217.74113 
 373.86621  223.01573 
 76.379272  227.86887 
 38.897694  233.00058 
 383.57526  233.959 
 197.32016  235.34572 
 106.40048  238.89705 
 165.89085  243.22133 
 348.4288  249.3177 
 163.41396  249.951 
 187.67117  249.89589 
 560.97504  254.9749 
 481.4212  260.26965 
 562.16254  261.22571 
 393.77011  270.27115 
 156.87509  270.52505 
 139.5645  284.21329 
 171.41669  286.68756 
 107.8538  294.82333 
 284.64731  296.26328 
 410.64063  297.92517 
 154.37587  301.01004 
 400.21078  302.23672 
 560.20215  304.68427 
 510.51559  305.70676 
 399.82651  308.82071 
 142.3098  313.35226 
 162.89363  315.07104 
 511.23611  315.95117 
 277.88171  317.70862 
 82.594704  320.43042 
 291.38669  325.23715 
 400.23599  324.6676 
 59.552845  326.08621 
 66.874695  327.46817 
 168.82959  328.84641 
 567.39813  329.34827 
 580.51678  329.07358 
 566.23676  336.09372 
 401.22723  338.8848 
 163.87672  347.88577 
 169.94603  350.18671 
 156.05753  355.78088 
 169.33058  361.32501 
 246.33401  369.8476 
 386.52728  370.46985 
 546.50031  372.4104 
 186.90007  385.16809 
 288.56747  384.68692 
 456.04013  386.86829 
 147.65924  388.17062 
 203.89661  391.81345 
 102.07076  395.31958 
 365.87927  399.35492 
 213.93559  402.98328 
 219.96632  409.04547 
 353.15842  408.93936 
 228.0683  413.61407 
 219.79172  414.94705 
 326.62448  419.48584 
 240.05894  421.85803 
 232.90524  422.70493 
 250.24825  425.37225 
 327.11133  425.96686 
 263.70123  428.50928 
 317.35422  428.58392 
 301.95703  430.35431 
 368.54166  430.84354 
 375.84317  434.20001 
 183.51476  434.54263 
 265.60419  435.48355 
 301.93756  437.70248 
 331.51288  441.89569 
 320.388  447.39594 
 292.15472  449.14975 
 532.30981  449.91003 
 325.53101  453.04269 
 334.30716  452.59378 
 335.08276  459.36441 
 304.3175  474.923 
 474.32132  480.22241 
 140.91719  485.09509 
 76.63401  493.03217 
 477.19031  537.45068 
 365.95221  540.28601 
 179.33661  542.15039 
 341.61069  545.52795 
 431.31729  546.70648 
 114.6337  549.80518 
 335.84518  554.25427 
 356.76477  553.90283 
 281.42343  555.90582 
 311.45773  555.71832 
 434.12366  556.50684 
 400.63177  558.45044 
 290.08142  558.99518 
 301.15091  559.60657 
 171.41899  562.32996 
 281.82269  562.56555 
 401.1319  564.58179 
 260.51642  569.18536 
 283.7627  569.79736 
 188.0173  574.37561 
 251.35072  574.16412 
 424.59213  575.28369 
 259.33868  575.81012 
 441.64444  578.40283 
 423.89426  581.32233 
 441.7384  584.66479 
 208.04265  586.86896 
 252.54056  25.436632 
 214.64551  30.151976 
 290.47021  30.388563 
 280.56815  32.611866 
 236.26036  54.108479 
 592.47198  63.868279 
 175.61446  70.679092 
 163.87465  75.609848 
 322.60101  80.345734 
 354.47858  90.270172 
 421.2738  93.178894 
 481.19647  93.657928 
 462.72845  97.370018 
 354.66135  98.37146 
 471.45129  100.20727 
 483.69434  101.02809 
 440.27527  102.36522 
 128.76027  104.31863 
 406.82004  109.34897 
 528.72516  113.3496 
 423.68411  116.60341 
 128.73468  118.03709 
 531.38892  122.38976 
 77.357407  129.74017 
 77.218613  137.34021 
 490.48679  140.95117 
 291.60245  145.89528 
 66.306046  150.85329 
 292.49402  159.23509 
 76.37471  164.07816 
 227.86378  164.01636 
 242.07123  167.27618 
 279.97653  168.20929 
 235.42035  170.15724 
 226.35014  171.7009 
 263.56274  171.64413 
 494.57217  171.90236 
 242.99388  176.3376 
 282.15793  176.50209 
 269.31799  177.90286 
 233.49976  180.68575 
 283.66046  183.08536 
 352.50488  182.85071 
 237.6546  184.25069 
 81.829445  189.65785 
 69.026566  190.57152 
 345.81577  190.84299 
 280.3277  192.06821 
 302.98227  191.83586 
 239.6057  192.75449 
 360.54996  194.2144 
 263.04065  195.36952 
 278.32007  199.38098 
 287.22214  198.77194 
 311.65292  198.60759 
 339.11926  199.44211 
 301.72986  200.53535 
 348.55664  201.12738 
 361.07446  201.65031 
 232.27777  203.5271 
 534.56348  203.98196 
 199.60194  205.67769 
 398.13058  206.55202 
 178.76016  208.47876 
 218.01686  208.61197 
 324.25095  209.35905 
 378.23929  208.7422 
 336.88315  209.87112 
 228.57253  211.33113 
 346.93488  210.65459 
 386.65814  215.74197 
 179.33475  217.1674 
 211.3774  216.86234 
 346.38922  218.91237 
 76.374908  220.21185 
 374.23868  222.61581 
 519.32013  222.47078 
 155.59531  223.42366 
 212.29425  225.03293 
 367.0769  227.46895 
 76.619629  228.49004 
 39.46637  232.85159 
 383.491  233.65205 
 402.43323  234.0481 
 197.29721  234.64415 
 165.76683  236.20355 
 393.20331  238.14165 
 589.25989  238.19429 
 106.85528  239.43533 
 380.8248  241.09624 
 165.99815  243.03246 
 347.87134  249.01726 
 163.86307  250.05605 
 186.94084  249.96841 
 394.89243  250.47606 
 534.82416  251.04311 
 409.29025  256.63376 
 162.60942  259.6925 
 481.76248  260.89151 
 542.6792  261.57959 
 562.25714  261.50626 
 149.92046  267.10892 
 139.12857  267.47778 
 481.35696  268.62784 
 393.05035  270.56647 
 156.05251  270.61401 
 401.30099  272.84827 
 166.51772  276.1777 
 237.53215  276.07791 
 513.36981  275.32559 
 165.93286  281.34036 
 139.22696  284.32382 
 513.50714  284.46228 
 527.52759  285.01077 
 285.82339  288.42307 
 102.17258  290.47101 
 576.51654  290.75449 
 284.36963  296.6828 
 560.08142  297.03635 
 410.97409  297.82745 
 155.09737  300.31909 
 100.37349  300.55151 
 400.23059  300.96176 
 279.00613  305.46411 
 559.71063  304.80191 
 432.67438  305.58432 
 511.46689  306.29385 
 49.98402  307.35211 
 398.80661  309.3891 
 141.94659  312.65942 
 161.88028  315.39969 
 360.45651  315.53653 
 408.25616  314.88553 
 511.23489  315.21674 
 594.96631  316.06015 
 170.50078  316.96527 
 277.07581  317.47333 
 70.6633  320.49066 
 83.080261  320.84125 
 59.385921  324.28381 
 400.39584  324.8688 
 291.49377  325.9516 
 67.106781  327.87198 
 168.15611  328.73019 
 419.65283  328.85614 
 567.26483  328.68185 
 580.31543  329.86905 
 59.343246  332.18402 
 154.41901  333.35004 
 566.59125  336.11157 
 401.23566  338.90887 
 553.63751  341.01608 
 207.75989  342.62903 
 300.7583  343.4761 
 148.46783  344.2695 
 158.09921  343.52576 
 412.97168  345.64465 
 163.43172  347.42886 
 170.47185  351.90604 
 387.4411  351.81696 
 553.87457  352.45596 
 150.25305  353.55887 
 396.3187  355.06686 
 155.00084  355.84387 
 201.10982  356.3335 
 407.79901  357.55743 
 169.24625  361.05579 
 159.433  363.94208 
 245.77423  370.2251 
 386.44385  370.27823 
 378.26532  372.86084 
 546.6488  372.94275 
 394.65524  375.16284 
 561.89795  374.8815 
 314.05658  375.7142 
 458.70993  378.49524 
 136.62263  379.15503 
 190.52963  379.07294 
 103.52547  380.12286 
 147.60255  380.93152 
 250.61847  381.67212 
 394.21017  383.9957 
 288.21756  384.90317 
 186.56828  385.7048 
 456.77097  386.98093 
 148.02785  388.56262 
 368.00061  388.29559 
 206.21658  391.10861 
 464.26331  391.21307 
 197.85393  392.12363 
 103.02681  394.64212 
 59.67474  397.08752 
 91.820389  399.32254 
 367.80753  398.77271 
 532.401  401.20648 
 263.89594  401.71524 
 351.59476  401.89069 
 214.16179  403.15759 
 523.05267  405.24158 
 352.91669  409.28799 
 533.26093  409.33472 
 304.77264  411.86935 
 229.90788  414.25577 
 518.52716  414.17477 
 218.88795  415.5643 
 356.46829  416.55429 
 326.35834  418.36676 
 240.49213  421.44681 
 232.02846  423.5722 
 341.34802  423.04617 
 206.24858  424.3551 
 250.40511  425.22681 
 327.30997  426.60715 
 263.93475  427.68805 
 316.21283  428.40881 
 523.84991  428.8154 
 290.75919  430.15161 
 301.2312  429.74637 
 367.77222  430.40564 
 256.58868  431.41684 
 229.9608  433.73853 
 376.90146  433.9866 
 184.17354  434.91547 
 264.98755  435.9231 
 317.42776  436.42297 
 301.37256  437.57043 
 254.56061  439.88916 
 348.79834  440.32486 
 330.34686  441.01935 
 275.44937  442.84424 
 491.61392  444.59412 
 264.6076  445.66351 
 319.89441  446.4451 
 291.10226  449.94067 
 497.15347  452.00211 
 326.02966  453.13998 
 334.86279  452.50354 
 315.67175  456.92572 
 266.74088  458.21497 
 304.34366  457.77457 
 335.42804  459.19431 
 291.0134  463.20578 
 485.92081  468.05054 
 60.829464  469.08572 
 87.662842  470.92749 
 473.2117  471.90756 
 304.59711  475.04306 
 487.4313  477.1369 
 474.85782  480.24786 
 76.315056  493.13272 
 484.94928  493.94476 
 484.59387  501.81363 
 61.649487  524.09784 
 506.7699  526.22693 
 80.195389  527.74542 
 477.5914  529.80939 
 92.476532  536.08911 
 477.13943  537.64478 
 436.7301  539.6026 
 366.60904  540.37439 
 178.82181  542.20477 
 131.51466  543.88037 
 164.50214  544.14832 
 342.05569  545.9577 
 333.08417  546.66272 
 431.12582  546.74188 
 321.08725  547.98767 
 115.18542  550.4646 
 356.24448  553.85657 
 280.96481  555.21411 
 335.54251  555.07477 
 434.17252  555.01538 
 311.72488  555.84326 
 321.1189  556.5058 
 400.43106  557.15619 
 211.70595  559.2796 
 289.33038  558.88849 
 301.23294  558.59973 
 358.19766  560.82135 
 170.51283  562.53015 
 406.34558  562.22052 
 281.98788  562.48798 
 401.08743  564.74567 
 301.42606  566.21844 
 271.68454  568.03723 
 260.86246  569.23285 
 284.24658  569.72015 
 231.14413  572.00629 
 187.80388  573.99695 
 220.04079  574.15234 
 424.12497  574.03796 
 251.41858  574.58258 
 259.85434  576.30914 
 271.19345  575.72858 
 441.103  577.39417 
 423.49005  581.62964 
 441.96622  585.33368 
 137.67879  586.22791 
 208.12791  586.69556 
 213.37395  30.00646 
 236.84857  53.401241 
 175.81509  69.975685 
 419.62079  93.390785 
 355.00021  99.323723 
 128.75523  105.31734 
 89.445648  106.20734 
 528.50079  112.48267 
 530.95856  123.75266 
 76.620132  128.86371 
 263.12088  171.31799 
 350.91385  181.59363 
 80.934326  190.57581 
 347.24286  191.03528 
 262.21826  194.87541 
 281.82645  201.9935 
 301.40442  200.80153 
 532.6983  204.33263 
 398.29855  206.31013 
 346.18311  210.09933 
 229.0768  212.22829 
 179.6705  217.41423 
 345.52786  218.84818 
 357.88708  220.03134 
 374.58438  221.72774 
 519.35352  222.18332 
 212.2375  226.61319 
 40.393909  233.06114 
 197.48567  233.57933 
 156.34483  234.29008 
 393.62155  237.9935 
 348.54446  249.24297 
 163.29665  259.31384 
 139.17053  266.91473 
 238.5043  276.97556 
 138.97961  284.24121 
 527.92163  285.28046 
 100.71796  300.0191 
 155.27834  300.37109 
 47.688961  305.06509 
 432.97504  305.54135 
 511.90561  306.41537 
 594.7392  315.25674 
 83.749809  321.00467 
 155.03116  332.64847 
 401.13864  339.25528 
 553.64008  340.7666 
 301.17551  343.7619 
 386.84988  351.19724 
 171.13997  352.07898 
 554.63318  351.93372 
 151.86429  354.77368 
 200.55978  356.67694 
 159.08537  364.12509 
 394.44678  374.83325 
 458.92941  377.07251 
 147.87685  379.64786 
 251.73753  380.80411 
 458.267  389.19049 
 148.16525  388.78857 
 198.24149  392.76794 
 60.75835  396.94681 
 522.33124  405.02072 
 87.693817  412.52634 
 359.88269  414.80417 
 232.00711  423.96747 
 337.87234  421.54031 
 249.86162  424.92426 
 230.7209  434.26242 
 376.70035  433.74341 
 265.03677  436.0524 
 283.61966  438.6597 
 329.43518  440.46411 
 348.19882  441.07605 
 491.53391  443.92215 
 319.61057  445.46225 
 265.7471  446.87793 
 523.44434  448.49777 
 289.70486  451.31277 
 497.02008  452.78015 
 326.64899  462.59521 
 522.65442  464.82419 
 485.23035  467.34869 
 77.557053  502.00037 
 80.150322  527.88757 
 477.13672  527.71729 
 367.62509  541.09949 
 178.71628  542.33789 
 120.64738  542.94031 
 164.58121  543.63855 
 342.54242  546.42877 
 118.28474  551.84137 
 434.84958  554.51935 
 312.18265  555.92487 
 260.80029  569.02826 
 440.67126  576.59613 
 400.3129  54.739281 
 424.41571  82.358963 
 334.017  88.649971 
 442.02231  100.3074 
 66.067863  131.41853 
 520.64569  143.40948 
 292.19138  147.50227 
 289.43356  158.62485 
 237.47675  168.74153 
 279.96881  165.64755 
 495.77933  171.2245 
 238.55737  180.7448 
 290.77023  186.27625 
 237.13942  194.70033 
 313.22238  195.93546 
 287.1813  199.48799 
 340.92767  199.36951 
 258.44913  203.86186 
 201.67816  207.59854 
 215.59917  208.33586 
 323.353  209.13156 
 377.89243  208.66068 
 338.77634  210.94052 
 214.34967  212.78363 
 366.09882  227.30962 
 380.50787  244.01021 
 196.0237  246.12859 
 321.19717  246.28857 
 395.94363  250.5603 
 355.76126  256.94669 
 324.34155  261.03302 
 183.64719  263.10428 
 513.21375  272.19809 
 527.8205  271.4133 
 407.6778  279.04953 
 163.2262  280.18137 
 513.25421  286.07904 
 286.22028  286.96576 
 576.41388  290.09488 
 275.90219  304.83365 
 582.20514  305.92059 
 499.30069  306.49823 
 140.50931  307.65543 
 556.2453  308.19263 
 396.2063  309.99396 
 277.20645  317.02133 
 70.609619  317.83133 
 402.16269  325.76202 
 419.70499  328.27771 
 180.38307  334.10992 
 413.38022  346.23215 
 343.33612  354.00571 
 395.65891  358.17941 
 183.42368  366.41052 
 343.19107  369.50192 
 375.09912  373.47079 
 301.78305  374.8692 
 104.58503  380.18454 
 183.51085  385.12967 
 366.85864  386.68848 
 263.60422  390.76642 
 104.47709  392.67474 
 370.1373  397.38611 
 91.209442  398.47882 
 286.78629  397.43057 
 531.66614  410.51617 
 305.22812  410.64606 
 231.15134  413.14059 
 325.91385  414.90536 
 364.65536  416.5932 
 519.88904  416.85852 
 217.23695  418.6857 
 311.96045  426.06354 
 364.70139  427.00983 
 296.36029  428.78879 
 329.04886  429.13107 
 246.13649  434.79874 
 299.55609  442.51019 
 316.67389  457.39377 
 266.80075  458.83356 
 290.48907  462.86935 
 472.90216  468.51556 
 484.70529  479.42838 
 482.63968  490.84244 
 83.603737  516.81451 
 436.50214  541.14899 
 171.30476  552.5545 
 287.04367  559.4306 
 224.96854  562.28778 
 210.18132  564.08514 
 223.91649  575.54529 
 236.00868  50.667465 
 238.75536  166.04794 
 286.55402  201.73505 
 295.24814  200.79041 
 215.04187  208.80864 
 322.66779  209.22389 
 323.58392  264.80075 
 161.99245  261.61343 
 529.19659  270.39447 
 161.95969  282.15448 
 409.28589  283.16418 
 141.06212  306.70959 
 395.32794  309.62442 
 172.30415  319.86002 
 402.84961  325.03912 
 423.80515  329.67944 
 385.2807  345.78879 
 394.58673  360.5278 
 301.32791  375.41003 
 286.7915  397.63403 
 364.00378  417.67844 
 216.63882  419.24649 
 260.55383  419.09637 
 330.30923  429.54636 
 263.51852  433.25391 
 491.09308  441.95273 
 324.41  442.60947 
 89.215408  484.65747 
 74.578674  488.88629 
 85.171982  515.84802 
 327.03885  546.14752 
 209.67627  564.40015 
 225.24524  575.70343 
 332.28683  86.353897 
 431.09116  119.73092 
 286.75095  162.45911 
 291.10721  185.21062 
 306.01007  188.93465 
 308.47113  198.28462 
 276.55533  200.26785 
 380.314  205.72726 
 361.88177  211.0043 
 364.38904  220.44173 
 379.73514  224.80574 
 193.67149  225.60004 
 215.10571  229.23509 
 319.01474  241.42986 
 175.9527  244.89622 
 352.0065  258.09061 
 139.07039  262.75882 
 88.70739  294.88409 
 577.78577  305.93945 
 280.13748  323.42502 
 363.58856  337.5918 
 157.36359  350.259 
 151.09837  371.50827 
 343.01166  372.58081 
 190.72693  372.16171 
 194.20724  389.17834 
 238.09979  413.01233 
 529.52228  406.84766 
 525.43115  423.30545 
 298.76208  425.03601 
 83.223701  526.89343 
 174.05217  541.93439 
 264.35135  185.81732 
 261.24738  197.75011 
 282.30005  215.17281 
 317.46753  217.11079 
 341.43719  229.09418 
 390.78992  340.27328 
 204.01178  351.57037 
 367.89676  380.83679 
 266.89783  386.73895 
 221.34721  422.01462 
 247.42601  438.84659 
 298.82126  445.74191 
 476.17435  479.59137 
 284.62177  212.35225 
 221.65672  226.79074 
 188.08652  235.90675 
 369.9136  239.11617 
 188.44347  271.63339 
 359.74411  291.99167 
 511.90289  291.76465 
 278.09824  327.56122 
 368.86969  386.85977 
 222.67099  399.78244 
 296.60519  421.37354 
 243.8651  444.79178 
 242.10043  180.91904 
 345.77573  193.27231 
 422.69492  305.63806 
 378.08417  333.32458 
 207.7854  369.98801 
 192.56343  381.68109 
 337.71188  398.71506 
 350.81775  419.89355 
 241.09372  428.08478 
 242.9836  442.68491 
 323.88931  210.60861 
 365.92938  227.61127 
 223.07474  233.62602 
 279.66116  346.3006 
 219.5753  392.00146 
 309.65228  400.6525 
 259.90573  432.03757 
 342.29083  438.43594 
 348.66595  220.36052 
 283.58514  284.45575 
 354.69766  384.35132 
