 323.54211  49.839127 
 352.52893  52.470978 
 340.68698  63.188202 
 241.74498  69.745636 
 267.56677  70.453949 
 353.89078  70.159531 
 361.15933  74.730064 
 174.88603  87.880775 
 374.58194  101.90126 
 65.992569  110.08538 
 351.3663  109.55887 
 355.05563  117.79687 
 461.29752  117.99 
 287.0415  123.71041 
 116.15863  137.33629 
 243.72212  140.72656 
 88.491684  141.89719 
 352.15802  143.31535 
 472.46945  142.64919 
 407.28964  156.12378 
 547.99487  157.75577 
 287.90085  159.13179 
 299.52573  162.0134 
 107.58942  171.42595 
 445.49158  177.5016 
 53.243626  181.17563 
 58.002148  183.3797 
 258.43689  185.31686 
 284.7291  185.0656 
 220.24451  190.61237 
 338.08707  191.69734 
 241.71492  194.91533 
 150.27664  211.23137 
 167.98752  214.3044 
 61.694126  217.27815 
 207.77434  217.49278 
 218.22113  218.76663 
 285.98264  219.71817 
 299.77979  225.61742 
 474.1882  226.61813 
 133.69629  229.58803 
 243.6662  231.05257 
 218.94907  232.2291 
 292.90015  233.51239 
 313.45059  234.26474 
 379.24634  233.701 
 305.65082  237.8674 
 203.97356  239.35233 
 345.06961  240.87738 
 285.79465  243.01964 
 212.10614  243.7771 
 249.05144  244.58124 
 461.42258  245.44904 
 413.93658  247.23009 
 367.20337  248.70686 
 280.38937  250.76181 
 234.84541  251.96754 
 311.28903  255.40866 
 62.376289  256.22644 
 61.601795  262.74347 
 80.475151  267.35959 
 199.62668  270.26678 
 136.36646  273.96191 
 321.30188  273.59744 
 88.093002  291.54858 
 495.36655  294.57965 
 320.43143  297.18826 
 213.97684  298.90335 
 105.71186  301.76016 
 241.19513  302.52066 
 374.0592  307.12558 
 416.69873  307.84348 
 120.75558  313.4523 
 85.82637  313.64499 
 399.07996  320.18127 
 156.27974  325.8212 
 128.19592  328.03204 
 320.2092  336.80118 
 370.87967  339.56836 
 388.53659  340.76035 
 131.01056  344.01675 
 301.69766  344.14905 
 81.543198  346.72427 
 221.64821  346.76773 
 156.21844  348.41745 
 256.79471  353.49448 
 469.27957  363.8822 
 234.67336  365.52325 
 368.41379  371.78809 
 492.95813  380.46756 
 145.81503  381.91071 
 498.90872  383.10303 
 201.72362  384.5976 
 232.44962  390.1051 
 304.47986  396.57703 
 362.90649  396.18265 
 312.08371  397.12738 
 240.39751  398.25131 
 383.91373  397.58939 
 458.9093  397.99493 
 254.50293  400.73492 
 280.01166  401.53598 
 57.122444  403.11511 
 186.49271  405.14301 
 491.1676  404.71164 
 327.37451  412.58218 
 176.69621  416.55701 
 192.28802  420.41144 
 121.64732  424.02405 
 170.72002  427.93546 
 421.69589  427.68631 
 283.24399  432.16632 
 453.06857  433.34647 
 129.25516  435.57947 
 424.77414  436.94058 
 461.24673  437.78116 
 294.86673  441.47729 
 461.30841  443.81671 
 305.54971  444.97156 
 383.93564  452.61017 
 85.826202  460.26489 
 440.07611  466.35989 
 265.08337  471.74002 
 242.9234  482.89511 
 522.70734  484.92065 
 215.35423  492.87634 
 467.64465  493.1709 
 413.77905  493.91049 
 262.2937  497.68423 
 220.15993  499.39691 
 101.53007  502.07678 
 222.86694  508.2171 
 387.99957  508.89261 
 331.90686  514.34875 
 365.55142  514.64325 
 202.22858  517.97498 
 280.27042  517.91437 
 215.52547  518.73596 
 351.88947  519.82898 
 176.79927  521.67578 
 284.93213  532.21838 
 334.68927  532.86359 
 144.64348  534.8125 
 513.64496  553.20404 
 337.49188  44.362343 
 345.76312  53.708935 
 275.86954  55.332981 
 339.65997  57.728954 
 216.8932  59.981033 
 210.70442  61.367474 
 255.48213  62.287849 
 226.44382  69.491409 
 345.2804  69.522942 
 295.76971  75.19101 
 135.13376  80.11245 
 384.45129  85.345253 
 192.034  91.646034 
 366.12784  96.314888 
 88.265717  101.37271 
 392.57236  102.59994 
 117.87864  106.25699 
 249.01266  108.00491 
 56.302708  113.86172 
 251.53445  123.18737 
 243.8661  123.96834 
 430.69595  128.1335 
 74.505348  129.56491 
 223.32082  130.92615 
 240.27614  152.72438 
 471.08133  159.71967 
 505.03104  165.89098 
 516.8205  171.83089 
 74.171234  175.28607 
 470.0173  175.73061 
 227.72253  176.95775 
 95.221603  185.49731 
 248.85771  193.24634 
 80.853523  197.22789 
 214.40364  201.10442 
 251.0331  203.35866 
 479.3826  202.70142 
 177.54437  210.66383 
 224.54842  209.76343 
 276.2421  212.03085 
 175.72026  214.36502 
 476.46179  213.87115 
 312.66846  215.43605 
 191.19806  217.81076 
 165.62692  236.73311 
 333.99371  239.43213 
 476.78201  242.14502 
 348.37473  245.42403 
 341.65906  246.49043 
 243.30759  252.90997 
 392.79028  260.42734 
 386.84732  260.82416 
 526.80743  264.21231 
 149.72104  266.14978 
 116.61809  277.3703 
 149.02841  274.24908 
 372.69089  277.07687 
 391.08533  288.54498 
 517.80194  288.56827 
 282.00836  290.74597 
 373.86908  291.39673 
 480.92572  291.3533 
 156.89005  296.81335 
 267.17184  298.17825 
 274.35147  300.46552 
 254.10156  302.26746 
 491.45303  305.58902 
 146.11098  306.42566 
 249.17897  307.09756 
 140.32413  308.5498 
 478.08908  309.92624 
 378.29617  314.64896 
 489.35535  317.26035 
 242.6908  321.6908 
 163.12114  322.69498 
 145.96483  327.01279 
 497.99945  327.52271 
 367.75836  331.047 
 375.84641  333.07602 
 305.55042  341.23901 
 312.82733  340.84427 
 522.36792  341.78113 
 501.35764  350.93414 
 164.22772  352.84229 
 136.46211  358.51288 
 124.76071  363.18506 
 298.19232  370.61014 
 485.89932  372.12134 
 497.41644  372.12772 
 506.23492  374.07321 
 354.3251  375.04385 
 332.42538  375.93835 
 490.87601  381.72299 
 476.09885  406.92178 
 249.71014  407.59317 
 304.9472  408.72864 
 61.103737  409.95752 
 276.01401  410.65665 
 199.44664  411.97021 
 42.60442  412.49335 
 206.01746  414.10532 
 501.50391  423.05444 
 416.30405  435.68567 
 349.49594  441.46454 
 468.74332  442.84778 
 48.377163  460.00986 
 252.22775  462.8898 
 246.15839  463.76123 
 118.50829  472.98944 
 326.6232  478.74884 
 224.61124  484.03281 
 207.62381  492.25537 
 397.1275  497.20691 
 435.78961  498.72952 
 124.90784  499.98077 
 272.00262  507.44681 
 279.58752  507.57697 
 344.98032  507.71494 
 384.08841  515.42352 
 271.77484  515.92975 
 166.03122  517.96307 
 179.09676  531.21552 
 255.25824  534.22339 
 118.01171  547.06464 
 314.63181  550.42249 
 65.539513  58.747723 
 247.10156  61.189838 
 316.41052  62.22176 
 339.4368  62.101395 
 258.55743  65.819405 
 297.20941  66.410957 
 287.14883  67.717781 
 241.29182  68.727959 
 269.55109  69.076279 
 202.48706  71.94165 
 316.84824  73.744843 
 361.09164  73.686119 
 225.93608  77.920029 
 237.18758  79.261322 
 148.64102  81.342758 
 364.73285  83.913643 
 165.56543  84.848793 
 206.69249  84.801903 
 339.50919  86.470901 
 348.8291  86.295403 
 400.21576  85.940117 
 94.816116  87.429817 
 175.94157  87.295563 
 390.74835  86.24807 
 127.74868  89.053505 
 238.04512  89.291405 
 84.718002  89.528503 
 225.9252  90.765984 
 382.85229  94.126945 
 344.48157  95.016144 
 397.41089  94.789345 
 111.35641  96.289108 
 181.39771  97.47506 
 192.42651  96.94767 
 354.35645  97.082138 
 376.13324  100.90008 
 226.69505  102.744 
 238.07846  103.55882 
 256.53375  103.86514 
 265.29932  104.68468 
 133.1002  107.28487 
 452.10709  107.95703 
 128.47694  109.56866 
 351.12192  109.87297 
 443.18692  109.63401 
 66.32016  110.69542 
 256.77457  115.19732 
 387.31833  117.16103 
 469.61777  117.49377 
 136.28502  118.49087 
 459.71283  118.53129 
 378.81317  122.32843 
 110.6873  122.54094 
 146.02652  123.79422 
 285.99765  123.87598 
 81.807884  125.01096 
 409.60928  126.85566 
 399.66388  128.93379 
 215.68539  130.27843 
 421.07913  129.7794 
 470.70981  131.16577 
 66.903954  132.2256 
 391.31873  133.04401 
 107.13476  134.30566 
 453.16495  134.75154 
 462.45593  135.11305 
 338.29449  136.8268 
 117.2302  137.88005 
 401.47296  139.12662 
 73.421272  140.44197 
 487.29239  139.62315 
 243.68988  141.87427 
 87.65097  142.60779 
 472.85898  142.84558 
 78.237999  144.99564 
 411.46698  145.00264 
 69.220917  148.0472 
 319.27875  150.85272 
 329.05869  152.23024 
 231.50293  153.13573 
 461.68533  154.54111 
 257.92682  158.32629 
 271.02509  159.46303 
 287.8801  158.54115 
 63.881657  162.14655 
 83.380486  164.81976 
 73.802757  166.00999 
 496.60904  167.2551 
 246.0419  169.89073 
 107.19559  170.86424 
 277.74338  171.42462 
 288.48132  170.89519 
 465.43555  170.71288 
 477.38846  171.59703 
 539.35101  170.51555 
 255.81335  174.04214 
 92.718788  177.06087 
 88.747185  180.69725 
 492.78586  182.5036 
 501.79333  182.97575 
 257.34393  185.03151 
 276.47653  185.35939 
 66.807404  186.40656 
 221.21846  190.50618 
 292.17163  191.47568 
 337.5647  191.46935 
 203.70934  192.93085 
 238.96181  194.51689 
 303.24332  195.32011 
 232.24995  196.05838 
 72.11953  197.97102 
 183.34317  199.2296 
 485.74326  198.53427 
 191.27534  201.71422 
 273.65555  201.98364 
 332.97827  201.61871 
 130.89088  202.69273 
 286.49762  202.64265 
 166.92134  203.7099 
 259.73572  206.38574 
 206.43997  206.99715 
 301.59869  206.86362 
 317.24252  207.71895 
 326.09473  208.44672 
 194.93283  208.55278 
 490.75696  209.64258 
 157.75378  210.84821 
 149.51427  212.57596 
 185.23355  212.64986 
 295.74625  215.83589 
 218.70969  219.3223 
 285.09552  218.86725 
 159.46071  221.21408 
 199.84296  220.91524 
 145.6459  222.58925 
 168.95726  222.92119 
 271.79501  222.94612 
 315.93527  224.16243 
 370.38229  223.79318 
 181.03036  225.61264 
 299.86566  225.56549 
 188.42126  231.7437 
 133.12001  229.90121 
 338.16721  229.84598 
 218.62793  231.49002 
 229.45758  231.73645 
 244.41138  231.48228 
 328.36765  231.76524 
 465.98566  231.73958 
 365.47629  233.53746 
 156.05681  237.68716 
 303.54535  238.32802 
 202.89937  239.44478 
 265.93307  241.20659 
 345.1796  241.4449 
 372.14758  241.1946 
 285.26898  241.74341 
 483.76425  241.91759 
 72.314468  243.30367 
 212.8373  242.95822 
 230.84911  243.36302 
 62.805851  243.9135 
 250.03958  244.17372 
 322.26538  243.68149 
 462.84659  244.33182 
 144.62616  246.90489 
 414.33691  247.19728 
 365.75055  248.38258 
 153.48367  250.35701 
 206.19467  249.60522 
 376.69757  250.00017 
 233.78235  250.93623 
 179.10799  251.992 
 280.05954  251.94518 
 471.07758  254.36574 
 298.97943  254.548 
 161.28075  256.22711 
 313.13406  255.68034 
 343.48483  256.40555 
 460.39801  256.18799 
 147.85213  258.1864 
 171.08704  258.16501 
 362.58636  257.6001 
 62.247208  262.22885 
 480.0524  262.01202 
 470.92578  265.40677 
 79.711678  266.86523 
 141.8091  267.47308 
 215.96442  267.46338 
 365.38458  267.31567 
 376.52808  266.91162 
 355.00214  267.88525 
 396.63589  268.2843 
 387.47519  268.74084 
 170.5462  271.10709 
 471.18423  272.75677 
 204.36844  274.73444 
 380.46198  274.90988 
 219.51982  276.42474 
 390.98764  277.77936 
 363.92847  280.14978 
 488.46512  280.02597 
 479.01361  281.14392 
 159.26999  281.60773 
 137.65646  282.76974 
 468.5593  285.45612 
 145.47551  285.63245 
 198.51157  285.82117 
 207.88379  285.53979 
 349.51672  288.28198 
 398.56421  287.59961 
 407.07797  288.44019 
 162.97366  291.47873 
 488.25848  291.0556 
 289.97308  291.67963 
 268.50854  293.38351 
 377.9137  293.81915 
 318.84317  295.04391 
 253.89684  296.1077 
 367.55533  297.9317 
 114.31191  298.92462 
 214.39525  298.9798 
 150.10956  299.99097 
 243.11798  299.56018 
 124.5258  301.46439 
 227.48935  301.24258 
 395.73218  300.49252 
 385.50885  301.80798 
 75.962662  302.95831 
 326.47516  302.97763 
 482.16116  303.146 
 161.08757  304.54221 
 374.9035  307.00287 
 403.08167  307.05869 
 416.44458  308.56479 
 130.76405  310.27045 
 282.94925  310.49457 
 240.43352  313.1416 
 266.44128  312.77603 
 85.373672  313.61288 
 255.37526  314.05264 
 150.87131  315.18097 
 142.53326  319.40771 
 371.33215  323.23663 
 381.4093  323.24426 
 392.07959  322.50943 
 502.44983  322.98938 
 363.10065  323.88422 
 135.36496  325.69202 
 155.4631  326.19626 
 490.89023  327.27573 
 164.86885  330.10678 
 148.38174  332.85547 
 480.74628  331.97656 
 229.92911  332.95496 
 496.87347  335.34128 
 321.00284  335.70279 
 160.32202  337.53708 
 361.80896  337.75684 
 391.55585  339.01321 
 371.10712  340.21234 
 489.19873  340.49976 
 303.34134  344.65698 
 81.70665  347.55875 
 230.52713  347.38104 
 144.21005  348.05432 
 220.97525  348.01337 
 211.0621  349.48456 
 133.56213  349.87866 
 156.88574  349.56958 
 361.03271  352.96359 
 370.77792  354.31561 
 494.34283  354.69424 
 256.28558  354.68076 
 352.1185  355.35977 
 379.28342  356.30353 
 172.74011  356.48346 
 267.86414  356.74722 
 485.60834  359.21262 
 495.99841  361.17935 
 293.6611  362.5412 
 235.12398  365.44653 
 469.55051  364.59729 
 355.34689  365.91245 
 254.00488  366.81488 
 342.87109  367.31198 
 184.07195  369.76956 
 173.07819  371.33276 
 500.8606  372.53122 
 288.89673  373.83194 
 369.82611  374.13129 
 361.71219  374.79401 
 249.07373  377.96658 
 232.71693  379.08984 
 167.10191  380.8765 
 300.84088  380.78946 
 146.79012  381.64297 
 156.09811  382.94385 
 333.70181  383.4386 
 190.80862  383.91248 
 383.24731  384.1282 
 202.0459  384.84161 
 321.95493  387.35379 
 231.44417  390.65555 
 485.07489  391.07639 
 494.64633  392.10532 
 189.31616  395.32211 
 502.78229  395.50247 
 206.81883  395.51016 
 326.85553  395.68369 
 361.74014  396.40747 
 371.46582  395.94962 
 240.79109  397.16751 
 309.55334  397.05994 
 383.61542  397.20483 
 219.00809  398.00641 
 254.81026  399.21408 
 457.85208  398.60596 
 167.75581  400.4798 
 177.30818  399.5994 
 280.98166  399.63776 
 467.03189  400.70352 
 199.78458  402.78369 
 493.00488  404.7421 
 296.69696  406.44254 
 266.03128  406.92178 
 485.36972  408.49268 
 167.80742  410.14294 
 177.07915  410.30661 
 348.5751  410.08917 
 192.92294  411.21091 
 231.90277  413.44559 
 468.03549  413.22937 
 214.56943  414.85184 
 291.52319  415.92499 
 263.60767  417.3952 
 180.41483  419.34525 
 308.45175  418.74408 
 192.16205  420.63266 
 251.59627  421.42975 
 279.95013  421.86288 
 223.53253  423.40518 
 299.72885  424.37769 
 493.5105  425.10803 
 214.02306  427.19775 
 269.14743  427.47318 
 290.86002  427.16663 
 421.14038  427.45587 
 320.9462  427.95184 
 330.20065  427.60022 
 170.58107  428.66141 
 185.90579  431.22375 
 497.74942  431.82501 
 257.96603  434.80289 
 128.72935  435.69778 
 221.04384  435.53796 
 236.20613  436.40219 
 506.4628  435.85632 
 101.65016  437.54129 
 426.66333  437.87079 
 278.6788  438.84409 
 294.62036  441.46722 
 460.74103  442.39529 
 77.188461  444.95416 
 304.48114  445.14334 
 271.86414  447.23224 
 86.476654  449.461 
 466.62909  452.19205 
 475.1189  454.16406 
 390.58578  456.12396 
 93.626411  457.34351 
 418.82523  458.23038 
 460.24152  462.34326 
 197.0128  464.43951 
 468.10959  466.48499 
 125.98869  467.35944 
 321.92102  466.92783 
 334.28809  466.91364 
 250.84032  470.10794 
 265.41428  470.72498 
 86.877327  474.82071 
 453.77747  476.76581 
 106.03646  477.9584 
 338.88467  478.345 
 462.94437  477.97028 
 414.58221  479.24771 
 78.096153  480.53259 
 183.74968  481.14575 
 402.07938  481.22586 
 351.36453  481.99829 
 418.60071  482.25983 
 215.98347  482.65329 
 245.40048  482.71341 
 249.91235  483.00235 
 89.211426  484.7749 
 269.22437  485.00104 
 444.86606  486.0387 
 523.21417  485.74841 
 143.28564  488.25156 
 153.36365  488.33548 
 454.41974  488.76465 
 130.72581  490.46646 
 343.63593  490.46484 
 177.8947  491.22791 
 187.53378  491.28238 
 431.55334  491.02084 
 97.737869  491.51126 
 106.87095  491.94879 
 215.38649  492.38205 
 355.86459  492.96658 
 422.23749  493.05618 
 467.90973  493.28305 
 406.31247  494.91574 
 153.63712  496.1908 
 253.68182  496.13138 
 267.54459  497.13739 
 116.60085  500.20792 
 138.67696  501.1344 
 220.30988  501.12003 
 276.62814  500.92255 
 100.98499  501.66263 
 337.13852  505.05304 
 147.19322  506.12372 
 400.87122  506.1322 
 450.25485  505.96252 
 222.10989  508.12729 
 207.20407  509.67978 
 114.47057  511.34866 
 264.95264  513.98737 
 255.97255  516.60211 
 280.62973  518.06427 
 376.07089  518.00159 
 202.76704  519.08417 
 341.81433  519.14771 
 216.77815  520.06531 
 511.24255  520.13721 
 176.8723  521.26306 
 330.30151  520.91656 
 191.23125  523.74988 
 268.05466  524.93188 
 285.18817  531.24396 
 144.89359  534.28717 
 333.8183  535.01593 
 118.19186  536.1615 
 108.52145  540.34167 
 516.37512  171.44734 
 476.48367  201.22032 
 226.00365  210.35727 
 280.62903  214.68515 
 275.03381  300.61575 
 58.355339  405.27548 
 273.57877  410.96176 
 223.12051  87.21106 
 110.64884  94.253265 
 396.42401  94.208405 
 356.26135  95.058235 
 381.43048  96.319702 
 366.70847  100.21201 
 256.12375  101.63506 
 223.46574  103.26653 
 238.2543  103.3756 
 130.20316  105.36366 
 441.64746  111.7175 
 257.17484  115.1506 
 388.61932  115.94292 
 469.66302  116.28951 
 454.1864  118.18987 
 134.64767  119.23121 
 148.28229  123.2403 
 282.97824  124.01931 
 375.97131  123.10498 
 215.45499  128.33968 
 409.53528  128.07945 
 422.16165  128.25708 
 104.43654  133.27122 
 449.80219  133.94801 
 462.69522  135.2787 
 398.84152  136.60794 
 118.73851  139.93858 
 411.7977  140.67529 
 315.9657  151.5708 
 329.7489  151.50102 
 256.80118  154.76767 
 458.71472  154.76703 
 284.8772  158.05943 
 497.04208  169.09097 
 465.38507  170.40071 
 478.39542  169.55002 
 90.225365  176.4398 
 254.8631  175.99153 
 276.95575  183.99675 
 221.63159  187.59967 
 292.02094  189.99686 
 234.67738  195.04646 
 486.04068  197.19687 
 272.21869  199.89671 
 167.58122  201.53355 
 207.04333  205.34192 
 258.27243  208.14896 
 285.38757  211.98676 
 303.5249  207.43295 
 148.29082  216.28014 
 167.88248  220.13368 
 201.58072  220.89511 
 181.71471  223.06012 
 370.6925  223.30704 
 337.08594  226.83922 
 317.52765  227.47978 
 192.57742  230.08009 
 466.62759  229.98563 
 244.27536  233.64551 
 354.88586  233.5381 
 365.49496  234.47264 
 170.90871  237.88406 
 284.53815  237.62341 
 461.17444  244.79218 
 230.31148  246.8152 
 207.04678  247.82747 
 376.41525  248.03223 
 179.94742  250.21567 
 161.39456  252.11649 
 150.18451  253.24309 
 297.91504  253.45695 
 313.24243  254.56096 
 472.87665  254.96754 
 171.31718  256.08133 
 281.73508  255.18782 
 365.15677  263.18274 
 216.03336  265.23383 
 349.74374  267.06512 
 139.73247  269.91153 
 378.36554  269.69318 
 468.55719  269.41171 
 170.6562  271.87619 
 202.22153  273.79639 
 390.35007  275.38251 
 478.91226  278.62689 
 158.90678  281.56851 
 362.4303  284.95248 
 316.50571  291.04675 
 348.01404  289.2738 
 378.46158  289.37103 
 266.28345  291.92294 
 163.40599  294.16483 
 364.43518  295.36075 
 112.76733  298.92389 
 147.67456  298.73535 
 238.70685  298.74841 
 253.14255  299.89441 
 395.8916  301.04242 
 127.12693  303.87909 
 384.52585  303.01678 
 482.49713  303.23782 
 162.75555  306.15887 
 268.02115  311.3696 
 148.09773  319.46091 
 253.97658  315.97314 
 381.79205  319.85327 
 392.46271  321.95035 
 163.72594  321.30365 
 133.96388  328.36621 
 230.61508  330.15048 
 479.59314  330.28961 
 359.25748  335.79776 
 500.15561  337.70132 
 372.87622  339.07867 
 391.10791  339.2254 
 485.17441  339.30997 
 129.59131  348.02933 
 143.09514  347.16736 
 231.25581  347.63724 
 301.13525  347.42154 
 214.69069  349.13443 
 156.84724  352.05658 
 349.33438  352.46689 
 268.01492  353.85028 
 174.75134  354.28232 
 481.12967  357.35327 
 495.39908  358.19739 
 252.9447  361.66995 
 236.33798  363.25922 
 340.80841  365.67441 
 356.88074  365.99261 
 168.5676  369.07629 
 185.03627  367.47733 
 485.9827  372.46164 
 372.50375  374.35312 
 502.1637  374.18869 
 297.10593  376.11621 
 166.93393  381.66 
 333.40723  382.76807 
 383.52249  381.66061 
 188.4001  384.12561 
 202.44925  384.13776 
 493.36197  387.42426 
 308.87494  394.69717 
 225.11943  395.90195 
 251.90878  395.89661 
 327.18158  396.0065 
 343.89999  395.53674 
 371.21939  395.02396 
 176.89937  398.94058 
 280.79538  398.54642 
 453.46268  399.25903 
 199.82278  402.33279 
 466.14697  402.71616 
 267.9877  406.57175 
 177.14235  414.3555 
 234.105  414.92166 
 251.51912  414.03302 
 215.06903  415.73602 
 262.63824  418.59921 
 295.72583  418.77515 
 191.68033  421.96524 
 280.34897  422.31488 
 315.65695  425.5257 
 330.33051  427.04364 
 419.9678  427.67575 
 492.5495  427.35239 
 212.2455  430.58441 
 219.66515  434.58932 
 235.63159  434.79218 
 254.93611  433.51349 
 102.69145  438.19357 
 306.17026  442.43161 
 460.43356  448.51163 
 87.87175  449.9397 
 256.21597  449.75351 
 233.75629  453.07324 
 474.67993  454.70831 
 196.91034  463.32056 
 319.80026  464.60831 
 252.69679  465.33896 
 334.04657  465.40213 
 89.92765  478.68369 
 106.54501  477.97223 
 338.84198  479.78836 
 352.34845  480.38617 
 415.36267  479.30206 
 246.46013  481.75369 
 267.6965  482.5065 
 441.36658  481.53842 
 131.26555  488.3092 
 153.82375  490.58322 
 188.30208  490.38324 
 455.42786  489.09799 
 469.24063  491.21326 
 418.75052  494.3905 
 99.254379  498.01514 
 112.40101  497.77576 
 266.65466  498.66669 
 335.62781  501.96393 
 222.549  504.64514 
 448.88126  504.17987 
 146.63533  506.75418 
 400.74405  505.94162 
 208.34503  507.61966 
 229.16301  212.34308 
 133.40102  120.63862 
 449.90942  120.33818 
 373.70135  123.84824 
 410.60831  134.25883 
 462.62955  134.65602 
 395.29309  138.30583 
 313.04547  151.66292 
 329.74948  151.43086 
 455.06308  155.37604 
 466.47299  169.62639 
 253.90343  177.05751 
 277.00613  181.36742 
 255.46031  187.47946 
 293.45245  189.7262 
 234.63652  195.45088 
 271.93945  199.93402 
 206.53758  203.29117 
 304.10284  207.72707 
 256.97488  211.36241 
 148.25891  218.72301 
 165.78983  218.92882 
 182.58156  219.25502 
 337.50403  224.56915 
 197.79005  226.91542 
 320.0867  230.78693 
 243.89626  236.63284 
 283.36395  235.57489 
 168.69478  237.79308 
 208.66885  245.74725 
 458.91837  246.05878 
 179.85593  249.61354 
 150.81378  252.75694 
 187.6812  254.81004 
 315.1684  255.222 
 473.98874  256.17325 
 365.42078  260.16321 
 215.58205  263.70303 
 345.30942  264.12488 
 171.73903  270.88809 
 219.82063  272.88406 
 139.14999  274.9668 
 464.25925  272.94119 
 177.57266  275.58093 
 199.50726  275.27231 
 478.4812  277.77322 
 159.87482  282.34012 
 317.51624  287.30728 
 362.20599  288.7627 
 380.61505  288.94427 
 146.1434  298.46054 
 166.19576  302.89972 
 236.22978  299.27747 
 129.56613  303.47116 
 482.6907  303.49887 
 162.82088  310.5986 
 272.37344  310.56195 
 249.86093  317.30304 
 479.43506  321.85849 
 231.35095  327.5231 
 130.82039  329.99289 
 166.14134  333.77396 
 352.57013  335.46237 
 482.23444  337.29883 
 374.92712  339.2724 
 142.27077  346.56168 
 214.3392  350.33673 
 297.16885  350.59995 
 233.95911  352.00449 
 155.90736  356.46622 
 477.18906  355.20822 
 252.4193  362.49335 
 338.89157  364.11142 
 358.91302  364.0235 
 295.25067  376.89319 
 206.50146  380.99228 
 166.62941  384.22086 
 331.33356  384.80389 
 311.88461  391.7655 
 223.59158  394.53247 
 328.79681  393.1926 
 371.85461  395.20563 
 198.0901  402.21506 
 465.91324  404.58832 
 267.46524  405.40891 
 235.24794  415.1181 
 173.89563  416.68344 
 214.59181  416.98782 
 295.83289  419.13797 
 314.59235  426.06778 
 236.4205  432.58185 
 254.60585  431.42902 
 215.32683  433.83615 
 307.39023  442.27026 
 455.83008  449.23163 
 475.02356  454.18451 
 255.48363  461.01706 
 316.56207  463.45706 
 335.19992  465.20883 
 416.03745  477.16718 
 438.38092  477.44296 
 267.69086  480.7923 
 245.7467  480.99396 
 187.0347  383.9404 
 253.81252  179.09619 
 305.06192  203.75389 
 279.50122  219.59386 
 197.67485  229.52968 
 319.04984  231.87062 
 243.25282  237.81717 
 364.61646  255.57098 
 339.69489  269.01355 
 172.54292  269.88492 
 321.42178  283.12454 
 357.93295  290.93506 
 170.37621  304.40668 
 233.0421  302.7485 
 280.46359  312.80606 
 355.92432  323.08115 
 354.4473  333.80417 
 345.78571  334.03369 
 379.47552  338.62384 
 182.25871  353.60742 
 332.21146  360.40793 
 361.21344  362.5849 
 291.4357  373.58554 
 220.97939  390.04178 
 307.93115  390.16568 
 190.68517  396.16672 
 290.65805  419.98621 
 292.01813  309.0524 
 243.3356  238.40996 
 323.69452  241.32851 
 361.9205  255.30389 
 335.91428  268.71317 
 353.65814  289.09372 
 233.73911  307.35995 
 339.52051  331.08386 
 363.31061  348.11826 
 331.51984  352.32474 
