 329.43265  48.485786 
 357.5672  51.220345 
 345.70364  60.910145 
 249.7377  67.165031 
 275.08749  67.8424 
 358.66202  67.964386 
 365.8696  71.962769 
 184.92847  84.161224 
 379.23297  97.973648 
 78.154922  105.3291 
 356.69919  105.19375 
 360.16049  113.1573 
 463.71027  113.74584 
 293.68362  118.95181 
 126.72039  131.33846 
 251.43053  134.92249 
 99.474213  135.59319 
 475.27676  137.08771 
 357.48987  137.62637 
 294.51617  152.47467 
 548.97833  152.03008 
 305.96805  155.27747 
 296.8027  163.05319 
 117.45941  163.82465 
 449.14261  170.48157 
 68.53698  175.28557 
 265.41553  177.4624 
 291.34692  177.24699 
 227.99472  182.59976 
 343.78906  183.72626 
 249.01642  186.65884 
 53.85355  191.08763 
 552.80463  196.83687 
 158.99918  202.46924 
 176.38318  205.54787 
 43.593197  207.67563 
 71.584816  208.23471 
 215.76097  208.52177 
 292.8107  211.52876 
 306.21524  217.17346 
 478.285  218.00444 
 142.33136  220.2113 
 250.8647  222.45226 
 226.44479  223.30453 
 299.16565  225.20277 
 311.87686  229.07986 
 211.58025  230.12251 
 350.95618  231.38519 
 292.25034  234.65129 
 256.02145  235.91106 
 466.02432  236.38373 
 372.86978  239.25041 
 286.92288  242.32416 
 241.90125  243.14258 
 90.044868  243.93234 
 71.416153  246.15067 
 317.2796  246.11115 
 70.67778  252.39404 
 89.131119  256.99039 
 207.02348  260.89169 
 144.33104  263.43997 
 327.47818  264.15182 
 214.05252  275.27301 
 96.153381  280.77435 
 500.37552  284.64502 
 326.53812  287.42114 
 220.96886  289.33829 
 113.40988  290.90353 
 247.89174  292.93436 
 380.07544  296.92612 
 422.32318  297.7207 
 93.397697  302.48969 
 128.15382  302.17813 
 246.94521  304.85403 
 149.01321  308.27045 
 405.06766  309.75134 
 47.256367  311.32266 
 135.33466  316.84018 
 326.51419  326.6041 
 377.08899  329.08383 
 394.5708  330.19742 
 137.95126  332.59668 
 308.15756  334.02481 
 88.65686  335.34421 
 228.19633  336.43106 
 163.01074  336.74359 
 263.215  343.40741 
 475.63376  353.30209 
 241.08144  355.16031 
 374.82599  361.12262 
 499.74057  369.53018 
 208.07887  373.36975 
 238.83113  379.58777 
 369.5589  385.54837 
 310.97345  385.83722 
 318.70679  386.31357 
 246.7124  386.80121 
 390.71576  386.86044 
 465.77832  387.42984 
 260.91418  389.68759 
 286.34534  390.655 
 62.966087  391.82071 
 192.62625  393.84598 
 498.1582  394.25491 
 173.74173  398.90524 
 333.86017  402.17816 
 182.61929  405.42834 
 198.38358  409.31943 
 127.18856  413.11029 
 176.50238  416.89938 
 428.89352  417.39362 
 289.55234  421.34732 
 460.40698  423.1087 
 134.71249  424.62463 
 431.89966  426.55243 
 301.30475  431.05035 
 312.03067  434.58997 
 391.09454  442.56229 
 434.60046  448.53238 
 90.537079  449.6936 
 447.87711  456.63968 
 271.22656  461.72891 
 248.69832  473.05267 
 531.51642  475.71271 
 220.77625  483.27435 
 476.00128  484.12717 
 421.5191  484.69034 
 268.27649  488.11127 
 225.69292  489.61115 
 228.38838  498.91888 
 395.40842  499.86966 
 338.84177  505.44876 
 372.88449  505.8483 
 207.37932  508.77197 
 220.78252  509.55853 
 286.41678  508.70569 
 359.12112  511.1756 
 181.53482  512.823 
 246.49104  519.77832 
 314.30554  520.18622 
 291.04465  523.90009 
 341.72168  524.422 
 148.60745  526.38446 
 112.20374  532.68604 
 261.21973  537.4455 
 523.84503  546.12598 
 342.9397  44.070526 
 350.83676  52.360916 
 282.78754  53.788616 
 344.54791  60.221825 
 225.72675  58.08799 
 219.70367  59.450798 
 263.33405  60.366634 
 235.00081  66.751038 
 350.35263  67.366783 
 302.19083  72.855888 
 152.17435  74.88707 
 145.87056  76.935257 
 388.56339  82.206688 
 201.17477  88.173813 
 370.69681  93.063156 
 99.922012  96.928513 
 396.44308  98.882607 
 454.63608  104.15008 
 68.513863  108.74549 
 251.46812  118.49789 
 259.05847  118.19116 
 434.15668  123.21257 
 85.981262  123.71649 
 231.54437  125.11813 
 415.56329  131.17058 
 248.02715  148.04449 
 474.17334  153.28987 
 507.5314  159.46114 
 519.1571  165.23474 
 84.776245  167.784 
 235.43457  169.19771 
 473.23474  168.95256 
 105.27806  177.42242 
 256.13675  185.08897 
 90.847298  188.74841 
 191.34718  192.14058 
 258.2056  194.95219 
 482.81192  194.97264 
 185.89711  201.67207 
 283.13571  203.63666 
 184.0825  205.18846 
 480.39304  205.47719 
 318.7706  206.89194 
 199.16896  208.71422 
 173.81186  227.14638 
 481.02533  233.25746 
 354.2511  235.91087 
 347.58646  237.07381 
 250.28958  244.19043 
 392.40387  251.28618 
 398.24664  250.84363 
 483.26941  251.41913 
 530.93518  254.95724 
 157.66034  255.85455 
 124.68695  266.91254 
 156.84154  263.78842 
 378.46707  267.27148 
 396.80072  278.46191 
 522.55054  278.86218 
 288.44952  281.48218 
 379.71936  281.55707 
 485.92719  281.47931 
 164.38309  286.10098 
 273.72708  288.8909 
 280.8782  291.09293 
 260.89246  292.35373 
 153.56213  295.44199 
 496.76489  295.48709 
 255.75089  297.6344 
 483.51956  299.80606 
 384.33325  304.37628 
 494.82285  307.15778 
 170.19592  311.35132 
 249.3243  312.03806 
 163.56815  314.82034 
 153.82576  315.99927 
 503.59921  317.18469 
 373.94803  320.48099 
 382.00797  322.55798 
 311.72803  331.37042 
 319.1709  330.68417 
 528.16248  331.37329 
 45.001911  340.44037 
 170.88895  341.3392 
 507.41043  340.53238 
 143.15399  347.07956 
 131.40453  351.71994 
 489.12061  360.58081 
 503.89505  361.57532 
 360.80118  364.34143 
 512.75409  363.63226 
 338.82611  365.48154 
 345.52701  366.33905 
 497.4259  371.37259 
 212.47417  382.83939 
 256.11377  396.71695 
 483.16107  396.46085 
 216.22227  398.15674 
 311.379  398.05176 
 66.729279  398.7291 
 282.47485  399.66974 
 205.61922  400.88177 
 212.12123  402.92102 
 508.96982  412.93573 
 423.36896  425.23828 
 356.30951  431.21103 
 476.27222  432.74731 
 288.13315  437.5806 
 52.651382  449.42346 
 252.11313  453.35825 
 258.27209  452.58163 
 123.10593  462.45242 
 333.27573  468.97083 
 230.25916  474.22766 
 213.08362  482.42862 
 404.81146  487.91904 
 129.1619  490.18491 
 443.8988  489.61411 
 278.17966  498.19412 
 285.76489  498.38156 
 351.96295  498.72717 
 277.86035  506.87689 
 391.7283  506.73285 
 222.61421  517.38177 
 121.56347  538.63098 
 321.39301  542.58734 
 254.86226  59.118279 
 322.20761  60.422962 
 265.98737  63.313194 
 303.87292  64.278351 
 248.87645  66.096062 
 293.88025  65.687653 
 276.81369  66.833702 
 211.65646  68.793022 
 322.98611  71.352112 
 365.77869  70.970406 
 234.45607  75.035194 
 245.34956  77.319221 
 159.18121  77.983368 
 175.52684  81.345947 
 369.51581  80.938423 
 215.66631  81.61618 
 344.7359  83.119812 
 353.89169  83.2677 
 394.68033  83.216171 
 404.03992  82.822075 
 106.73948  83.947136 
 185.70723  83.584534 
 138.44897  85.342308 
 96.752678  85.828239 
 246.06319  85.664345 
 233.88808  86.846222 
 349.85086  91.296646 
 386.9884  90.859009 
 401.23502  91.40358 
 122.59212  91.966927 
 190.82208  93.366257 
 201.56723  92.811272 
 359.63821  93.273148 
 381.04434  96.531532 
 234.76273  98.616699 
 246.09258  99.347725 
 263.98526  99.611359 
 272.66479  100.44511 
 143.71858  102.15131 
 139.49799  104.29298 
 78.436485  105.655 
 356.04889  105.68807 
 446.07574  105.6343 
 264.30194  110.62297 
 391.81067  112.37231 
 146.47945  113.29943 
 471.92545  113.2514 
 462.16946  114.13481 
 121.56209  117.12719 
 383.26004  117.43604 
 156.33469  118.11076 
 93.352089  119.40086 
 292.57614  119.03925 
 413.61047  122.0357 
 403.83633  124.32503 
 223.99487  124.52754 
 424.64215  124.82276 
 78.415642  126.30113 
 473.47888  126.05397 
 117.82542  128.34741 
 395.56033  127.80148 
 456.04883  129.50298 
 465.32556  130.03214 
 343.97998  131.34698 
 127.83778  132.06238 
 405.53131  133.39464 
 489.69287  134.06816 
 84.957237  134.53055 
 98.600349  136.33325 
 251.29317  135.96864 
 89.339302  138.71846 
 475.68445  137.3244 
 415.57095  138.7941 
 80.273895  141.48407 
 325.16696  144.58667 
 335.01373  145.74594 
 239.22627  146.49419 
 464.78235  148.40999 
 265.20313  151.36726 
 294.42935  151.80428 
 277.98117  152.64691 
 74.736084  154.83304 
 84.513969  158.52455 
 93.949463  157.59509 
 499.22284  160.81032 
 253.49387  162.229 
 117.22132  163.16818 
 284.62891  163.96489 
 294.99734  164.25525 
 468.84064  163.95026 
 541.17377  164.22368 
 480.49939  164.74374 
 263.06909  166.75146 
 99.048943  172.58055 
 67.961098  174.66872 
 495.63916  175.59843 
 504.61603  175.97641 
 264.33575  177.03416 
 77.325264  178.36646 
 283.33258  177.55939 
 229.02074  182.31541 
 298.67465  183.37305 
 211.73552  184.59586 
 343.32434  183.65771 
 245.35327  186.36411 
 309.67203  187.08481 
 239.79837  187.78172 
 82.227142  189.49379 
 489.26627  190.98735 
 199.43391  193.14261 
 338.96796  193.1976 
 139.97546  194.13528 
 280.51776  193.59854 
 293.14822  194.41563 
 175.34232  194.97807 
 214.34238  198.15732 
 266.80804  198.07254 
 308.01364  198.56163 
 323.37848  199.26387 
 202.9234  199.70702 
 332.11557  200.00703 
 166.25798  201.93974 
 233.37637  202.06026 
 494.33316  201.76276 
 158.20056  203.88686 
 193.33525  203.74315 
 288.31064  207.2731 
 302.09958  207.48157 
 226.286  210.56436 
 292.10599  210.79453 
 167.85243  212.04305 
 207.75221  211.86462 
 154.18674  213.07796 
 177.20171  213.65927 
 278.51459  214.4632 
 375.8764  214.80391 
 189.11479  216.28931 
 322.15186  215.53638 
 306.2384  217.16473 
 141.80972  220.40762 
 344.08884  220.50365 
 334.34964  222.58949 
 195.89227  222.79225 
 226.10727  222.52692 
 236.73076  222.92265 
 251.52875  222.88297 
 470.24289  222.98126 
 360.07596  224.32788 
 288.69373  224.81404 
 370.97354  224.53265 
 164.26335  227.93858 
 210.50317  230.19168 
 351.07971  232.05042 
 377.79562  232.15851 
 81.563484  233.45903 
 272.7688  232.74797 
 291.45071  233.47871 
 487.92917  233.1129 
 72.036705  234.01912 
 220.13084  233.97792 
 328.37689  234.43526 
 238.03465  234.58801 
 256.98694  235.50291 
 467.32434  235.35115 
 152.88675  236.99951 
 419.43481  237.9884 
 371.37918  238.86157 
 161.57526  240.38579 
 213.72931  240.27408 
 382.24713  240.63405 
 187.09044  241.94531 
 240.84428  242.13414 
 286.57446  243.5219 
 475.67026  245.1161 
 169.25812  246.0368 
 305.43994  245.60155 
 319.36078  246.52264 
 349.51123  246.85161 
 464.94397  246.90512 
 156.03119  247.94434 
 178.95992  247.92874 
 368.64316  248.1785 
 71.21064  251.80164 
 88.323898  256.46854 
 475.67764  256.24936 
 149.74712  257.19177 
 382.28909  257.24692 
 223.21985  258.29312 
 360.82281  258.2236 
 371.16119  257.62885 
 393.08139  259.14243 
 402.19983  258.59616 
 63.506413  260.56857 
 178.27368  261.01376 
 476.07852  262.74777 
 211.4931  265.33752 
 386.13342  265.05057 
 226.52219  267.44144 
 396.6376  267.89487 
 369.76807  270.41635 
 493.37622  270.15784 
 166.83447  271.1842 
 483.91193  271.27713 
 145.42163  272.23151 
 153.20036  274.90576 
 473.55106  275.5051 
 215.05424  276.05042 
 205.73659  276.48511 
 404.16214  277.52908 
 412.68854  278.4538 
 355.53574  278.51599 
 170.4256  281.05243 
 493.24716  281.25455 
 296.392  282.38586 
 274.97318  284.13638 
 383.7746  283.80734 
 324.95523  285.20129 
 260.72174  287.2699 
 373.38947  287.73761 
 121.96259  288.11362 
 157.53815  289.16663 
 221.38664  289.46429 
 249.72034  290.14276 
 401.51752  290.35367 
 132.20305  290.61847 
 83.991547  292.00964 
 234.31146  291.74832 
 391.44089  291.77399 
 496.35434  292.36926 
 332.7265  293.09598 
 487.39069  292.96823 
 168.41756  293.6647 
 380.90097  296.81842 
 408.86124  296.86948 
 422.11221  298.36798 
 138.17224  299.23721 
 289.46588  300.95877 
 93.050575  302.59659 
 247.06833  303.46439 
 273.06311  303.03955 
 158.13739  304.04239 
 261.86429  304.55569 
 149.91399  308.4859 
 501.88495  307.51447 
 398.09769  311.97076 
 369.13876  313.44788 
 377.38474  312.98129 
 387.59647  312.74741 
 507.9006  312.82013 
 142.40665  314.15222 
 496.47867  316.94434 
 171.86682  318.78592 
 155.33136  321.25391 
 486.55194  321.51465 
 236.6174  322.93753 
 502.64047  325.01865 
 167.35652  326.12817 
 327.31952  325.47058 
 367.95517  327.45596 
 397.70566  328.17398 
 377.31284  329.74405 
 495.05948  330.1763 
 309.77518  334.53671 
 88.714157  336.23187 
 151.00471  336.58438 
 237.02367  337.16269 
 140.32716  338.36948 
 163.75191  338.08389 
 227.48131  337.78506 
 217.70753  339.01114 
 367.34833  342.21515 
 377.10406  343.68951 
 179.35039  344.95276 
 262.71515  344.54953 
 358.55612  344.82697 
 385.58401  345.61307 
 274.25397  346.48892 
 491.83121  348.82596 
 502.22714  350.81677 
 300.10876  352.12473 
 475.92651  354.0061 
 241.5735  355.07715 
 361.81265  355.2753 
 260.45844  356.48883 
 349.2576  356.77487 
 190.5956  358.35458 
 179.64496  359.84116 
 304.60263  360.20404 
 492.44849  361.63177 
 376.24045  363.38437 
 295.18179  363.49167 
 368.10281  364.19083 
 239.1756  368.47992 
 255.42709  367.50858 
 173.50914  369.35306 
 153.07829  370.26926 
 307.25223  370.26657 
 162.46262  371.25931 
 197.14854  372.45056 
 340.14948  372.83597 
 389.70236  373.46985 
 208.38445  373.57629 
 328.29816  376.78967 
 237.76926  380.00671 
 491.98111  380.76614 
 501.48111  381.84155 
 195.56828  383.90735 
 333.32047  385.04303 
 378.03537  385.21719 
 509.62979  385.1499 
 247.20508  386.20001 
 316.04419  386.30109 
 368.31891  385.68564 
 225.26704  386.82089 
 390.21271  386.54483 
 183.48654  388.26926 
 261.16174  388.28156 
 464.72382  388.02023 
 173.91928  389.11438 
 287.40784  388.75986 
 473.91098  390.28802 
 205.91849  391.30283 
 63.315971  392.28214 
 500.01892  394.32074 
 272.43576  395.96204 
 303.17029  395.59518 
 492.3718  398.0705 
 173.82323  398.87384 
 183.12621  398.98868 
 198.96652  400.04175 
 355.23077  399.57751 
 237.94148  402.26007 
 475.17792  402.9035 
 220.74158  403.63367 
 297.98499  405.14746 
 270.03714  406.42905 
 186.3887  408.31293 
 314.93796  408.10327 
 198.1261  409.50266 
 257.79822  410.49695 
 286.29449  411.10974 
 229.67674  412.28717 
 306.16296  413.76419 
 500.92346  414.93369 
 220.03462  416.22949 
 176.3221  417.5874 
 275.40814  416.67935 
 297.29736  416.53461 
 327.56055  417.4978 
 336.82852  417.04294 
 428.26025  417.10626 
 191.77328  420.30832 
 505.54675  421.99057 
 264.40198  423.9614 
 134.1283  424.73962 
 227.0175  424.6673 
 242.39253  425.53317 
 514.08655  425.91809 
 106.9205  426.63287 
 284.79004  428.09229 
 328.77853  428.28696 
 433.88217  427.61761 
 301.03333  430.96188 
 468.30872  432.77332 
 82.101196  434.06512 
 310.99353  434.75687 
 278.12146  436.73361 
 91.349876  438.74719 
 474.43436  442.34601 
 482.94733  444.32574 
 98.421883  446.51031 
 397.92426  445.86313 
 426.40359  447.883 
 468.16348  452.7323 
 202.50993  454.12424 
 130.78027  456.99252 
 328.63724  457.04254 
 341.09039  457.04144 
 476.08356  456.74222 
 256.9006  459.96017 
 271.61676  460.74957 
 91.151466  464.5321 
 461.81308  467.21771 
 110.40935  467.57916 
 345.78442  468.62308 
 421.9028  469.22955 
 470.94946  468.52826 
 82.297493  470.34891 
 189.00681  471.13794 
 358.41385  472.4472 
 409.60422  471.65036 
 221.66811  472.82068 
 251.02615  472.75354 
 255.97635  473.11606 
 426.56525  472.99841 
 93.403442  474.61533 
 275.38553  475.28827 
 452.99487  476.90585 
 532.05536  476.56485 
 148.09383  478.33728 
 158.17131  478.15967 
 462.53128  479.48212 
 101.9015  481.46564 
 135.14894  480.75394 
 192.69673  481.47189 
 350.59238  481.01349 
 111.0307  481.93616 
 182.99239  481.54642 
 439.45145  481.77271 
 220.96571  482.73538 
 362.93921  483.4935 
 430.15921  483.83112 
 476.27676  484.22079 
 423.99484  484.64255 
 259.67874  486.38034 
 414.04181  485.73337 
 158.30405  486.92468 
 273.68549  487.55402 
 120.92429  490.48065 
 143.179  491.42276 
 225.78075  491.3465 
 104.98945  492.01746 
 282.59357  491.39355 
 344.11029  496.13803 
 151.70322  496.59882 
 408.52832  497.28448 
 458.66885  497.12711 
 227.53787  498.94055 
 212.23811  500.44418 
 118.35703  501.95502 
 270.90155  504.95187 
 261.88171  507.53531 
 170.57407  509.04056 
 286.82281  508.9256 
 383.63376  509.27374 
 207.87276  509.84131 
 221.92297  510.4071 
 348.83185  510.37033 
 181.54884  512.29077 
 337.21014  512.41907 
 520.7019  511.94141 
 196.08002  514.87085 
 273.97556  516.16431 
 291.44315  522.85278 
 148.90329  525.72131 
 121.67577  527.57538 
 340.77475  526.95258 
 111.89841  532.08929 
 129.22145  535.46893 
 479.93365  193.5032 
 350.63367  237.47903 
 484.4953  252.20564 
 281.7099  291.28888 
 508.61392  363.63004 
 212.43739  384.42841 
 279.96542  400.0054 
 362.24887  89.374367 
 96.566605  89.39093 
 121.82318  89.924301 
 400.41837  90.829926 
 385.57144  92.966415 
 263.67764  97.48745 
 371.61292  97.28302 
 141.10928  100.28741 
 231.44638  99.127846 
 246.19101  99.343887 
 444.47345  107.704 
 265.01611  110.91825 
 392.95493  111.10287 
 472.10037  111.88503 
 144.62801  114.44918 
 158.45749  117.56041 
 289.58383  118.88284 
 380.43262  118.27007 
 223.73268  122.70354 
 426.04111  122.97877 
 413.45761  123.07771 
 114.99669  127.26136 
 452.71759  128.63974 
 465.84406  130.30072 
 402.87616  130.99759 
 129.20064  133.93874 
 415.74426  134.75696 
 321.90561  145.39069 
 335.64206  145.08275 
 263.93594  148.11465 
 461.75607  148.57172 
 291.34537  151.35406 
 481.72507  162.69713 
 499.56348  162.64578 
 468.72559  163.46179 
 100.28313  168.35481 
 262.19312  168.57927 
 283.83893  176.0463 
 229.32784  179.42178 
 298.62476  181.97693 
 242.07613  186.97765 
 489.48428  189.5831 
 176.14682  192.9312 
 279.07541  191.60178 
 215.02957  196.52353 
 265.33633  199.78479 
 291.92468  203.75732 
 309.86136  199.13655 
 236.52498  203.96892 
 157.08548  207.38943 
 176.00993  210.78659 
 209.33722  211.9819 
 189.82968  213.62978 
 376.23798  214.52567 
 323.93658  218.80081 
 343.04242  217.51115 
 200.42865  220.94221 
 470.88348  221.25418 
 360.56351  224.19519 
 251.20673  224.94357 
 371.2002  225.33713 
 178.92853  228.30327 
 291.03384  229.06165 
 465.59482  236.05934 
 214.99074  238.03201 
 237.44658  238.05745 
 381.97729  238.64549 
 187.89944  240.30444 
 169.42213  241.95041 
 158.19933  243.42126 
 304.43597  244.51891 
 179.11104  246.06551 
 319.54871  245.45181 
 477.49493  245.75584 
 87.560486  254.42583 
 370.91925  253.27946 
 223.10933  255.68042 
 355.49942  257.62958 
 147.77547  259.65515 
 384.03528  259.73911 
 473.30148  260.08374 
 178.48331  261.58917 
 209.32925  264.4025 
 225.81117  263.26929 
 396.0177  265.5343 
 483.76126  268.89481 
 166.28094  271.23761 
 368.45554  276.15164 
 354.03406  279.5119 
 384.29718  279.36221 
 272.8476  282.70953 
 322.60498  281.32108 
 170.60484  284.40771 
 370.3389  285.44916 
 120.34522  288.0665 
 155.1992  288.04034 
 245.38455  289.32486 
 259.74847  290.32065 
 401.74323  290.93274 
 134.76158  293.04248 
 390.35846  292.99677 
 170.11568  294.4993 
 487.8718  293.17892 
 227.64474  298.01501 
 274.55475  301.84671 
 155.38649  308.254 
 260.56906  306.45181 
 166.20677  316.38068 
 387.87091  309.38339 
 398.46466  311.4339 
 140.99142  317.11395 
 237.29442  320.17029 
 485.17944  319.28931 
 365.34637  325.55969 
 379.17963  328.50589 
 397.27432  328.53473 
 506.04776  327.42966 
 491.1412  329.12735 
 136.34732  336.28317 
 149.91017  335.77884 
 221.24107  338.69815 
 237.78874  337.54761 
 307.45389  337.35776 
 163.56888  340.53287 
 355.67856  342.01672 
 180.80136  342.2377 
 274.38998  343.60178 
 487.29385  346.88574 
 501.57693  347.80957 
 259.44348  351.29099 
 242.75552  352.85068 
 345.39862  353.3215 
 191.53227  356.00354 
 363.42972  355.45178 
 175.58318  357.88245 
 379.06259  362.94873 
 492.42877  361.8956 
 303.52792  365.6412 
 173.42911  370.16351 
 194.78235  372.67941 
 339.83331  372.13904 
 208.65051  373.10602 
 500.05804  377.07999 
 231.46239  384.85217 
 258.38525  384.96503 
 315.57526  383.87787 
 350.30566  384.81052 
 377.84543  384.37683 
 333.77005  385.31558 
 183.0735  387.54849 
 287.23178  387.79602 
 460.33612  388.77533 
 205.98045  390.87656 
 473.2771  391.11032 
 274.35971  395.63223 
 183.08321  403.07504 
 221.15506  404.47742 
 240.36302  403.8356 
 257.86905  402.96924 
 269.07831  407.57172 
 302.10553  407.96219 
 197.73161  410.76071 
 286.73715  411.27634 
 322.37927  415.1391 
 336.87912  416.45532 
 426.94714  417.40631 
 500.09427  417.3298 
 218.19218  419.58521 
 261.24124  422.74881 
 225.74765  423.81558 
 241.75945  423.93512 
 107.96326  427.28418 
 312.5256  432.15607 
 468.24356  438.63562 
 92.594849  439.17242 
 241.81104  440.26129 
 262.37198  439.16693 
 482.45767  444.98407 
 202.53979  453.04282 
 326.53537  454.75485 
 258.75839  455.27692 
 340.84305  455.53531 
 94.205986  468.50705 
 111.07771  467.76785 
 345.77414  470.04977 
 359.34781  470.8808 
 423.0029  469.87012 
 252.45692  471.84753 
 273.88025  472.83768 
 449.40213  472.3533 
 135.87778  478.4454 
 193.38892  480.6105 
 463.62634  479.95135 
 158.75967  480.87402 
 477.59906  482.33102 
 426.61401  484.94553 
 103.3745  488.38748 
 116.63042  488.07285 
 272.65829  488.86371 
 342.61069  493.05441 
 151.2146  497.02515 
 227.91382  495.63535 
 457.4736  495.86615 
 213.63391  498.36731 
 408.38885  497.12772 
 260.78229  505.67053 
 337.05563  509.73932 
 182.01726  512.76892 
 365.75836  342.89648 
 143.80052  115.38131 
 452.45557  116.44294 
 378.12805  118.8436 
 414.48318  129.23279 
 466.05627  129.89481 
 399.25443  133.06021 
 318.93961  145.3959 
 335.51465  145.06729 
 458.28308  149.31931 
 470.0166  162.67673 
 261.16388  169.45528 
 283.99509  173.31602 
 300.26178  181.80418 
 242.10066  187.21304 
 278.7724  191.74826 
 214.34097  194.20828 
 310.44781  199.43967 
 263.89822  203.11661 
 240.43788  206.08972 
 190.49899  209.56764 
 156.84276  209.7032 
 173.98073  209.71347 
 343.5986  215.08266 
 205.47581  217.98312 
 326.28479  221.94063 
 176.56154  228.16014 
 250.81551  228.08615 
 289.91516  227.13876 
 216.34167  236.48442 
 463.4856  237.30246 
 187.92093  239.35559 
 159.36279  242.50574 
 195.42332  245.34775 
 321.46021  246.12553 
 478.98019  247.03514 
 371.20767  250.35135 
 222.64252  254.8784 
 351.15573  254.51044 
 179.58936  260.6391 
 469.51413  263.12134 
 147.03654  264.51419 
 226.85228  264.61389 
 206.68024  265.6749 
 167.53239  271.57776 
 323.72446  277.68762 
 368.11435  278.88867 
 386.43289  278.75595 
 118.19643  287.91458 
 153.5666  287.9545 
 170.78273  289.48795 
 243.09305  289.90729 
 137.22417  292.5163 
 278.96686  301.09863 
 256.32898  307.55795 
 137.92014  318.78293 
 238.01529  317.48325 
 182.46983  325.48468 
 168.29462  326.49728 
 358.77371  324.98016 
 381.40686  328.21423 
 148.78033  335.02365 
 221.01723  339.97058 
 303.50034  340.40967 
 240.42169  341.83612 
 258.74228  352.05807 
 365.32431  353.44812 
 301.67081  366.44119 
 213.13631  370.16595 
 173.32539  373.09027 
 337.45908  374.94666 
 318.19711  381.27414 
 230.01305  383.54608 
 334.90024  383.74295 
 378.46014  384.57028 
 204.493  390.96957 
 273.79388  394.45828 
 473.13794  394.05179 
 241.35049  403.92972 
 180.02538  405.42728 
 220.70039  405.84866 
 302.30679  408.32828 
 321.12952  415.31631 
 336.63278  417.71274 
 260.86435  420.79538 
 221.47905  422.68854 
 242.5818  421.82654 
 313.76556  431.85318 
 463.73053  439.49744 
 239.78281  442.26337 
 261.52835  451.43445 
 482.76459  444.43942 
 323.43884  453.37213 
 341.87732  455.28375 
 423.72717  467.86795 
 446.49469  468.35321 
 251.82785  470.97198 
 273.82657  471.05975 
 480.66144  478.87888 
 193.14777  372.20889 
 261.17538  170.99504 
 311.35117  195.36392 
 285.69659  211.65251 
 205.13058  220.41599 
 325.55783  222.93716 
 250.1759  229.20531 
 369.2916  246.67795 
 345.22995  248.56264 
 180.52264  259.30283 
 327.89587  273.5925 
 363.36948  280.49396 
 177.48132  293.51801 
 240.06699  293.47571 
 287.19977  303.26459 
 358.88223  326.18466 
 353.09479  322.05914 
 385.23138  329.04254 
 187.45482  341.2767 
 339.23877  349.00052 
 367.91226  351.91382 
 297.65768  363.30225 
 227.10603  378.86722 
 313.70792  380.12003 
 196.50856  384.51648 
 297.14023  409.28699 
 250.5018  230.03188 
 331.10352  234.03198 
 360.43774  280.47748 
 240.70744  297.90662 
 298.35254  299.29279 
 362.72403  310.52985 
 347.69525  313.8457 
 338.85339  340.04843 
