 528.24567; 9.6373472;
 681.34399; 19.182066;
 491.6387; 20.623499;
 440.14789; 23.507618;
 493.13245; 26.38196;
 543.2298; 25.967154;
 442.47302; 29.453653;
 670.89197; 34.711311;
 410.80176; 39.876625;
 527.84204; 54.434174;
 556.71564; 55.046387;
 527.15277; 63.109486;
 516.72729; 64.009789;
 586.2829; 65.332214;
 585.53052; 71.285095;
 412.9173; 73.272713;
 463.57867; 72.690178;
 396.07672; 76.59137;
 415.61154; 78.177933;
 666.47754; 103.40602;
 896.87189; 106.95654;
 356.47202; 118.21858;
 659.44214; 122.9126;
 883.95612; 136.01944;
 940.69263; 136.06854;
 807.36237; 141.24698;
 293.65973; 144.36929;
 795.21362; 144.37762;
 854.92822; 156.72449;
 856.80756; 162.31332;
 977.78094; 167.22021;
 919.9646; 167.95096;
 852.44293; 172.82237;
 72.619164; 177.67589;
 63.57048; 180.35118;
 936.53998; 185.10652;
 877.10474; 195.54915;
 871.79047; 200.20529;
 230.89417; 202.27744;
 934.12146; 202.62428;
 153.45122; 218.06773;
 550.14789; 219.05382;
 190.7029; 220.26143;
 244.11514; 220.0723;
 560.5434; 232.40201;
 208.58397; 239.65117;
 520.29034; 248.79593;
 451.59647; 250.52402;
 977.07654; 252.81253;
 512.28143; 255.16812;
 584.66107; 255.95711;
 477.05576; 258.24713;
 515.26184; 261.85278;
 596.34625; 266.20929;
 640.89313; 269.80518;
 548.61938; 270.54907;
 594.87915; 272.04929;
 572.02594; 274.8533;
 566.19037; 278.21536;
 214.29378; 279.33905;
 191.03055; 280.76227;
 958.03143; 283.7933;
 657.5968; 284.61459;
 605.99109; 286.17163;
 714.36053; 289.68655;
 567.04517; 292.62381;
 509.96021; 293.88281;
 562.37079; 296.80493;
 591.85895; 298.76971;
 513.50244; 299.67953;
 670.73022; 301.7106;
 363.89703; 303.81412;
 489.09106; 304.17133;
 586.77521; 303.72305;
 599.67169; 305.17078;
 160.26337; 307.21335;
 408.22076; 307.07928;
 593.95288; 307.02805;
 463.14789; 308.74265;
 394.75241; 310.41403;
 602.96082; 309.77917;
 935.61566; 310.0654;
 616.08997; 311.31287;
 729.57086; 310.56647;
 610.0105; 311.70206;
 458.71475; 314.38428;
 624.47083; 315.05679;
 630.92499; 314.5025;
 617.71313; 317.22787;
 449.9104; 319.0238;
 636.50232; 319.65289;
 177.07536; 322.72421;
 655.0578; 327.17365;
 646.88434; 327.93369;
 429.75516; 334.896;
 208.97487; 343.37692;
 940.05573; 345.01306;
 412.24646; 350.45422;
 722.47949; 350.72116;
 147.44301; 352.26489;
 256.22336; 353.36035;
 702.18805; 353.13107;
 405.10229; 360.17545;
 256.17599; 360.8616;
 393.52536; 369.30176;
 711.52191; 369.94907;
 707.40179; 373.88763;
 381.51657; 374.86053;
 393.49951; 377.50851;
 716.27124; 380.01816;
 349.34772; 380.63364;
 388.67355; 381.66672;
 976.6701; 381.96454;
 940.35168; 384.48224;
 355.44598; 384.57056;
 387.42215; 387.40689;
 978.04376; 388.17343;
 992.99561; 388.642;
 854.2691; 393.21078;
 861.01227; 395.13077;
 870.51172; 398.65741;
 124.81504; 399.53821;
 211.25139; 403.88898;
 222.02533; 406.57709;
 367.31009; 409.04889;
 721.97876; 410.02679;
 221.36; 412.48453;
 860.18024; 411.85126;
 943.48242; 412.17978;
 341.31702; 413.44299;
 436.73145; 412.78299;
 724.94635; 415.26154;
 369.28973; 417.13605;
 436.47021; 418.28546;
 361.35449; 420.67764;
 778.99628; 420.80014;
 728.01801; 423.40659;
 517.86786; 434.06973;
 311.10907; 435.21246;
 731.00879; 438.09549;
 361.50134; 439.04715;
 517.34473; 440.62686;
 961.4754; 444.39453;
 360.18155; 444.64093;
 644.63861; 448.21396;
 259.7775; 450.92746;
 544.92487; 453.01877;
 750.01086; 457.26181;
 542.42413; 460.98779;
 89.408119; 461.83472;
 362.21869; 461.92886;
 331.78967; 463.40695;
 549.02118; 462.87366;
 248.54779; 463.65387;
 733.35541; 465.85281;
 355.6759; 466.71097;
 917.31635; 468.22525;
 991.9837; 468.13016;
 551.43909; 469.1243;
 907.8656; 468.77194;
 348.60098; 476.44275;
 550.37561; 476.35724;
 526.56842; 478.62442;
 540.48816; 479.28949;
 358.83801; 480.83344;
 217.38339; 483.41971;
 317.66492; 483.07352;
 351.47833; 484.48196;
 513.19543; 485.8689;
 531.05383; 486.07687;
 912.68756; 488.67801;
 536.17444; 489.77393;
 729.23425; 489.81897;
 217.30852; 490.81488;
 556.17505; 492.99994;
 358.7337; 493.95459;
 355.14758; 498.44705;
 555.60077; 499.86948;
 560.03009; 503.02972;
 674.23517; 502.61029;
 182.28334; 505.09259;
 1021.8373; 506.133;
 359.32904; 508.29611;
 722.74036; 508.99158;
 181.33493; 511.35257;
 573.66956; 518.01367;
 997.76434; 519.38489;
 359.6705; 525.29242;
 734.90631; 524.91461;
 421.24127; 529.30743;
 57.839931; 530.90472;
 567.93848; 530.92578;
 26.977669; 531.57874;
 359.08136; 533.17163;
 715.67383; 533.33191;
 143.59091; 536.15857;
 351.34125; 538.29889;
 718.20636; 540.13208;
 20.900822; 540.67621;
 358.27573; 540.69641;
 327.97025; 541.92358;
 145.85141; 544.21118;
 721.59265; 546.2876;
 714.49725; 546.99927;
 322.29678; 550.27551;
 340.32281; 550.28503;
 43.47588; 554.89886;
 360.4776; 559.58118;
 368.78009; 565.93243;
 707.65973; 567.58124;
 374.2446; 573.30859;
 482.97433; 572.96869;
 709.65955; 575.10925;
 21.705883; 577.08905;
 968.69745; 576.98096;
 61.817295; 578.84454;
 381.04626; 579.05151;
 380.50165; 585.55304;
 96.287178; 590.19678;
 997.83191; 591.01843;
 323.82764; 595.2326;
 394.58768; 594.60126;
 388.08408; 597.17969;
 552.53827; 596.85797;
 824.51312; 597.91583;
 400.79102; 600.70154;
 322.73108; 601.99402;
 405.47556; 602.26172;
 412.03329; 603.41663;
 139.96033; 604.10443;
 326.65628; 604.71143;
 680.76312; 606.58374;
 412.43851; 609.66052;
 248.61301; 615.00232;
 661.68079; 618.26001;
 421.17206; 619.29163;
 1012.3669; 623;
 421.68707; 625.30676;
 428.47977; 625.37122;
 950.8338; 625.25092;
 181.15938; 627.24567;
 433.60236; 630.41449;
 301.65222; 636.42761;
 644.65948; 636.04022;
 439.19772; 637.54706;
 227.9584; 642.73206;
 442.91074; 645.2193;
 451.24023; 644.99225;
 453.24326; 651.14673;
 460.06924; 651.07892;
 981.03015; 653.21198;
 618.23291; 654.50653;
 612.04803; 655.95612;
 463.42914; 657.55518;
 470.80902; 657.49225;
 602.888; 667.52545;
 934.80658; 668.79633;
 512.05286; 669.91504;
 683.01782; 673.18866;
 945.80188; 674.92767;
 379.94312; 678.45209;
 746.54791; 678.62463;
 365.13815; 680.15967;
 947.80542; 680.61176;
 943.45264; 684.61188;
 495.85809; 685.97894;
 641.12939; 690.79095;
 624.60114; 691.75433;
 571.07062; 693.099;
 946.79376; 695.74042;
 642.37085; 696.93939;
 619.46039; 698.44147;
 572.84509; 699.30396;
 607.58661; 700.98578;
 558.3136; 701.92023;
 944.91254; 702.46094;
 935.33112; 703.48639;
 558.01019; 707.59155;
 627.04089; 719.26752;
 194.13574; 733.48364;
 574.4549; 736.89862;
 647.41034; 739.13019;
 854.41809; 740.35638;
 581.75586; 740.79492;
 839.19458; 743.26642;
 575.16168; 743.77081;
 221.69897; 745.46393;
 647.19604; 745.3277;
 227.4855; 748.42004;
 313.58585; 752.44275;
 314.431; 758.58557;
 272.91812; 767.91815;
 869.54059; 778.76605;
 869.19446; 786.18616;
 207.9369; 788.25079;
 340.85358; 834.51953;
 854.79181; 843.74237;
 297.43948; 846.96387;
 846.9032; 847.34564;
 674.48663; 849.88837;
 781.73267; 851.34314;
 377.02798; 851.52484;
 297.70102; 853.47266;
 256.5253; 855.63849;
 638.71417; 856.38562;
 674.14862; 857.99512;
 783.46826; 857.97455;
 221.34773; 858.58173;
 626.10077; 862.13452;
 384.69864; 864.28735;
 675.14313; 863.94482;
 271.10977; 864.65918;
 280.51205; 868.25397;
 709.0603; 869.03235;
 539.77692; 874.68933;
 698.008; 875.26721;
 712.44263; 874.73425;
 365.69446; 875.70581;
 787.79187; 876.27783;
 580.91864; 877.57458;
 556.88165; 879.65869;
 742.07489; 880.04486;
 734.28601; 880.95856;
 366.7811; 882.73846;
 358.79346; 884.34186;
 540.68256; 884.58838;
 579.84528; 884.77075;
 735.68164; 888.08447;
 511.84109; 897.98376;
 533.8783; 898.44452;
 544.59906; 899.26001;
 389.62308; 904.37274;
 772.82324; 906.42035;
 504.09656; 906.89026;
 478.02954; 907.49792;
 799.92291; 911.7594;
 773.15759; 913.76709;
 309.73389; 915.95477;
 798.58899; 920.04108;
 425.32104; 924.14777;
 419.37711; 925.33673;
 418.68134; 932.32233;
 788.70129; 943.57513;
 468.25742; 957.98816;
 483.80206; 957.6908;
 521.99933; 5.5254073;
 522.47589; 13.995906;
 525.58759; 16.444178;
 473.40918; 17.558319;
 491.90717; 19.676233;
 428.13589; 24.173588;
 438.95557; 23.764223;
 555.09302; 23.588383;
 543.05017; 26.033827;
 492.43295; 27.099506;
 442.37482; 30.226885;
 670.91479; 34.331905;
 530.979; 38.051033;
 410.93884; 39.072239;
 411.31552; 46.904549;
 716.22809; 53.13213;
 527.77325; 54.083729;
 556.82605; 54.26033;
 697.89868; 57.51199;
 463.2944; 63.365765;
 527.48804; 62.708984;
 517.4519; 64.475899;
 585.93494; 64.897858;
 731.16602; 65.348991;
 470.47064; 67.624184;
 743.1134; 68.72081;
 523.07147; 69.631737;
 585.39569; 71.526367;
 411.63495; 73.261101;
 463.42532; 72.435875;
 395.66101; 77.387062;
 415.95157; 78.735695;
 598.56262; 88.230988;
 368.15988; 93.022972;
 265.54968; 93.551819;
 600.83539; 96.564377;
 348.62445; 98.162102;
 665.91956; 103.36952;
 604.59497; 104.14408;
 896.49841; 107.02909;
 922.22101; 112.53906;
 356.19232; 118.0455;
 658.95319; 122.58195;
 766.7204; 124.54436;
 865.37903; 127.67439;
 883.80634; 128.83142;
 831.63599; 135.33704;
 655.14136; 135.91653;
 883.6167; 136.56169;
 950.33765; 137.63737;
 784.29529; 138.70444;
 846.38812; 139.31691;
 866.65131; 139.28796;
 807.13446; 140.90955;
 942.43024; 142.51958;
 293.3302; 144.03847;
 743.13544; 143.72429;
 794.32281; 143.90695;
 857.21808; 144.12834;
 807.75299; 149.72389;
 238.05956; 150.15239;
 225.13148; 150.8089;
 796.46661; 152.0275;
 742.47675; 153.0661;
 900.45538; 153.97154;
 236.92999; 158.94637;
 941.21082; 160.46722;
 857.26331; 162.45432;
 771.51019; 165.12631;
 641.66675; 166.0737;
 919.18402; 167.03088;
 977.49518; 166.79872;
 294.31155; 168.37177;
 956.43713; 167.43765;
 852.6203; 173.54163;
 58.716274; 176.22073;
 259.18912; 176.76015;
 274.69986; 177.04291;
 72.545692; 178.01817;
 64.59758; 180.52907;
 261.26904; 183.62704;
 552.65826; 185.29581;
 783.0473; 184.50214;
 863.84186; 185.06088;
 937.95001; 184.64862;
 234.3916; 186.55217;
 308.50793; 191.66246;
 875.64343; 194.27315;
 205.82382; 196.41798;
 227.55568; 195.42918;
 63.966278; 196.68234;
 75.366898; 197.9761;
 208.88394; 197.77271;
 856.45172; 201.39507;
 870.87958; 201.05664;
 880.9201; 201.35681;
 230.94824; 202.23491;
 246.12062; 201.77025;
 934.30872; 202.94035;
 135.61485; 208.85742;
 157.0663; 210.29858;
 556.46375; 211.88306;
 947.92773; 215.77676;
 154.28999; 218.53734;
 909.21082; 219.05502;
 190.78149; 220.24277;
 243.97478; 220.27884;
 551.11267; 219.84879;
 606.46204; 221.30991;
 108.76981; 222.27242;
 910.0188; 228.03046;
 197.05986; 231.46811;
 891.19702; 232.34958;
 441.0159; 233.42686;
 560.38776; 232.61807;
 220.26462; 235.57993;
 496.29584; 238.16667;
 943.62689; 238.42554;
 208.33154; 239.46193;
 354.27267; 241.4407;
 453.95837; 241.72897;
 915.69409; 249.71832;
 451.74283; 251.59717;
 957.04651; 253.11705;
 976.96887; 253.16937;
 512.59528; 254.46811;
 584.49536; 256.07001;
 404.22797; 257.54974;
 477.38956; 258.56381;
 958.75281; 260.987;
 516.08234; 262.00394;
 889.64612; 262.07712;
 541.73944; 263.36423;
 463.64297; 263.97528;
 527.58765; 264.03287;
 566.80957; 264.22537;
 595.12177; 265.55908;
 931.2467; 267.06821;
 619.88916; 267.61252;
 507.57266; 269.63803;
 631.93414; 270.21588;
 641.43347; 270.30566;
 875.80975; 269.61902;
 200.94165; 271.35272;
 547.5899; 270.8421;
 594.80463; 272.41415;
 655.47681; 272.3772;
 572.30017; 275.09219;
 221.97629; 275.81476;
 956.49506; 276.07269;
 396.96759; 277.94028;
 470.10364; 278.30756;
 548.34802; 278.19443;
 214.29318; 279.42722;
 604.32129; 278.91278;
 616.81219; 278.45499;
 639.00623; 280.09961;
 914.69031; 279.63809;
 191.5424; 281.18896;
 594.88904; 281.34164;
 221.93979; 283.90164;
 656.8396; 284.09293;
 958.2254; 283.70831;
 475.64767; 286.28833;
 605.76727; 286.66461;
 538.85492; 287.35309;
 375.45325; 289.15305;
 407.58716; 290.439;
 714.8584; 290.21625;
 347.99585; 292.45334;
 399.02011; 292.5094;
 557.70142; 292.16281;
 568.37592; 291.33447;
 658.48633; 291.88818;
 677.89502; 292.97354;
 508.80551; 294.23239;
 619.31934; 293.7731;
 551.34485; 296.51752;
 699.13318; 295.50015;
 135.35126; 297.89996;
 573.79034; 298.3974;
 584.27643; 297.87537;
 592.58411; 298.61237;
 386.25186; 300.17651;
 401.50348; 299.8345;
 513.91516; 300.46823;
 446.70828; 300.83948;
 650.81689; 302.1517;
 670.37555; 301.47943;
 364.3801; 303.54202;
 488.67453; 303.71063;
 950.82593; 305.97659;
 160.19252; 307.04385;
 407.09802; 307.17325;
 461.89856; 306.55777;
 495.62613; 306.7319;
 424.08994; 308.26074;
 439.91022; 308.96265;
 331.75012; 310.48569;
 484.79047; 310.32748;
 936.12054; 309.78549;
 394.41953; 310.43365;
 648.69617; 311.03015;
 728.87341; 310.51212;
 609.12561; 312.17239;
 680.22522; 311.57599;
 374.39871; 312.55917;
 630.70782; 314.37051;
 927.99896; 313.72684;
 457.80011; 314.6843;
 617.02289; 317.65198;
 939.70123; 317.38657;
 971.83105; 318.01691;
 450.13437; 318.8887;
 646.08838; 319.379;
 655.64227; 318.70026;
 629.23175; 321.83365;
 323.26337; 322.34784;
 177.14635; 322.53513;
 973.94269; 325.62094;
 373.97412; 326.59924;
 709.95026; 325.57718;
 655.6983; 327.53644;
 429.52078; 328.55078;
 439.11728; 328.28256;
 646.72369; 328.49228;
 724.2345; 330.10724;
 665.78918; 333.38919;
 927.15656; 333.50253;
 209.13417; 334.43005;
 733.81085; 335.25278;
 429.22449; 336.15646;
 688.82751; 336.58353;
 334.02444; 338.02109;
 208.77681; 343.73401;
 685.84979; 344.40475;
 315.25711; 344.49664;
 939.48395; 345.06241;
 713.10657; 346.59543;
 244.74167; 349.30963;
 412.46292; 349.81973;
 723.23584; 351.02267;
 148.04016; 352.78314;
 705.13177; 354.6301;
 736.44635; 354.59509;
 936.61163; 355.10843;
 413.54929; 357.48709;
 404.81552; 358.18805;
 726.45251; 358.78165;
 168.08046; 360.43912;
 256.59241; 361.43274;
 352.60001; 360.71371;
 339.29739; 361.50507;
 580.84924; 364.1293;
 703.18073; 364.43515;
 738.12659; 367.02045;
 353.51785; 369.28137;
 392.35977; 368.56104;
 340.35498; 369.97989;
 712.11121; 370.23621;
 965.8139; 371.87091;
 381.54047; 374.81589;
 729.56836; 376.22968;
 356.83423; 378.47342;
 485.48334; 378.96146;
 649.88629; 379.35004;
 172.8172; 379.57053;
 349.26913; 380.20831;
 716.56665; 379.5878;
 388.81998; 380.68823;
 603.47412; 380.72406;
 976.64673; 381.19116;
 338.42599; 381.40021;
 381.20154; 383.43884;
 358.2525; 386.6756;
 387.578; 388.54825;
 977.34583; 388.52811;
 992.41864; 388.54724;
 741.78998; 389.35049;
 511.61868; 391.2984;
 749.64984; 390.69873;
 771.591; 392.40298;
 346.64355; 395.25809;
 862.80768; 395.60458;
 993.85834; 398.14059;
 350.05182; 398.68774;
 125.53967; 399.91663;
 147.34799; 399.88318;
 358.94739; 399.9599;
 211.70645; 404.25659;
 944.00342; 404.0675;
 327.34567; 405.66492;
 222.16278; 405.94067;
 367.38113; 409.26474;
 859.46686; 410.22888;
 309.84604; 411.99768;
 943.59229; 412.19046;
 212.51727; 412.70929;
 221.4962; 413.25473;
 340.00842; 413.43732;
 928.95117; 414.95578;
 369.08978; 417.19736;
 732.60938; 417.77621;
 359.6673; 420.26367;
 778.86993; 420.88214;
 914.89954; 424.62488;
 314.0954; 426.09146;
 971.77844; 426.07639;
 822.19904; 427.12436;
 323.63602; 428.33945;
 517.70319; 433.70685;
 311.39941; 435.46796;
 351.9198; 435.08282;
 321.85989; 436.75867;
 919.70947; 436.44437;
 730.31647; 437.81015;
 935.34497; 437.81815;
 362.2012; 439.27454;
 517.42535; 441.15536;
 859.51349; 444.49042;
 961.99231; 444.41934;
 1016.1723; 443.77405;
 545.73792; 444.87045;
 644.96899; 447.80884;
 980.7915; 451.42999;
 259.65213; 452.1008;
 876.40973; 451.34567;
 545.40857; 453.45175;
 159.5451; 454.81085;
 556.28864; 454.64404;
 749.44135; 457.40005;
 875.97174; 460.00998;
 906.61841; 461.00592;
 89.59481; 461.68579;
 223.98505; 461.73611;
 362.07703; 461.88187;
 566.74261; 461.69336;
 144.62259; 462.74323;
 247.85393; 462.95499;
 332.74698; 463.48694;
 732.53302; 465.3537;
 354.8613; 466.60458;
 991.43799; 468.25797;
 206.47903; 469.30197;
 550.24445; 469.14111;
 916.31091; 468.89365;
 538.50928; 469.80576;
 908.10175; 469.92944;
 439.28622; 470.75565;
 129.77826; 472.46606;
 525.04865; 471.78519;
 731.89648; 473.4722;
 165.28822; 473.53271;
 347.69757; 476.25314;
 550.521; 476.75583;
 150.64017; 478.87057;
 333.9227; 478.75266;
 541.19916; 479.216;
 217.57945; 483.19211;
 316.79108; 483.13974;
 777.45178; 483.06787;
 668.38074; 484.05905;
 350.35443; 484.59528;
 187.50804; 487.40976;
 532.2597; 487.35669;
 550.57617; 487.03452;
 671.27203; 487.32861;
 750.54602; 488.06384;
 912.35364; 487.75348;
 164.99902; 489.43011;
 153.18398; 489.64655;
 536.04462; 490.12726;
 728.84027; 489.69666;
 759.67035; 489.96698;
 318.20425; 491.28079;
 217.79099; 491.70575;
 358.51123; 492.17352;
 557.03979; 492.67593;
 1020.9109; 492.83121;
 676.75098; 494.09128;
 348.36389; 494.75607;
 165.46735; 497.32986;
 219.99753; 496.4017;
 731.84448; 498.53418;
 429.71906; 500.40073;
 556.28668; 500.81137;
 567.1936; 501.02039;
 674.49731; 501.77795;
 731.49243; 502.36826;
 182.22708; 504.26419;
 192.94226; 504.75247;
 212.32973; 506.36716;
 287.33112; 505.51291;
 1021.0536; 506.63928;
 358.89661; 507.90329;
 759.03314; 507.92242;
 788.93188; 507.78387;
 721.5199; 508.65082;
 1002.5823; 509.0553;
 181.32172; 511.85617;
 566.2298; 511.78333;
 1010.7628; 511.83426;
 287.06787; 514.08368;
 539.46649; 517.30304;
 573.90656; 518.23889;
 999.65967; 519.28778;
 359.33121; 524.28296;
 734.82867; 524.36554;
 45.188904; 526.33826;
 778.48969; 526.47821;
 759.89966; 527.19635;
 350.50574; 528.56543;
 421.10257; 529.42902;
 981.84717; 529.41699;
 568.3833; 531.10547;
 27.433323; 532.01672;
 57.967407; 531.88232;
 327.36874; 532.89294;
 715.14087; 532.86816;
 143.41319; 536.86676;
 134.06912; 538.01306;
 350.88242; 538.49274;
 62.652596; 538.79962;
 21.680696; 540.35272;
 436.64355; 540.27698;
 718.19049; 539.90894;
 359.49182; 541.08044;
 417.71591; 541.33173;
 327.99136; 541.48651;
 970.36792; 541.85577;
 825.75159; 542.68652;
 145.38953; 544.24768;
 848.90216; 546.16895;
 981.65302; 545.60529;
 51.742073; 547.08356;
 713.25464; 547.38159;
 722.53339; 546.90997;
 732.74872; 546.97412;
 976.38574; 547.85388;
 114.75168; 549.99548;
 322.55664; 550.33319;
 338.55688; 550.76117;
 435.76489; 550.79669;
 42.822464; 554.7785;
 968.37805; 558.99371;
 359.88449; 559.96167;
 43.145164; 565.49255;
 344.01117; 564.77869;
 484.39474; 565.33936;
 707.13708; 566.67499;
 62.333523; 569.35522;
 970.2334; 568.39972;
 366.71805; 572.8299;
 484.09415; 573.34302;
 352.01437; 575.3291;
 710.15399; 574.86383;
 22.646088; 576.8526;
 306.17868; 576.96008;
 968.61249; 577.46515;
 106.23296; 577.86621;
 381.25284; 578.11261;
 62.357506; 578.48566;
 51.115837; 580.09186;
 699.13574; 579.26978;
 35.762699; 583.4502;
 592.23718; 583.19666;
 996.53662; 583.42773;
 18.734867; 583.50934;
 380.62634; 585.51794;
 727.53644; 585.53809;
 743.48779; 587.05988;
 803.4245; 588.20746;
 830.34601; 587.89429;
 96.082481; 589.91742;
 307.88058; 590.95532;
 997.82397; 591.40527;
 252.37575; 591.37622;
 822.27411; 591.54108;
 395.54202; 594.0694;
 324.27045; 594.69952;
 699.04681; 594.56128;
 99.68602; 596.44171;
 234.48347; 596.05304;
 552.45715; 597.36005;
 387.73541; 597.6131;
 825.58142; 598.74689;
 839.22333; 598.79395;
 404.4512; 601.02808;
 821.12732; 601.62006;
 208.94563; 602.97345;
 324.45981; 603.10101;
 139.91103; 603.88599;
 680.28912; 606.19098;
 838.14532; 606.37592;
 551.20752; 606.62421;
 405.41611; 608.26117;
 413.67474; 609.64624;
 138.99701; 611.73315;
 671.13861; 614.27197;
 249.32794; 615.22833;
 405.11197; 614.82098;
 413.72598; 617.22046;
 661.51532; 617.94611;
 181.26538; 619.88171;
 707.48853; 619.77319;
 940.11786; 619.83478;
 234.22166; 621.95062;
 674.69458; 621.61267;
 1002.5815; 622.48584;
 1012.8573; 623.02429;
 510.82748; 624.42676;
 950.04016; 625.15619;
 421.42639; 625.74713;
 429.70468; 626.16895;
 652.9408; 625.82837;
 443.26465; 626.84564;
 181.22832; 627.99646;
 432.0632; 628.66608;
 300.30478; 629.93414;
 927.59869; 630.00391;
 956.37665; 629.87073;
 413.84467; 630.89972;
 933.3429; 631.56927;
 1005.9449; 631.20813;
 920.78058; 632.29376;
 686.97058; 633.87872;
 716.82397; 634.3537;
 644.97339; 636.36218;
 300.80511; 637.35016;
 655.87219; 636.89447;
 948.65631; 637.43958;
 958.79791; 637.3501;
 440.40195; 637.55884;
 228.11783; 642.46521;
 575.42297; 641.49957;
 74.393166; 644.33563;
 452.64008; 644.77985;
 442.24979; 645.59943;
 221.99893; 647.99866;
 420.82932; 648.27197;
 920.99341; 647.76532;
 460.59753; 650.6405;
 699.93481; 652.47937;
 980.27063; 652.55579;
 170.14078; 653.57568;
 613.42157; 655.15466;
 462.8288; 658.22595;
 472.18716; 657.86414;
 596.30261; 658.14783;
 667.47253; 660.2843;
 936.15314; 660.2652;
 489.54166; 664.00433;
 613.59204; 663.89001;
 394.96854; 666.38312;
 480.45758; 666.92773;
 406.38931; 668.44708;
 601.61743; 667.69031;
 933.98749; 668.49304;
 511.76526; 669.29028;
 598.53955; 668.95154;
 380.18198; 670.26385;
 574.37665; 672.13788;
 906.12921; 672.45325;
 137.63148; 672.61761;
 553.81055; 673.21967;
 682.76709; 672.92743;
 454.84039; 674.27728;
 946.4328; 673.7157;
 692.5932; 677.47638;
 381.19724; 678.2674;
 465.31592; 679.30701;
 515.90601; 678.90491;
 746.16223; 678.94226;
 365.12088; 680.40021;
 138.93335; 680.7168;
 529.30579; 680.98328;
 660.56537; 681.64063;
 573.90771; 683.15515;
 496.32861; 686.01129;
 698.66748; 685.58295;
 649.52155; 687.38873;
 161.32809; 690.82233;
 623.35272; 691.10217;
 640.67981; 690.63776;
 530.49365; 691.7384;
 571.30499; 692.54651;
 562.56232; 693.4635;
 179.69617; 694.86475;
 587.974; 695.00543;
 197.63313; 695.97089;
 947.08026; 695.75134;
 510.28665; 697.49298;
 642.77429; 697.09058;
 738.13684; 696.91223;
 619.48505; 698.30365;
 189.43887; 698.89081;
 572.87787; 699.35553;
 606.62549; 700.50989;
 558.3075; 701.56989;
 934.89661; 703.44434;
 945.13776; 702.81256;
 864.88898; 704.6012;
 888.07397; 705.21722;
 426.63153; 705.5722;
 625.39349; 707.67078;
 602.43628; 708.1178;
 611.4953; 707.96063;
 579.40582; 715.29498;
 931.69159; 715.34717;
 275.83704; 715.57343;
 593.29193; 716.41577;
 611.55823; 716.50726;
 516.34546; 716.52502;
 626.78845; 718.78296;
 902.59747; 720.63074;
 914.71576; 721.01819;
 934.04858; 723.99756;
 556.45331; 724.83276;
 199.70061; 727.36523;
 884.4986; 730.45007;
 193.57431; 733.48779;
 582.22498; 732.70386;
 183.39285; 735.18341;
 574.75043; 736.42291;
 872.79626; 735.57117;
 225.47745; 739.38568;
 647.62378; 738.88184;
 580.95081; 741.66272;
 853.41504; 740.66492;
 614.77008; 742.18225;
 839.41736; 743.0412;
 204.29921; 744.32324;
 576.08655; 743.89471;
 647.15027; 745.50983;
 874.47681; 746.69415;
 226.35658; 747.94958;
 565.93854; 749.30957;
 849.1264; 750.31152;
 313.03891; 751.85693;
 851.74323; 753.12402;
 222.1902; 755.24109;
 314.15817; 759.37775;
 263.12878; 761.26794;
 220.21646; 764.5957;
 272.91806; 768.20685;
 209.38272; 772.9397;
 869.60181; 778.05499;
 869.08887; 786.35291;
 208.41391; 788.02716;
 520.87073; 791.99774;
 198.77988; 798.11938;
 210.31808; 809.14783;
 316.52603; 815.65094;
 897.84058; 822.06622;
 185.43117; 823.17633;
 906.60468; 823.43744;
 213.11021; 827.9707;
 238.18024; 828.90552;
 345.26523; 828.67151;
 902.85901; 828.89661;
 242.31612; 830.96655;
 340.56549; 835.28168;
 859.84723; 834.90466;
 855.83978; 844.42102;
 297.36713; 846.28052;
 802.18805; 845.99298;
 417.5766; 846.80194;
 788.66028; 846.70862;
 816.64111; 847.02032;
 676.61896; 849.0401;
 902.13971; 849.07019;
 781.08392; 851.04926;
 376.31384; 851.93347;
 261.03253; 854.51105;
 297.81763; 853.95142;
 665.9187; 853.41968;
 269.94836; 854.604;
 288.41434; 855.0686;
 350.46033; 855.41052;
 256.0957; 855.71442;
 637.85846; 857.0351;
 878.64539; 856.58032;
 803.62689; 858.23889;
 815.53778; 857.57703;
 221.85623; 858.5661;
 364.5455; 858.86084;
 649.70374; 859.06836;
 782.8822; 859.23077;
 834.1817; 858.63751;
 280.48425; 859.93927;
 606.41388; 860.29871;
 625.60168; 861.20056;
 710.54364; 861.46149;
 289.14368; 863.51917;
 384.7113; 863.25946;
 270.47623; 864.42334;
 675.04175; 864.74408;
 835.2984; 866.29791;
 696.91833; 867.07379;
 280.10526; 868.31958;
 709.55634; 869.03534;
 628.18243; 871.1424;
 662.48315; 871.49652;
 588.46094; 873.77393;
 364.686; 875.26184;
 540.6778; 875.23474;
 697.41827; 875.54956;
 787.15106; 876.29974;
 579.90656; 877.37683;
 426.78769; 878.53534;
 620.92511; 878.09247;
 557.26654; 879.66339;
 733.45544; 879.91998;
 666.77521; 881.18201;
 742.58191; 881.54419;
 414.86646; 882.41547;
 572.37213; 881.38721;
 364.99518; 884.13593;
 540.6709; 885.03558;
 580.16687; 885.63672;
 734.72449; 888.36096;
 554.2373; 888.68414;
 416.71716; 890.39093;
 571.72125; 891.45502;
 451.36713; 892.31708;
 505.67227; 895.48486;
 393.14392; 895.84723;
 402.90836; 897.47107;
 521.54364; 897.13293;
 303.99484; 898.25635;
 511.12119; 897.6925;
 543.7865; 897.59637;
 533.74603; 899.33691;
 791.88696; 901.47644;
 491.95007; 903.43988;
 389.63458; 904.6167;
 504.06607; 906.35449;
 426.9516; 907.28485;
 478.1608; 906.64038;
 522.05109; 906.74139;
 771.97516; 906.47162;
 464.05124; 912.11517;
 726.81042; 911.93127;
 799.60339; 911.64221;
 309.90286; 914.94489;
 333.32339; 915.18982;
 357.08752; 914.85352;
 502.47864; 914.67639;
 772.07452; 914.77002;
 525.87689; 916.45135;
 385.23468; 917.21716;
 735.7583; 917.74841;
 799.13635; 920.33875;
 303.40665; 920.74786;
 309.31766; 923.32507;
 788.03259; 923.36847;
 421.96027; 924.62964;
 419.09528; 933.03003;
 789.86176; 935.29956;
 788.84216; 943.58655;
 577.49731; 945.03473;
 483.04611; 956.34515;
 468.73355; 958.06567;
 478.3808; 962.08679;
 794.02283; 990.46246;
 796.42383; 998.8938;
 817.06769; 1007.9915;
 516.41602; 1010.343;
 814.88226; 1015.9641;
 519.52246; 294.62671;
 524.30725; 16.543219;
 492.98871; 17.850069;
 554.39325; 24.639025;
 451.71338; 57.01228;
 730.18207; 65.886589;
 368.76544; 92.040009;
 349.19193; 98.587845;
 605.90881; 105.51812;
 658.58392; 122.17368;
 807.2016; 123.42731;
 864.79279; 128.13657;
 832.10345; 134.74182;
 784.02271; 140.13303;
 743.06421; 142.07802;
 293.31741; 143.90622;
 856.59991; 144.06308;
 942.77533; 143.94472;
 237.73663; 149.96458;
 807.80469; 150.25368;
 742.88556; 153.06265;
 238.71979; 160.4088;
 940.83826; 160.54398;
 293.9967; 167.0537;
 286.09015; 176.0526;
 230.10373; 184.79861;
 308.88132; 191.16391;
 875.89758; 193.09171;
 227.21347; 195.30666;
 191.48163; 219.98665;
 605.23041; 221.35924;
 108.73425; 222.22285;
 168.72237; 223.80319;
 196.58597; 231.39583;
 560.13983; 232.99576;
 441.98685; 233.85094;
 219.38426; 235.10201;
 942.84222; 238.54376;
 915.64014; 249.66808;
 451.82117; 252.62807;
 956.26373; 252.33185;
 404.70367; 257.74673;
 477.94501; 259.36856;
 516.85974; 262.14948;
 958.25201; 262.33734;
 566.6897; 263.49173;
 876.92841; 268.1629;
 507.40973; 269.99805;
 198.60277; 270.80264;
 956.56165; 274.87817;
 524.19861; 275.94446;
 617.1062; 278.0166;
 573.70233; 287.24014;
 511.61459; 290.53787;
 619.81641; 293.65347;
 536.70105; 296.59897;
 607.51202; 296.42856;
 550.82849; 296.47687;
 573.979; 299.14224;
 354.3176; 300.78619;
 447.13879; 300.97421;
 461.04187; 305.43259;
 950.89429; 305.82144;
 648.0896; 311.20181;
 607.27252; 311.83899;
 926.72894; 312.27014;
 629.60773; 316.3732;
 657.28046; 318.65222;
 323.41223; 321.88971;
 428.5166; 328.06467;
 439.81436; 328.3277;
 646.52148; 328.80853;
 313.94312; 333.16608;
 734.51697; 336.1983;
 428.76489; 338.23431;
 315.69302; 344.24228;
 686.2207; 345.82022;
 713.10016; 346.6489;
 244.07516; 349.34634;
 257.70297; 352.02051;
 736.45428; 355.69809;
 936.51501; 354.88348;
 166.52887; 359.64539;
 338.42847; 361.0318;
 257.64471; 362.18665;
 936.60675; 365.23129;
 353.34457; 369.38495;
 339.98843; 370.89322;
 966.51929; 370.71231;
 993.40363; 378.0462;
 173.51035; 379.10471;
 389.38849; 379.34088;
 350.0441; 379.73572;
 208.15169; 384.44754;
 357.81039; 387.04266;
 992.08508; 388.19659;
 325.147; 396.22165;
 994.242; 398.06519;
 146.46213; 400.16257;
 338.56824; 402.18921;
 942.56604; 403.75134;
 211.96303; 413.0571;
 339.04819; 413.40018;
 721.64063; 412.85165;
 931.69977; 414.34689;
 555.18829; 417.09302;
 679.43622; 423.4491;
 822.56805; 428.77448;
 356.6261; 428.55765;
 546.70068; 443.51065;
 1015.6073; 444.56277;
 774.77997; 446.4754;
 876.59576; 450.36722;
 259.63776; 452.50949;
 556.72217; 454.26825;
 545.52997; 455.01242;
 748.95642; 457.57742;
 906.84717; 460.00842;
 876.38654; 460.70749;
 261.25616; 463.80804;
 352.61484; 467.33585;
 991.04651; 468.31519;
 438.4671; 469.73578;
 538.45758; 469.72528;
 129.64491; 472.57837;
 152.57967; 478.55435;
 315.28751; 482.19208;
 777.60596; 482.5838;
 348.77133; 485.38907;
 669.26349; 485.81808;
 550.18433; 486.78427;
 744.51898; 484.60257;
 165.31314; 488.79254;
 187.35832; 487.44748;
 152.15063; 489.49152;
 318.47931; 492.12726;
 361.11911; 488.25296;
 557.96552; 491.97733;
 165.63771; 498.2211;
 429.94669; 500.22812;
 556.67969; 501.84476;
 287.92447; 504.88113;
 720.55652; 507.65741;
 1002.3314; 508.63492;
 789.70892; 508.68661;
 287.62082; 515.08405;
 540.83954; 515.60114;
 350.55331; 527.74481;
 777.80066; 527.19586;
 420.85431; 529.45099;
 350.65982; 538.2002;
 133.86162; 538.34418;
 417.58279; 540.32312;
 968.19702; 542.84692;
 753.13239; 544.89185;
 848.66803; 546.57458;
 114.15582; 549.28998;
 434.98123; 550.39514;
 338.01443; 551.13251;
 358.85779; 560.1521;
 485.00122; 564.58344;
 969.33813; 567.72791;
 61.651073; 568.45294;
 483.66254; 573.64227;
 587.69263; 571.94324;
 710.14105; 574.61859;
 306.70334; 577.39917;
 105.10035; 577.60742;
 968.76447; 578.23212;
 995.98761; 582.38208;
 592.84625; 583.31805;
 743.9873; 587.04669;
 803.32727; 587.28784;
 368.74258; 589.45544;
 396.16193; 593.50769;
 233.48738; 597.74988;
 387.62881; 598.11523;
 208.62129; 602.6369;
 404.27518; 611.5705;
 138.06352; 612.40576;
 1001.2872; 622.52155;
 653.77283; 625.24976;
 431.27036; 627.17365;
 442.9346; 627.02637;
 975.51715; 631.83789;
 687.20258; 633.21088;
 717.42859; 634.70087;
 656.21381; 637.3468;
 439.83868; 647.75592;
 421.26199; 648.77411;
 473.1535; 658.04584;
 462.14297; 658.60211;
 934.80109; 658.93939;
 667.52087; 660.64197;
 478.80264; 666.17621;
 406.0975; 667.90924;
 511.50021; 669.01672;
 933.74573; 668.31989;
 138.29265; 671.94373;
 554.44489; 672.50305;
 681.37732; 672.87689;
 948.13226; 672.50458;
 382.59723; 678.51398;
 464.93341; 679.30011;
 661.17047; 681.11707;
 573.18866; 682.97906;
 496.88828; 686.01239;
 698.50909; 686.37354;
 649.66815; 687.82318;
 451.04694; 692.14386;
 530.15839; 691.67004;
 165.70819; 702.23242;
 945.45343; 703.04346;
 426.63968; 705.57092;
 604.45984; 708.14819;
 612.38922; 708.29279;
 625.60126; 707.53076;
 276.60135; 715.19855;
 577.96149; 716.08636;
 611.42908; 716.81122;
 626.88922; 718.34473;
 915.08112; 720.237;
 934.39063; 723.77997;
 200.32611; 727.02716;
 852.86115; 740.72833;
 204.47678; 744.69354;
 834.82581; 750.34418;
 272.81891; 768.35974;
 897.13123; 820.52673;
 185.69376; 823.15881;
 903.31079; 827.78015;
 802.5459; 846.0567;
 816.67297; 847.1579;
 677.16943; 848.97302;
 259.80408; 854.14301;
 270.50632; 854.36548;
 255.6891; 855.79578;
 880.32404; 857.53528;
 651.10669; 858.56665;
 803.5968; 858.35431;
 816.1759; 857.66785;
 282.15564; 856.3446;
 365.22443; 859.24707;
 625.00909; 860.12109;
 710.96149; 860.38031;
 782.65283; 859.64215;
 270.58054; 864.81958;
 696.42535; 866.73749;
 662.21185; 871.396;
 628.20837; 871.72156;
 540.61664; 874.73334;
 427.06735; 879.12091;
 732.96539; 878.4621;
 572.14941; 880.47992;
 742.85645; 883.07306;
 362.25433; 884.78955;
 540.91455; 885.24371;
 554.43677; 889.20575;
 733.51257; 888.72137;
 721.45447; 892.02533;
 450.6554; 892.5282;
 392.57669; 894.33923;
 403.27585; 897.34796;
 522.88043; 896.4978;
 543.97455; 896.49603;
 792.08099; 901.72485;
 504.64539; 906.24677;
 426.75238; 907.15796;
 463.78537; 912.22986;
 333.48233; 914.961;
 770.83185; 915.73389;
 527.64642; 916.73822;
 799.4082; 920.75409;
 787.72211; 922.46393;
 421.81674; 924.50079;
 789.02405; 943.6955;
 577.18365; 945.38855;
 481.20465; 953.79211;
 622.04047; 961.98914;
 479.4917; 963.39856;
 793.6991; 989.64276;
 816.61871; 1006.8596;
 816.31342; 1016.4606;
 433.96921; 24.346399;
 538.90894; 29.179049;
 526.20746; 50.059387;
 717.73486; 52.157345;
 468.34283; 64.172264;
 352.46658; 83.851471;
 999.27667; 123.42476;
 766.79346; 127.01844;
 658.57849; 134.96069;
 847.75787; 137.04895;
 866.83612; 139.71552;
 835.12848; 146.30154;
 227.92447; 148.82967;
 873.82861; 148.77083;
 757.06042; 152.62051;
 799.97382; 153.02603;
 770.58899; 164.45273;
 944.17792; 173.6097;
 70.170288; 178.45284;
 210.05051; 185.66814;
 193.07834; 188.7556;
 69.325859; 194.99144;
 210.09599; 198.43173;
 856.66077; 201.50256;
 878.10931; 204.1124;
 925.67389; 206.75723;
 556.6272; 211.5538;
 114.85041; 232.06039;
 208.96054; 240.29533;
 453.9498; 240.76558;
 477.56647; 246.84502;
 537.9234; 248.3593;
 465.71365; 251.17741;
 511.77765; 253.37991;
 884.02069; 253.0968;
 586.43134; 256.33081;
 195.43883; 260.34982;
 541.43634; 261.55377;
 462.64111; 267.56592;
 619.05402; 267.28497;
 586.44019; 268.38867;
 589.58478; 270.92661;
 630.34796; 272.75543;
 655.95435; 272.70654;
 570.19684; 273.89917;
 469.51453; 274.20245;
 718.49188; 279.16208;
 197.62537; 283.39105;
 652.19043; 285.39545;
 473.69775; 286.62744;
 538.74957; 286.60767;
 668.87921; 289.91022;
 408.08698; 292.74832;
 717.67706; 293.71494;
 490.62387; 297.34506;
 633.53448; 297.42975;
 699.05298; 296.74707;
 589.66223; 297.73755;
 649.30542; 301.32355;
 632.06067; 302.60376;
 500.16187; 305.54254;
 407.75058; 309.15109;
 728.95337; 310.07663;
 472.34103; 311.63;
 374.59912; 313.17966;
 439.26721; 313.40683;
 455.04678; 316.71909;
 611.82501; 315.5582;
 645.66571; 316.85452;
 710.06293; 324.20395;
 375.13303; 326.5993;
 361.25772; 328.19708;
 138.34343; 331.13144;
 208.85905; 332.03867;
 664.74622; 333.05496;
 689.9566; 335.35895;
 925.02496; 335.7131;
 336.89886; 337.5152;
 679.58777; 341.96106;
 209.1235; 345.12912;
 674.62366; 345.31265;
 339.24265; 351.91678;
 149.4848; 351.86353;
 705.18323; 354.0524;
 404.41037; 355.46667;
 353.17679; 358.09698;
 243.07158; 359.71313;
 720.43256; 360.82156;
 583.68903; 363.7207;
 701.0708; 365.19223;
 390.99802; 367.06479;
 603.7915; 380.69971;
 586.03613; 377.95026;
 647.93365; 378.02838;
 751.17725; 378.64484;
 722.27313; 380.41376;
 950.25378; 382.24051;
 707.37531; 384.97827;
 746.38989; 391.62637;
 348.27225; 395.8945;
 735.5965; 395.76575;
 864.15839; 397.82898;
 962.55103; 399.20343;
 703.76361; 400.49557;
 377.83887; 404.8862;
 327.25821; 407.1413;
 310.03873; 408.28012;
 863.3764; 409.97781;
 735.09894; 415.30017;
 960.59406; 415.10843;
 974.83295; 415.42365;
 470.91214; 423.07941;
 356.08917; 421.93625;
 412.17081; 426.5542;
 351.66852; 435.14496;
 915.13824; 435.40787;
 310.27429; 435.71201;
 937.71753; 436.36569;
 251.49284; 446.08865;
 343.12744; 445.49634;
 744.07434; 446.45746;
 1019.1622; 449.32178;
 991.13153; 456.9613;
 336.11545; 460.90036;
 565.74768; 461.74927;
 93.513641; 463.93976;
 223.35205; 463.47775;
 155.92781; 466.36829;
 784.22797; 469.1315;
 893.96887; 470.97244;
 911.69507; 471.70667;
 166.40361; 473.70609;
 335.56628; 475.98224;
 730.59491; 475.82239;
 978.12366; 476.37604;
 911.55682; 484.97803;
 533.18292; 489.04144;
 199.66765; 494.11667;
 219.2997; 494.56351;
 569.48346; 498.6918;
 731.87537; 500.8483;
 194.13391; 505.51233;
 763.94006; 507.32513;
 334.59106; 514.65619;
 1001.3087; 519.8183;
 733.97198; 523.11401;
 46.124722; 527.28186;
 980.67322; 527.52948;
 340.39459; 530.84698;
 571.19971; 530.55011;
 325.29675; 532.07922;
 753.77722; 534.94855;
 26.599836; 536.47174;
 58.679779; 536.70813;
 711.41669; 545.16449;
 50.087238; 545.9082;
 980.0614; 546.91547;
 643.67468; 549.13824;
 725.77246; 550.05658;
 411.05429; 552.1557;
 744.39044; 553.7475;
 57.769226; 555.67682;
 74.204697; 562.23267;
 343.3476; 563.7547;
 43.91951; 565.8866;
 381.22659; 574.05908;
 364.94333; 575.763;
 697.16266; 578.57275;
 46.238056; 581.14496;
 723.57153; 582.21991;
 35.237156; 582.61041;
 306.44046; 588.55096;
 392.40152; 588.2627;
 826.85211; 587.56671;
 252.06313; 591.83167;
 323.84048; 592.10297;
 490.58069; 593.09619;
 551.57587; 597.11835;
 722.88037; 596.57477;
 95.606369; 600.93494;
 823.78137; 601.828;
 324.27386; 604.69916;
 680.82062; 603.27484;
 153.19615; 605.57227;
 490.78262; 608.12091;
 837.1225; 608.34338;
 549.91382; 609.87921;
 665.92719; 612.47955;
 251.69914; 613.97589;
 182.04991; 617.52393;
 234.26888; 621.20007;
 679.26617; 621.24823;
 512.61292; 624.23444;
 945.86426; 624.23413;
 931.3584; 629.99768;
 950.00287; 636.43378;
 943.44336; 638.60455;
 227.50499; 642.2547;
 577.00061; 641.87024;
 923.9729; 644.80939;
 72.702072; 645.65082;
 683.45184; 646.09198;
 662.06586; 649.40063;
 612.43994; 651.78094;
 637.21411; 659.68323;
 418.56607; 661.57648;
 489.65372; 664.61731;
 382.0231; 666.30591;
 613.86652; 665.65973;
 597.35107; 668.77722;
 475.78119; 670.77435;
 572.31494; 671.51581;
 500.56104; 672.65125;
 618.23346; 675.36261;
 455.14276; 676.39716;
 694.6582; 675.77533;
 514.15387; 680.75806;
 599.0448; 681.59839;
 162.97739; 690.5058;
 560.97571; 691.58575;
 880.25183; 694.81799;
 512.54712; 695.62616;
 603.21051; 697.35162;
 404.24191; 699.8045;
 521.05902; 703.71558;
 888.92664; 705.6593;
 596.00702; 714.93365;
 517.00256; 716.44;
 863.19678; 716.12134;
 554.70691; 725.91461;
 618.03296; 726.43988;
 944.87897; 729.56885;
 583.35461; 730.61432;
 540.42023; 731.46625;
 871.35217; 732.92694;
 183.89334; 734.53076;
 227.50894; 737.20685;
 578.01959; 743.65704;
 873.04883; 746.98657;
 852.38409; 751.22485;
 221.90411; 764.70685;
 855.68427; 764.76453;
 209.04678; 772.28455;
 868.90314; 775.00037;
 211.67531; 786.50342;
 904.52612; 810.30969;
 219.01601; 816.72565;
 215.01974; 828.18475;
 238.71826; 829.42249;
 857.43671; 832.15857;
 201.79938; 836.63464;
 235.30644; 842.02203;
 258.44385; 843.40271;
 637.42963; 844.09705;
 856.31903; 845.08801;
 791.4278; 847.98297;
 374.4624; 851.57825;
 863.25281; 855.54919;
 352.23779; 855.81049;
 638.28137; 858.41876;
 604.77972; 861.7915;
 278.69699; 868.39862;
 787.18542; 873.83051;
 588.98169; 874.7724;
 605.59052; 875.9502;
 552.95837; 878.89142;
 665.1684; 882.25739;
 591.2619; 887.13281;
 452.44647; 889.29437;
 847.63953; 888.81897;
 573.51202; 891.19293;
 486.08664; 893.78418;
 507.07367; 895.92755;
 459.39444; 900.36328;
 332.72284; 902.7843;
 440.66318; 904.3053;
 452.39679; 904.19659;
 770.98431; 903.95721;
 389.54636; 904.39691;
 492.12372; 905.09735;
 523.94464; 906.92865;
 404.16852; 908.85571;
 798.56622; 909.66559;
 385.5426; 915.53595;
 308.24353; 924.03253;
 944.23419; 144.81821;
 468.49051; 63.309498;
 772.4386; 109.18453;
 998.60315; 122.8669;
 832.51532; 131.59615;
 658.71991; 135.42601;
 847.58978; 136.80104;
 800.84167; 137.84583;
 839.73639; 146.2115;
 231.75772; 147.43718;
 802.9682; 156.00385;
 940.47321; 157.70447;
 944.09229; 175.35602;
 70.376175; 178.78036;
 209.29962; 184.92793;
 192.64389; 188.19556;
 69.419922; 194.19589;
 473.12036; 244.89885;
 194.91354; 260.47961;
 654.54883; 270.09564;
 588.90765; 271.32184;
 565.26001; 292.16727;
 490.68652; 296.57883;
 592.03845; 291.84741;
 532.67267; 297.23352;
 433.30853; 319.92828;
 644.76587; 316.06824;
 455.25058; 316.77567;
 630.28955; 316.72348;
 637.90259; 334.57883;
 640.95496; 332.47437;
 665.25293; 332.98233;
 689.57391; 334.37228;
 684.34564; 348.99878;
 404.9342; 354.58878;
 721.21289; 361.86588;
 583.83429; 363.51059;
 700.2196; 366.25281;
 650.57373; 378.34671;
 349.30646; 394.68982;
 704.04193; 401.09769;
 960.21936; 414.30426;
 470.80176; 423.85339;
 784.93964; 469.03589;
 912.38519; 471.77127;
 743.84406; 485.11673;
 219.50772; 494.56451;
 335.84918; 514.05286;
 361.09732; 545.74628;
 725.98254; 552.37695;
 410.29633; 552.96558;
 343.18958; 563.64697;
 586.80328; 571.10712;
 722.96655; 582.06415;
 826.76764; 586.98523;
 393.61398; 579.26758;
 98.756546; 595.49139;
 825.2038; 601.53101;
 416.97772; 621.97833;
 930.70862; 629.84381;
 226.3441; 642.3653;
 924.64966; 644.91913;
 612.42145; 647.05127;
 636.17993; 660.25183;
 949.34711; 667.93488;
 694.00616; 675.5097;
 459.12888; 677.00897;
 663.37793; 680.72205;
 693.23535; 680.67346;
 619.08154; 687.74091;
 880.38617; 694.96014;
 602.53638; 696.26038;
 515.94421; 699.94623;
 554.3941; 701.89276;
 610.16144; 705.94849;
 889.3103; 707.73486;
 533.20776; 714.02643;
 612.65173; 721.09729;
 931.66003; 726.74487;
 870.79541; 731.6192;
 187.28589; 732.51587;
 542.75409; 734.01733;
 210.77776; 786.44086;
 216.70256; 826.92029;
 857.19733; 831.46118;
 371.54425; 849.38031;
 281.74588; 855.05743;
 887.33038; 858.79352;
 277.65204; 868.33496;
 588.36102; 874.96161;
 625.29669; 875.95978;
 548.76929; 879.54889;
 739.17596; 887.93768;
 449.41367; 885.13251;
 458.16519; 900.79688;
 430.58942; 23.637104;
 732.47028; 65.758514;
 762.03247; 130.51689;
 949.60925; 144.75105;
 556.79083; 215.50803;
 553.51782; 231.91296;
 537.24719; 244.19849;
 467.20932; 248.96873;
 887.25409; 251.79501;
 470.68356; 268.58826;
 509.22552; 272.32318;
 187.16521; 275.91147;
 535.33984; 282.26031;
 213.49992; 284.8392;
 203.43477; 286.52383;
 647.43219; 285.69876;
 509.06476; 288.51807;
 500.28229; 291.0524;
 546.1972; 314.62238;
 636.91638; 297.99261;
 651.2171; 301.46368;
 503.75146; 304.63489;
 562.4306; 298.89716;
 946.86884; 306.5018;
 411.77988; 311.81439;
 696.45807; 313.53815;
 337.94635; 355.22467;
 604.74445; 373.70313;
 725.41473; 381.43628;
 915.16669; 416.98956;
 347.42612; 432.40472;
 914.59326; 438.34763;
 557.84045; 444.5062;
 343.95261; 444.95465;
 1016.244; 446.85446;
 97.201065; 461.77072;
 555.73145; 467.12662;
 163.53868; 468.49759;
 532.6319; 469.25354;
 892.62286; 469.43146;
 313.0954; 473.18909;
 983.66083; 472.73792;
 725.81354; 476.97687;
 342.38974; 482.27036;
 534.59912; 487.92114;
 1004.2603; 499.03537;
 190.64606; 510.34363;
 376.88498; 516.75769;
 753.02637; 535.99005;
 983.50751; 546.20105;
 640.72797; 548.07214;
 331.43597; 550.99377;
 474.87128; 556.49072;
 56.058834; 560.31116;
 381.56635; 568.06696;
 577.3075; 573.97491;
 39.893715; 582.38165;
 253.71657; 592.37738;
 493.6084; 590.92694;
 381.45767; 597.46039;
 425.76248; 603.98199;
 158.92166; 606.18842;
 254.64452; 609.3642;
 233.42332; 619.49408;
 682.48224; 618.80432;
 992.54279; 621.44934;
 466.82718; 635.88953;
 578.1319; 639.99371;
 946.76569; 639.66852;
 671.91455; 651.67285;
 436.34924; 653.32166;
 488.66315; 663.52539;
 675.45203; 666.75256;
 926.4967; 668.44745;
 650.44647; 684.23297;
 542.18451; 685.68567;
 644.30426; 689.99677;
 930.62714; 701.0321;
 523.80829; 712.36511;
 597.94025; 715.80505;
 519.0719; 718.9223;
 553.82813; 725.49762;
 849.55347; 733.38965;
 869.70062; 743.125;
 868.87787; 750.9574;
 852.96057; 755.258;
 267.72513; 764.06439;
 864.91724; 768.7854;
 901.14423; 811.28467;
 220.05127; 811.80786;
 812.04718; 842.47766;
 614.98883; 860.12177;
 814.50415; 861.04419;
 362.60181; 869.52057;
 410.63818; 895.78485;
 448.00961; 907.01337;
 197.72969; 191.17706;
 192.65347; 211.14243;
 501.51837; 258.23666;
 568.72437; 292.98962;
 539.55328; 296.09894;
 524.60327; 299.37283;
 605.38385; 314.5874;
 442.81061; 342.07132;
 398.09924; 346.05219;
 406.8443; 373.83356;
 659.61255; 390.85641;
 608.70142; 397.34692;
 347.12329; 398.53815;
 939.58624; 413.40845;
 733.96045; 420.8844;
 1014.4414; 467.34253;
 199.12883; 489.8511;
 364.24466; 491.08582;
 767.67908; 509.67065;
 641.03003; 572.66608;
 575.41565; 577.82263;
 511.80048; 607.09479;
 138.76909; 611.65253;
 407.16092; 615.74487;
 548.16022; 618.39813;
 630.61572; 656.69434;
 590.25537; 662.0188;
 457.20627; 667.79248;
 494.17535; 671.23505;
 512.93628; 676.10339;
 484.87378; 685.6568;
 574.91534; 691.34509;
 609.95728; 692.88635;
 602.8429; 707.4848;
 226.41939; 748.5968;
 227.58334; 759.05182;
 206.6627; 765.76538;
 214.95354; 833.83716;
 604.78198; 855.50012;
 596.27734; 871.30115;
 607.57007; 880.00983;
 424.23874; 888.12866;
 467.21259; 57.25285;
 780.12097; 169.77678;
 549.18469; 237.31123;
 578.34143; 281.28522;
 509.50134; 295.55341;
 493.71667; 288.32315;
 473.72263; 293.70105;
 584.22192; 297.19861;
 484.62692; 309.91772;
 435.31567; 313.52838;
 466.80707; 315.84338;
 432.88104; 326.01495;
 453.21274; 329.08728;
 635.35016; 338.2301;
 697.16589; 339.26706;
 668.73505; 341.85727;
 697.8761; 373.5943;
 648.93872; 385.33911;
 746.93066; 433.22189;
 227.31969; 454.72324;
 314.10449; 468.01385;
 736.53046; 500.64365;
 671.21582; 521.87384;
 707.28796; 532.68774;
 42.646275; 537.86053;
 339.93799; 542.50677;
 721.05353; 558.02087;
 681.20355; 588.59167;
 398.19418; 603.86542;
 455.98407; 629.73138;
 937.45428; 632.57874;
 440.97073; 652.98334;
 463.15451; 657.93713;
 620.12463; 670.62134;
 563.65527; 662.22632;
 656.9552; 687.17517;
 537.6637; 708.77435;
 453.55499; 897.95068;
 638.26776; 285.18781;
 483.5947; 331.0072;
 599.16992; 329.22278;
 411.80518; 350.7728;
 369.91107; 371.82959;
 607.7149; 403.24722;
 717.82898; 525.99188;
 414.81989; 544.73419;
 40.740486; 573.01929;
 329.38843; 576.54669;
 394.62576; 618.51447;
 444.34674; 622.19971;
 955.51581; 641.61646;
 935.13654; 659.25818;
 562.24426; 656.86218;
 567.80444; 293.17395;
 654.14948; 326.88165;
 389.74573; 357.25226;
 637.63031; 346.44949;
 393.75729; 356.31677;
 912.93536; 450.58939;
 675.93732; 623.3501;
 698.05237; 626.28876;
 620.9743; 647.5871;
 444.06091; 659.05304;
 579.30951; 699.28455;
 575.15356; 275.69614;
 642.57605; 290.83945;
 630.82709; 322.62262;
 535.61194; 507.13312;
 709.52313; 520.80188;
 736.71252; 563.95697;
 415.53104; 580.99933;
 396.3793; 595.14685;
 447.59967; 677.30035 
