 880.43457; 37.849907;
 774.00262; 54.077766;
 804.12964; 69.365189;
 936.42529; 123.86507;
 748.18243; 213.9463;
 747.05817; 219.87685;
 877.57654; 230.06155;
 875.33362; 236.38341;
 428.53329; 279.44937;
 244.07823; 327.37524;
 242.98347; 334.00916;
 332.55267; 359.43021;
 331.42081; 370.03207;
 530.98138; 402.14374;
 530.31537; 409.69772;
 259.62778; 435.70374;
 473.85587; 456.69177;
 473.41119; 463.08472;
 151.36661; 516.3736;
 842.703; 534.26959;
 972.5379; 560.45465;
 883.39978; 571.59692;
 884.72205; 579.2326;
 683.62592; 582.09546;
 813.50134; 586.96259;
 924.35889; 592.8822;
 923.32294; 600.31635;
 162.73218; 621.79059;
 926.0462; 640.42346;
 981.05719; 682.25024;
 706.34711; 689.59924;
 189.69327; 690.92682;
 179.31274; 693.13104;
 570.67975; 693.95172;
 705.72498; 697.67371;
 179.20157; 700.31421;
 953.00958; 698.69067;
 569.48975; 700.1524;
 88.172585; 711.07806;
 295.12436; 713.03998;
 86.770348; 716.15985;
 307.7478; 737.86548;
 457.47748; 744.92816;
 829.80798; 747.76508;
 828.81146; 755.47815;
 479.79691; 776.61188;
 402.32452; 784.92969;
 539.13049; 827.6051;
 346.03003; 839.4635;
 345.4043; 847.07556;
 701.38849; 849.81799;
 527.57458; 856.18671;
 636.8053; 956.12744;
 856.74652; 982.86932;
 794.31213; 60.285744;
 798.16736; 62.288269;
 839.39783; 512.16156;
 836.28601; 520.20752;
 843.87091; 527.47754;
 858.01617; 527.25177;
 482.19214; 529.55872;
 151.71339; 530.18414;
 932.88507; 534.10193;
 607.99011; 548.5766;
 459.58667; 549.66125;
 245.00409; 552.13739;
 973.39569; 553.09375;
 261.04459; 553.9007;
 277.68878; 558.69946;
 248.05856; 560.11182;
 914.08783; 570.19476;
 927.96539; 571.16266;
 813.6994; 578.84076;
 108.60693; 580.13629;
 896.93237; 580.67023;
 109.60529; 587.89868;
 897.29181; 590.71814;
 908.00854; 592.99963;
 251.718; 596.86273;
 765.7312; 605.6615;
 764.75824; 614.26215;
 161.85564; 628.70587;
 925.94391; 632.04932;
 662.57031; 650.70221;
 666.0755; 657.74469;
 206.7314; 673.42828;
 52.49667; 688.49475;
 979.85883; 689.17639;
 249.69075; 691.05981;
 99.337334; 711.57312;
 299.89871; 726.10425;
 391.62271; 764.77161;
 479.11594; 782.76013;
 414.11911; 793.6012;
 518.16357; 852.16681;
 295.52621; 874.46545;
 627.90216; 904.53552;
 652.54657; 911.76593;
 613.35321; 917.30353;
 615.33264; 947.08606;
 650.48419; 948.67139;
 622.36798; 952.17169;
 748.39246; 213.60971;
 473.37164; 463.41833;
 876.29376; 527.63336;
 981.13617; 682.27637;
 568.93213; 700.81976;
 87.058052; 710.62018;
 86.560707; 716.96252;
 796.02814; 61.185066;
 804.4032; 68.982765;
 936.64569; 123.38159;
 877.62445; 229.92241;
 428.52731; 279.10989;
 244.2977; 327.23157;
 332.64413; 359.64075;
 331.78137; 369.5423;
 531.17371; 401.73718;
 530.22168; 410.0304;
 338.94501; 424.31094;
 474.01886; 456.40756;
 935.91077; 492.49142;
 936.00092; 502.25687;
 839.68762; 511.97763;
 151.55124; 516.95258;
 877.08234; 518.28485;
 836.84906; 520.83453;
 842.27191; 525.97046;
 857.84192; 527.2403;
 151.56903; 529.48651;
 932.7699; 534.18152;
 841.49664; 534.70801;
 822.5022; 539.23309;
 457.0527; 540.2735;
 608.06403; 548.97443;
 458.98148; 549.75311;
 244.06476; 551.18158;
 834.66016; 550.73242;
 262.58539; 554.23584;
 277.59811; 559.86261;
 247.4895; 561.96576;
 245.37001; 567.75714;
 883.44855; 570.52441;
 928.40912; 571.28906;
 813.8833; 577.50317;
 108.82797; 579.8786;
 884.80298; 579.66083;
 928.78967; 580.2533;
 898.84314; 581.04785;
 683.78357; 581.90308;
 813.31451; 587.14496;
 898.02014; 591.31812;
 925.43927; 592.22125;
 908.63678; 593.04895;
 271.29779; 598.31604;
 412.39441; 598.56982;
 132.9825; 599.96289;
 923.73474; 600.87744;
 765.32275; 604.80975;
 160.7415; 620.60632;
 160.56985; 629.60101;
 925.76172; 631.39056;
 926.05615; 640.7572;
 661.2384; 650.67639;
 665.51239; 658.93915;
 206.60095; 673.06384;
 188.59181; 680.3158;
 204.55865; 683.08771;
 706.4278; 689.21973;
 189.77071; 690.7688;
 250.07477; 691.05676;
 178.17534; 692.56927;
 570.93787; 693.73456;
 705.90765; 697.80652;
 953.11438; 698.21143;
 178.21048; 701.1416;
 284.89856; 707.3952;
 155.54424; 710.13232;
 99.48819; 711.56543;
 630.00885; 712.11566;
 299.06952; 725.56079;
 307.98785; 737.56934;
 457.88736; 745.08276;
 829.95459; 747.43762;
 828.9043; 755.94214;
 391.53714; 764.81525;
 385.14682; 773.00983;
 402.02658; 784.96002;
 414.88669; 793.84729;
 537.65985; 827.55945;
 332.76407; 836.93646;
 346.09756; 839.45465;
 344.93631; 847.82312;
 701.5387; 850.10876;
 517.90924; 852.56213;
 528.5152; 856.16309;
 141.54848; 858.78455;
 295.8399; 875.07257;
 624.89215; 906.14478;
 638.83978; 905.63666;
 652.26184; 912.57263;
 614.34741; 917.06085;
 632.07269; 924.58832;
 650.04602; 948.79889;
 636.31696; 955.73511;
 244.72038; 327.32697;
 332.47055; 358.18271;
 331.28781; 369.97034;
 474.07376; 456.18921;
 934.86993; 501.40872;
 839.37201; 510.36624;
 151.40799; 515.8349;
 836.86914; 522.60193;
 856.68524; 525.77545;
 150.86571; 528.83618;
 480.88589; 528.44446;
 873.68231; 527.02582;
 930.68988; 532.49243;
 453.51721; 536.79413;
 831.37018; 535.87109;
 825.02979; 537.36273;
 268.63348; 541.16223;
 241.35889; 548.91138;
 456.54977; 549.09204;
 828.93738; 550.56573;
 262.71356; 555.60773;
 274.689; 560.80188;
 248.45911; 564.07379;
 883.61304; 565.31287;
 911.60315; 568.48944;
 812.02289; 572.86566;
 884.05566; 578.89331;
 902.5697; 580.05664;
 812.13885; 586.13843;
 926.36304; 589.81165;
 907.15399; 591.65002;
 253.11578; 595.3891;
 266.61386; 596.70752;
 761.43646; 600.58105;
 922.99408; 600.51312;
 249.93404; 611.29968;
 759.73083; 612.95325;
 154.94603; 616.89673;
 925.1347; 640.17578;
 657.31036; 649.09393;
 882.67017; 658.62274;
 662.07965; 660.87677;
 205.29634; 670.68933;
 202.47708; 683.96576;
 174.34274; 687.57898;
 190.56758; 688.47333;
 249.27258; 690.50366;
 141.63889; 693.59265;
 570.92499; 693.20453;
 174.19528; 701.3252;
 100.3299; 710.35028;
 457.70178; 744.69818;
 384.60648; 773.64905;
 401.68478; 783.42383;
 532.52966; 825.79181;
 330.76175; 836.97809;
 346.2103; 839.67157;
 516.44379; 852.20294;
 618.85016; 912.07813;
 647.56122; 911.87354;
 630.92047; 922.54401;
 244.79088; 327.11639;
 333.20081; 358.05099;
 899.33142; 381.79626;
 831.64673; 521.12463;
 483.74207; 528.56354;
 151.14856; 530.12354;
 451.45511; 534.0481;
 826.64697; 537.27167;
 269.28046; 539.16937;
 454.20563; 548.89526;
 237.98592; 549.69421;
 440.34207; 550.052;
 826.33923; 552.62427;
 413.68845; 555.98022;
 405.63522; 558.04333;
 267.78091; 560.7229;
 886.29285; 560.57788;
 253.29173; 563.94733;
 812.30756; 568.9873;
 906.83356; 569.4057;
 884.62122; 577.74915;
 328.70132; 584.23993;
 429.82657; 585.66052;
 812.30646; 585.64984;
 297.87231; 591.05206;
 905.85217; 591.724;
 254.11266; 594.32635;
 736.82153; 606.28888;
 248.90851; 612.49054;
 149.90976; 613.96973;
 184.54218; 621.64978;
 654.62946; 649.32227;
 889.30621; 660.35834;
 659.79535; 664.55737;
 171.9014; 685.29663;
 194.15585; 687.53101;
 247.88388; 690.90985;
 141.98468; 691.77344;
 571.00336; 693.21582;
 171.10924; 702.15466;
 276.2063; 701.69061;
 152.04112; 708.11737;
 384.54883; 775.38812;
 528.18188; 822.3963;
 328.90671; 838.53125;
 226.74669; 551.01959;
 260.87207; 562.67474;
 258.38211; 591.43555;
 299.64395; 591.11279;
 242.48903; 614.40063;
 413.38559; 555.83618;
 261.79547; 560.15411;
 397.66409; 560.07758;
 303.4838; 591.31622;
 259.15729; 593.16223;
 753.04468; 611.44598;
 239.01099; 616.13293 
