 776.74207; 54.639137;
 245.13287; 327.70621;
 332.63675; 359.61731;
 923.33276; 593.20966;
 923.09277; 599.7298;
 570.55652; 694.18024;
 346.36322; 839.80054;
 1016.2111; 31.200045;
 883.30139; 37.980766;
 776.68683; 54.672123;
 804.15491; 69.54615;
 876.19135; 230.33955;
 245.08617; 327.62091;
 332.84015; 359.89697;
 332.18741; 369.61261;
 7.597333; 454.53384;
 474.78912; 456.88474;
 1016.7656; 462.34961;
 151.3026; 517.4649;
 834.24872; 520.44165;
 843.15784; 527.59003;
 151.6712; 529.84796;
 1016.6668; 530.56567;
 841.81012; 534.5625;
 1021.1176; 537.00812;
 1016.5273; 548.20453;
 459.25107; 549.8562;
 262.97464; 554.008;
 972.23859; 560.11395;
 1016.3913; 565.28998;
 884.19617; 571.43036;
 884.67188; 579.24316;
 898.83826; 580.724;
 685.71582; 582.25537;
 813.17511; 586.50616;
 906.71838; 592.55719;
 924.33862; 592.77087;
 257.02899; 598.47546;
 923.28766; 600.17072;
 761.90259; 605.99579;
 160.87944; 621.45135;
 2.817893; 641.42603;
 926.13629; 640.83319;
 7.5619507; 689.90771;
 190.91888; 690.42462;
 571.18951; 694.13605;
 178.41673; 700.64728;
 101.42325; 711.72107;
 458.0921; 745.53235;
 390.98026; 764.2572;
 2.8963785; 778.98706;
 402.02765; 784.95148;
 8.0324888; 790.08496;
 2.8619633; 799.18335;
 346.47525; 839.72131;
 7.7027225; 860.57953;
 625.87354; 905.53345;
 632.36401; 904.73285;
 622.36572; 951.79602;
 635.7583; 955.74176;
 755.15588; 3.9342883;
 776.74554; 54.622028;
 793.28906; 61.731564;
 876.67969; 230.17012;
 245.13527; 327.48068;
 332.92761; 359.89935;
 332.02826; 369.48859;
 151.54523; 517.72833;
 1015.6545; 530.34613;
 836.49921; 535.96393;
 1020.1796; 537.19391;
 1015.6805; 549.33984;
 972.32745; 551.65674;
 1015.2495; 566.03339;
 883.66132; 570.39099;
 925.17786; 592.31177;
 923.34973; 600.75323;
 761.48444; 602.71021;
 8.6156044; 610.2616;
 926.24139; 641.03223;
 10.592225; 689.3277;
 571.43079; 693.94788;
 706.55817; 697.52405;
 177.75954; 701.78723;
 458.24506; 745.45923;
 3.8593812; 778.84259;
 3.7505162; 799.26135;
 346.52301; 839.638;
 1013.1901; 13.579531;
 1013.5269; 35.144558;
 882.0127; 37.887859;
 805.78888; 68.05912;
 10.900383; 427.17419;
 10.709028; 456.21161;
 839.35114; 511.23367;
 839.59894; 523.95447;
 859.11743; 526.97705;
 151.614; 528.84369;
 931.85779; 533.9826;
 455.87454; 539.1604;
 826.41803; 538.52197;
 268.87906; 543.336;
 242.80547; 549.83551;
 457.83072; 549.65247;
 830.85699; 550.40137;
 263.29178; 555.16742;
 275.70547; 561.271;
 56.794502; 567.26794;
 912.19916; 570.21973;
 813.0199; 575.20422;
 884.53827; 579.74725;
 813.50348; 586.98297;
 256.88614; 598.24298;
 157.46425; 618.53973;
 10.670232; 628.83746;
 658.05371; 650.53967;
 10.746631; 652.00549;
 663.76495; 660.84222;
 891.87299; 661.78821;
 205.95433; 671.87183;
 10.856211; 673.435;
 204.31622; 683.59296;
 50.705475; 688.59277;
 175.6178; 690.21155;
 191.32027; 689.88977;
 249.26553; 691.42651;
 283.99683; 707.09247;
 153.69135; 710.38446;
 101.41463; 711.62848;
 391.25223; 764.1272;
 384.81619; 773.79297;
 402.40851; 784.79382;
 10.157274; 788.85211;
 10.729145; 808.70453;
 10.268478; 835.33344;
 330.88239; 837.76721;
 517.6662; 853.11499;
 10.499723; 863.40784;
 625.80371; 907.48462;
 649.82587; 913.18964;
 617.57922; 915.50543;
 632.00458; 924.21423;
 633.30884; 954.96918;
 793.12042; 61.877293;
 876.11963; 527.8526;
 1019.3386; 537.112;
 971.78864; 560.94025;
 902.8866; 581.49951;
 923.80267; 601.35974;
 761.89642; 614.86353;
 754.08313; 16.186043;
 1012.2974; 35.868317;
 779.25995; 54.593296;
 429.7236; 279.87292;
 16.22237; 453.07388;
 830.51349; 521.24866;
 454.74643; 534.16028;
 269.43762; 542.92474;
 886.96295; 561.48035;
 813.02661; 574.30371;
 760.91083; 601.82672;
 12.444937; 651.82935;
 660.32031; 666.18353;
 174.8972; 689.71735;
 249.1196; 691.53314;
 571.76489; 694.17139;
 52.111629; 700.34943;
 299.08157; 726.2749;
 383.96652; 776.20587;
 402.71255; 784.70087;
 331.26184; 838.20197;
 15.919154; 836.51581;
 800.50256; 56.342045;
 786.18268; 69.750275;
 877.98859; 230.67215;
 246.10579; 327.97247;
 16.413795; 420.62115;
 476.52853; 457.48154;
 1007.4758; 527.34869;
 828.95349; 538.25165;
 827.68103; 553.12952;
 813.07837; 585.99628;
 906.76117; 592.29895;
 147.62593; 613.5871;
 202.8844; 672.57837;
 16.516563; 680.43573;
 192.18347; 689.17865;
 391.80759; 763.34485;
 16.380396; 867.07813;
 863.03748; 42.39465;
 333.15512; 451.28363;
 370.7164; 469.98746;
 383.64374; 483.2464;
 885.32672; 522.09076;
 1001.4741; 570.81378;
 124.96623; 597.35345;
 22.344837; 616.88184;
 145.2289; 629.54968;
 29.691275; 637.18347;
 17.739244; 657.33521;
 50.431431; 688.59222;
 277.6145; 704.10559;
 106.61874; 711.88788;
 523.20203; 821.22229;
 760.86975; 17.178053;
 750.01056; 19.65324;
 956.36023; 18.964605;
 883.63458; 38.1577;
 788.04175; 60.688385;
 921.03271; 387.0322;
 396.44006; 468.71658;
 420.86728; 499.7908;
 772.2674; 521.15289;
 826.97864; 521.68744;
 757.17084; 526.21844;
 485.84409; 528.49945;
 450.25485; 527.3822;
 988.76172; 553.30487;
 971.46582; 558.69586;
 64.097328; 569.68341;
 445.46747; 590.79456;
 258.58124; 594.29749;
 920.7796; 599.13245;
 740.39972; 607.82269;
 135.41539; 610.11993;
 186.84183; 622.26288;
 902.71393; 637.82764;
 912.77966; 656.02252;
 892.99615; 660.76105;
 160.67332; 687.14386;
 37.045986; 686.75397;
 152.73895; 707.87091;
 129.69655; 707.68677;
 291.29285; 707.89868;
 286.15857; 726.30499;
 459.24039; 745.89215;
 557.92041; 752.0271;
 348.81363; 839.60767;
 518.91425; 843.04889;
 951.61255; 18.376915;
 804.77942; 42.989559;
 846.07373; 45.052448;
 829.07147; 47.215168;
 879.31042; 377.95425;
 278.58777; 426.27502;
 331.0936; 459.8642;
 870.09961; 526.66498;
 263.96466; 566.82367;
 447.56989; 563.26556;
 895.95721; 565.53564;
 919.68903; 567.91217;
 305.34198; 569.12402;
 906.53662; 571.25098;
 315.1373; 589.20551;
 626.86566; 591.07599;
 647.54596; 676.73877;
 449.78894; 802.46881;
 480.96146; 802.94507;
 545.4743; 819.84222;
 25.066729; 825.09711;
 349.80231; 823.73413;
 299.07968; 833.89178;
 500.23505; 846.06329;
 633.46863; 951.52032;
 347.43042; 462.54428;
 936.06464; 501.90991;
 986.52747; 520.45551;
 435.61389; 520.99908;
 845.12024; 535.51007;
 885.33679; 564.71393;
 413.98166; 558.61053;
 432.44208; 587.65454;
 899.26648; 589.86078;
 136.34019; 600.99445;
 30.235661; 609.29791;
 759.59589; 612.35406;
 160.23122; 628.28918;
 86.772835; 636.91681;
 31.231333; 669.6969;
 210.67807; 672.2749;
 498.29562; 815.06152;
 448.47754; 945.53308;
 803.94562; 69.013496;
 921.25787; 386.14099;
 986.83539; 497.58524;
 898.74115; 513.77393;
 442.54657; 552.15948;
 305.08545; 553.79248;
 898.67224; 562.79767;
 914.8847; 570.01013;
 590.4989; 584.96143;
 458.01245; 592.47772;
 645.69843; 613.07758;
 117.07935; 633.18445;
 916.40283; 636.05139;
 179.40831; 637.24353;
 57.075607; 641.65863;
 644.45477; 648.82178;
 571.29956; 693.90405;
 143.56609; 707.37964 
